-0.00239421399999995
0.011971026000000107
0.0055864793333334495
-0.0007980673333332078
-0.007182613999999865
-0.00239421399999995
-0.004788413999999852
-0.007182613999999865
-0.007182613999999865
-0.007182613999999865
-0.016759413999999917
-0.016759413999999917
-0.016759413999999917
-0.016759413999999917
-0.016759413999999917
-0.016759413999999917
-0.016759413999999917
-0.007182613999999865
-0.00239421399999995
-0.003990347333333255
-0.00558648066666656
-0.007182613999999865
-0.007182613999999865
-0.011971013999999891
-0.013567147333333196
-0.015163280666666612
-0.016759413999999917
-0.007182613999999865
-0.005985513999999914
-0.004788413999999852
-0.003591313999999901
-0.00239421399999995
-0.00239421399999995
0.007182626000000081
0.005876695090909156
0.004570764181818232
0.0032648332727274187
0.0019589023636364944
0.00065297145454557
-0.0006529594545453543
-0.0019588903636362787
-0.003264821272727203
-0.004570752181818016
-0.005876683090908941
-0.007182613999999865
-0.004788413999999852
-0.00239421399999995
-0.004788413999999852
-0.016759413999999917
-0.00239421399999995
0.009576826000000094
-0.007182613999999865
-0.006224933999999904
-0.0052672539999999435
-0.004309573999999872
-0.003351893999999911
-0.00239421399999995
-0.011971013999999891
-0.00239421399999995
-0.00239421399999995
-0.00239421399999995
-0.00239421399999995
-0.00239421399999995
-0.007182613999999865
-0.006224933999999904
-0.0052672539999999435
-0.004309573999999872
-0.003351893999999911
-0.00239421399999995
-0.011971013999999891
-0.021547813999999943
-0.014365203999999965
-0.007182593999999876
1.600000010260061e-08
0.007182626000000081
-0.0023941939999998496
-0.011971013999999891
-0.021547813999999943
0.002394186000000076
-0.007182613999999865
-0.009097973999999898
-0.01101333399999993
-0.012928693999999852
-0.014844053999999884
-0.016759413999999917
-0.009576813999999878
-0.00239421399999995
-0.011971013999999891
-0.011971013999999891
-0.011971013999999891
-0.011971013999999891
-0.00239421399999995
-0.00239421399999995
0.011971026000000107
-0.0023941939999998496
-0.016759413999999917
-0.014365213999999904
-0.011971013999999891
-0.009576813999999878
-0.007182613999999976
-0.004788413999999963
-0.00239421399999995
-0.004788413999999963
-0.007182613999999976
0.002394186000000076
-0.011971013999999891
-0.011971013999999891
-0.011971013999999891
-0.007182613999999865
-0.004788413999999852
-0.00239421399999995
-0.00239421399999995
-0.00239421399999995
-0.00239421399999995
-0.00239421399999995
-0.00239421399999995
-0.004788413999999852
-0.007182613999999865
-0.00877874733333317
-0.010374880666666586
-0.011971013999999891
-0.009576813999999878
-0.007182613999999865
-0.016759413999999917
-0.00239421399999995
-0.007182613999999976
-0.011971013999999891
-0.004788413999999852
0.002394186000000076
-0.00239421399999995
-0.007182613999999976
-0.011971013999999891
-0.016759413999999917
0.007182626000000081
-0.0023941939999998496
-0.011971013999999891
-0.009576813999999878
-0.007182613999999865
-0.011971013999999891
-0.011971013999999891
-0.011971013999999891
-0.011971013999999891
-0.011971013999999891
-0.004788413999999852
0.002394186000000076
0.001436506000000115
0.00047882600000004327
-0.0004788539999999175
-0.0014365339999999893
-0.00239421399999995
0.0023942060000000653
0.007182626000000081
-0.0007980539999998815
-0.008778733999999955
-0.016759413999999917
-0.011971013999999891
-0.013567147333333196
-0.015163280666666612
-0.016759413999999917
-0.007182613999999976
0.002394186000000076
-0.007182613999999865
-0.007182613999999865
-0.007182613999999865
-0.007182613999999865
-0.007182613999999865
-0.007182613999999865
-0.007182613999999865
-0.007182613999999865
-0.007182613999999865
0.007182626000000081
-0.004788393999999974
-0.016759413999999917
0.002394186000000076
-0.00239421399999995
-0.031124613999999884
-0.021547813999999832
-0.011971013999999891
0.002394186000000076
0.002394186000000076
-1.3999999937119867e-08
-0.00239421399999995
-0.004788413999999852
-0.007182613999999865
-0.007182613999999865
-0.00877874733333317
-0.010374880666666586
-0.011971013999999891
-0.00239421399999995
0.002394186000000076
-0.007182613999999865
-0.011971013999999891
-0.016759413999999917
-0.021547813999999943
-0.016759413999999917
-0.017717093999999878
-0.01867477399999995
-0.01963245399999991
-0.020590133999999982
-0.021547813999999943
-0.011971014000000002
-0.00239421399999995
-0.004309573999999983
-0.006224933999999904
-0.008140293999999937
-0.010055653999999858
-0.011971013999999891
0.002394186000000076
0.002394186000000076
-0.00239421399999995
-0.007182613999999976
-0.011971013999999891
-0.016759413999999917
-0.013886373999999924
-0.01101333399999993
-0.008140293999999937
-0.0052672539999999435
-0.00239421399999995
-0.003990347333333255
-0.00558648066666656
-0.007182613999999976
-0.008778747333333281
-0.010374880666666586
-0.011971013999999891
-0.007182613999999865
-0.00239421399999995
-1.3999999937119867e-08
0.002394186000000076
-0.00239421399999995
0.002394186000000076
-0.011971013999999891
0.011971026000000107
0.007182626000000081
0.007182606000000091
-0.016759413999999917
-0.014365213999999904
-0.011971013999999891
-0.009576813999999878
-0.007182613999999976
-0.004788413999999963
-0.00239421399999995
-0.005985513999999914
-0.009576813999999878
-0.013168113999999953
-0.016759413999999917
-0.011971013999999891
-0.007182613999999865
0.0023942060000000653
0.002394186000000076
0.002394186000000076
-0.001197113999999888
-0.004788413999999852
-0.008379713999999927
-0.011971013999999891
-0.007182613999999865
-0.011971013999999891
-0.016759413999999917
-0.01596134733333321
-0.015163280666666612
-0.014365213999999904
-0.016759413999999917
-0.007182613999999865
-0.007182613999999865
-0.007182613999999865
-0.007182613999999865
-0.007182613999999865
-0.007182613999999865
-0.007182613999999865
-0.007182613999999865
-0.007182613999999865
-0.007182613999999865
-0.007182613999999865
-0.007182613999999865
-0.011971014000000002
-0.007182613999999976
-0.00239421399999995
-0.004788413999999852
-0.007182613999999865
-0.009234785428571257
-0.01128695685714276
-0.013339128285714152
-0.015391299714285656
-0.017443471142857048
-0.01949564257142855
-0.021547813999999943
-0.011971013999999891
-0.007182613999999865
-0.03591301399999991
-0.011970993999999902
0.011971026000000107
-0.0023941939999998496
-0.016759413999999917
-0.026336213999999858
-0.03591301399999991
-0.01915360399999988
-0.0023941939999998496
0.01436521600000007
0.0311246260000001
-0.02633621399999997
-0.022744910666666618
-0.019153607333333267
-0.015562303999999916
-0.011971000666666676
-0.008379697333333325
-0.004788393999999974
0.05027821600000004
-0.031124638999999954
-0.1125274939999999
0.12210428600000012
-0.12689268399999992
-0.016759398999999897
0.09337388600000007
0.032720769333333344
-0.027932347333333274
-0.08858546399999995
-0.052672451499999995
-0.016759438999999987
0.01915357350000002
0.05506658600000003
-0.06943187399999995
-0.03591304399999995
-0.00239421399999995
0.016759426000000133
-0.06464347399999992
0.007182606000000091
0.0790086860000001
-0.009576788999999919
-0.09816226399999994
-0.051475326499999974
-0.004788389000000004
0.04189854850000008
0.08858548600000005
-0.1125274939999999
0.007182611000000061
0.12689271600000007
-0.11731588399999993
-0.014365198999999995
0.08858548600000005
0.009576806000000104
-0.06943187399999995
-0.02952851066666662
0.010374852666666712
0.05027821600000004
-0.0550666139999999
-0.04070140599999994
-0.026336197999999866
-0.011970989999999904
0.00239421800000017
0.016759426000000133
0.007182606000000091
-0.00239421399999995
-0.06464347399999992
0.12210428600000012
0.08516517171428584
0.048226057428571556
0.011286943142857275
-0.025652171142857005
-0.06259128542857129
-0.09953039971428562
-0.1364695139999999
0.0790086860000001
-0.009576788999999919
-0.09816226399999994
-0.07721299524999992
-0.05626372649999989
-0.03531445774999997
-0.014365188999999945
0.0065840797500000825
0.0275333485
0.048482617250000026
0.06943188600000005
0.0023942060000000653
-0.06464347399999992
0.021547826000000048
-0.011971013999999891
-0.040701413999999936
0.10295068600000012
-0.016759413999999917
-0.05027823899999995
-0.08379706399999992
0.035913016000000075
0.01436520100000016
-0.007182613999999865
-0.04548981399999996
0.0023942009999999847
0.05027821600000004
-0.08379706399999992
0.002394211000000035
0.08858548600000005
-0.1316810839999999
-0.0742202506666666
-0.016759417333333193
0.0407014160000001
0.02346317000000009
0.006224924000000076
-0.011013321999999937
-0.02825156799999995
-0.04548981399999996
-0.031124613999999884
0.05027821600000004
-0.09816226399999994
0.0981622860000001
0.024740096000000156
-0.0486820939999999
-0.1221042839999999
0.08379708600000013
0.05426859433333342
0.02474010266666682
-0.004788388999999893
-0.034316880666666605
-0.0638453723333332
-0.09337386399999992
0.06943188600000005
-0.04548981399999996
-0.040701413999999936
-0.024540551499999896
-0.008379688999999968
0.0077811735000000715
0.023942036
0.04010289850000004
0.05626376100000008
0.07242462350000001
0.08858548600000005
0.04429274350000001
1.000000082740371e-09
-0.1316810839999999
0.06464338600000008
0.019153586000000056
-0.02633621399999997
-0.00239421399999995
-0.004788413999999852
-0.007182613999999865
-0.0550666139999999
0.00718263600000002
0.06943188600000005
-0.12689268399999992
0.0981622860000001
0.06560113400000012
0.033039982000000134
0.00047883000000004117
-0.03208232199999994
-0.06464347399999992
0.007182626000000081
0.05506658600000003
0.020350673500000083
-0.014365238999999974
-0.04908115149999992
-0.08379706399999992
-0.00239418899999988
0.019951669333333477
0.04229752766666672
0.06464338600000008
-0.05027821399999988
-0.007182598999999845
0.035913016000000075
0.021547806000000058
0.007182596000000152
-0.007182613999999865
-0.06464347399999992
-0.007182620666666639
0.050278232666666756
0.10773908600000004
0.07601591100000005
0.044292736000000055
0.012569561000000062
-0.01915361399999993
-0.05087678899999992
-0.08259996399999991
-0.11432313899999991
-0.1460463139999999
-0.011971013999999891
0.12210428600000012
-0.10295066399999991
0.0407014160000001
-0.021547813999999943
-0.02633621399999997
0.035913016000000075
0.023143940444444566
0.010374864888888946
-0.002394210666666563
-0.015163286222222183
-0.027932361777777692
-0.0407014373333332
-0.05347051288888882
-0.06623958844444433
-0.0790086639999999
0.019153611000000126
0.11731588600000009
-0.1699883339999999
0.12689271600000007
-0.033518818999999866
0.011971026000000107
-0.0598550739999999
0.059854986000000054
0.017956466000000004
-0.023942053999999935
-0.06584057399999987
-0.10773909399999992
-0.034316900666666594
0.039105292666666736
0.11252748600000007
-0.0023941989999999302
-0.11731588399999993
0.08858548600000005
-0.0790086639999999
-0.043893700666666535
-0.00877873733333323
0.026336226000000074
-0.00239421399999995
-0.021547813999999943
-0.040701413999999936
0.07422028600000008
0.03351884850000009
-0.007182588999999906
-0.0478840264999999
-0.08858546399999995
0.09337388600000007
0.032720769333333344
-0.027932347333333274
-0.08858546399999995
0.0407014160000001
-0.040701413999999936
0.026336226000000074
0.01675942028571431
0.007182614571428658
-0.002394191142857105
-0.011970996857142757
-0.02154780257142852
-0.031124608285714173
-0.040701413999999936
0.014365226000000009
-0.040701413999999936
0.009576786000000004
0.059854986000000054
-0.0790086639999999
-0.021547823999999882
0.035913016000000075
-0.004788398999999943
-0.04548981399999996
-0.014365193999999915
0.016759426000000133
0.0055864793333334495
-0.005586467333333234
-0.016759413999999917
-0.014365213999999904
-0.011971013999999891
-0.014023185428571283
-0.016075356857142786
-0.01812752828571418
-0.02017969971428568
-0.022231871142857074
-0.024284042571428577
-0.02633621399999997
-0.014365213999999904
-0.007182593999999876
0.021547826000000048
0.009576806000000104
-0.00239421399999995
-0.00239421399999995
-0.00239421399999995
-0.003192280666666658
-0.003990347333333255
-0.004788413999999852
-0.00558648066666656
-0.006384547333333268
-0.007182613999999865
0.002394186000000076
-0.001596147333333242
-0.00558648066666656
-0.009576813999999878
-0.011971013999999891
0.007182626000000081
-0.0023941873333332975
-0.011971000666666565
-0.021547813999999943
-0.023942013999999956
-0.02633621399999997
-0.023143947333333248
-0.019951680666666638
-0.016759413999999917
-0.00239421399999995
-0.0014365339999999893
-0.0004788539999999175
0.00047882600000004327
0.001436506000000115
0.002394186000000076
-0.021547813999999943
0.011971006000000006
0.01197101266666667
0.011971019333333444
0.011971026000000107
-0.007182613999999865
-0.006384547333333268
-0.00558648066666656
-0.004788413999999852
-0.003990347333333255
-0.003192280666666658
-0.00239421399999995
-0.004788413999999852
-0.007182613999999865
0.007182626000000081
0.002394186000000076
-0.021547813999999943
-0.007182613999999865
-0.009576813999999878
-0.011971013999999891
-0.008778747333333281
-0.00558648066666656
-0.00239421399999995
-0.016759413999999917
-0.011971013999999891
-0.007182613999999976
-0.00239421399999995
0.002394186000000076
0.007182626000000081
-0.007182593999999876
-0.021547813999999943
-0.011971013999999891
-0.009576813999999878
-0.007182613999999865
-0.009576813999999878
-0.011971013999999891
-0.004788413999999852
0.002394186000000076
0.002394186000000076
0.002394186000000076
0.002394186000000076
0.002394186000000076
0.002394186000000076
0.002394186000000076
-0.00239421399999995
-0.003990347333333255
-0.00558648066666656
-0.007182613999999865
0.002394186000000076
-0.021547813999999943
-0.01915361399999993
-0.016759413999999917
-0.014365213999999904
-0.011971013999999891
-0.016759413999999917
-0.014365213999999904
-0.011971013999999891
-0.009576813999999878
-0.007182613999999976
-0.004788413999999963
-0.00239421399999995
0.007182626000000081
-0.016759413999999917
-0.00239421399999995
-0.016759413999999917
-0.00239421399999995
-0.00239421399999995
-0.00239421399999995
-0.00239421399999995
-0.00239421399999995
-0.004788413999999852
-0.007182613999999865
0.0023942060000001764
0.011971026000000107
0.008379716000000093
0.004788406000000078
0.0011970960000000641
-0.00239421399999995
0.002394186000000076
-0.009576813999999878
-0.021547813999999943
-0.00239421399999995
-0.003990347333333255
-0.00558648066666656
-0.007182613999999976
-0.008778747333333281
