0.002394199999999902
-0.002394200000000013
0.007182599999999928
0.003990333333333318
0.000798066666666597
-0.002394200000000013
0.004788399999999915
0.011970999999999954
-0.007182600000000039
-0.002394200000000013
0.002394199999999902
0.004788399999999915
0.007182599999999928
0.014365199999999967
0.021547800000000006
0.014365199999999967
0.007182599999999928
0.004788399999999915
0.002394199999999902
0.002394199999999902
0.002394199999999902
0.002394199999999902
0.002394199999999902
0.002394199999999902
-1.1102230246251565e-16
-0.002394200000000013
-0.011971000000000065
-0.007182600000000039
-0.002394200000000013
-0.002394200000000013
-0.002394200000000013
0.000798066666666597
0.003990333333333318
0.007182599999999928
-0.007182600000000039
-0.005985500000000088
-0.004788400000000026
-0.003591299999999964
-0.002394200000000013
0.002394199999999902
0.011970999999999954
0.007182599999999928
0.002394199999999902
-0.002394200000000013
-0.007182600000000039
-0.011971000000000065
0.007182599999999928
-0.002394200000000013
0.007182599999999928
0.004788399999999915
0.002394199999999902
-1.1102230246251565e-16
-0.002394200000000013
-0.004788400000000026
-0.007182600000000039
-0.009576800000000052
-0.011971000000000065
-0.007182600000000039
-1.1102230246251565e-16
-0.000798066666666708
-0.001596133333333416
-0.002394200000000013
-0.002394200000000013
-0.002394200000000013
0.007182599999999928
0.004788399999999915
0.002394199999999902
-0.002394200000000013
-0.007182600000000039
-0.005586466666666734
-0.003990333333333318
-0.002394200000000013
-0.01675940000000009
-0.007182600000000039
-0.007182600000000039
-0.007182600000000039
-0.007182600000000039
-0.021547800000000006
-0.0199516666666667
-0.018355533333333285
-0.01675939999999998
-0.015163266666666675
-0.01356713333333337
-0.011971000000000065
-0.010374866666666649
-0.008778733333333344
-0.007182600000000039
-0.005586466666666623
-0.003990333333333318
-0.002394200000000013
0.007182599999999928
-0.011971000000000065
0.002394199999999902
0.007182599999999928
0.002394199999999902
-1.1102230246251565e-16
-0.002394200000000013
-0.004788400000000026
-0.011971000000000065
-0.007182600000000039
0.002394199999999902
-0.0014365200000000522
-0.005267240000000117
-0.009097960000000072
-0.012928680000000137
-0.01675940000000009
-0.004788400000000137
-0.005267240000000117
-0.005746080000000098
-0.006224920000000078
-0.0067037600000000586
-0.007182600000000039
0.011970999999999954
0.01675939999999998
0.011970999999999954
0.007182599999999928
0.002394199999999902
-1.1102230246251565e-16
-0.002394200000000013
0.001197099999999951
0.004788399999999915
0.00837969999999999
0.011970999999999954
0.007182599999999928
0.002394200000000013
-0.002394200000000013
-0.002394200000000013
0.0
0.002394199999999902
0.004788399999999915
0.001197099999999951
-0.002394200000000124
-0.005985500000000088
-0.009576800000000052
-0.013168100000000127
-0.01675940000000009
-0.010773900000000114
-0.004788400000000137
0.001197099999999951
0.007182599999999928
0.011970999999999954
0.002394199999999902
-0.002394200000000013
0.007182599999999928
0.002394199999999902
-0.002394200000000013
-1.1102230246251565e-16
0.002394199999999902
-1.1102230246251565e-16
-0.002394200000000013
0.002394200000000013
0.007182599999999928
0.007182599999999928
0.007182599999999928
0.007182599999999928
0.009576799999999941
0.011970999999999954
0.002394200000000013
-0.007182600000000039
-0.005586466666666734
-0.003990333333333318
-0.002394200000000013
-0.007182600000000039
-1.1102230246251565e-16
0.007182599999999928
0.01675939999999998
0.01675939999999998
0.01675939999999998
0.01675939999999998
0.014365199999999967
0.011970999999999954
0.009576799999999941
0.007182599999999928
0.004788399999999915
0.002394199999999902
0.001862155555555467
0.001330111111111032
0.000798066666666597
0.000266022222222162
-0.000266022222222273
-0.000798066666666708
-0.001330111111111143
-0.001862155555555578
-0.002394200000000013
0.002394199999999902
-1.1102230246251565e-16
-0.011971000000000065
-0.007182600000000039
-0.008778733333333344
-0.01037486666666676
-0.011971000000000065
-0.004788400000000026
0.007182599999999928
0.007182599999999928
0.007182599999999928
0.007182599999999928
0.006224919999999967
0.005267239999999895
0.0043095599999999346
0.0033518799999998627
0.002394199999999902
-0.002394200000000013
0.002394199999999902
0.005267239999999895
0.008140279999999889
0.011013319999999993
0.013886359999999986
0.01675939999999998
-0.002394200000000013
0.002394199999999902
0.002394199999999902
-0.011971000000000065
-0.002394200000000013
0.007182599999999928
0.007182599999999928
0.007182599999999928
0.004788399999999915
0.002394199999999902
-1.1102230246251565e-16
-0.002394200000000013
-0.004788400000000026
-0.007182600000000039
-1.1102230246251565e-16
0.001197099999999951
0.002394200000000013
0.0
-0.002394200000000013
-0.011971000000000065
-0.021547800000000006
-0.01675939999999998
-0.011971000000000065
-0.007182600000000039
-0.002394200000000013
0.002394200000000013
0.007182600000000039
0.011970999999999954
0.01675939999999998
-0.011971000000000065
-0.007182600000000039
0.002394199999999902
-0.002394200000000013
-0.007182600000000039
-0.011971000000000065
-0.009576800000000052
-0.007182600000000039
-0.011971000000000065
-0.01675939999999998
-0.021547800000000006
-0.021547800000000006
-0.010374866666666649
0.000798066666666597
0.011970999999999954
0.010055639999999921
0.008140279999999889
0.006224919999999967
0.0043095599999999346
0.002394199999999902
-0.002394200000000013
0.007182599999999928
0.002394199999999902
0.0019153599999999216
0.0014365199999999412
0.0009576799999998498
0.00047883999999986937
-1.1102230246251565e-16
-0.021547800000000006
0.007182599999999928
0.006118511111111058
0.005054422222222188
0.003990333333333318
0.002926244444444448
0.001862155555555467
0.000798066666666597
-0.000266022222222273
-0.001330111111111143
-0.002394200000000013
-0.003591314999999984
-0.004788429999999955
-0.004788417500000031
-0.004788405000000107
0.01915361999999987
0.013966183333333215
0.00877874666666656
0.003591309999999903
-0.0015961266666667528
-0.006783563333333409
-0.011971000000000065
0.031124599999999947
-0.06464345000000005
0.05027823999999992
-0.03591306000000005
-0.019153630000000033
-0.002394200000000013
0.0043095599999999346
0.011013319999999993
0.01771707999999994
0.02442084
0.031124599999999947
-0.045489860000000104
0.07900862999999991
0.03950430249999992
-2.500000007010783e-08
-0.03950435250000006
-0.07900868000000005
0.007182619999999917
0.005586479999999949
0.00399033999999987
0.002394199999999902
0.05985503999999997
-0.004788405000000107
-0.06943185000000007
-0.04754201428571436
-0.025652178571428652
-0.003762342857142942
0.01812749285714277
0.04001732857142848
0.06190716428571419
0.0837969999999999
0.00957680999999988
-0.04070146000000008
0.045489840000000004
0.03351883
0.021547819999999995
0.009576809999999991
-0.002394200000000013
-0.019153630000000033
-0.03591306000000005
0.05027823999999992
-0.06464345000000005
0.021547824999999965
0.10773909999999998
-0.004788400000000026
-0.11731590000000003
-0.06105215000000003
-0.004788400000000026
0.05147534999999992
0.10773909999999998
0.04908115000000002
-0.009576800000000052
-0.06823475000000001
-0.12689270000000002
0.009576799999999941
0.07422023
-0.011971020000000054
-0.09816227000000005
-0.0407014366666667
0.016759396666666704
0.07422023
-0.07422025000000004
-0.05267243500000007
-0.031124620000000047
-0.009576805000000022
0.011971010000000004
0.03351882499999992
0.055066639999999945
0.03016694199999992
0.005267243999999893
-0.01963245400000002
-0.04453215200000005
-0.06943185000000007
0.10295069999999995
-0.09337387000000003
-0.011971020000000054
0.005386944999999921
0.022744910000000007
0.04010287499999998
0.05746083999999996
0.07481880499999993
0.09217676999999991
0.109534735
0.12689269999999997
-0.14604632000000006
0.014365199999999967
-0.009576835000000061
0.09816229999999992
1.4999999908837935e-08
-0.09816227000000005
-0.02633621500000005
0.045489840000000004
-0.0023942049999999826
-0.050278250000000024
-0.01995168666666669
0.010374876666666588
0.04070143999999998
0.030326566666666666
0.019951693333333353
0.009576820000000041
-0.0007980533333333817
-0.011172926666666694
-0.021547800000000006
0.01675939999999998
-0.02394202500000009
0.06943182999999997
-1.0000000050247593e-08
-0.06943185000000007
-0.0071826050000000086
0.055066639999999945
-5.000000080634948e-09
-0.05506665000000005
-0.033997672000000034
-0.012928694000000074
0.008140283999999887
0.029209261999999958
0.05027823999999992
-0.04070146000000008
-0.0167594350000001
0.007182589999999878
0.031124614999999967
0.055066639999999945
-0.007182600000000039
-0.01675940000000009
-0.0011970900000001228
0.014365219999999956
0.029927530000000035
0.045489840000000004
-0.03591306000000005
0.02633619999999992
0.01675939999999987
0.007182599999999928
-0.002394200000000013
-0.011971000000000065
0.031124599999999947
-0.011971030000000105
-0.007182615000000059
-0.002394200000000013
-0.01675943000000002
-0.031124660000000026
0.019153584999999973
0.06943182999999997
-0.059855050000000076
-0.01675942500000005
0.02633619999999992
0.020350699999999944
0.014365199999999967
0.008379699999999879
0.002394199999999902
0.011970999999999954
-0.004788400000000026
-0.021547800000000006
0.031124599999999947
0.009576799999999941
-0.011971000000000065
-0.01675940000000009
-0.021547800000000006
0.0007980800000000343
0.023143959999999963
0.045489840000000004
0.010374876666666588
-0.024740086666666716
-0.059855050000000076
0.03591303999999995
0.019951693333333242
0.003990346666666644
-0.011971000000000065
-0.004788400000000026
0.002394200000000013
-0.014365230000000007
-0.031124660000000026
-0.004788429999999955
0.021547800000000006
0.0023941800000000235
-0.01675944000000007
-0.03591306000000005
-0.026336247500000076
-0.0167594350000001
-0.007182622500000013
0.0023941899999999627
0.009576792499999986
0.0167593949999999
0.023941997499999923
0.031124599999999947
-0.031124660000000026
0.01675939999999998
0.009576799999999941
0.002394199999999902
0.002394199999999902
-0.002394200000000013
-0.007182600000000039
-0.008778733333333344
-0.01037486666666676
-0.011971000000000065
-0.007182600000000039
-0.002394200000000013
-0.000798066666666708
0.000798066666666597
0.002394199999999902
0.002394199999999902
-1.1102230246251565e-16
-0.002394200000000013
-0.002394200000000013
0.004788399999999915
0.011970999999999954
0.009576799999999941
0.007182599999999928
0.007182599999999928
0.007182599999999928
0.005586466666666623
0.003990333333333207
0.002394199999999902
0.000798066666666597
-0.000798066666666708
-0.002394200000000013
0.007182599999999928
0.0033518799999999738
-0.0004788400000000914
-0.004309560000000046
-0.00814028000000011
-0.011971000000000065
0.007182599999999928
-0.002394200000000013
-0.011971000000000065
0.002394199999999902
0.001197099999999951
-1.1102230246251565e-16
-0.001197100000000062
-0.002394200000000013
-0.004309560000000046
-0.006224920000000078
-0.00814028
-0.010055640000000032
-0.011971000000000065
-0.009576800000000052
-0.007182600000000039
0.004788399999999915
-0.007182600000000039
0.002394199999999902
-0.000798066666666708
-0.003990333333333429
-0.007182600000000039
-0.007182600000000039
-0.006498542857142908
-0.0058144857142857775
-0.005130428571428647
-0.004446371428571405
-0.0037623142857142744
-0.0030782571428571437
-0.002394200000000013
0.007182600000000039
0.005586466666666623
0.003990333333333318
0.002394199999999902
-0.007182600000000039
0.011970999999999954
0.004788399999999915
-0.002394200000000013
-0.000798066666666708
0.000798066666666597
0.002394199999999902
-1.1102230246251565e-16
-0.002394200000000013
-0.004788400000000026
-0.007182600000000039
0.011970999999999954
0.008778733333333233
0.005586466666666623
0.002394199999999902
0.002394199999999902
0.002394199999999902
0.002394199999999902
0.002394199999999902
0.002394199999999902
-0.011971000000000065
-0.007182600000000039
-0.002394200000000013
-0.002394200000000013
0.0
0.002394200000000013
0.004788399999999915
0.007182599999999928
-0.007182600000000039
-0.007182600000000039
-0.007182600000000039
-0.007182600000000039
-0.002394200000000013
-1.1102230246251565e-16
0.002394199999999902
0.007182599999999928
0.004788399999999915
0.002394199999999902
0.002394199999999902
0.002394199999999902
0.002394199999999902
0.002394199999999902
0.002394199999999902
0.002394199999999902
0.002394199999999902
-0.004788400000000026
-0.003591299999999964
-0.002394200000000013
-0.004788400000000026
-0.007182600000000039
-0.005586466666666734
-0.003990333333333318
-0.002394200000000013
-0.002394200000000013
-0.004788400000000026
-0.007182600000000039
-0.008778733333333344
-0.01037486666666676
-0.011971000000000065
-0.01356713333333337
-0.015163266666666786
-0.01675940000000009
-0.007182600000000039
0.002394199999999902
0.011970999999999954
-1.1102230246251565e-16
