0.08619129999999997
0.002394224999999972
-0.08140285000000003
-0.009576810000000102
0.06224922999999993
-0.0023942100000000632
-0.06703765
0.019153639999999972
0.007182629999999968
-0.0047883800000000365
-0.01675939000000004
-0.028730400000000045
-0.009576800000000052
-0.004788400000000026
-0.007980666666666747
-0.011172933333333357
-0.014365200000000078
0.004788400000000026
-0.001197099999999951
-0.007182600000000039
-0.013168100000000016
-0.019153599999999993
0.0
-0.004788400000000026
-0.004788400000000026
-0.004788400000000026
-0.004788400000000026
-0.004788400000000026
-0.004788400000000026
0.0
-0.002394200000000013
-0.004788400000000026
-0.004788400000000026
-0.004788400000000026
-0.004788400000000026
-0.002394200000000013
0.0
0.0
-0.002394200000000013
-0.004788400000000026
-0.003830720000000065
-0.0028730400000001044
-0.0019153600000000326
-0.0009576800000000718
-1.1102230246251565e-16
0.004788400000000026
-0.002394200000000013
-0.009576800000000052
-0.0065840500000000635
-0.003591299999999964
-0.0005985499999999755
0.002394200000000013
-0.00837969999999999
-0.019153599999999993
-0.014365199999999967
-0.009576800000000052
-0.014365199999999967
-0.019153599999999993
-0.012769066666666662
-0.006384533333333331
0.0
-0.009576800000000052
-0.011172933333333357
-0.012769066666666773
-0.014365200000000078
-0.009576800000000052
-0.004788400000000026
-0.004788400000000026
-0.003192266666666721
-0.001596133333333305
0.0
0.001596133333333305
0.003192266666666721
0.004788400000000026
-0.009576800000000052
-0.010175350000000027
-0.010773900000000114
-0.01137245000000009
-0.011971000000000065
-0.01256955000000004
-0.013168100000000016
-0.013766650000000102
-0.014365200000000078
-0.014365200000000078
-0.004788400000000026
-0.004788400000000026
-0.009576800000000052
-0.014365200000000078
-0.009576800000000052
-0.010534480000000013
-0.011492160000000085
-0.012449840000000045
-0.013407520000000117
-0.014365200000000078
-0.009576800000000052
-0.009576800000000052
-0.014365200000000078
-0.019153599999999993
-0.02394200000000002
-0.009576800000000052
0.004788399999999915
-1.1102230246251565e-16
-0.004788400000000026
-0.009576800000000052
-0.007182600000000039
-0.004788400000000026
-0.007182600000000039
-0.009576800000000052
-0.012769066666666662
-0.015961333333333383
-0.019153599999999993
-0.01628056
-0.013407520000000006
-0.010534480000000013
-0.007661440000000019
-0.004788400000000026
0.004788400000000026
0.002394200000000013
0.0
-0.002394200000000013
-0.004788400000000026
-0.007182600000000039
-0.009576800000000052
-0.011971000000000065
-0.014365200000000078
-0.004788400000000026
-0.014365200000000078
0.0
0.0
-0.000798066666666708
-0.001596133333333305
-0.002394200000000013
-0.003192266666666721
-0.003990333333333318
-0.004788400000000026
-0.004788400000000026
-0.004788400000000026
-0.004788400000000026
-0.009576800000000052
-0.004788400000000026
-0.005985500000000088
-0.007182600000000039
0.014365199999999967
0.010374866666666649
0.006384533333333331
0.002394200000000013
-0.001596133333333416
-0.005586466666666734
-0.009576800000000052
-0.004788400000000026
0.0
-0.009576800000000052
-0.004788400000000026
-0.014365200000000078
-0.014365200000000078
-0.019153600000000104
-0.02394200000000002
-0.028730400000000045
-0.022345866666666714
-0.015961333333333383
-0.009576800000000052
-0.011971000000000065
-0.014365200000000078
-0.015961333333333383
-0.017557466666666688
-0.019153599999999993
-0.011971000000000065
-0.004788400000000026
-0.009576800000000052
-0.014365199999999967
-0.019153599999999993
0.0
0.004788400000000026
0.004446371428571405
0.004104342857142895
0.0037623142857142744
0.0034202857142857646
0.0030782571428571437
0.002736228571428634
0.002394200000000013
-0.014365200000000078
-0.011971000000000065
-0.009576799999999941
-0.007980666666666636
-0.006384533333333331
-0.004788400000000026
-0.009576800000000052
-0.014365200000000078
-0.009576800000000052
-0.008619120000000091
-0.007661440000000019
-0.0067037600000000586
-0.005746079999999987
-0.004788400000000026
-0.009576800000000052
-0.019153599999999993
-0.028730400000000045
0.0
0.0
0.0
0.0
-0.003192266666666721
-0.006384533333333331
-0.009576800000000052
-0.014365200000000078
-0.012769066666666773
-0.011172933333333357
-0.009576800000000052
-0.011172933333333357
-0.012769066666666773
-0.014365200000000078
0.004788400000000026
0.002394200000000013
0.0
0.0004788399999999804
0.0009576799999999608
0.0014365200000000522
0.0019153600000000326
0.002394200000000013
-0.009576800000000052
-0.011971000000000065
-0.014365200000000078
-0.004788400000000026
-0.006384533333333331
-0.007980666666666747
-0.009576800000000052
0.0
-0.004788400000000026
-0.009576800000000052
-0.010944914285714313
-0.012313028571428575
-0.013681142857142836
-0.015049257142857209
-0.01641737142857147
-0.01778548571428573
-0.019153599999999993
-0.009576800000000052
-0.002394200000000013
-0.019153599999999993
-0.01744345714285711
-0.01573331428571423
-0.014023171428571457
-0.012313028571428575
-0.010602885714285692
-0.00889274285714281
-0.007182600000000039
-0.005472457142857157
-0.0037623142857142744
-0.002052171428571392
-0.00034202857142850984
0.0013681142857142614
0.0030782571428571437
0.004788400000000026
0.002394200000000013
0.0
-0.014365200000000078
0.0
0.004788400000000026
-0.009576800000000052
-0.009576800000000052
-0.019153599999999993
-0.01723823999999996
-0.015322880000000039
-0.013407520000000006
-0.011492160000000085
-0.009576800000000052
-0.004788400000000026
0.014365199999999967
-0.014365200000000078
-0.004788400000000026
-0.004788400000000026
-0.004788400000000026
-0.004788400000000026
0.0
-0.0006840571428571307
-0.0013681142857142614
-0.002052171428571392
-0.002736228571428634
-0.0034202857142857646
-0.004104342857142895
-0.004788400000000026
-0.004788400000000026
-0.004788400000000026
-0.004788400000000026
-0.002394200000000013
-0.007182600000000039
-0.00837969999999999
-0.009576800000000052
-0.009576800000000052
-0.009576800000000052
-0.009576800000000052
-0.009576800000000052
-0.009576800000000052
-0.06703765
0.002394174999999943
0.07182599999999995
0.01117290999999998
-0.049480179999999985
-0.11013327
0.11971009999999993
0.06224925749999999
0.004788414999999935
-0.05267242750000001
-0.11013327
0.0909797
-0.05746086000000006
0.0
0.0
0.0
0.0
0.0
-0.021547800000000006
-0.04309560000000001
0.06224922999999993
-0.09576808000000003
-0.02394202000000001
0.047884039999999906
0.11971009999999993
-0.10055648
0.11971009999999993
0.09310785888888884
0.06650561777777775
0.03990337666666666
0.013301135555555565
-0.013301105555555526
-0.03990334666666673
-0.06650558777777782
-0.09310782888888891
-0.11971007
-0.07469907600000003
-0.02968808200000006
0.01532291199999991
0.06033390599999999
0.10534489999999996
-0.09097965000000002
-0.004788415000000046
-0.009576786666666726
0.004788400000000026
-0.013407529999999945
-0.03160346000000003
-0.04979939
-0.06799532000000003
-0.08619125000000005
0.05267242999999999
-0.11492167000000003
0.09576810000000002
0.0159613666666667
-0.06384536666666663
-0.1436521
0.12928689999999998
-0.007182600000000039
-0.1436521
-0.009576800000000052
0.12449849999999996
0.056263749999999946
-0.011971000000000065
-0.08020575000000002
-0.14844050000000003
0.1340753
0.09816227499999997
0.06224924999999992
0.02633622499999999
-0.009576800000000052
-0.008978246249999988
-0.008379692500000036
-0.007781138750000083
-0.007182585000000019
-0.007781145000000045
-0.00837970499999996
-0.008978264999999985
-0.009576825000000011
-0.07182605000000003
-0.04070143000000004
-0.009576809999999991
0.021547809999999945
0.05267242999999999
-0.05746086000000006
0.019153639999999972
0.006384559999999984
-0.006384520000000005
-0.019153599999999993
-0.014365200000000078
-0.01037486666666676
-0.006384533333333442
-0.002394200000000013
0.001596133333333305
0.005586466666666623
0.009576799999999941
0.0034202821428570562
-0.0027362357142858285
-0.008892753571428602
-0.015049271428571487
-0.02120578928571437
-0.027362307142857145
-0.03351882500000003
-0.039675342857142915
-0.0458318607142858
-0.051988378571428684
-0.05814489642857146
-0.06430141428571434
-0.07045793214285723
-0.07661445000000006
-0.060881122857142866
-0.04514779571428573
-0.029414468571428598
-0.013681141428571464
0.0020521857142856703
0.017785512857142804
0.03351883999999994
0.011172953333333235
-0.011172933333333357
-0.03351882000000006
-0.05586470666666665
-0.07821059333333336
-0.10055648
-0.06416460400000001
-0.02777272800000008
0.008619147999999965
0.04501102400000001
0.08140289999999994
-0.12449850000000001
-0.007182600000000039
0.11013329999999999
-0.007182600000000039
-0.00837969999999999
-0.01795650500000001
-0.01556230500000011
0.004189867499999944
0.023942039999999998
-2.500000007010783e-08
-0.05746084750000002
-0.11492167000000003
-0.004788385000000006
0.10534489999999996
-0.004788385000000006
-0.11492167000000003
-0.004788385000000006
0.10534489999999996
0.02873043333333325
-0.04788403333333335
-0.12449850000000001
0.12449849999999996
0.014365209999999906
-0.09576808000000003
-0.0023941900000000738
0.0909797
2.4999999959085528e-08
-0.09097965000000002
-0.014365210000000017
0.06224922999999993
0.00957681499999996
-0.04309560000000001
-0.009576780000000062
0.023942039999999998
-0.02394200000000002
-0.02489967999999998
-0.02585736000000005
-0.026815040000000012
-0.027772720000000084
-0.028730400000000045
0.023942039999999998
-0.021547804999999975
-0.06703765
-0.03471593000000006
-0.0023942100000000632
0.029927509999999935
0.06224922999999993
-0.002394185000000104
-0.10534487000000003
-0.07022990833333337
-0.0351149466666667
1.5000000019860238e-08
0.03511497666666663
0.07022993833333324
0.10534489999999996
-0.12449850000000001
0.10534489999999996
-0.09576808000000003
0.07661439999999997
0.03950428750000001
0.002394174999999943
-0.034715937500000016
-0.07182605000000003
0.023942039999999998
-0.014365200000000078
-0.01675940000000009
-0.019153599999999993
-0.015961333333333383
-0.012769066666666662
-0.009576800000000052
-0.006384533333333331
-0.003192266666666721
0.0
0.00319226666666661
0.006384533333333331
0.009576799999999941
-0.007182609999999978
-0.09576808000000003
-0.011970984999999934
0.02873044333333341
0.06943187166666664
0.11013329999999999
-0.11492167000000003
-0.04309561333333334
0.0287304433333333
0.10055649999999994
0.07114201857142854
0.04172753714285704
0.012313055714285648
-0.017101425714285745
-0.04651590714285725
-0.07593038857142864
-0.10534487000000003
0.08619129999999997
-0.09576808000000003
0.08140289999999994
0.05171479000000001
0.022026679999999965
-0.00766143000000008
-0.037349540000000014
-0.06703765
0.038307239999999965
-0.06703765
0.03351883999999994
0.021889854285714216
0.010260868571428494
-0.001368117142857228
-0.01299710285714284
-0.02462608857142856
-0.036255074285714284
-0.047884060000000006
-0.007182609999999978
0.03351883999999994
-0.019153599999999993
0.014365199999999967
-0.02394200000000002
0.004788400000000026
-0.014365200000000078
0.004788400000000026
0.003591299999999964
0.002394200000000013
0.001197100000000062
0.0
-0.001197100000000062
-0.002394200000000013
-0.003591299999999964
-0.004788400000000026
-0.005985500000000088
-0.007182600000000039
-0.00837969999999999
-0.009576800000000052
-0.014365200000000078
-0.00319226666666661
-0.004788400000000026
-0.007182600000000039
-0.009576800000000052
-0.011971000000000065
-0.012769066666666773
-0.01356713333333337
-0.014365200000000078
-0.009576800000000052
-0.004788400000000026
0.0
-0.004788400000000026
-0.009576800000000052
0.0
-0.003192266666666721
-0.006384533333333331
-0.009576800000000052
-0.011971000000000065
-0.014365200000000078
-0.014365200000000078
-0.014365200000000078
-0.014365200000000078
-0.014365200000000078
-0.014365200000000078
-0.004788400000000026
-0.004788400000000026
-0.004788400000000026
-0.003830720000000065
-0.0028730399999999934
-0.0019153600000000326
-0.0009576799999999608
0.0
-0.002394200000000013
0.004788400000000026
0.003830720000000065
0.0028730399999999934
0.0019153600000000326
0.0009576799999999608
0.0
-0.009576800000000052
-0.007182600000000039
-0.004788400000000026
-0.014365200000000078
-0.009576800000000052
-0.004788400000000026
-0.028730400000000045
-0.021547800000000117
-0.014365200000000078
-0.011172933333333357
-0.007980666666666747
-0.004788400000000026
-0.002394200000000013
0.0
-0.004788400000000026
-0.009576800000000052
-0.006384533333333331
-0.003192266666666721
0.0
-0.014365200000000078
-0.007182600000000039
0.0
0.0
-0.004788400000000026
-0.009576800000000052
-0.007182600000000039
-0.004788400000000026
-0.001596133333333305
0.001596133333333305
0.004788400000000026
0.003990333333333318
0.003192266666666721
0.002394200000000013
0.001596133333333305
0.000798066666666708
0.0
-0.0014365200000000522
-0.0028730399999999934
-0.004309560000000046
-0.005746079999999987
-0.007182600000000039
-0.008619120000000091
-0.010055640000000032
-0.011492160000000085
-0.012928680000000026
-0.014365200000000078
-0.009576800000000052
-0.009576800000000052
-0.014365199999999967
-0.009576800000000052
-0.009576800000000052
-0.014365200000000078
-0.009576800000000052
-0.007182600000000039
-0.004788400000000026
-0.002394200000000013
0.0
0.0
-0.004788400000000026
0.0
-0.009576800000000052
-0.009576800000000052
-0.009576800000000052
-0.009576800000000052
-0.009576800000000052
-0.009576800000000052
-0.009576800000000052
-0.007182600000000039
-0.004788400000000026
-0.002394200000000013
0.0
-0.007182600000000039
-0.007980666666666747
-0.008778733333333344
-0.009576800000000052
