-0.003926487999999839
0.00445321200000004
0.01283291200000003
-0.0015322879999999373
-0.015897487999999904
-0.011109087999999878
-0.006320687999999963
-0.0015322879999999373
-0.0015322879999999373
-0.0015322879999999373
-0.0015322879999999373
-0.006320687999999963
-0.015897487999999904
-0.008714887999999865
-0.0015322879999999373
0.0008619120000000757
0.0032561120000000887
0.008044512000000115
0.01283291200000003
0.008044512000000115
0.0032561120000000887
0.0008619120000000757
-0.0015322879999999373
-0.0015322879999999373
-0.0015322879999999373
-0.0015322879999999373
0.0008619120000000757
0.0032561120000000887
0.0008619120000000757
-0.0015322879999999373
-0.00392648799999995
0.00445321200000004
0.01283291200000003
0.008044512000000115
0.0032561120000000887
0.005650312000000102
0.008044512000000115
0.008044512000000115
0.008044512000000115
0.0032561120000000887
-0.0015322879999999373
0.005650311999999991
0.01283291200000003
0.011236778666666725
0.00964064533333342
0.008044512000000115
0.01283291200000003
0.0032561120000000887
-0.006320687999999963
-0.00392648799999995
-0.0015322879999999373
0.008044512000000115
0.017621312000000056
0.01283291200000003
0.008044512000000115
0.0032561120000000887
-0.006320687999999963
-0.0027293879999998882
0.0008619120000000757
0.00445321200000004
0.008044512000000115
-0.0015322879999999373
-0.011109087999999878
0.01283291200000003
0.008044512000000004
0.0032561120000000887
-0.0015322879999999373
-0.004724554666666547
-0.007916821333333268
-0.011109087999999878
-0.011109087999999878
-0.011109087999999878
0.0032561120000000887
0.00445321200000004
0.005650312000000102
0.006847412000000164
0.008044512000000115
-0.0015322879999999373
-0.0015322879999999373
-0.0015322879999999373
-0.0015322879999999373
-0.00392648799999995
-0.006320687999999963
-0.0015322879999999373
0.0032561120000000887
-0.0015322879999999373
-0.004724554666666547
-0.007916821333333268
-0.011109087999999878
-0.008714887999999865
-0.006320687999999963
-0.0031284213333332422
6.384533333336773e-05
0.0032561120000000887
0.0032561120000000887
0.0032561120000000887
0.0032561120000000887
0.0032561120000000887
0.0032561120000000887
0.005650312000000102
0.008044512000000115
-0.0015322879999999373
-0.0015322879999999373
-0.0015322879999999373
-0.004724554666666547
-0.007916821333333268
-0.011109087999999878
0.008044512000000115
0.008044512000000115
0.008044512000000115
0.008044512000000115
0.008044512000000115
0.008044512000000115
0.008044512000000115
0.008044512000000115
0.008044512000000115
0.008044512000000115
0.008044512000000115
0.008044512000000115
-0.0015322879999999373
0.0032561120000000887
0.0008619120000000757
0.004852245333333394
0.008842578666666712
0.01283291200000003
0.005650311999999991
-0.0015322879999999373
0.0032561120000000887
0.0032561120000000887
0.0032561120000000887
0.0032561120000000887
0.0032561120000000887
0.0032561120000000887
0.008044512000000115
0.004852245333333394
0.0016599786666667837
-0.0015322879999999373
-0.006320687999999963
-0.0031284213333332422
6.384533333336773e-05
0.0032561120000000887
6.384533333336773e-05
-0.0031284213333332422
-0.006320687999999963
-0.0015322879999999373
0.0032561120000000887
0.0029744414117648388
0.002692770823529478
0.002411100235294228
0.002129429647058867
0.001847759058823617
0.001566088470588367
0.0012844178823530061
0.0010027472941177562
0.0007210767058823953
0.0004394061176471453
0.00015773552941178437
-0.00012393505882346556
-0.0004056056470587155
-0.0006872762352940764
-0.0009689468235293264
-0.0012506174117646873
-0.0015322879999999373
-0.006320687999999963
-0.0015322879999998262
-0.008714887999999865
-0.0015322879999999373
0.005650311999999991
-0.00392648799999995
0.0032561120000000887
0.0020590120000001377
0.0008619120000000757
-0.0003351879999999863
-0.0015322879999999373
-0.0027293879999998882
-0.00392648799999995
0.0016599786666666727
0.007246445333333407
0.01283291200000003
0.010438712000000017
0.008044512000000004
0.005650312000000102
0.0032561120000000887
0.0008619120000000757
0.0032561120000000887
0.008044512000000115
0.01283291200000003
0.017621312000000056
0.008044512000000115
0.01283291200000003
0.009002192000000075
0.00517147200000001
0.0013407520000000561
-0.002489968000000009
-0.006320687999999963
0.008044512000000115
0.01283291200000003
0.008044512000000115
0.0032561120000000887
-0.011109087999999878
-0.011109087999999878
-0.011109087999999878
-0.003926487999999839
0.0032561120000000887
0.0032561120000000887
0.0032561120000000887
0.010438712000000017
0.017621312000000056
0.014429045333333446
0.011236778666666725
0.008044512000000115
0.008044512000000115
0.008044512000000115
-0.006320687999999963
-0.0015322879999999373
0.0032561120000000887
0.0032561120000000887
0.0032561120000000887
0.0032561120000000887
0.0032561120000000887
0.01283291200000014
0.02240971200000008
0.014429045333333446
0.006448378666666699
-0.0015322879999999373
0.0020590120000000267
0.005650311999999991
0.009241612000000066
0.01283291200000003
-0.0015322879999999373
0.0032561120000000887
-0.0015322879999999373
-0.006320687999999852
-0.011109087999999878
0.008044512000000115
-0.015897487999999904
-0.01110908799999999
-0.006320687999999963
-0.0015322879999999373
0.0032561120000000887
0.0032561120000000887
0.0032561120000000887
6.384533333336773e-05
-0.0031284213333332422
-0.006320687999999963
0.017621312000000056
0.014429045333333446
0.011236778666666725
0.008044512000000115
0.0032561120000000887
-0.0015322879999999373
-0.006320687999999963
-0.013503317999999931
-0.0206859479999999
-0.015897517999999833
-0.011109087999999878
-0.006320687999999852
-0.0015322879999999373
0.0032561120000000887
-0.025474347999999924
0.02001550200000013
0.06550535200000007
0.008044507000000034
-0.04941633799999995
-0.008714912999999935
0.031986512000000134
0.017621312000000167
0.0032561120000000887
0.0032561120000000887
0.0032561120000000887
0.0008619120000000757
-0.0015322879999999373
-0.006320702999999872
-0.011109117999999918
-0.015897532999999964
-0.0206859479999999
0.041563312000000074
-0.05420473799999992
0.0798705420000001
0.02879423866666675
-0.0222820646666666
-0.0733583679999999
0.0008618870000001166
0.07508214200000007
0.0056503020000000515
-0.06378153799999992
0.060716952000000046
0.017621302000000005
-0.025474347999999924
-0.017094632999999915
-0.008714917999999905
-0.0003352029999998951
0.008044512000000115
0.0032561120000000887
-0.0015322879999999373
-0.03026274799999995
0.005650282000000062
0.041563312000000074
-0.04941633799999995
0.015227102000000103
0.0798705420000001
-0.0015323079999999267
-0.0829351579999999
0.0032560920000000992
0.08944734200000004
0.04395751700000006
-0.0015323079999999267
-0.04702213299999991
-0.0925119579999999
0.09902411200000005
0.07234587342857146
0.04566763485714287
0.01898939628571439
-0.007688842285714204
-0.034367080857142795
-0.06104531942857139
-0.08772355799999992
0.07508214200000007
-0.0973003879999999
0.0798705420000001
-0.06856996799999993
0.06550535200000007
0.014429048666666722
-0.03664725466666663
-0.08772355799999992
-0.04223372549999993
0.003256107000000119
0.017621322000000106
0.03198653700000009
0.04635175200000008
-0.03026274799999995
-0.025474347999999924
-0.0206859479999999
-0.001532317999999977
0.017621312000000056
-0.006320718000000003
-0.03026274799999995
-0.0015323146666665899
0.02719811866666677
0.05592855200000013
-0.0015322929999999069
-0.058993137999999945
-0.00392649299999992
0.051140152000000105
-0.0733583679999999
-0.025474327999999935
0.02240971200000008
0.0702937520000001
-0.07814675799999993
0.012832877000000131
0.10381251200000008
0.005650277000000092
-0.0925119579999999
0.0008618770000000664
0.09423571200000003
0.05114009450000001
0.008044477000000105
-0.03505114049999991
-0.07814675799999993
0.08944734200000004
0.06390919533333339
0.03837104866666674
0.01283290200000009
-0.01270524466666656
-0.03824339133333332
-0.06378153799999992
-0.027868517999999898
0.008044502000000064
0.0702937520000001
-0.06378153799999992
-0.00392649299999992
0.05592855200000013
0.0008619070000001061
-0.05420473799999992
-0.0015322929999999069
0.051140152000000105
0.003256107000000119
-0.04462793799999992
0.04635175200000008
0.01283290200000009
-0.0206859479999999
0.000861882000000147
0.02240971200000008
0.008044512000000115
-0.006320687999999963
0.010438712000000017
0.027198112000000108
0.008044512000000115
0.00964064533333342
0.011236778666666725
0.01283291200000003
0.011236778666666725
0.00964064533333342
0.008044512000000004
0.006448378666666699
0.004852245333333394
0.0032561120000000887
0.0016599786666666727
6.384533333336773e-05
-0.0015322879999999373
0.0032561120000000887
-0.008714917999999905
-0.000933760499999936
0.006847397000000033
0.014628554500000113
0.02240971200000008
-0.03026274799999995
0.031986512000000134
-0.006320712999999922
-0.020685921333333246
-0.03505112966666657
-0.04941633799999995
-0.02786852299999998
-0.006320707999999953
0.02081357533333339
0.04794785866666673
0.07508214200000007
-0.08772355799999992
-0.03983952133333324
0.008044515333333502
0.05592855200000013
0.04096478825000016
0.02600102450000008
0.01103726075
-0.00392650299999997
-0.04103663049999995
-0.07814675799999993
0.060716952000000046
0.01921745533333341
-0.022282041333333225
-0.06378153799999992
-0.038881839999999945
-0.01398214199999992
0.010917556000000106
0.03581725400000002
0.060716952000000046
-0.04462793799999992
0.04635175200000008
0.0248039295000001
0.003256107000000119
-0.01829171549999986
-0.0398395379999999
0.01283291200000003
-0.011109087999999878
-0.0015322879999999373
0.005650311999999991
0.01283291200000003
-0.025474347999999924
-0.007916861333333247
0.00964062533333343
0.027198112000000108
-0.003926517999999879
-0.035051147999999976
0.010438702000000077
0.05592855200000013
0.027198129500000112
-0.0015322929999999069
-0.030262715499999926
-0.058993137999999945
-0.013503302999999911
0.017621312000000056
0.04874592700000013
0.0798705420000001
-0.06856996799999993
0.005650287000000143
0.0798705420000001
-0.00392650799999994
-0.08772355799999992
0.0008618920000000863
0.08944734200000004
0.05401316200000006
0.018578982000000077
-0.016855197999999905
-0.05228937799999994
-0.08772355799999992
0.060716952000000046
-0.04462793799999992
0.060716952000000046
0.0008619069999999951
-0.058993137999999945
-0.02387817466666664
0.011236788666666775
0.04635175200000008
-0.04462793799999992
0.0008619070000001061
0.04635175200000008
0.0056503020000000515
-0.035051147999999976
-0.004724581333333311
0.025601985333333466
0.05592855200000013
-0.0206859479999999
-0.008714917999999905
0.0032561120000000887
0.005650312000000102
0.008044512000000115
0.0016599786666667837
-0.004724554666666547
-0.011109087999999878
0.027198112000000108
-0.006320712999999922
-0.0398395379999999
-0.019488825499999862
0.0008618870000001166
0.021212599500000096
0.041563312000000074
0.0008618870000001166
-0.0398395379999999
0.051140152000000105
-0.0829351579999999
-0.006320702999999872
0.0702937520000001
0.04908796485714295
0.027882177714285805
0.006676390571428659
-0.014529396571428488
-0.035735183714285634
-0.05694097085714278
-0.07814675799999993
0.010438687000000058
0.06550535200000007
0.024005855333333437
-0.01749364133333331
-0.058993137999999945
0.041563312000000074
-0.03026274799999995
-0.013503317999999931
0.0032561120000000887
0.008044512000000115
0.01283291200000003
0.0008619120000000757
-0.011109087999999878
0.008044512000000115
0.027198112000000108
-0.008714912999999935
-0.04462793799999992
-0.024516639999999867
-0.004405341999999868
0.015705956000000132
0.03581725400000013
0.05592855200000013
0.021212619500000085
-0.013503312999999961
-0.0206859479999999
-0.003926517999999879
0.01283291200000003
0.015227112000000043
0.017621312000000056
0.008044512000000115
-0.0015322879999999373
0.008044512000000115
0.017621312000000056
0.0032561120000000887
0.002298432000000128
0.0013407520000000561
0.00038307200000009534
-0.0005746079999999765
-0.0015322879999999373
-0.0015322879999999373
-0.006320687999999963
-0.015897487999999904
0.008044512000000115
0.031986512000000134
0.010438712000000128
-0.011109087999999878
-0.0015322879999999373
0.008044512000000115
0.017621312000000056
-0.011109087999999878
-0.004405327999999931
0.002298432000000128
0.009002192000000075
0.015705952000000134
0.02240971200000008
-0.025474347999999924
0.031986512000000134
-0.0206859479999999
-0.001532317999999977
0.017621312000000056
0.00964064533333342
0.0016599786666666727
-0.006320687999999963
0.008044512000000115
0.0032561120000000887
-0.0015322879999999373
-0.00016417371428567584
0.0012039405714286966
0.002572054857142958
0.003940169142857219
0.005308283428571481
0.006676397714285853
0.008044512000000115
0.008044512000000115
0.008044512000000115
0.008044512000000115
-0.0015322879999999373
-0.011109087999999878
-0.008714887999999865
-0.006320687999999963
-0.007517802999999934
-0.008714917999999905
-0.015897487999999904
0.0032561120000000887
-0.011109087999999878
-0.009512954666666573
-0.007916821333333268
-0.006320687999999963
-0.0003351879999999863
0.005650312000000102
0.0032561120000000887
0.0008619120000000757
-0.0015322879999999373
0.0032561120000000887
0.0032561120000000887
0.0032561120000000887
-0.0015322879999999373
-0.006320687999999963
0.0032561120000000887
0.01283291200000003
0.008044512000000004
0.0032561120000000887
-0.0015322879999999373
0.0032561120000000887
0.008044512000000115
0.0032561120000000887
0.005650312000000102
0.008044512000000115
0.006847412000000164
0.005650312000000102
0.00445321200000004
0.0032561120000000887
0.01283291200000003
0.008044512000000115
0.0032561120000000887
-0.0015322879999999373
0.0008619120000000757
0.0032561120000000887
0.005650312000000102
0.008044512000000115
0.01283291200000003
0.005650311999999991
-0.0015322879999999373
-0.00344764799999997
