-0.03214631666666534
-0.033210427777776275
-0.03427453888888721
-0.03533864999999814
-0.03374248333333085
-0.03214631666666534
-0.030550149999998055
-0.02895398333333077
-0.027357816666665258
-0.02576164999999797
-0.022569316666665173
-0.019376983333332376
-0.01618464999999958
-0.023367150000000336
-0.030549649999999318
-0.013790649999998905
0.0029683500000015073
-0.016185149999998316
-0.03533864999999814
-0.02576164999999797
-0.020973149999997887
-0.01618464999999958
-0.023367150000000336
-0.030549649999999318
-0.03294414999999873
-0.03533864999999814
-0.03294414999999873
-0.030549649999999318
-0.023367150000000336
-0.01618464999999958
-0.013790649999998905
-0.01857914999999899
-0.01618464999999958
-0.01857914999999899
-0.0209736499999984
-0.0209736499999984
-0.028156149999999158
-0.03533864999999814
-0.03214631666666534
-0.02895398333333077
-0.02576164999999797
-0.02576164999999797
-0.02576164999999797
-0.02576164999999797
-0.02576164999999797
-0.011396649999998232
-0.011396649999998232
-0.01259364999999768
-0.013790649999998905
-0.01498765000000013
-0.01618464999999958
-0.011396649999998232
-0.01618498333333207
-0.020973316666664132
-0.02576164999999797
-0.02576164999999797
-0.02576164999999797
-0.02576164999999797
-0.01857914999999899
-0.011396649999998232
-0.02576164999999797
-0.00660764999999941
-0.00660764999999941
-0.00660764999999941
-0.018578650000000252
-0.030549649999999318
-0.02576164999999797
-0.01857914999999899
-0.011396649999998232
-0.011396649999998232
-0.011396649999998232
-0.011396649999998232
-0.01857914999999899
-0.02576164999999797
-0.03294414999999873
-0.040126649999999486
-0.0066081499999981475
-0.015586399999998335
-0.024564649999998522
-0.03354289999999871
-0.0425211499999989
-0.014987899999999499
0.012545350000001676
-0.027357983333331504
-0.06726131666666646
-0.10716464999999964
-0.00900214999999882
0.089160350000002
0.04367035000000108
-0.001819649999998063
-0.047309649999997205
-0.09279964999999812
-0.06526614999999758
-0.03773264999999881
-0.010199150000000046
0.017334350000000498
-0.049703649999999655
0.026910350000001415
-0.040127149999998224
-0.10716464999999964
0.07958335000000183
-0.0042136499999987365
-0.0880106499999993
-0.07364550714285656
-0.059280364285713816
-0.04491522142857107
-0.030550078571426553
-0.01618493571428381
-0.001819792857141067
0.012545350000001676
-0.049703649999999655
-0.04411714999999994
-0.038530649999998445
-0.03294414999999873
-0.027357649999999012
-0.02177114999999752
-0.016184649999997802
0.022122350000001845
0.014141683333335209
0.0061610166666667965
-0.0018196499999998395
-0.05129964999999892
-0.10077964999999978
-0.15025964999999886
-0.10812184999999808
-0.06598404999999907
-0.023846249999998292
0.01829155000000071
0.06042935000000149
-0.13589464999999912
0.09873635000000114
-0.054491649999999225
-0.013790649999998905
0.026910350000001415
0.029304850000000826
0.03169935000000201
-0.12152964999999938
-0.07484264999999901
-0.02815565000000042
0.018531349999999946
0.06521835000000031
-0.003415649999999104
-0.0720496500000003
-0.14068364999999972
-0.013790649999998905
-0.008204316666665434
-0.0026179833333319635
0.0029683500000015073
-0.011396649999998232
-0.02576164999999797
-0.028155899999998013
-0.030550149999998055
-0.0329443999999981
-0.03533864999999814
0.04606435000000175
-0.06885764999999822
-0.02576198333333224
0.017333683333335514
0.06042935000000149
-0.028156149999999158
-0.11674164999999803
-0.09279964999999812
-0.06885764999999822
-0.04491564999999831
-0.0209736499999984
0.0029683500000015073
0.026910350000001415
-0.02576164999999797
-0.00660764999999941
-0.040126649999999486
-0.00900214999999882
0.022122350000001845
-0.10237564999999904
-0.0640686499999994
-0.02576164999999797
0.012545350000001676
-0.030550149999998055
-0.07364564999999956
-0.00900214999999882
0.05564135000000192
0.002968850000000245
-0.049703649999999655
-0.042042249999999726
-0.034380849999999796
-0.02671944999999809
-0.01905804999999816
-0.011396649999998232
-0.03533864999999814
-0.03568064999999798
-0.036022649999997824
-0.03636464999999767
-0.036706649999999286
-0.03704864999999913
-0.03739064999999897
-0.03773264999999881
-0.038074649999998655
-0.0384166499999985
-0.03875864999999834
-0.03910064999999996
-0.0394426499999998
-0.039784649999999644
-0.040126649999999486
-0.00660764999999941
-0.049703649999999655
-0.02576164999999797
0.03169935000000201
-0.0209736499999984
-0.016184649999997802
-0.0425211499999989
-0.040126649999999486
-0.03054998333333181
-0.02097331666666591
-0.011396649999998232
-0.014987899999997722
-0.01857914999999899
-0.02217039999999848
-0.02576164999999797
0.0029688500000020213
0.03169935000000201
-0.00900214999999882
-0.049703649999999655
-0.020973149999999663
0.007757350000000329
-0.02576164999999797
-0.02576164999999797
-0.02576164999999797
-0.02576164999999797
-0.07364564999999956
-0.01618464999999958
0.041276350000000406
-0.09758764999999947
-0.06087664999999909
-0.024165649999998706
0.012545350000001676
-0.008204316666665434
-0.028953983333332545
-0.049703649999999655
-0.04172298333333302
-0.03374231666666461
-0.02576164999999797
-0.00900214999999882
0.007757350000000329
0.024516850000001256
0.041276350000000406
-0.10716464999999964
0.005362850000002695
0.017334350000000498
0.010151350000001003
0.0029683500000015073
-0.03533864999999814
-0.07364564999999956
-0.11195264999999921
-0.05289564999999996
0.006161350000001065
0.06521835000000031
-0.04252064999999838
-0.038530316666665954
-0.03453998333333175
-0.030549649999999318
-0.056886149999998636
-0.08322264999999796
-0.06454784999999852
-0.045873049999997306
-0.02719824999999787
-0.008523449999998434
0.010151350000002779
0.028826150000002215
0.04750095000000165
0.06617575000000109
0.0848505500000023
0.10352535000000174
-0.040126649999999486
-0.049703649999999655
-0.09279964999999812
-0.05928064999999805
-0.02576164999999797
0.007757350000000329
0.041276350000000406
-0.023367649999999074
-0.054491649999999225
-0.030549649999999318
0.024516850000001256
0.07958335000000183
-0.0353381499999994
-0.15025964999999886
-0.09519314999999828
-0.040126649999999486
0.014939850000001087
0.07000635000000166
0.0403183500000015
0.010630350000001343
-0.019057649999998816
-0.048745649999998975
-0.07843364999999913
-0.06885764999999822
0.06042935000000149
0.002968600000000876
-0.05449214999999974
-0.11195289999999858
-0.1694136499999992
0.010151350000002779
-0.05928064999999805
0.10831335000000131
0.014141683333335209
-0.08002998333333267
-0.17420164999999876
-0.12152924999999826
-0.06885684999999775
-0.016184449999999018
0.03648795000000149
0.089160350000002
-0.054491649999999225
-0.0066081499999981475
-0.16462564999999962
-0.03533864999999814
0.09394835000000157
0.010151350000001003
-0.07364564999999956
-0.04491514999999957
-0.01618464999999958
0.002968850000000245
0.022122350000001845
0.04127585000000167
0.06042935000000149
-0.020973149999997887
-0.10237564999999904
-0.05568889999999804
-0.00900214999999882
0.0376846000000004
0.0843713500000014
0.02451635000000074
-0.03533864999999814
-0.00660764999999941
-0.06885764999999822
-0.0468308499999992
-0.024804049999998412
-0.0027772499999993983
0.019249550000001392
0.041276350000000406
-0.05928064999999805
-0.03533864999999814
-0.011396649999998232
0.012545350000001676
0.036487350000001584
-0.03533864999999814
0.0029683500000015073
-0.0209736499999984
-0.04491564999999831
-0.02959264999999789
-0.014269649999997469
0.0010533500000011742
0.016376350000001594
0.03169935000000201
-0.054491649999999225
-0.03892939999999889
-0.023367150000000336
-0.0078049000000000035
0.007757350000000329
-0.054491649999999225
-0.020973149999997887
-0.024165316666664438
-0.027357483333332766
-0.030549649999999318
-0.001819649999998063
-0.011396649999998232
-0.0209736499999984
-0.0209736499999984
-0.016185149999998316
-0.011396649999998232
-0.022569649999997665
-0.033742649999998875
-0.04491564999999831
-0.028156149999999158
-0.011396649999998232
-0.01618464999999958
-0.01778098333333311
-0.019377316666664868
-0.0209736499999984
-0.00660764999999941
-0.016184649999997802
-0.02576164999999797
-0.020973149999997887
-0.01618464999999958
-0.01618464999999958
-0.01618464999999958
-0.017381899999998396
-0.01857914999999899
-0.019776399999999583
-0.0209736499999984
-0.022569649999997665
-0.024165649999998706
-0.02576164999999797
-0.04491564999999831
-0.028156149999999158
-0.011396649999998232
-0.0209736499999984
-0.023367649999999074
-0.02576164999999797
-0.030549649999999318
-0.028953649999998277
-0.027357649999999012
-0.02576164999999797
-0.02576164999999797
-0.02576164999999797
-0.02576164999999797
-0.022569316666665173
-0.019376983333332376
-0.016184649999997802
-0.012992316666665005
-0.009799983333332207
-0.00660764999999941
0.007757350000000329
-0.01857914999999899
-0.01618464999999958
-0.01618464999999958
-0.01618464999999958
-0.01778098333333311
-0.019377316666664868
-0.0209736499999984
-0.040126649999999486
-0.03693431666666669
-0.033741983333332115
-0.030549649999999318
-0.02767665000000008
-0.024803649999999067
-0.02193064999999983
-0.019057649999998816
-0.01618464999999958
-0.01857914999999899
-0.011396649999998232
-0.01618464999999958
-0.01618464999999958
-0.01618464999999958
-0.01778098333333311
-0.019377316666664868
-0.0209736499999984
-0.019058249999998722
-0.017142849999999044
-0.015227449999997589
-0.01331204999999791
-0.011396649999998232
-0.01618464999999958
-0.04491564999999831
-0.03533864999999814
-0.02576164999999797
-0.01618464999999958
-0.02576164999999797
-0.024165649999998706
-0.022569649999997665
-0.0209736499999984
-0.01618464999999958
-0.01618464999999958
-0.01618464999999958
-0.01618464999999958
-0.01618464999999958
-0.01618464999999958
-0.01618464999999958
-0.015500649999999894
-0.014816649999998432
-0.014132649999998748
-0.013448649999999063
-0.012764649999999378
-0.012080649999997917
-0.011396649999998232
-0.011396649999998232
-0.02576164999999797
-0.013790649999998905
-0.01618464999999958
-0.01618464999999958
-0.01618464999999958
-0.01618464999999958
-0.01618464999999958
-0.01618464999999958
-0.01618464999999958
-0.01618464999999958
-0.01618464999999958
-0.01618464999999958
-0.01618464999999958
-0.01618464999999958
-0.011396149999999494
-0.013790649999998905
-0.029353149999998607
-0.04491564999999831
-0.03294464999999924
-0.0209736499999984
-0.01857939999999836
-0.016185149999998316
-0.013790899999998274
-0.011396649999998232
-0.01618464999999958
-0.02576164999999797
-0.02576164999999797
-0.02576164999999797
-0.02576164999999797
-0.02576164999999797
-0.020973149999997887
-0.01618464999999958
-0.0042136499999987365
0.007757350000000329
-0.0042136499999987365
-0.01618464999999958
