-0.0004792499999979327
-0.010055749999997587
-0.01963224999999902
-0.01963224999999902
-0.01963224999999902
-0.01963224999999902
-0.02442091666666535
-0.02920958333333168
-0.03399824999999801
-0.022027249999998944
-0.010056249999998101
-0.010056249999998101
-0.01963224999999902
-0.01963224999999902
-0.01963224999999902
-0.02202674999999843
-0.02442124999999784
-0.026815249999998514
-0.029209249999999187
-0.02601691666666639
-0.022824583333331816
-0.01963224999999902
-0.03399824999999801
-0.03160399999999797
-0.029209749999997925
-0.026815499999997883
-0.02442124999999784
-0.01963224999999902
-0.014844249999997672
-0.02202674999999843
-0.029209249999999187
-0.0272939499999989
-0.025378649999998615
-0.02346334999999833
-0.021548049999998042
-0.019632749999997756
-0.017717449999999246
-0.01580214999999896
-0.013886849999998674
-0.011971549999998388
-0.010056249999998101
-0.013248249999998407
-0.016440249999998713
-0.01963224999999902
-0.027612916666665654
-0.03559358333333229
-0.043574249999998926
-0.014844249999997672
-0.022026750000000206
-0.014844249999997672
-0.02442124999999784
-0.014844249999997672
-0.018196149999997857
-0.021548049999998042
-0.024899949999998228
-0.028251849999998413
-0.0316037499999986
-0.014844249999997672
-0.03399824999999801
-0.02442124999999784
-0.014844249999997672
-0.029209249999999187
-0.043574249999998926
-0.038785849999998234
-0.03399744999999932
-0.029209049999998626
-0.02442064999999971
-0.01963224999999902
-0.0052672499999992795
-0.007182649999998958
-0.009098049999998636
-0.011013449999998315
-0.012928849999997993
-0.014844249999997672
-0.014844249999997672
-0.014844249999997672
-0.02442124999999784
-0.026815249999998514
-0.029209249999999187
-0.026815249999998514
-0.02442124999999784
-0.02202674999999843
-0.01963224999999902
-0.010056249999998101
-0.0076617499999986904
-0.0052672499999992795
-0.014844249999999448
-0.02442124999999784
-0.03399824999999801
-0.014844249999997672
-0.014844249999997672
-0.014844249999997672
-0.014844249999997672
-0.014844249999997672
-0.014844249999997672
-0.02442124999999784
-0.027613583333330638
-0.030805916666665212
-0.03399824999999801
-0.02920958333333168
-0.02442091666666535
-0.01963224999999902
-0.03399824999999801
-0.03304044999999789
-0.03208264999999777
-0.031124849999999427
-0.030167049999999307
-0.029209249999999187
-0.02202674999999843
-0.011252999999998181
-0.0004792499999979327
-0.0076617499999986904
-0.014844249999997672
-0.01963224999999902
-0.02122858333333255
-0.022824916666664308
-0.02442124999999784
-0.019632749999997756
-0.014844249999997672
-0.01675964999999735
-0.01867504999999703
-0.020590449999998484
-0.022505849999998162
-0.02442124999999784
-0.03399824999999801
-0.014844249999997672
-0.01963224999999902
-0.01963224999999902
-0.026815249999998514
-0.03399824999999801
-0.03399824999999801
-0.03399824999999801
-0.027613583333330638
-0.021228916666665043
-0.014844249999997672
-0.02202674999999843
-0.029209249999999187
-0.02729384999999951
-0.02537844999999983
-0.023463049999998375
-0.021547649999998697
-0.01963224999999902
-0.0004792499999979327
-0.010056249999998101
-0.010854249999997734
-0.011652249999997366
-0.012450249999998775
-0.013248249999998407
-0.01404624999999804
-0.014844249999997672
-0.022824916666664308
-0.03080558333333272
-0.038786249999999356
-0.010056249999998101
-0.02202674999999843
-0.026815249999998514
-0.03559391666666478
-0.04437258333333283
-0.053151249999999095
-0.02442124999999784
-0.029209749999997925
-0.03399824999999801
-0.026815249999998514
-0.01963224999999902
-0.01484391666666518
-0.010055583333333118
-0.0052672499999992795
-0.014844249999997672
-0.01867504999999703
-0.022505849999998162
-0.02633664999999752
-0.030167449999998652
-0.03399824999999801
-0.03399774999999927
-0.029209499999998556
-0.02442124999999784
-0.02442124999999784
-0.02442124999999784
-0.02442124999999784
-0.03399824999999801
-0.03182170454545208
-0.029645159090907924
-0.027468613636361994
-0.025292068181816063
-0.023115522727270132
-0.020938977272725978
-0.018762431818180048
-0.016585886363634117
-0.014409340909088186
-0.012232795454544032
-0.010056249999998101
-0.038786249999999356
-0.01963224999999902
-0.029209249999999187
-0.01963224999999902
-0.010056249999998101
-0.02442124999999784
-0.022825138888887153
-0.021229027777776466
-0.019632916666664002
-0.018036805555553315
-0.016440694444442627
-0.01484458333333194
-0.013248472222219476
-0.011652361111108789
-0.010056249999998101
-0.010055999999996956
-0.010055749999997587
-0.02442124999999784
-0.02442124999999784
-0.027613583333330638
-0.030805916666665212
-0.03399824999999801
-0.02442124999999784
-0.02442124999999784
-0.010056249999998101
-0.0076617499999986904
-0.0052672499999992795
-0.007062874999999025
-0.00885849999999877
-0.010654124999998515
-0.012449750000000037
-0.014245374999999783
-0.016040999999999528
-0.017836624999999273
-0.01963224999999902
-0.03399824999999801
-0.029209249999999187
-0.022027249999998944
-0.01963224999999902
-0.024420749999999103
-0.029209249999999187
-0.029209249999999187
-0.029209249999999187
-0.02729384999999951
-0.02537844999999983
-0.023463049999998375
-0.021547649999998697
-0.01963224999999902
-0.014844249999997672
-0.038786249999999356
-0.029209249999999187
-0.01963224999999902
-0.010056249999998101
-0.014844249999997672
-0.01963224999999902
-0.02202674999999843
-0.02442124999999784
-0.022824916666664308
-0.02122858333333255
-0.01963224999999902
-0.01963224999999902
-0.01963224999999902
-0.020829499999999612
-0.02202674999999843
-0.023223999999997247
-0.02442124999999784
-0.029209249999999187
-0.024420749999999103
-0.01963224999999902
-0.043574249999998926
-0.08188224999999782
-0.15849624999999712
-0.2351102499999982
0.0043095000000015204
0.24372925000000123
-0.10103524999999891
-0.10007764999999935
-0.09912004999999979
-0.09816244999999846
-0.0972048499999989
-0.09624724999999934
-0.12018924999999747
-0.03160374999999682
0.05698175000000205
0.08092375000000196
0.10486575000000187
-0.002873249999998606
-0.11061224999999908
0.016280250000001217
0.14317275000000151
-0.08906474999999858
-0.3213022499999987
-0.19839991666666457
-0.07549758333333223
0.04740475000000188
0.08810625000000094
0.12880775000000177
0.0581787500000015
-0.012450249999998775
-0.08307924999999905
-0.15370824999999932
-0.08667024999999917
-0.0651224999999993
-0.04357474999999944
-0.0220269999999978
-0.0004792499999979327
0.03902500000000231
0.07852925000000077
0.11803350000000101
0.15753775000000125
-0.16328424999999847
-0.09624664999999766
-0.029209049999998626
0.03782855000000218
0.10486615000000121
0.17190375000000202
-0.2398992499999988
0.0737412500000012
-0.16807324999999906
-0.0004792499999997091
0.16711475000000142
-0.27341824999999886
-0.17286174999999737
-0.07230524999999766
0.061770250000002136
0.19584575000000193
0.14180517857143116
0.08776460714285861
0.03372403571428784
-0.02031653571428471
-0.07435710714285548
-0.12839767857142803
-0.1824382499999988
0.19105675000000133
-0.21595724999999888
-0.06272824999999926
0.0737412500000012
0.21021075000000167
-0.18722624999999837
-0.017238249999998345
0.15274975000000168
0.09369275000000066
0.03463575000000141
-0.02442124999999784
-0.08347824999999887
-0.1425352499999999
-0.20159224999999914
0.06177025000000036
-0.17765024999999923
-0.06911291666666486
0.03942441666666774
0.1479617500000021
-0.12976624999999942
-0.13934224999999856
0.056981750000000275
0.2533057500000009
0.040222250000001125
-0.17286124999999863
-0.01244974999999826
0.1479617500000021
0.08212125000000192
0.01628075000000173
-0.04955974999999846
-0.11540024999999865
-0.2063802499999987
0.26767125000000114
0.03782800000000108
-0.19201524999999897
-0.01723874999999886
0.15753775000000125
0.06176975000000162
-0.03399824999999801
-0.14173724999999848
-0.24947624999999896
-0.06113224999999822
0.12721175000000073
0.31555575000000147
0.07613575000000061
-0.16328424999999847
0.15753775000000125
0.0952887500000017
0.033039750000002144
-0.1632847499999972
-0.3596092499999983
-0.2446874166666646
-0.12976558333333088
-0.014843749999998934
0.10007808333333479
0.2149999166666685
0.32992175000000223
-0.029209249999999187
0.03064575000000147
0.09050075000000213
-0.05953591666666469
-0.2095725833333315
-0.3596092499999983
-0.017238249999998345
0.32513275000000164
-0.1584962499999989
0.08571175000000153
0.08365960714285947
0.08160746428571564
0.07955532142857358
0.07750317857142974
0.07545103571428768
0.07339889285714385
0.07134675000000179
0.06929460714285973
0.0672424642857159
0.06519032142857384
0.06313817857143
0.061086035714287945
0.05903389285714411
0.05698175000000205
-0.0076617499999986904
-0.1824382499999988
0.05698175000000205
-0.002873249999998606
-0.06272824999999926
-0.16328424999999847
0.025857250000001386
0.052193750000000705
-0.16807324999999906
0.04740475000000188
0.10486575000000187
0.07570002272727372
0.04653429545454735
0.0173685681818192
-0.011797159090907172
-0.04096288636363532
-0.07012861363636169
-0.09929434090908984
-0.1284600681818162
-0.15762579545454436
-0.18679152272727073
-0.21595724999999888
-0.01963224999999902
0.054587250000000864
-0.11540024999999865
0.037827750000001714
0.06176975000000162
0.07533691666666797
0.08890408333333433
0.10247125000000246
0.11603841666666881
0.12960558333333516
0.14317275000000151
-0.08667024999999917
-0.10342974999999832
-0.12018924999999925
0.1240197500000022
0.006703750000001563
-0.11061224999999908
-0.11455566176470455
-0.11849907352941003
-0.12244248529411728
-0.12638589705882275
-0.13032930882352822
-0.1342727205882337
-0.13821613235294095
-0.14215954411764642
-0.1461029558823519
-0.15004636764705737
-0.15398977941176462
-0.1579331911764701
-0.16187660294117556
-0.16582001470588104
-0.16976342647058829
-0.17370683823529376
-0.17765024999999923
0.2772477500000008
-0.05075724999999842
-0.10342974999999832
-0.05794024999999792
-0.10103524999999713
0.13359575000000135
0.07493800000000128
0.016280250000001217
-0.04237749999999885
-0.10103524999999891
-0.07517784999999932
-0.04932044999999974
-0.023463049999998375
0.002394350000001211
0.028251750000000797
-0.01963224999999902
0.03782825000000223
-0.07469899999999718
-0.18722624999999837
0.004309750000000889
-0.04836324999999775
-0.036392249999996906
-0.02442124999999784
-0.012450249999998775
-0.0004792499999979327
-0.06272824999999926
-0.055066849999999334
-0.047405449999999405
-0.0397440499999977
-0.03208264999999777
-0.02442124999999784
-0.01723874999999886
-0.0040704999999992
0.009097750000002236
-0.0052672499999992795
-0.012449750000000037
-0.01963224999999902
-0.031603249999998084
-0.043574249999998926
-0.04118024999999825
-0.038786249999999356
-0.0316037499999986
-0.02442124999999784
-0.02442124999999784
-0.02442124999999784
-0.026815249999998514
-0.029209249999999187
-0.02202674999999843
-0.014844249999997672
-0.019632749999997756
-0.02442124999999784
-0.026815249999998514
-0.029209249999999187
-0.026336249999998174
-0.023463249999998936
-0.020590249999997923
-0.017717249999998685
-0.014844249999997672
-0.026815249999998514
-0.02442091666666535
-0.022026583333332184
-0.01963224999999902
-0.03399824999999801
-0.02442124999999784
-0.014844249999997672
-0.019632749999997756
-0.02442124999999784
-0.02202674999999843
-0.01963224999999902
-0.02202674999999843
-0.02442124999999784
-0.022824916666664308
-0.02122858333333255
-0.01963224999999902
-0.014844249999997672
-0.010055749999997587
-0.0052672499999992795
-0.0052672499999992795
-0.0052672499999992795
-0.014844249999997672
-0.02442124999999784
-0.026416416666664944
-0.028411583333332047
-0.03040674999999915
-0.032401916666664476
-0.03439708333333158
-0.03639224999999868
-0.03399824999999801
-0.03399824999999801
-0.02920958333333168
-0.02442091666666535
-0.01963224999999902
-0.014844249999997672
-0.01803658333333047
-0.021228916666665043
-0.02442124999999784
-0.02442124999999784
-0.014844249999997672
-0.02202674999999843
-0.029209249999999187
-0.026815249999998514
-0.02442124999999784
-0.02202674999999843
-0.01963224999999902
-0.02202649999999906
-0.024420749999999103
-0.026814999999999145
-0.029209249999999187
-0.014844249999997672
-0.019632749999997756
-0.02442124999999784
-0.014844249999997672
-0.021228916666665043
-0.027613583333330638
-0.03399824999999801
-0.0316037499999986
-0.029209249999999187
-0.029209249999999187
-0.029209249999999187
-0.02442124999999784
-0.019632916666664002
-0.01484458333333194
-0.010056249999998101
-0.016041749999997634
-0.022027249999998944
