-0.0052672499999992795
-0.01210782142856992
-0.018948392857142338
-0.02578896428571298
-0.032629535714285396
-0.03947010714285604
-0.046310678571428454
-0.053151249999999095
-0.01723825000000012
-0.01723825000000012
-0.024420916666667125
-0.03160358333333235
-0.038786249999999356
-0.027613249999999923
-0.016440249999998713
-0.0052672499999992795
-0.03399824999999801
-0.02442124999999784
-0.02442124999999784
-0.02442124999999784
-0.02442124999999784
-0.026815249999998514
-0.029209249999999187
-0.024420749999999103
-0.01963224999999902
-0.01963224999999902
-0.010055749999997587
-0.0004792499999979327
0.0014361500000017458
0.0033515500000014242
0.005266950000002879
0.0071823500000025575
0.009097750000002236
-0.03399824999999801
-0.010056249999998101
-0.019632749999997756
-0.029209249999999187
-0.0316037499999986
-0.03399824999999801
-0.032401916666664476
-0.03080558333333272
-0.029209249999999187
-0.02442124999999784
-0.014844249999997672
-0.016041249999998897
-0.017238249999998345
-0.018435249999997794
-0.01963224999999902
-0.029209249999999187
-0.028012249999997962
-0.026815249999998514
-0.025618249999999065
-0.02442124999999784
-0.019632749999997756
-0.021548049999998042
-0.02346334999999833
-0.025378649999998615
-0.0272939499999989
-0.029209249999999187
-0.03399824999999801
-0.029209249999999187
-0.03399774999999927
-0.038786249999999356
-0.03399774999999927
-0.029209249999999187
-0.04118024999999825
-0.053151249999999095
-0.03399824999999801
-0.022027249999998944
-0.010056249999998101
-0.010056249999998101
-0.010056249999998101
-0.010056249999998101
-0.0052672499999992795
-0.0052672499999992795
-0.0052672499999992795
-0.01723825000000012
-0.029209249999999187
-0.03040649999999978
-0.0316037499999986
-0.032800999999997416
-0.03399824999999801
-0.03639224999999868
-0.038786249999999356
-0.014844249999997672
-0.02202674999999843
-0.029209249999999187
-0.014844249999997672
-0.02202674999999843
-0.029209249999999187
-0.024420749999999103
-0.01963224999999902
-0.02202674999999843
-0.02442124999999784
-0.0220269999999978
-0.019632749999997756
-0.017238499999997714
-0.014844249999997672
-0.021228916666665043
-0.027613583333330638
-0.03399824999999801
-0.0316037499999986
-0.01843549999999894
-0.0052672499999992795
-0.022026750000000206
-0.038786249999999356
-0.029209249999999187
-0.01963224999999902
-0.02202674999999843
-0.02442124999999784
-0.02633664999999752
-0.028252049999997197
-0.030167449999998652
-0.03208284999999833
-0.03399824999999801
-0.029209249999999187
-0.02202674999999843
-0.014844249999997672
-0.038786249999999356
-0.032082449999998985
-0.025378649999998615
-0.01867485000000002
-0.01197104999999965
-0.0052672499999992795
-0.03399774999999927
-0.038786249999999356
-0.0316037499999986
-0.02442124999999784
-0.02442124999999784
-0.02442124999999784
-0.02442124999999784
-0.02442124999999784
-0.0004792499999979327
-0.010056249999998101
-0.01723874999999886
-0.02442124999999784
-0.02202674999999843
-0.01963224999999902
-0.031603249999998084
-0.043574249999998926
-0.043574249999998926
-0.043574249999998926
-0.043574249999998926
-0.03399824999999801
-0.03112504999999821
-0.028251849999998413
-0.025378649999998615
-0.022505449999998817
-0.01963224999999902
-0.017238249999998345
-0.014844249999997672
-0.014844249999997672
-0.01723874999999886
-0.01963291666666578
-0.02202708333333092
-0.02442124999999784
-0.019632749999997756
-0.014844249999997672
-0.016896392857141507
-0.018948535714283565
-0.0210006785714274
-0.02305282142856946
-0.025104964285713294
-0.027157107142855352
-0.029209249999999187
-0.02442124999999784
-0.01963224999999902
-0.01963224999999902
-0.017238249999998345
-0.014844249999997672
-0.021228749999998797
-0.027613249999998146
-0.03399774999999927
-0.029209249999999187
-0.022824916666666084
-0.016440583333331205
-0.010056249999998101
-0.014844249999997672
-0.01963224999999902
-0.01963224999999902
-0.01963224999999902
-0.01963224999999902
-0.01963224999999902
-0.02442124999999784
-0.029209249999999187
-0.03399824999999801
-0.03399824999999801
-0.02920958333333168
-0.02442091666666535
-0.01963224999999902
-0.029209249999999187
-0.038786249999999356
-0.0316037499999986
-0.02442124999999784
-0.019632749999997756
-0.014844249999997672
-0.010055749999999364
-0.0052672499999992795
-0.019632749999997756
-0.03399824999999801
-0.028411749999998293
-0.022825249999998576
-0.01723874999999886
-0.011652249999997366
-0.006065749999997649
-0.0004792499999979327
-0.014844249999997672
-0.01723874999999886
-0.01963224999999902
-0.03399824999999801
-0.019632749999997756
-0.0052672499999992795
-0.012928649999999209
-0.020590049999999138
-0.028251449999999068
-0.035912849999999
-0.043574249999998926
-0.04118024999999825
-0.038786249999999356
-0.03639224999999868
-0.03399824999999801
-0.026815499999997883
-0.019632749999997756
-0.014844249999997672
-0.014844249999997672
-0.014844249999997672
-0.010056249999998101
-0.010056249999998101
-0.010056249999998101
-0.010056249999998101
-0.010056249999998101
-0.01723874999999886
-0.02442124999999784
-0.0316037499999986
-0.038786249999999356
-0.04836324999999775
-0.04357487499999735
-0.038786499999998725
-0.033998124999998325
-0.029209749999997925
-0.024421374999997525
-0.019632999999997125
-0.014844624999998501
-0.010056249999998101
-0.043574249999998926
-0.02442124999999784
-0.02442124999999784
-0.02442124999999784
-0.02442124999999784
-0.014844249999997672
-0.01867504999999703
-0.022505849999998162
-0.02633664999999752
-0.030167449999998652
-0.03399824999999801
-0.029209749999997925
-0.02442124999999784
-0.019632821428569258
-0.014844392857140676
-0.010055964285712093
-0.005267535714283511
-0.0004791071428549287
0.004309321428573654
0.009097750000002236
0.009097750000002236
-0.014844249999997672
-0.018326704545453154
-0.02180915909090686
-0.025291613636362342
-0.028774068181816048
-0.03225652272727153
-0.035738977272725236
-0.03922143181818072
-0.042703886363634425
-0.04618634090908991
-0.04966879545454361
-0.053151249999999095
-0.029209249999999187
-0.0052672499999992795
-0.010056249999998101
-0.022027249999998944
-0.03399824999999801
-0.038786249999999356
-0.0052672499999992795
-0.043574249999998926
-0.05794024999999792
-0.2590522499999981
0.1264137500000011
0.01867475000000063
-0.08906424999999807
-0.19680324999999854
0.009097750000002236
0.1304040833333353
0.2517104166666684
0.37301675000000145
0.19393055000000103
0.014844350000000617
-0.16424184999999802
-0.34332804999999844
-0.5224142499999989
0.07134675000000179
-0.16567874999999965
0.3873817500000012
-0.0028729999999992373
-0.3931277499999979
-0.2255339999999979
-0.05794024999999792
-0.01723874999999886
0.023462750000001975
-0.0746994999999977
-0.17286174999999737
-0.2710239999999988
-0.3691862499999985
0.3586517500000017
0.04261675000000231
-0.27341824999999886
-0.17765024999999923
-0.03399824999999801
0.10965375000000144
-0.12018924999999747
-0.35003224999999816
0.01628075000000173
0.3825937500000016
-0.014843749999998934
-0.4122812499999977
-0.21835124999999778
-0.02442124999999784
0.005677321428573023
0.035775892857145664
0.06587446428571653
0.09597303571428739
0.12607160714285826
0.1561701785714309
0.18626875000000176
0.15215150000000222
0.11803425000000267
0.08391700000000135
0.04979975000000181
-0.5128377499999992
0.1742977500000027
-0.07230524999999766
0.006703250000002825
0.08571175000000153
-0.046767249999998484
-0.1792462499999985
-0.3117252499999985
0.4113237500000011
0.17828808333333512
-0.05474758333333263
-0.2877832499999986
-0.0052672499999992795
-0.040701449999998474
-0.07613564999999944
-0.11156984999999864
-0.1470040499999996
-0.1824382499999988
0.20542175000000107
0.16658258333333364
0.127743416666668
0.08890425000000057
0.050065083333334925
0.011225916666667501
-0.027613249999998146
-0.06645241666666557
-0.10529158333333122
-0.14413074999999864
0.21499875000000124
-0.077093249999999
-0.07948774999999841
-0.010055749999997587
-0.01244999999999763
-0.014844249999997672
-0.038786249999999356
-0.06272824999999926
0.0737412500000012
0.21021075000000167
0.00590575000000193
-0.19839924999999958
-0.4027042499999993
-0.23750449999999823
-0.07230474999999892
0.0928950000000004
0.2580947500000015
-0.02442124999999784
-0.18722624999999837
-0.07230524999999766
0.030645250000000956
0.13359575000000135
-0.02442124999999784
-0.1824382499999988
-0.13615024999999825
-0.08986224999999948
-0.043574249999998926
-0.020938249999998604
0.0016977500000017187
0.024333750000000265
0.04696975000000059
0.06960575000000091
0.09224175000000123
0.11487775000000156
0.13751375000000188
0.16014975000000042
0.18278575000000075
0.20542175000000107
-0.08667024999999917
0.013885750000001806
-0.13934224999999856
0.03064575000000147
-0.07230524999999766
-0.07709362499999806
-0.08188199999999846
-0.08667037499999886
-0.09145874999999926
-0.09624712499999788
-0.10103549999999828
-0.10582387499999868
-0.11061224999999908
-0.08786741666666664
-0.06512258333333243
-0.042377749999998215
-0.01963291666666578
0.0031119166666666587
0.025856750000000872
-0.1824382499999988
0.047404750000000107
-0.0076617499999986904
-0.028251849999998413
-0.048841949999998135
-0.06943204999999963
-0.09002214999999936
-0.11061224999999908
-0.06751624999999883
-0.04237749999999885
-0.01723874999999886
-0.11061224999999908
0.04261675000000231
0.19584575000000193
0.10726025000000128
0.01867475000000063
-0.06991074999999825
-0.1584962499999989
-0.014844249999997672
0.05698175000000205
0.007501750000001195
-0.041978249999997885
-0.09145824999999874
-0.06272824999999926
-0.016041249999998897
0.03064575000000147
0.07733275000000184
0.1240197500000022
-0.08188174999999909
-0.02442099999999847
0.033039750000002144
-0.002873249999998606
-0.038786249999999356
-0.03399774999999927
-0.029209249999999187
-0.019632499999998387
-0.010055749999997587
-0.0004789999999985639
0.009097750000002236
-0.04836324999999775
-0.02202674999999843
0.004309750000000889
-0.03399824999999801
-0.026815249999998514
-0.01963224999999902
-0.038786249999999356
-0.05794024999999792
-0.045969249999997075
-0.03399824999999801
-0.0052672499999992795
-0.022824916666666084
-0.04038258333333111
-0.05794024999999792
-0.01723874999999886
0.023462750000001975
-0.01723874999999886
-0.05794024999999792
-0.04357474999999944
-0.029209249999999187
-0.01723825000000012
-0.0052672499999992795
-0.019632749999997756
-0.03399824999999801
-0.022027249999998944
-0.010056249999998101
-0.03399824999999801
-0.032401916666664476
-0.03080558333333272
-0.029209249999999187
-0.027613249999998146
-0.02601724999999888
-0.02442124999999784
-0.02442124999999784
-0.02202674999999843
-0.01963224999999902
-0.014844249999997672
-0.016440249999998713
-0.018036249999997978
-0.01963224999999902
-0.010056249999998101
-0.019632749999997756
-0.029209249999999187
-0.032401583333331985
-0.03559391666666656
-0.038786249999999356
-0.0411804999999994
-0.04357474999999944
-0.045968999999997706
-0.04836324999999775
-0.035194999999999865
-0.022026750000000206
-0.05794024999999792
-0.035594249999997274
-0.013248249999998407
0.009097750000002236
-0.00047891666666544097
-0.010055583333331342
-0.01963224999999902
-0.02442124999999784
-0.014844249999997672
-0.0052672499999992795
-0.014844249999997672
-0.02442124999999784
-0.030406749999997373
-0.036392249999996906
-0.042377749999998215
-0.04836324999999775
-0.04836324999999775
-0.03399824999999801
-0.03399824999999801
-0.03399824999999801
-0.029209749999997925
-0.02442124999999784
-0.02442124999999784
-0.019632916666664002
-0.01484458333333194
-0.010056249999998101
-0.014844249999997672
-0.01963224999999902
-0.018834249999999386
-0.018036249999997978
-0.017238249999998345
-0.018036249999997978
-0.018834249999999386
-0.01963224999999902
-0.022824583333331816
-0.02601691666666639
-0.029209249999999187
-0.026815249999998514
-0.02442124999999784
-0.029209749999997925
-0.03399824999999801
-0.037190249999998315
-0.04038224999999862
-0.043574249999998926
-0.039743649999998354
-0.03591304999999778
-0.032082449999998985
-0.028251849999998413
-0.02442124999999784
-0.023223999999997247
-0.02202674999999843
-0.0052672499999992795
-0.014844249999997672
