-0.0052672499999992795
-0.0076617499999986904
-0.010056249999998101
-0.0052672499999992795
-0.019632749999997756
-0.03399824999999801
-0.027613583333330638
-0.021228916666665043
-0.014844249999997672
-0.017238249999998345
-0.01963224999999902
-0.02442124999999784
-0.019632749999997756
-0.014844249999997672
-0.01963258333333151
-0.02442091666666535
-0.029209249999999187
-0.026814999999999145
-0.024420749999999103
-0.02202649999999906
-0.01963224999999902
-0.02202674999999843
-0.02801249999999733
-0.03399824999999801
-0.021228916666665043
-0.008459583333332077
0.004309750000000889
-0.01963224999999902
-0.01963224999999902
-0.01963224999999902
-0.023223749999997878
-0.026815249999998514
-0.03040674999999915
-0.03399824999999801
-0.02442124999999784
-0.026815249999998514
-0.029209249999999187
-0.030167049999999307
-0.031124849999999427
-0.03208264999999777
-0.03304044999999789
-0.03399824999999801
-0.038786249999999356
-0.043574249999998926
-0.038786249999999356
-0.03399824999999801
-0.02202674999999843
-0.019632649999998364
-0.0172385499999983
-0.014844449999998233
-0.012450349999998167
-0.010056249999998101
-0.010056249999998101
-0.026815249999998514
-0.025618249999999065
-0.02442124999999784
-0.029209749999997925
-0.03399824999999801
-0.04357474999999944
-0.053151249999999095
-0.04357474999999944
-0.03399824999999801
-0.026815249999998514
-0.01963224999999902
-0.017238249999998345
-0.014844249999997672
-0.012450249999998775
-0.010056249999998101
-0.02442124999999784
-0.014844249999997672
-0.02202674999999843
-0.029209249999999187
-0.026815249999998514
-0.02442124999999784
-0.02442124999999784
-0.02442124999999784
-0.02601724999999888
-0.027613249999998146
-0.029209249999999187
-0.014844249999997672
-0.016440249999998713
-0.018036249999997978
-0.01963224999999902
-0.029209249999999187
-0.02681512499999883
-0.02442099999999847
-0.022026874999998114
-0.019632749999997756
-0.027613249999998146
-0.035593749999998536
-0.043574249999998926
-0.029209249999999187
-0.026814999999999145
-0.024420749999999103
-0.02202649999999906
-0.01963224999999902
-0.014844249999997672
-0.01963258333333151
-0.02442091666666535
-0.029209249999999187
-0.02442124999999784
-0.038786249999999356
-0.038786249999999356
-0.038786249999999356
-0.029209249999999187
-0.01963224999999902
-0.01963224999999902
-0.01963224999999902
-0.017238249999998345
-0.014844249999997672
-0.0004792499999979327
-0.005267749999998017
-0.010056249999998101
-0.012450249999998775
-0.014844249999997672
-0.017238249999998345
-0.01963224999999902
-0.029209249999999187
-0.032629535714285396
-0.03604982142856983
-0.03947010714285604
-0.042890392857142245
-0.046310678571428454
-0.049730964285712886
-0.053151249999999095
-0.03399824999999801
-0.02202674999999843
-0.029209249999999187
-0.02442091666666535
-0.01963258333333151
-0.014844249999997672
-0.016440249999998713
-0.018036249999997978
-0.01963224999999902
-0.01963224999999902
-0.01963224999999902
-0.029209249999999187
-0.038786249999999356
-0.03639224999999868
-0.03399824999999801
-0.03399824999999801
-0.03399824999999801
-0.026815249999998514
-0.01963224999999902
-0.01963224999999902
-0.01963224999999902
-0.018834249999999386
-0.018036249999997978
-0.017238249999998345
-0.016440249999998713
-0.015642249999997304
-0.014844249999997672
-0.02442124999999784
-0.038786249999999356
-0.03699062499999961
-0.035194999999999865
-0.033399374999998344
-0.0316037499999986
-0.029808124999998853
-0.02801249999999733
-0.026216874999997586
-0.02442124999999784
-0.01723874999999886
-0.010056249999998101
-0.012450249999998775
-0.014844249999997672
-0.02442124999999784
-0.02202674999999843
-0.0316037499999986
-0.01963224999999902
-0.01963224999999902
-0.01963224999999902
-0.01963224999999902
-0.01963224999999902
-0.01963224999999902
-0.02442124999999784
-0.01963224999999902
-0.038786249999999356
-0.03399824999999801
-0.03399824999999801
-0.03399824999999801
-0.03399824999999801
-0.029209749999997925
-0.02442124999999784
-0.019632749999997756
-0.014844249999997672
-0.026815249999998514
-0.038786249999999356
-0.02442124999999784
-0.010056249999998101
-0.010056249999998101
-0.02442124999999784
-0.038786249999999356
-0.03080558333333272
-0.022824916666664308
-0.014844249999997672
-0.011651916666664874
-0.008459583333332077
-0.0052672499999992795
-0.0052672499999992795
-0.0052672499999992795
-0.05794024999999792
-0.04836324999999775
-0.038786249999999356
-0.029209249999999187
-0.01963224999999902
-0.0052672499999992795
-0.029209249999999187
-0.01723825000000012
-0.0052672499999992795
-0.008459583333332077
-0.011651916666664874
-0.014844249999997672
-0.014844249999997672
-0.011252999999998181
-0.0076617499999986904
-0.004070499999997423
-0.0004792499999979327
-0.02442124999999784
-0.0052672499999992795
-0.010056249999998101
-0.014844249999997672
-0.01963224999999902
-0.007661249999999953
0.004309750000000889
-0.002873249999998606
-0.010056249999998101
-0.013248249999998407
-0.016440249999998713
-0.01963224999999902
-0.03399774999999927
-0.04836324999999775
-0.041180624999997306
-0.03399799999999864
-0.0268153749999982
-0.019632749999997756
-0.04836324999999775
-0.036392249999996906
-0.02442124999999784
-0.029209749999997925
-0.03399824999999801
-0.01963224999999902
-0.016440249999998713
-0.013248249999998407
-0.010056249999998101
-0.016041749999997634
-0.022027249999998944
-0.028012749999998476
-0.03399824999999801
-0.02082999999999835
-0.0076617499999986904
-0.011252999999998181
-0.014844249999997672
-0.012450249999998775
-0.010056249999998101
-0.0076617499999986904
-0.0052672499999992795
-0.01279196428571261
-0.020316678571427715
-0.027841392857141045
-0.03536610714285615
-0.04289082142856948
-0.05041553571428459
-0.05794024999999792
-0.012449750000000037
-0.043574249999998926
-0.04078108333333219
-0.037987916666665456
-0.03519474999999872
-0.032401583333331985
-0.02960841666666525
-0.026815249999998514
-0.02402208333333178
-0.021228916666665043
-0.018435749999998308
-0.015642583333331572
-0.012849416666664837
-0.010056249999998101
-0.012450249999998775
-0.04836274999999901
-0.044771624999999204
-0.04118049999999762
-0.037589374999997816
-0.03399824999999801
-0.038786249999999356
-0.04357474999999944
-0.10103524999999891
0.009097750000002236
-0.12976624999999942
-0.2638412499999987
-0.04517058333333246
0.17350008333333555
0.3921707500000018
0.08331825000000137
-0.22553424999999905
-0.19321249999999957
-0.1608907499999983
-0.12856899999999882
-0.09624724999999934
0.10486575000000187
0.22457625000000192
0.344286750000002
-0.5655102499999991
-0.0986407499999995
0.3682287500000019
0.15274975000000168
0.00909775000000046
-0.134554249999999
-0.1321602500000001
-0.12976624999999942
0.025856750000000872
0.18147975000000116
0.03623175000000067
-0.10901624999999804
-0.2542642499999985
-0.29975424999999767
-0.3452442499999986
0.40174775000000196
0.2686299500000011
0.13551215000000205
0.002394350000001211
-0.13072344999999785
-0.2638412499999987
-0.014844249999997672
0.10965375000000144
0.1766917500000016
-0.134554249999999
-0.4458002499999978
-0.26144687499999897
-0.07709349999999837
0.10725987500000222
0.29161325000000105
-0.02442124999999784
-0.29736024999999877
-0.05794024999999969
0.18147975000000116
0.08571175000000153
-0.010056249999998101
-0.1321602499999983
-0.2542642499999985
-0.24277204999999924
-0.23127984999999818
-0.2197876499999989
-0.20829544999999783
-0.19680324999999854
-0.18531104999999926
-0.1738188499999982
-0.1623266499999989
-0.15083444999999784
-0.13934224999999856
0.03623241666666743
0.2118070833333352
0.3873817500000012
-0.45537724999999796
0.2772477500000008
0.13838475000000194
-0.06751624999999883
-0.10901591666666555
-0.15051558333333226
-0.19201524999999897
0.2245757500000014
-0.27102374999999945
0.3825937500000016
0.17030775000000098
-0.041978249999997885
-0.2542642499999985
0.04261675000000231
0.08411608333333476
0.12561541666666898
0.16711475000000142
0.04740475000000188
-0.38355124999999823
-0.05315174999999961
0.2772477500000008
0.0210687500000013
-0.2351102499999982
-0.2566582499999992
-0.27820624999999843
-0.09864099999999887
0.0809242500000007
0.26048950000000204
0.4400547500000016
-0.2925712499999982
0.05698175000000205
0.13359625000000186
0.21021075000000167
0.05219325000000197
-0.10582424999999773
-0.14532849999999797
-0.1848327499999982
-0.22433699999999845
-0.2638412499999987
0.28682475000000096
0.16615715000000186
0.04548955000000099
-0.07517804999999811
-0.19584564999999898
-0.3165132499999981
-0.21595724999999888
0.4400547500000016
0.0019157500000002159
-0.4362232499999994
0.1000777500000023
0.17190375000000202
-0.04118024999999825
-0.2542642499999985
-0.12258324999999815
0.009097750000002236
0.13359625000000186
0.2580947500000015
0.035434250000001555
-0.18722624999999837
-0.16328424999999847
-0.13934224999999856
-0.11540024999999865
-0.09145824999999874
-0.06751624999999883
-0.04357424999999715
-0.019632249999997242
0.004309750000002666
0.028251750000002573
0.05219375000000248
0.07613575000000239
0.1000777500000023
0.11444275000000204
-0.07709374999999774
-0.1584962499999989
0.10486575000000187
-0.4649537499999994
0.19584575000000193
0.047405083333334375
-0.1010355833333314
-0.24947624999999896
-0.15131374999999814
-0.053151249999999095
0.3059787500000013
-0.10821774999999967
-0.5224142499999989
0.2245757500000014
0.06895275000000112
-0.08667024999999917
-0.105823749999999
-0.12497724999999882
-0.0416591499999992
0.041658950000000416
0.12497705000000181
0.20829515000000143
0.29161325000000105
-0.1201889999999981
-0.531991249999999
0.12401925000000169
0.0889044166666686
0.053789583333333724
0.01867475000000063
0.09050075000000213
-0.12018874999999873
-0.3308782499999978
-0.0579397499999974
0.21499875000000124
0.17477625000000074
0.13455375000000025
0.09433125000000153
0.05410875000000104
0.013886250000000544
-0.14413124999999916
-0.08986258333333197
-0.03559391666666656
0.01867475000000063
0.08571225000000204
0.15274975000000168
-0.005267249999997503
-0.16328424999999847
-0.11779474999999806
-0.07230524999999766
-0.14891924999999873
-0.077093249999999
-0.0052672499999992795
0.06655875000000222
0.13838475000000194
0.21021075000000167
0.011492250000001647
-0.18722624999999837
-0.1513132499999994
-0.11540024999999865
-0.0794872499999979
-0.043574249999998926
-0.007661249999999953
0.028251750000000797
0.029847750000001838
0.0314437500000011
0.033039750000002144
0.013885750000001806
-0.2351102499999982
0.011492250000001647
0.0022146875000021993
-0.007062874999999025
-0.016340437499998473
-0.025617999999999697
-0.034895562499999144
-0.04417312499999859
-0.053450687499999816
-0.06272824999999926
0.025857250000001386
-0.038786249999999356
-0.01963224999999902
0.013886250000000544
0.04740475000000188
0.042616416666668044
0.03782808333333598
0.033039750000002144
-0.002873249999998606
-0.03878624999999758
-0.07469924999999833
-0.11061224999999908
-0.14652524999999805
-0.1824382499999988
0.14317275000000151
0.10785837500000106
0.07254400000000238
0.03722962500000193
0.0019152500000014783
-0.033399124999998975
-0.06871349999999943
-0.1040278749999981
-0.13934224999999856
-0.06033374999999985
0.01867475000000063
-0.01723825000000012
-0.053151249999999095
-0.04836294999999957
-0.04357464999999827
-0.03878634999999875
-0.03399804999999745
-0.029209749999997925
0.033039750000002144
-0.017238249999998345
-0.002873249999998606
-0.04836324999999775
-0.04038258333333111
-0.032401916666664476
-0.02442124999999784
-0.043574249999998926
-0.0052672499999992795
-0.0067038499999991785
-0.008140449999999078
-0.009577049999998977
-0.011013649999998876
-0.012450249999998775
-0.018435749999998308
-0.02442124999999784
-0.010056249999998101
-0.026815249999998514
-0.043574249999998926
-0.029209249999999187
-0.014844249999997672
-0.036392249999996906
-0.05794024999999792
-0.010056249999998101
-0.012450249999998775
-0.014844249999997672
-0.017238249999998345
-0.01963224999999902
-0.0052672499999992795
-0.026815249999998514
-0.04836324999999775
-0.026815249999998514
-0.0052672499999992795
-0.022026750000000206
-0.038786249999999356
-0.04596874999999834
-0.053151249999999095
-0.0316037499999986
-0.010056249999998101
-0.014245999999998205
-0.018435749999998308
-0.02262549999999841
-0.026815249999998514
-0.031004999999998617
-0.03519474999999872
-0.03938449999999882
-0.043574249999998926
-0.014844249999997672
-0.01963224999999902
-0.029209249999999187
-0.03399824999999801
-0.022027249999998944
-0.010056249999998101
-0.012450249999998775
-0.014844249999997672
-0.014844249999997672
-0.02202674999999843
-0.029209249999999187
-0.02825164999999963
-0.027294049999998293
-0.026336449999998734
-0.0253788499999974
-0.02442124999999784
-0.02442124999999784
-0.02442124999999784
-0.02442124999999784
-0.02202674999999843
-0.01963224999999902
-0.018834249999999386
-0.018036249999997978
-0.017238249999998345
-0.016440249999998713
-0.015642249999997304
-0.014844249999997672
-0.01963224999999902
-0.020430416666664897
-0.02122858333333255
-0.02202674999999843
-0.022824916666664308
-0.023623083333331962
-0.02442124999999784
-0.019632749999997756
-0.014844249999997672
-0.03399824999999801
-0.01963224999999902
-0.03639224999999868
-0.029209249999999187
-0.0052672499999992795
-0.014844249999999448
-0.02442124999999784
-0.03399824999999801
-0.03639224999999868
-0.038786249999999356
-0.038786249999999356
-0.038786249999999356
-0.038786249999999356
-0.038786249999999356
-0.038786249999999356
-0.029209249999999187
-0.03040649999999978
-0.0316037499999986
-0.032800999999997416
-0.03399824999999801
-0.02442124999999784
