-0.0009576800000000163
-0.0009576800000000163
-0.0033518800000000293
-0.0057460800000000145
0.001436524999999994
0.008619130000000003
0.0058828999999999965
0.0031466699999999903
0.00041043999999998415
-0.0023257899999999943
-0.00506202
-0.0077982500000000066
-0.010534480000000013
-0.0009576749999999912
-0.0009576800000000163
-0.0009576800000000163
-0.0057460800000000145
-0.010534480000000013
-0.0057460800000000145
-0.007661440000000019
-0.009576799999999996
-0.011492159999999974
-0.013407520000000006
-0.015322879999999983
-0.013407520000000006
-0.011492159999999974
-0.009576799999999996
-0.007661440000000019
-0.0057460800000000145
-0.0009576800000000163
-0.010534480000000013
-0.005746085000000012
-0.005746082500000027
-0.0057460800000000145
-0.0057460800000000145
-0.0057460800000000145
-0.0057460800000000145
-0.0057460800000000145
-0.0057460800000000145
-0.0057460800000000145
-0.010534480000000013
-0.010534480000000013
-0.0009576800000000163
0.00023941749999997763
0.0014365149999999716
0.0026336124999999933
0.003830709999999987
-0.010534480000000013
-0.00814028
-0.0057460800000000145
0.001436524999999994
0.008619130000000003
-0.010534480000000013
-0.007342213333333347
-0.004149946666666682
-0.0009576800000000163
-0.010534480000000013
-0.003351884999999999
0.003830709999999987
-0.0009576850000000137
-0.0057460800000000145
0.006224924999999992
0.01819593
0.015801730000000014
0.01340753
0.00861911999999998
0.003830709999999987
-0.005746085000000012
-0.015322879999999983
-0.014887570909090875
-0.014452261818181822
-0.014016952727272713
-0.013581643636363605
-0.013146334545454552
-0.012711025454545444
-0.01227571636363639
-0.011840407272727282
-0.011405098181818174
-0.010969789090909121
-0.010534480000000013
-0.003351884999999999
0.003830709999999987
-0.0009576800000000163
-0.0009576800000000163
-0.010534480000000013
0.003830709999999987
-0.0009576800000000163
0.01340753
-0.015322879999999983
-0.010534480000000013
-0.0057460800000000145
-0.004149946666666682
-0.002553813333333349
-0.0009576800000000163
-0.010534480000000013
-0.003351884999999999
0.003830709999999987
0.003830709999999987
0.003830709999999987
-0.0057460800000000145
-0.0009576850000000137
0.003830709999999987
0.0014365124999999868
-0.0009576850000000137
-0.003351882500000014
-0.0057460800000000145
-0.004948013333333334
-0.004149946666666682
-0.0033518800000000293
-0.002553813333333349
-0.0017557466666666688
-0.0009576800000000163
-0.0009576800000000163
0.003830709999999987
-0.0009576850000000137
-0.0057460800000000145
-0.0009576766666666847
0.003830726666666673
0.008619130000000003
0.007422024999999999
0.006224919999999995
0.005027814999999991
0.003830709999999987
-0.0009576800000000163
-0.0009576800000000163
0.0038307249999999793
0.008619130000000003
0.006224919999999995
0.003830709999999987
-0.010534480000000013
-0.00814028
-0.0057460800000000145
-0.0057460800000000145
-0.0057460800000000145
-0.0033518800000000293
-0.0009576800000000163
-0.002154780000000023
-0.0033518800000000293
-0.004548980000000008
-0.0057460800000000145
0.01340753
0.01021526166666667
0.007022993333333338
0.0038307249999999793
0.000638456666666648
-0.0025538116666666832
-0.0057460800000000145
0.01340753
-0.00814028
-0.004149945000000016
-0.00015961000000000447
0.0038307249999999793
0.004788405999999995
0.005746086999999983
0.006703767999999999
0.007661448999999987
0.008619130000000003
0.007022990000000007
0.005426849999999983
0.003830709999999987
0.0014365149999999716
-0.0009576800000000163
-0.0033518800000000293
-0.002154780000000023
-0.0009576800000000163
0.01819593
0.010215260000000004
0.0022345899999999808
-0.0057460800000000145
-0.0057460800000000145
-0.0057460800000000145
-0.0057460800000000145
-0.0057460800000000145
-0.0057460800000000145
-0.0057460800000000145
-0.0057460800000000145
0.008619130000000003
-0.0033518800000000293
-0.020111309999999993
-0.01053449666666667
-0.0009576833333333201
0.008619130000000003
0.008619130000000003
0.003830709999999987
0.00143651166666664
-0.0009576866666666795
-0.003351884999999999
-0.005746083333333346
-0.008140281666666693
-0.010534480000000013
-0.0057460800000000145
-0.0009576800000000163
-0.010534480000000013
0.003830709999999987
-0.010534480000000013
0.003830709999999987
-0.0009576874999999985
-0.005746085000000012
-0.010534482499999998
-0.015322879999999983
-0.0057460800000000145
-0.006943180000000021
-0.00814028
-0.009337380000000006
-0.010534480000000013
-0.0057460800000000145
-0.0033518800000000293
-0.0009576800000000163
-0.0057460800000000145
0.001436524999999994
0.008619130000000003
0.003830727499999992
-0.0009576749999999912
-0.005746077500000002
-0.010534480000000013
-0.0009576800000000163
0.0038307249999999793
0.008619130000000003
0.006566957142857155
0.0045147842857142795
0.0024626114285714318
0.00041043857142855633
-0.0016417342857142914
-0.003693907142857167
-0.0057460800000000145
-0.0009576800000000163
0.003830709999999987
-0.0057460800000000145
-0.0009576800000000163
0.0014365149999999716
0.003830709999999987
0.003830709999999987
-0.0009576850000000137
-0.0057460800000000145
-0.0057460800000000145
-0.0057460800000000145
-0.0057460800000000145
-0.0057460800000000145
0.003830709999999987
-0.015322879999999983
-0.00814028
-0.0009576800000000163
0.011013329999999988
0.022984339999999992
0.018195936666666662
0.013407533333333332
0.008619130000000003
0.008619130000000003
0.001436524999999994
-0.0057460800000000145
0.001436524999999994
0.008619130000000003
0.006224919999999995
0.003830709999999987
0.003830709999999987
0.003830709999999987
-0.0009576850000000137
-0.0057460800000000145
-0.00814028
-0.010534480000000013
-0.010534480000000013
-0.010534480000000013
-0.010534480000000013
-0.010534480000000013
-0.010534480000000013
-0.010534480000000013
-0.010816150588235318
-0.011097821176470624
-0.011379491764705874
-0.011661162352941179
-0.011942832941176484
-0.01222450352941179
-0.01250617411764704
-0.012787844705882345
-0.01306951529411765
-0.013351185882352956
-0.013632856470588206
-0.013914527058823511
-0.014196197647058817
-0.014477868235294122
-0.014759538823529372
-0.015041209411764678
-0.015322879999999983
-0.0009576800000000163
0.001436524999999994
0.008619133333333362
-0.024899695
-0.0057460800000000145
-0.09193735000000003
0.04692634999999998
0.18579004999999998
-0.17812861000000002
-0.027293900000000038
0.12354080999999999
0.08762778499999999
0.05171476
-0.04884171500000001
-0.14939819
0.12832920999999997
0.05410894999999999
-0.020111309999999993
-0.020909376666666646
-0.021707443333333354
-0.022505510000000006
-0.02330357666666666
-0.024101643333333367
-0.02489971000000002
0.07086836999999999
-0.04884172000000003
-0.002553820000000012
0.04373408000000001
0.09002198
-0.10630255
-0.03208230000000001
0.04213794999999998
0.046926354999999975
0.05171476
0.003830727499999992
-0.04405330499999999
-0.0919373375
-0.13982137
0.003830727499999992
0.14748282499999998
0.011013327499999975
-0.12545617000000003
0.01340753
0.10917558999999999
-0.04405331000000001
-0.19728221
-0.024899692500000015
0.14748282499999998
0.013407527499999988
-0.12066777000000001
-0.10470642666666669
-0.08874508333333336
-0.07278374000000004
-0.056822396666666664
-0.04086105333333334
-0.02489971000000002
0.05650315
0.13790601
-0.19728221
0.16184803999999997
-0.09672575
-0.07517794
-0.05363013
0.181001646
0.048522484000000005
-0.083956678
-0.21643584
0.13790601
0.07565677000000001
0.01340753
-0.04884170999999998
-0.06161078999999997
-0.07437987000000001
-0.08714895
0.20015526
0.008619125000000005
-0.18291701
0.12832920999999997
0.04932055000000002
-0.02968810999999999
-0.07757214000000001
-0.12545617000000003
-0.018515160666666697
0.08842584866666664
0.19536685799999998
0.097204591
-0.0009576760000000184
-0.09911994300000004
-0.19728221
-0.046447510000000025
0.10438718999999999
0.06288769
0.02138819
-0.020111309999999993
-0.10630255
0.19057845499999998
-0.17812861000000002
0.08523358
0.07146691875
0.05770025749999999
0.043933596249999984
0.030166935000000006
0.016400273749999972
0.0026336124999999933
-0.01113304875000004
-0.02489971000000002
-0.039264920000000036
-0.05363013
-0.06799534000000002
-0.08236055000000003
0.13790601
-0.024899700000000025
-0.03208231
0.07086836999999999
-0.000957690000000011
-0.07278374999999998
-0.14460981
0.15705963
0.06927223666666665
-0.0185151566666667
-0.10630255
0.06607996999999999
0.0014365199999999967
-0.06320693
-0.03447650499999999
-0.0057460800000000145
0.037349544999999984
0.08044516999999998
-0.11109097000000001
-0.08954315400000001
-0.06799533800000002
-0.04644752200000002
-0.02489970600000002
-0.003351890000000024
0.018195926
0.039743742
0.061291557999999996
0.082839374
0.10438718999999999
-0.09672575
0.0038307249999999793
0.08523358
0.03256113999999999
-0.06320693
-0.04724558000000001
-0.03128422999999997
-0.015322879999999983
0.06607996999999999
0.026176603333333326
-0.013726763333333336
-0.05363013
-0.0404620175
-0.027293905000000007
-0.014125792500000012
-0.0009576800000000163
0.025378540000000005
-0.004548985000000005
-0.034476510000000016
0.05171476
0.01580172499999999
-0.020111309999999993
-0.03288038333333332
-0.0456494566666667
-0.058418530000000024
0.003830719999999982
0.06607996999999999
-0.034476510000000016
-0.04046201500000002
-0.04644752000000002
-0.05243302500000002
-0.058418530000000024
0.10438718999999999
0.06224924199999998
0.020111294000000002
-0.02202665399999998
-0.06416460200000002
-0.10630255
0.020590125000000015
0.00023940750000001065
-0.020111309999999993
0.03734954999999998
0.011013335000000013
-0.015322879999999983
-0.015322879999999983
-0.015322879999999983
-0.015322879999999983
-0.015322879999999983
0.04213794999999998
-0.01292869000000002
-0.06799533000000002
0.05650316
0.050609739230769224
0.04471631846153845
0.03882289769230768
0.032929476923076934
0.02703605615384616
0.021142635384615388
0.015249214615384615
0.009355793846153843
0.0034623730769230976
-0.002431047692307675
-0.008324468461538448
-0.01421788923076922
-0.020111309999999993
-0.018515171666666663
-0.016919033333333333
-0.015322895000000003
-0.013726756666666673
-0.012130618333333343
-0.010534480000000013
0.03734954999999998
-0.04405331000000001
-0.02489969750000004
-0.005746085000000012
0.013407527499999988
0.03256113999999999
0.015801729999999986
-0.0009576800000000163
-0.020111309999999993
0.008619130000000003
-0.015322879999999983
-0.017717095000000016
-0.020111309999999993
0.01340753
0.011013329999999988
0.008619130000000003
-0.003351875000000004
-0.015322879999999983
0.03256113999999999
-0.02968810999999999
-0.00734222000000001
0.008619130000000003
-0.015322879999999983
-0.010534480000000013
-0.0025538100000000175
0.005426860000000006
0.01340753
-0.015322879999999983
0.03256113999999999
0.008619130000000003
-0.015322879999999983
0.0014365250000000218
0.01819593
0.011013319999999993
0.003830709999999987
-0.003351884999999999
-0.010534480000000013
0.011013329999999988
0.03256113999999999
0.023782398333333316
0.01500365666666667
0.0062249149999999975
-0.0025538266666666753
-0.011332568333333348
-0.020111309999999993
0.00861911999999998
0.005426853333333315
0.002234586666666649
-0.0009576800000000163
-0.004149946666666682
-0.007342213333333347
-0.010534480000000013
0.01340753
-0.0057460800000000145
-0.0057460800000000145
-0.0057460800000000145
-0.0057460800000000145
-0.0057460800000000145
0.01819593
0.001436524999999994
0.002234586666666649
0.003032648333333332
0.003830709999999987
0.003830709999999987
0.003830709999999987
0.003830709999999987
-0.0009576800000000163
-0.0009576800000000163
-0.0009576800000000163
0.0038307249999999793
0.008619130000000003
0.006224919999999995
0.003830709999999987
0.0026336124999999933
0.0014365149999999716
0.00023941749999997763
-0.0009576800000000163
-0.015322879999999983
0.01819593
0.011013319999999993
0.003830709999999987
0.0014365149999999716
-0.0009576800000000163
-0.0009576800000000163
-0.0009576800000000163
0.0038307249999999793
0.008619130000000003
-0.0057460800000000145
-0.0052140355555555795
-0.004681991111111117
-0.004149946666666682
-0.0036179022222222468
-0.003085857777777784
-0.002553813333333349
-0.002021768888888914
-0.0014897244444444513
-0.0009576800000000163
-0.0057460800000000145
0.003830709999999987
-0.0009576800000000163
0.003830709999999987
-0.0009576800000000163
-0.0057460800000000145
-0.0052140355555555795
-0.004681991111111117
-0.004149946666666682
-0.0036179022222222468
-0.003085857777777784
-0.002553813333333349
-0.002021768888888914
-0.0014897244444444513
-0.0009576800000000163
0.003830709999999987
0.01340753
-0.0033518800000000293
-0.0009576800000000163
-0.015322879999999983
-0.015322879999999983
-0.015322879999999983
-0.015322879999999983
-0.0057460800000000145
-0.0057460800000000145
-0.0057460800000000145
-0.0057460800000000145
-0.0057460800000000145
-0.0057460800000000145
-0.0033518800000000293
-0.0009576800000000163
0.003830709999999987
-0.010534480000000013
-0.003351884999999999
0.003830709999999987
