-0.023703049999996395
-0.02190742499999665
-0.020111799999996904
-0.02489979999999825
-0.015322799999998082
-0.020111299999998167
-0.02489979999999825
-0.02489979999999825
-0.02489979999999825
-0.022505799999997578
-0.020111799999996904
-0.027294299999997662
-0.03447679999999842
-0.027294299999997662
-0.020111799999996904
-0.017717299999997493
-0.015322799999998082
-0.01723819999999776
-0.01915359999999744
-0.021068999999998894
-0.022984399999998573
-0.02489979999999825
-0.015322799999998082
-0.02489979999999825
-0.02809213333333105
-0.03128446666666562
-0.03447679999999842
-0.02489979999999825
-0.020111799999996904
-0.022505799999997578
-0.02489979999999825
-0.020111299999998167
-0.015322799999998082
-0.012130799999997777
-0.008938799999997471
-0.005746799999997165
-0.002554466666664368
0.000637866666670206
0.0038302000000030034
-0.020111799999996904
-0.012929299999997923
-0.005746799999997165
-0.013727466666663801
-0.021708133333330437
-0.029688799999997073
-0.015322799999998082
-0.02489979999999825
-0.027294299999997662
-0.029688799999997073
-0.027294466666663908
-0.024900133333330743
-0.022505799999997578
-0.020111466666664413
-0.017717133333331248
-0.015322799999998082
-0.010534466666664244
-0.005746133333332182
-0.0009577999999983433
-0.007342466666663938
-0.01372713333333131
-0.020111799999996904
-0.02490029999999699
-0.029688799999997073
-0.02489979999999825
-0.029688799999997073
-0.029688799999997073
-0.015322799999998082
-0.0009577999999983433
-0.029688799999997073
-0.027773399999997395
-0.025857999999997716
-0.02394259999999626
-0.022027199999996583
-0.020111799999996904
-0.02489979999999825
-0.005746799999997165
-0.005746799999997165
-0.0009577999999983433
-0.008140299999999101
-0.015322799999998082
-0.012928799999997409
-0.010534799999996736
-0.015323133333330574
-0.020111466666664413
-0.02489979999999825
-0.029688133333330313
-0.03447646666666415
-0.03926479999999799
-0.029688799999997073
-0.04405379999999681
-0.020111799999996904
-0.012929299999997923
-0.005746799999997165
-0.005746799999997165
-0.005746799999997165
-0.005746799999997165
-0.005746799999997165
-0.005746799999997165
-0.005746799999997165
-0.005746799999997165
-0.005746799999997165
-0.005746799999997165
-0.005746799999997165
0.003830700000001741
0.0017025333333346993
-0.00042563333333234254
-0.002553799999997608
-0.00468196666666465
-0.006810133333331692
-0.008938299999998733
-0.011066466666663999
-0.01319463333333104
-0.015322799999998082
-0.017717299999997493
-0.020111799999996904
-0.02489979999999825
-0.005746799999997165
-0.015322799999998082
-0.008140799999997839
-0.02489979999999825
-0.020111799999996904
-0.02490029999999699
-0.029688799999997073
-0.005746799999997165
-0.007798942857139224
-0.009851085714283059
-0.011903228571425117
-0.013955371428568952
-0.01600751428571101
-0.018059657142854846
-0.020111799999996904
-0.01532329999999682
-0.01532329999999682
-0.017717549999996862
-0.020111799999996904
-0.010534799999996736
-0.0009577999999983433
-0.008140299999999101
-0.015322799999998082
-0.015322799999998082
-0.015322799999998082
-0.0009577999999983433
-0.0009577999999983433
-0.0009577999999983433
-0.0009577999999983433
-0.0009577999999983433
-0.010534799999996736
-0.012450199999996414
-0.014365599999996093
-0.016280999999997547
-0.018196399999997226
-0.020111799999996904
-0.01532329999999682
-0.010534799999996736
-0.032082799999997746
-0.020111799999996904
-0.02130879999999813
-0.022505799999997578
-0.023702799999997026
-0.02489979999999825
-0.03208229999999723
-0.03926479999999799
-0.0009577999999983433
-0.029688799999997073
-0.029004657142854384
-0.028320514285711695
-0.027636371428569007
-0.026952228571426318
-0.02626808571428363
-0.02558394285714094
-0.02489979999999825
-0.022505799999997578
-0.020111799999996904
-0.015322799999998082
-0.015322799999998082
-0.020111799999996904
-0.020111799999996904
-0.020111799999996904
-0.020111799999996904
-0.03447679999999842
-0.02968846666666458
-0.024900133333330743
-0.020111799999996904
-0.023304133333329702
-0.026496466666664276
-0.029688799999997073
-0.029688799999997073
-0.027893112499997486
-0.026097424999997898
-0.024301737499996534
-0.022506049999996947
-0.02071036249999736
-0.018914674999995995
-0.017118987499996408
-0.01532329999999682
-0.015322799999998082
-0.022505799999997578
-0.020111799999996904
-0.02170796666666419
-0.023304133333329702
-0.02490029999999699
-0.026496466666664276
-0.028092633333329786
-0.029688799999997073
-0.020111799999996904
-0.020111799999996904
-0.015322799999998082
-0.013726799999997041
-0.012130799999997777
-0.010534799999996736
-0.005746299999996651
-0.0009577999999983433
-0.02489979999999825
-0.04884179999999816
-0.0335189999999983
-0.01819619999999844
-0.0028733999999968063
0.012449400000003052
0.02777220000000291
-0.02968846666666458
-0.0871491333333303
-0.1446097999999978
-0.027293799999997148
-0.03926479999999799
-0.03379237142856972
-0.028319942857141456
-0.02284751428571319
-0.017375085714283145
-0.011902657142854878
-0.0064302285714266105
-0.0009577999999983433
0.02777220000000291
0.002633200000003555
-0.022505799999997578
-0.04764479999999871
-0.07278379999999807
-0.04884179999999816
0.18100120000000253
-0.05841879999999833
-0.0943317999999973
-0.13024479999999805
-0.11907179999999862
-0.10789879999999741
-0.09672579999999797
-0.044053299999998075
0.008619200000001825
0.09481020000000306
0.18100120000000253
0.0948098666666688
0.008618533333336842
-0.07757279999999689
-0.13503279999999762
-0.07278379999999807
-0.05522629999999751
-0.037668799999998726
-0.020111299999998167
-0.002553799999997608
0.015003700000001174
0.03256120000000173
0.03495520000000241
0.004788200000001908
-0.025378799999996815
-0.055545799999997314
-0.08571279999999604
-0.11587979999999654
-0.05203446666666345
0.01181086666666964
0.07565620000000273
0.10119453333333617
0.1267328666666696
0.15227120000000305
-0.1446097999999978
-0.1446097999999978
-0.1446097999999978
-0.1446097999999978
-0.1446097999999978
-0.1446097999999978
-0.1446097999999978
-0.1446097999999978
0.06129120000000299
-0.1685517999999977
-0.055226466666663754
0.058098866666668414
0.17142420000000236
0.13790553333333655
0.10438686666666896
0.07086820000000316
-0.029688799999997073
-0.13024479999999805
-0.23080079999999725
-0.1493982999999961
-0.06799579999999672
0.25282720000000225
0.1379057000000028
0.022984200000001564
-0.02809213333333105
-0.07916846666666544
-0.13024479999999805
-0.14173699999999734
-0.1532291999999984
-0.1647213999999977
-0.17621359999999875
-0.18770579999999804
0.008619200000001825
0.24325020000000208
-0.08236079999999824
-0.1924937999999976
-0.13263879999999695
-0.07278379999999807
-0.038307399999997216
-0.0038309999999981414
0.03064540000000271
0.06512180000000178
0.09959820000000263
0.008618700000001311
-0.0325615999999993
-0.07374189999999814
-0.11492219999999875
-0.1561024999999976
-0.1972827999999982
0.08044520000000155
0.1091752000000028
0.09002153333333673
0.07086786666666889
0.05171420000000282
-0.22601279999999768
-0.19488829999999702
-0.16376379999999813
0.19536620000000227
0.14269370000000237
0.09002120000000247
0.05410820000000349
0.018195200000002743
-0.017717799999998007
-0.05363079999999698
-0.24516679999999802
-0.1972827999999982
-0.1493987999999984
-0.1015147999999968
-0.05363079999999698
0.053310200000002084
0.16025120000000292
0.267192200000002
0.0038302000000030034
-0.13024479999999805
-0.1733407999999983
-0.10789913333333168
-0.042457466666665056
0.022984200000001564
0.2624042000000024
0.16783320000000224
0.07326220000000205
-0.02130879999999813
-0.11587979999999831
-0.20207079999999777
-0.07278379999999807
0.006224700000002414
0.0852332000000029
0.20494320000000243
0.013407200000001396
-0.17812879999999787
-0.1733407999999983
-0.12545679999999848
-0.07757279999999867
-0.029688799999997073
0.018195200000002743
0.06607920000000256
0.07565620000000273
0.0852332000000029
0.09481020000000306
0.10438720000000323
0.06607920000000256
-0.22601279999999768
-0.1493987999999984
0.14748220000000245
0.11396370000000111
0.08044520000000155
0.02777220000000291
-0.0057465499999977965
-0.03926529999999673
-0.07278404999999744
-0.10630279999999637
-0.13982154999999707
-0.17334029999999778
-0.2068590499999967
-0.24037779999999742
-0.09672579999999797
0.09480970000000255
0.07984601250000267
0.0648823250000028
0.049918637500002916
0.03495495000000126
0.019991262500001383
0.005027575000001505
-0.009936112499998373
-0.02489979999999825
-0.1134852999999989
0.1666362000000028
-0.005746799999997165
-0.02490029999999699
-0.04405379999999681
-0.10151429999999628
-0.15897479999999753
-0.09672579999999797
-0.03447679999999842
0.17142420000000236
0.10598286666666823
0.04054153333333588
-0.02489979999999825
-0.02489979999999825
-0.06320713333333217
-0.1015144666666643
-0.13982179999999822
-0.03926479999999799
0.00023945000000225036
0.03974370000000249
0.07924795000000273
0.11875220000000297
-0.020111799999996904
0.013407200000003172
-0.040861466666664015
-0.0951301333333312
-0.1493987999999984
-0.10151479999999857
-0.05363079999999698
-0.005746799999997165
0.04213720000000265
0.09002120000000247
0.08044445000000344
0.07086770000000264
0.06129095000000184
0.05171420000000282
0.042137450000003795
0.032560700000002996
0.022983950000002196
0.013407200000003172
-0.09911979999999865
-0.017717299999997493
0.024580200000002606
0.0668777000000027
0.1091752000000028
-0.0632067999999979
-0.044053299999998075
-0.02489979999999825
-0.0416592999999974
-0.05841879999999833
-0.010534799999998512
0.03734920000000308
0.0852332000000029
-0.07278379999999807
-0.020111466666664413
0.03256086666666924
0.0852332000000029
-0.000957799999996567
-0.0871487999999978
-0.04884179999999816
-0.0416592999999974
-0.03447679999999842
-0.060812799999999
-0.0871487999999978
-0.03288046666666489
0.021387866666669808
0.07565620000000273
0.05091620000000319
0.02617620000000187
0.00143620000000233
-0.02330379999999721
-0.04804379999999853
-0.07278379999999807
0.013407200000003172
0.05650320000000164
0.01819595000000085
-0.020111299999998167
-0.05841854999999718
-0.09672579999999797
-0.0009577999999983433
-0.039265299999998504
-0.07757279999999689
-0.012929299999997923
0.05171420000000282
0.031363575000002086
0.01101295000000313
-0.009337674999997603
-0.029688299999998335
-0.05003892499999729
-0.07038954999999802
-0.09074017499999698
-0.11109079999999771
-0.022505799999997578
-0.011218799999998197
6.820000000296034e-05
0.011355200000002341
0.022642200000001722
0.0339292000000011
0.04521620000000226
0.05650320000000164
-0.0632067999999979
-0.010534799999996736
-0.015323133333330574
-0.020111466666664413
-0.02489979999999825
0.0038302000000030034
-0.005746799999997165
-0.06799579999999672
-0.04405379999999681
-0.020111799999996904
0.0038302000000030034
-0.04884179999999816
-0.018515466666665148
0.01181086666666964
0.04213720000000265
-0.04405379999999681
-0.02968846666666458
-0.015323133333330574
-0.0009577999999983433
-0.004549049999997834
-0.008140299999999101
-0.011731549999998592
-0.015322799999998082
-0.020111799999996904
-0.0009577999999983433
-0.03926479999999799
-0.03543419999999742
-0.031603599999996845
-0.02777299999999805
-0.023942399999997477
-0.020111799999996904
-0.015322799999998082
-0.010534799999996736
-0.005746799999997165
-0.013727466666663801
-0.021708133333330437
-0.029688799999997073
-0.020111799999996904
-0.010534799999996736
-0.020111799999996904
-0.029688799999997073
-0.029688549999997704
-0.029688299999998335
-0.026496133333331784
-0.023303966666663456
-0.020111799999996904
-0.020111799999996904
-0.020111799999996904
-0.020111799999996904
-0.01532329999999682
-0.010534799999996736
-0.005746299999998428
-0.0009577999999983433
-0.0009577999999983433
-0.010534799999996736
-0.013727133333329533
-0.016919466666664107
-0.020111799999996904
-0.01532329999999682
-0.010534799999996736
-0.015322799999998082
-0.015322799999998082
-0.015322799999998082
-0.013726799999997041
-0.012130799999997777
-0.010534799999996736
-0.020111466666664413
-0.029688133333330313
-0.03926479999999799
-0.031284133333331354
