0.010055654999999997
0.013407537999999997
0.01675942099999997
0.004788405999999967
-0.0071826090000000065
-0.0071826090000000065
-0.011971009000000032
-0.0071826090000000065
0.007182621
-0.002394209000000036
-0.0071826090000000065
-0.02154780900000003
-0.013567142333333337
-0.0055864756666667015
0.00239419099999999
-0.0071826090000000065
-0.016759409000000003
-0.0071826090000000065
-0.002394209000000036
0.00239419099999999
-0.011971009000000032
-0.0071826090000000065
-0.002394209000000036
0.00239419099999999
-9.000000023018373e-09
-0.0023942089999999805
-0.0047884089999999935
-0.0071826090000000065
-0.0071826090000000065
-0.0071826090000000065
0.0023942059999999543
0.01197102099999997
0.00718260599999998
0.00239419099999999
0.00239419099999999
0.0007980576666666295
-0.0007980756666666755
-0.002394209000000036
0.01675942099999997
0.00718260599999998
-0.002394209000000036
-0.003990342333333341
-0.0055864756666667015
-0.0071826090000000065
-0.002394209000000036
-0.002394209000000036
-0.002394209000000036
-0.002394209000000036
-0.0071826090000000065
-0.0023942089999999805
0.00239419099999999
-0.0023942089999999805
-0.0071826090000000065
-0.008778742333333367
-0.010374875666666672
-0.011971009000000032
0.00239419099999999
-9.000000023018373e-09
-0.002394209000000036
-0.0047884089999999935
-0.0071826090000000065
-0.00957680900000002
-0.011971009000000032
-0.007182601500000052
-0.002394194000000016
-0.005586465666666707
-0.008778737333333342
-0.011971009000000032
-0.002394209000000036
0.00239419099999999
-0.011971009000000032
-0.0047884089999999935
0.00239419099999999
-0.0071826090000000065
-0.016759409000000003
-0.013567142333333337
-0.010374875666666672
-0.0071826090000000065
-0.011971009000000032
-0.0071826090000000065
-0.002394209000000036
-0.002394209000000036
-0.002394209000000036
0.01197102099999997
-0.004788394000000029
-0.02154780900000003
-0.016759409000000003
-0.011971009000000032
-0.0071826090000000065
-0.011971009000000032
-0.016759409000000003
-0.013567142333333337
-0.010374875666666672
-0.0071826090000000065
-0.007980675666666659
-0.008778742333333367
-0.00957680900000002
-0.010374875666666672
-0.01117294233333338
-0.011971009000000032
-0.0071826090000000065
-0.0071826090000000065
-0.002394209000000036
-0.0071826090000000065
-0.0023942089999999805
0.00239419099999999
0.001795640999999959
0.0011970909999999835
0.000598541000000008
-9.000000023018373e-09
-0.000598559000000054
-0.0011971090000000295
-0.001795659000000005
-0.002394209000000036
-0.0047884089999999935
-0.003990342333333341
-0.0031922756666666885
-0.002394209000000036
-0.002394209000000036
-0.002394209000000036
-0.002394209000000036
-0.002394209000000036
-0.002394209000000036
-0.011971009000000032
-0.011971009000000032
-0.011971009000000032
-0.011971009000000032
-0.010773909000000026
-0.00957680900000002
-0.008379709000000013
-0.0071826090000000065
-0.0071826090000000065
-0.0071826090000000065
-0.0071826090000000065
0.00239419099999999
-0.0047884089999999935
-0.005586475666666646
-0.006384542333333354
-0.0071826090000000065
0.00239419099999999
0.0007980576666666295
-0.0007980756666666755
-0.002394209000000036
-0.003990342333333341
-0.0055864756666667015
-0.0071826090000000065
0.00239419099999999
0.00239419099999999
0.00239419099999999
-9.000000023018373e-09
-0.0023942089999999805
-0.0047884089999999935
-0.0071826090000000065
0.00239419099999999
-0.011971009000000032
-0.002394194000000016
0.007182621
0.0039903493333333095
0.0007980776666666745
-0.002394194000000016
-0.005586465666666707
-0.008778737333333342
-0.011971009000000032
0.007182621
-0.002394209000000036
0.0023942059999999543
0.007182621
0.0058766909999999895
0.004570760999999979
0.0032648310000000236
0.001958901000000013
0.0006529710000000022
-0.0006529590000000085
-0.001958889000000019
-0.00326481900000003
-0.004570748999999985
-0.005876678999999996
-0.0071826090000000065
0.00239419099999999
-0.002394194000000016
-0.0014365139999999998
-0.00047883400000003906
0.00047884599999997723
0.001436525999999938
0.0023942059999999543
0.00239419099999999
5.999999996841865e-09
-0.0017956477500000179
-0.003591301499999977
-0.005386955249999992
-0.0071826090000000065
-1.500000013088254e-09
0.00718260599999998
0.014365213499999974
0.021547820999999967
0.008379705999999987
-0.0047884089999999935
-0.01077390899999997
-0.016759409000000003
-0.00957680900000002
-0.002394209000000036
-0.0071826090000000065
-0.00957680900000002
-0.011971009000000032
-0.0007980656666666808
0.010374877666666615
0.021547820999999967
0.01675942099999997
0.01197102099999997
0.007182621
0.005985518500000009
0.0047884160000000175
0.0035913134999999707
0.0023942109999999794
0.0011971084999999881
5.999999996841865e-09
-0.0011970964999999945
-0.0023941989999999858
-0.003591301499999977
-0.004788404000000024
-0.005985506500000015
-0.0071826090000000065
-0.0055864756666667015
-0.003990342333333341
-0.002394209000000036
-0.0071826090000000065
-0.002394209000000036
-0.0059855090000000555
-0.00957680900000002
-0.016759409000000003
5.999999996841865e-09
0.01197102099999997
0.018195944999999963
0.024420868999999984
0.030645792999999977
0.03687071699999997
0.04309564099999996
0.04932056499999998
0.055545488999999976
0.06177041299999997
0.06799533699999999
0.07422026099999998
-0.08858546900000003
0.014365220999999984
-0.004788399000000054
0.007182600999999955
0.02154781599999997
0.035913030999999984
0.007182621
-0.024740075666666694
-0.05666277233333333
-0.08858546900000003
-0.06943185328571433
-0.050278237571428575
-0.031124621857142876
-0.011971006142857177
0.007182609571428578
0.026336225285714276
0.045489840999999975
0.021547820999999967
0.013035104333333325
0.004522387666666627
-0.003990329000000015
-0.012503045666666712
-0.021015762333333354
-0.029528479000000052
-0.038041195666666694
-0.04655391233333339
-0.055066629000000034
0.031124630999999986
-0.026336218999999994
0.02633621099999997
-0.0071826090000000065
0.04070143099999998
0.08858547099999997
-0.150834709
-0.10414777400000003
-0.057460838999999986
-0.010773904
0.035913030999999984
-0.002394209000000036
0.08379706099999998
-0.13168108900000003
-0.055066634
0.021547820999999967
0.004788405999999967
-0.011971009000000032
0.040701430999999955
0.09337387099999997
0.03112462599999996
-0.03112461900000002
-0.09337386400000003
-0.15562310900000004
0.021547820999999967
0.0223458868333333
0.023143952666666634
0.023942018499999967
0.0247400843333333
0.025538150166666634
0.026336215999999968
-0.126892689
0.02633621099999997
0.00239419099999999
0.015163270999999978
0.027932350999999994
0.04070143099999998
-0.043095629000000024
-0.126892689
-0.08499415900000001
-0.043095629000000024
-0.0011970989999999793
0.04070143099999998
0.021547815999999997
-0.027932352333333355
-0.07741252066666665
-0.126892689
0.01675942099999997
-0.016759404000000033
-0.05027822900000001
0.038307231
0.12689269099999997
0.09922635766666665
0.0715600243333333
0.04389369099999996
0.016227357666666636
-0.01143897566666674
-0.03910530900000003
-0.06677164233333333
-0.09443797566666667
-0.12210430900000002
-0.03830723400000002
0.045489840999999975
0.033518820999999976
-0.004788404000000024
-0.126892689
-0.016759409000000003
0.09337387099999997
0.01915363099999995
-0.055066609000000044
-0.041299952750000035
-0.027533296500000026
-0.013766640250000017
1.5999999991578306e-08
0.013766672249999945
0.027533328499999954
0.04129998474999996
0.05506664099999997
-0.026336209
0.004788405999999967
-0.02094926275000003
-0.04668693150000003
-0.07242460025000003
-0.09816226900000002
-0.02952848566666666
0.03910529766666665
0.10773908099999999
0.06272809099999999
0.017717100999999985
-0.027293889000000016
-0.07230487900000004
-0.11731586900000002
0.11252748099999998
-0.038307219
-0.028730414000000037
0.11252748099999998
0.004788405999999967
-0.10295066900000005
-0.01675940900000006
0.06943185099999996
0.05917098528571424
0.048910119571428545
0.03864925385714282
0.0283883881428571
0.018127522428571408
0.007866656714285658
-0.002394209000000036
-0.05027822900000001
-0.04261678400000002
-0.03495533900000003
-0.02729389400000004
-0.019632449000000052
-0.011971004000000063
0.011971010999999976
-0.011971009000000032
0.05506664099999997
0.03711012724999996
0.019153613499999972
0.0011970997499999858
-0.016759414000000028
-0.03471592775000004
-0.052672441500000056
-0.07062895525000001
-0.08858546900000003
-0.055066643000000026
-0.021547817000000025
0.011971008999999977
0.04548983499999998
0.07900866099999998
0.0023942059999999543
-0.07422024900000002
0.028730420999999978
-0.055066609000000044
0.05506664099999997
-0.06943184900000005
0.050278240999999974
-0.026336209
-0.023942008999999986
-0.021547808999999973
-0.019153609000000016
-0.016759409000000003
-0.01436520899999999
-0.011971009000000032
-0.00957680900000002
-0.0071826090000000065
0.021547820999999967
-0.0023941990000000413
-0.0071826090000000065
-0.016759409000000003
-0.002394194000000016
0.01197102099999997
0.007182614999999948
0.0023942089999999805
-0.0023941970000000423
-0.00718260300000001
-0.011971009000000032
-0.0071826090000000065
-0.002394209000000036
0.00239419099999999
-0.002394209000000036
-0.0071826090000000065
0.00239419099999999
-9.000000023018373e-09
-0.002394209000000036
-0.0071826090000000065
-0.0023941989999999858
0.0023942109999999794
0.007182621
0.00399034433333334
0.0007980676666666242
-0.002394209000000036
-0.001795659000000005
-0.0011971090000000295
-0.000598559000000054
-9.000000023018373e-09
0.000598541000000008
0.0011970909999999835
0.001795640999999959
0.00239419099999999
-0.0071826090000000065
-0.0071826090000000065
-0.002394209000000036
-0.002394209000000036
-0.0047884089999999935
-0.0071826090000000065
-0.0047884089999999935
-0.0023942089999999805
-9.000000023018373e-09
0.00239419099999999
0.00239419099999999
0.00239419099999999
0.00239419099999999
-0.0047884089999999935
-0.011971009000000032
-0.0071826090000000065
-0.014365209000000045
-0.02154780900000003
-0.00957680900000002
0.00239419099999999
-0.0047884089999999935
-0.011971009000000032
-0.0047884089999999935
0.00239419099999999
0.0017101338571428593
0.001026076714285673
0.00034201957142854233
-0.00034203757142858837
-0.001026094714285719
-0.0017101518571429053
-0.002394209000000036
-9.000000023018373e-09
-0.0071826090000000065
-0.016759409000000003
-0.01276907066666666
-0.008778732333333317
-0.004788393999999974
-0.000798055666666686
0.003192282666666657
0.007182621
0.005985513499999984
0.004788405999999967
0.0035912985000000064
0.00239419099999999
0.00239419099999999
0.00239419099999999
0.00239419099999999
-0.0071826090000000065
-0.002394209000000036
0.00239419099999999
-0.0071826090000000065
-0.006384542333333354
-0.0055864756666667015
