-0.0042532078823528385
-0.003971537294117589
-0.0036898667058822276
-0.0034081961176469777
-0.0031265255294116168
-0.002844854941176367
-0.002563184352941117
-0.002281513764705756
-0.001999843176470506
-0.001718172588235145
-0.0014365019999998951
-0.011013361999999915
-0.011013361999999915
0.008140298000000046
-0.0014365019999998951
-0.0014365019999998951
-0.013407561999999928
-0.006224901999999921
-0.008619131999999974
-0.0014365019999998951
-0.025378561999999993
-0.020590161999999967
-0.01580176199999994
-0.011013361999999915
0.00335189800000002
0.0009576980000001178
-0.0014365019999998951
-0.0014365019999998951
-0.004628788666666606
-0.007821075333333205
-0.011013361999999915
-0.01580176199999994
-0.020590161999999967
-0.006224901999999921
-0.003830701999999908
-0.0014365019999998951
0.0009576980000001178
0.00335189800000002
0.005746098000000033
0.008140298000000046
-0.01580176199999994
-0.013407532
-0.0030326553333333006
0.0073422213333333985
0.017717098000000098
0.006544144666666751
-0.004628808666666595
-0.01580176199999994
-0.011013331999999876
-0.006224901999999921
-0.007821055333333216
-0.009417208666666621
-0.011013361999999915
-0.00921769699999997
-0.007422031999999912
-0.0056263669999998545
-0.003830701999999908
-0.0014365019999998951
-0.003830701999999908
-0.006224901999999921
-0.006823459499999962
-0.007422016999999892
-0.008020574499999933
-0.008619131999999974
-0.009217689499999904
-0.009816246999999945
-0.010414804499999875
-0.011013361999999915
0.00335189800000002
-0.00622493199999985
-0.0014365019999998951
-0.006224901999999921
-0.008619131999999974
-0.011013361999999915
-0.008619131999999974
-0.006224901999999921
-0.0014365019999998951
-0.0014365019999998951
-0.0014365019999998951
-0.0014365019999998951
-0.0014365019999998951
-0.0014365019999998951
-0.0014365019999998951
-0.0014365019999998951
-0.0014365019999998951
-0.0014365019999998951
-0.0014365019999998951
-0.011013331999999876
-0.006224901999999921
-0.0014365019999998951
-0.006224901999999921
-0.009417188666666632
-0.012609475333333231
-0.01580176199999994
-0.011013341999999926
-0.006224921999999911
-0.0014365019999998951
0.012928698000000072
-0.006224901999999921
-0.006224901999999921
-0.006224901999999921
-0.005426835333333213
-0.004628768666666616
-0.003830701999999908
-0.0030326353333332
-0.002234568666666603
-0.0014365019999998951
-0.006224901999999921
-0.0014365019999998951
-0.0026336094999999116
-0.003830716999999928
-0.005027824499999944
-0.00622493199999985
-0.007422039499999866
-0.008619146999999883
-0.009816254499999899
-0.011013361999999915
0.0009576980000001178
-0.020590161999999967
-0.006224901999999921
-0.0014365019999998951
-0.00196854644444433
-0.002500590888888765
-0.0030326353333332
-0.003564679777777635
-0.004096724222222181
-0.004628768666666616
-0.005160813111111051
-0.005692857555555486
-0.006224901999999921
-0.011013361999999915
-0.008619131999999974
-0.006224901999999921
-0.007821055333333216
-0.009417208666666621
-0.011013361999999915
-0.006224901999999921
-0.0014365020000000062
0.00335189800000002
0.0009576905000000524
-0.001436516999999915
-0.0038307244999999934
-0.006224931999999961
-0.0062249259999999085
-0.006224919999999967
-0.006224913999999915
-0.0062249079999999735
-0.006224901999999921
-0.011013361999999915
-0.007422046999999932
-0.003830731999999948
-0.00023941699999996402
0.00335189800000002
0.00335189800000002
-0.011013361999999915
-0.011492194999999872
-0.01197102799999994
-0.012449860999999895
-0.012928693999999963
-0.01340752699999992
-0.014006085749999952
-0.014604644499999875
-0.015203203249999908
-0.01580176199999994
-0.003830731999999948
0.008140298000000046
-0.013407532
-0.009816217000000016
-0.006224901999999921
-0.0014365019999998951
0.00335189800000002
0.008140298000000046
0.012928698000000072
0.005746098000000144
-0.0014365019999998951
-0.0014365019999998951
-0.0014365019999998951
-0.0014365019999998951
-0.0014365019999998951
-0.0014365019999998951
-0.0014365019999998951
-0.0014365019999998951
-0.006224901999999921
0.008140298000000046
0.0009576980000001178
-0.006224901999999921
-0.006224901999999921
-0.003830701999999908
-0.0014365019999998951
0.00335189800000002
0.008140298000000046
0.008140298000000046
0.008140298000000046
-0.0014365219999999956
-0.011013341999999926
-0.020590161999999967
-0.008619131999999974
0.00335189800000002
0.00335189800000002
0.00335189800000002
0.00335189800000002
-0.006224901999999921
-0.01580176199999994
-0.011013331999999876
-0.006224901999999921
-0.003830701999999908
-0.0014365019999998951
-0.00622493199999985
-0.011013361999999915
-0.011013361999999915
-0.011013361999999915
-0.011013361999999915
-0.011013361999999915
0.008140298000000046
0.004948031333333436
0.0017557646666667148
-0.0014365019999998951
-0.0014365019999998951
-0.0014365019999998951
-0.0014365019999998951
-0.0014365019999998951
-0.0014365019999998951
-0.0014365019999998951
0.008140298000000046
-0.025378561999999993
-0.011013361999999915
-0.003830701999999908
-0.002394181999999967
-0.0009576619999999147
0.00047885800000002643
0.0019153780000000786
0.00335189800000002
-0.006224901999999921
-0.01580176199999994
0.00335189800000002
0.0009576980000001178
-0.0014365019999998951
-0.0014365019999998951
-0.0014365019999998951
-0.0014365019999998951
-0.0030326453333332504
-0.004628788666666606
-0.00622493199999985
-0.007821075333333205
-0.00941721866666656
-0.011013361999999915
0.017717098000000098
0.014524831333333488
0.011332564666666767
0.008140298000000046
0.004948031333333436
0.0017557646666668258
-0.0014365019999998951
-0.0014365019999998951
0.010534498000000059
0.022505498000000013
-0.05889738199999994
0.03687069800000009
-0.020590161999999967
-0.018195961999999954
-0.01580176199999994
-0.013407561999999928
-0.011013361999999915
0.003351868000000091
0.017717098000000098
-0.025378561999999993
0.032082298000000065
-0.04932055199999996
-0.03153505342857138
-0.013749554857142798
0.004035943714285728
0.021821442285714365
0.03960694085714289
0.05739243942857153
0.07517793800000006
-0.10199300199999994
0.06081273800000009
-0.025378561999999993
-0.025378561999999993
-0.025378561999999993
0.008140268000000006
0.04165909800000012
0.034854524315789615
0.028049950631579113
0.0212453769473685
0.014440803263157997
0.007636229578947495
0.0008316558947369934
-0.00597291778947362
-0.012777491473684122
-0.019582065157894624
-0.026386638842105126
-0.03319121252631568
-0.03999578621052624
-0.04680035989473674
-0.053604933578947245
-0.0604095072631578
-0.06721408094736836
-0.07401865463157886
-0.08082322831578936
-0.08762780199999992
0.06081273800000009
-0.01899401199999995
-0.022186261999999846
0.02889001800000013
-0.014205601999999984
-0.08762780199999992
0.06560113800000011
0.04804365633333341
0.0304861746666667
0.012928693000000102
-0.004628788666666606
-0.022186270333333313
-0.039743751999999966
0.00335189800000002
-0.011013361999999915
0.0009576680000000781
0.012928698000000072
-0.011013326999999906
-0.03495535199999994
0.01053449300000009
0.05602433800000006
0.019313241333333453
-0.017397855333333268
-0.05410895199999993
0.04644749800000003
0.025697744666666744
0.004947991333333346
-0.01580176199999994
-0.025378558666666606
-0.03495535533333327
-0.044532151999999936
0.08954312800000008
-0.10199300199999994
-0.013407532
0.07517793800000006
0.015322893000000004
-0.044532151999999936
-0.04213795199999992
-0.039743751999999966
0.0009576730000000477
0.04165909800000012
-0.003032668666666627
-0.04772443533333326
-0.09241620199999995
-0.02298435199999993
0.04644749800000003
-0.030166951999999914
-0.00622492699999988
0.017717098000000098
-0.008619126999999893
-0.03495535199999994
-0.006224926999999991
0.022505498000000013
0.0009576680000000781
-0.020590161999999967
-0.021274219142857098
-0.02195827628571423
-0.02264233342857136
-0.0233263905714286
-0.024010447714285732
-0.024694504857142863
-0.025378561999999993
0.07038953800000003
-0.09241620199999995
-0.008619131999999974
0.07517793800000006
-0.044532151999999936
-0.04932055199999996
0.07038953800000003
-0.008619131999999974
-0.08762780199999992
-0.013407531999999889
0.06081273800000009
-0.03495535199999994
-0.022984339499999895
-0.011013326999999906
0.0009576855000000828
0.012928698000000072
-0.006224931999999961
-0.025378561999999993
0.017717098000000098
0.012928698000000072
0.008140298000000046
-0.02298432699999997
-0.05410895199999993
-0.03761556533333327
-0.021122178666666547
-0.004628791999999882
0.011864594666666783
0.02835798133333345
0.044851368000000114
0.06134475466666678
0.07783814133333344
0.09433152800000011
-0.11635822199999996
0.07517793800000006
-0.044532151999999936
-0.025378561999999993
0.03687069800000009
0.006544148000000138
-0.023782401999999925
-0.05410895199999993
0.05602433800000006
-0.0014365219999998846
-0.05889738199999994
0.06560113800000011
-0.07805097199999994
-0.04572925449999993
-0.01340753699999997
0.018914180500000044
0.05123589800000006
0.0105344730000001
-0.030166951999999914
-0.05889738199999994
0.07517793800000006
-0.015801731999999902
-0.10678140199999991
-0.04453215533333327
0.017717091333333435
0.07996633800000008
-0.039743751999999966
-0.012609468666666568
0.014524814666666774
0.04165909800000012
-0.03495535199999994
-0.020590139499999993
-0.006224926999999991
0.00814028550000001
0.022505498000000013
0.00335189800000002
-0.02537852533333329
-0.0541089486666666
-0.08283937199999991
0.008140278000000056
0.09911992800000002
0.08116341550000006
0.06320690299999998
0.045250390500000015
0.02729387800000005
0.009337365500000083
-0.008619146999999994
-0.02657565949999996
-0.044532171999999925
-0.06248868449999995
-0.08044519699999997
-0.09840170949999993
-0.11635822199999996
-0.10267706771428564
-0.08899591342857138
-0.07531475914285712
-0.06163360485714281
-0.047952450571428495
-0.03427129628571424
-0.020590141999999978
-0.006908987714285608
0.0067721665714286505
0.02045332085714291
0.03413447514285717
0.04781562942857143
0.061496783714285796
0.07517793800000006
0.060812726750000046
0.046447515500000036
0.03208230425000003
0.017717093000000017
0.0033518817500000075
-0.011013329500000002
-0.02537854075000001
-0.039743751999999966
-0.02218626866666662
-0.0046287853333333295
0.012928698000000072
-0.008619126999999893
-0.030166951999999914
0.010534498000000059
-0.08283937199999991
0.10390829800000001
0.02729385800000006
-0.049320582
-0.12593502199999995
-0.10319010199999995
-0.08044518199999995
-0.05770026199999995
-0.034955341999999945
-0.012210421999999888
0.010534498000000059
0.033279418000000005
0.05602433800000006
0.04465187675000004
0.03327941550000002
0.02190695425000011
0.01053449300000009
-0.0008379682499999319
-0.012210429499999953
-0.023582890749999974
-0.03495535199999994
-0.03256114783333325
-0.030166943666666612
-0.02777273949999992
-0.02537853533333323
-0.02298433116666665
-0.020590126999999958
-0.018195922833333267
-0.015801718666666575
-0.013407514499999884
-0.011013310333333304
-0.008619106166666612
-0.006224901999999921
0.0009576980000001178
0.015322873000000126
-0.03016694199999992
-0.02298432699999997
0.0001596046666667572
-0.020590156999999887
0.0009576730000000477
-0.0014365320000000459
-0.011013326999999906
0.0017557480000000014
0.006544148000000027
-0.00981622949999994
0.02729389800000004
0.0009576680000000781
-0.025378561999999993
-0.022026675999999967
-0.01867478999999994
-0.015322904000000026
-0.011971018
-0.008619131999999974
-0.005267245999999948
-0.0019153599999999216
0.0014365259999999935
0.00478841200000002
0.008140298000000046
0.0009576680000000781
-0.0014365320000000459
-0.011013331999999876
-0.0014365019999998951
-0.013407532
-0.025378561999999993
-0.009417208666666621
0.00654414466666664
0.022505498000000013
-0.0014365320000000459
-0.025378561999999993
0.012928698000000072
-0.015801726999999932
-0.044532151999999936
-0.03575341033333329
-0.026974668666666646
-0.018195926999999945
-0.009417185333333244
-0.0006384436666666549
0.008140298000000046
-0.025378561999999993
0.008140298000000046
0.005746098000000033
0.00335189800000002
0.00335189800000002
0.00335189800000002
0.00335189800000002
-0.011013361999999915
-0.013407561999999928
-0.01580176199999994
-0.006224901999999921
-0.0075930248571427494
-0.008961147714285689
-0.010329270571428517
-0.011697393428571345
-0.013065516285714174
-0.014433639142857113
-0.01580176199999994
-0.01511770485714281
-0.01443364771428568
-0.01374959057142855
-0.013065533428571308
-0.012381476285714177
-0.011697419142857046
-0.011013361999999915
-0.007422046999999932
-0.003830731999999948
-0.008619131999999974
0.006544164666666741
0.0006916657777777946
-0.005160833111111041
-0.011013331999999987
-0.011013341999999926
-0.011013351999999976
-0.011013361999999915
-0.011013361999999915
-0.012928721999999948
-0.01484408199999998
-0.016759441999999902
-0.018674801999999935
-0.020590161999999967
-0.0014365019999998951
-0.006224901999999921
-0.006224901999999921
-0.006224901999999921
-0.011013361999999915
-0.006823496999999845
-0.002633631999999886
0.0015562330000000735
0.005746098000000144
