-0.0015163306666667875
-0.0023143973333333845
-0.0031124640000000925
-0.0007182640000000795
0.0064643359999999594
0.0016759359999999335
-0.0031124640000000925
-0.0031124640000000925
-0.0007182640000000795
0.0016759359999999335
0.0008778693333332255
7.98026666666285e-05
-0.0007182640000000795
-0.0015163306666667875
-0.0023143973333333845
-0.0031124640000000925
0.0016759359999999335
-0.0019153615000000457
-0.005506659000000025
-0.00909795650000006
-0.012689254000000039
0.0040701359999999465
0.0064643359999999594
0.0028730384999999803
-0.0007182589999999989
-0.004309556499999978
-0.007900854000000013
0.0016759359999999335
-0.0015163273333334004
-0.004708590666666734
-0.007900854000000013
-0.0007182589999999989
0.0064643359999999594
0.008858550999999992
0.011252766000000025
0.013646980999999947
0.01604119599999998
0.011252735999999985
0.020829596000000006
-0.0031124640000000925
0.011252735999999985
0.0016759410000000141
-0.007900854000000013
-0.022266054000000035
-0.015881512333333347
-0.009496970666666715
-0.003112429000000083
0.0032721126666666045
0.009656654333333292
0.01604119599999998
0.004070170999999956
-0.007900854000000013
-0.017477654000000065
-0.007900854000000013
0.0064643359999999594
-0.017477654000000065
-0.005506659000000025
0.0064643359999999594
0.0040701359999999465
0.0016759359999999335
0.0006118482222221555
-0.00045223955555562245
-0.0015163273333334004
-0.0025804151111111784
-0.0036445028888889563
-0.004708590666666734
-0.005772678444444512
-0.00683676622222229
-0.007900854000000013
-0.0031124640000000925
0.0016759359999999335
0.0064643359999999594
-0.0031124640000000925
0.0064643359999999594
0.0016759359999999335
-0.0031124640000000925
0.0064643359999999594
-0.0031124640000000925
-0.0020483751111112225
-0.0009842862222223525
7.98026666666285e-05
0.0011438915555554985
0.0022079804444443685
0.0032720693333332385
0.0043361582222222195
0.0054002471111110895
0.0064643359999999594
0.008858535999999972
0.011252735999999985
0.0016759359999999335
0.011252735999999985
-0.0031124640000000925
-0.012689254000000039
-0.012689254000000039
0.0016759359999999335
0.0004788359999999825
-0.0007182640000000795
-0.0019153640000001415
-0.0031124640000000925
0.0016759359999999335
0.0064643359999999594
0.0016759359999999335
0.0032720693333332385
0.0048682026666666545
0.0064643359999999594
-0.0031124640000000925
-0.0031124640000000925
-0.0031124640000000925
-0.005506659000000025
-0.007900854000000013
-0.007900854000000013
-0.007900854000000013
-0.007900854000000013
-0.007900854000000013
-0.007900854000000013
0.0016759359999999335
-0.012689254000000039
-0.0079008573333334
-0.0031124606666667054
0.0016759359999999335
0.011252735999999985
-0.012689254000000039
-0.012689254000000039
-0.011492154000000032
-0.010295054000000026
-0.00909795400000002
-0.007900854000000013
0.0064643359999999594
0.0048682026666666545
0.0032720693333332385
0.0016759359999999335
0.0064643359999999594
0.0064643359999999594
0.0064643359999999594
0.0064643359999999594
0.0064643359999999594
0.0040701359999999465
0.0016759359999999335
0.0016759359999999335
-0.0031124640000000925
-0.002375787076923208
-0.0016391101538462127
-0.0009024332307693284
-0.00016575630769233296
0.0005709206153845514
0.0013075975384614358
0.002044274461538431
0.0027809513846153155
0.0035176283076922
0.004254305230769195
0.00499098215384608
0.005727659076923075
0.0064643359999999594
0.0064643359999999594
0.0064643359999999594
0.0016759359999999335
-0.0031124640000000925
0.011252735999999985
0.0064643359999999594
-0.0031124640000000925
-0.012689254000000039
-0.003112459000000012
0.0064643359999999594
-0.012689254000000039
-0.008698922333333359
-0.004708590666666734
-0.0007182589999999989
0.0032720726666666256
0.007262404333333361
0.011252735999999985
0.01604119599999998
-0.0031124640000000925
-0.0007182640000000795
0.0016759359999999335
0.0064643359999999594
-0.0031124640000000925
-0.0031124640000000925
-0.0025804195555556575
-0.0020483751111112225
-0.0015163306666667875
-0.0009842862222223525
-0.0004522417777778065
7.98026666666285e-05
0.0006118471111110635
0.0011438915555554985
0.0016759359999999335
0.008858535999999972
-0.012689259000000064
-0.012689254000000039
0.0016759359999999335
-0.007900854000000013
-0.003112459000000012
0.0016759359999999335
0.0016759359999999335
0.0016759359999999335
0.0016759359999999335
0.0016759359999999335
0.0016759359999999335
0.0016759359999999335
-0.0031124640000000925
-0.004309561500000059
-0.005506659000000025
-0.007900854000000013
-0.005506659000000025
-0.0031124640000000925
0.0040701359999999465
0.011252735999999985
0.0040701359999999465
-0.0031124640000000925
-0.00630472900000012
-0.009496994000000092
-0.012689259000000064
-0.015881524000000036
-0.019073789000000063
-0.022266054000000035
0.0064643359999999594
0.0016759359999999335
-0.007900859000000038
-0.017477654000000065
0.0016759359999999335
0.0016759359999999335
0.0016759359999999335
0.0016759359999999335
0.0016759359999999335
0.011252735999999985
-0.0031124640000000925
-0.00119710400000006
0.0007182559999999727
0.0026336159999998943
0.004548975999999927
0.0064643359999999594
-0.0031124640000000925
-0.0015163306666667875
7.98026666666285e-05
0.0016759359999999335
-0.005506659000000025
0.0064643359999999594
-0.005506659000000025
-0.017477654000000065
-0.005506659000000025
0.0064643359999999594
-0.003112459000000012
-0.012689254000000039
-0.008858536000000028
-0.005027818000000073
-0.001197100000000062
0.0026336179999999487
0.0064643359999999594
-0.007900854000000013
-0.007900854000000013
-0.007900854000000013
-0.0031124573333333183
0.0016759393333333206
0.0064643359999999594
-0.0031124640000000925
0.003272089333333228
0.00965664266666666
0.01604119599999998
-0.0031124640000000925
-0.0015163306666667875
7.98026666666285e-05
0.0016759359999999335
0.0032720693333332385
0.0048682026666666545
0.0064643359999999594
-0.0031124640000000925
0.0064643359999999594
0.0016759359999999335
-0.0031124640000000925
0.0016759359999999335
0.0064643359999999594
-0.012689254000000039
-0.006304724000000039
7.980599999990456e-05
0.0064643359999999594
0.008060469333333264
0.00965660266666668
0.011252735999999985
0.0064643359999999594
0.0016759359999999335
-0.007900854000000013
-0.003112459000000012
0.0016759359999999335
0.011252766000000025
0.020829596000000006
0.006464370999999969
-0.007900854000000013
-0.017477654000000065
-0.0007182290000000702
0.01604119599999998
0.01284890933333327
0.00965662266666667
0.0064643359999999594
0.0052672360000000085
0.0040701359999999465
0.0028730359999998845
0.0016759359999999335
-0.003112429000000083
0.0048682459999999095
0.012848921000000013
0.020829596000000006
0.0192334626666667
0.017637329333333285
0.01604119599999998
-0.012689254000000039
-0.003112459000000012
0.0064643359999999594
0.0016759359999999335
-0.0031124640000000925
-0.0021547840000001317
-0.00119710400000006
-0.0002394240000000991
0.0007182559999999727
0.0016759359999999335
0.0026336159999998943
0.003591295999999966
0.004548975999999927
0.005506655999999999
0.0064643359999999594
-0.0007182589999999989
-0.007900854000000013
-0.007900854000000013
0.020829596000000006
0.00806051266666663
-0.004708570666666745
-0.017477654000000065
0.0064643359999999594
0.01604119599999998
-0.03184285400000003
0.020829596000000006
-0.003112459000000012
-0.004708590666666734
-0.006304722333333346
-0.007900854000000013
-0.0031124640000000925
0.01604116599999994
0.03519479599999997
-0.04141968400000001
-0.012689244000000044
0.01604119599999998
0.013304958857142779
0.01056872171428569
0.007832484571428489
0.005096247428571399
0.002360010285714198
-0.0003762268571428917
-0.0031124640000000925
0.004070153499999951
0.011252770999999995
-0.02705445400000006
0.030406395999999947
0.0016759359999999335
-0.007900859000000038
-0.017477654000000065
-0.003112459000000012
0.011252735999999985
-0.012689274000000028
-0.03663128400000004
-0.029106644000000015
-0.021582004000000043
-0.014057364000000017
-0.006532724000000045
0.000991915999999926
0.008516556000000008
0.01604119599999998
0.0016759359999999335
0.0016759359999999335
-0.012689254000000039
0.006464370999999969
0.02561799599999992
-0.003112429000000083
-0.03184285400000003
-0.01268923733333338
0.0064643793333333255
0.02561799599999992
0.01244988349999987
-0.0007182290000000702
-0.013886341500000066
-0.02705445400000006
0.0040701359999999465
0.0004788359999999825
-0.0031124640000000925
0.020829565999999855
0.044771595999999914
0.001675955999999923
-0.04141968400000001
-0.003112443999999992
0.03519479599999997
0.02466030600000002
0.014125815999999958
0.0035913259999998948
-0.006943164000000057
-0.017477654000000065
-0.02705445400000006
-0.004708570666666745
0.017637312666666682
0.039983196
-0.03184285400000003
0.044771595999999914
0.029807837249999913
0.014844078500000024
-0.00011968024999997606
-0.015083438999999976
0.011252735999999985
-0.003112459000000012
-0.017477654000000065
-0.0007182290000000702
0.01604119599999998
0.0016759793333332995
-0.01268923733333338
-0.02705445400000006
-0.015425475428571478
-0.0037964968571428948
0.007832481714285633
0.01946146028571427
0.0310904388571428
0.04271941742857133
0.054348395999999966
-0.02705445400000006
-0.020669922333333368
-0.01428539066666673
-0.007900859000000038
-0.0015163273333334004
0.004868204333333348
0.011252735999999985
-0.0031124640000000925
-0.0031124640000000925
-0.0031124640000000925
0.03519479599999997
-0.03184285400000003
0.0016759709999999428
0.03519479599999997
-0.03663128400000004
-0.0031124640000000925
0.0016759359999999335
-0.022266054000000035
0.02561799599999992
-0.02705445400000006
-0.01268923733333338
0.0016759793333332995
0.01604119599999998
-0.0031124640000000925
-0.00407014200000011
-0.005027820000000016
-0.0059854980000000335
-0.006943176000000051
-0.007900854000000013
0.020829596000000006
-0.03663128400000004
-0.01268925733333337
0.011252769333333301
0.03519479599999997
0.02903827457142849
0.02288175314285712
0.01672523171428575
0.010568710285714267
0.004412188857142785
-0.0017443325714285862
-0.007900854000000013
-0.015083453999999996
-0.022266054000000035
-0.003112459000000012
-0.0007182289999999592
0.0010774122500000205
0.0028730535
0.00466869474999998
0.0064643359999999594
0.01604119599999998
-0.017477654000000065
0.0064643359999999594
-0.005506659000000025
-0.017477654000000065
-0.022266054000000035
-0.02705445400000006
-0.01987184566666672
-0.01268923733333338
-0.005506628999999985
0.0016759793333332995
0.008858587666666584
0.01604119599999998
-0.005506659000000025
-0.0031124640000000925
0.0004788359999999825
0.0040701359999999465
0.00766143599999991
0.011252735999999985
0.01604119599999998
-0.03663128400000004
0.0064643359999999594
0.0016759359999999335
-0.0031124640000000925
-0.0031124640000000925
-0.0031124640000000925
-0.0031124640000000925
-0.0031124640000000925
-0.0031124640000000925
-0.0031124640000000925
-0.012689254000000039
-0.0031124640000000925
-0.0007182640000000795
0.0016759359999999335
0.008858565999999901
0.01604119599999998
0.006464383500000004
-0.003112429000000083
-0.012689241500000059
-0.022266054000000035
-0.018375476500000043
-0.014484899000000051
-0.010594321500000059
-0.006703744000000067
-0.002813166500000075
0.001077410999999917
0.004967988499999909
0.008858565999999901
-0.007900854000000013
-0.0019153590000000609
0.0040701359999999465
0.004622643692307693
0.0051751513846153285
0.005727659076923075
0.006280166769230711
0.006832674461538457
0.007385182153846093
0.00793768984615384
0.008490197538461475
0.009042705230769221
0.009595212923076857
0.010147720615384603
0.010700228307692239
0.011252735999999985
-0.0007182589999999989
0.0040701359999999465
0.003272082666666676
-0.02705445400000006
-0.006703741500000082
0.013646971000000008
0.0028730584999999698
-0.007900854000000013
0.011252770999999995
0.030406395999999947
0.014125821999999899
-0.0021547520000000375
-0.01843532600000003
-0.03471590000000002
-0.050996474000000014
0.0040701359999999465
-0.011492159000000057
-0.02705445400000006
-0.017477646857142926
-0.007900839714285735
0.0016759674285713455
0.011252774571428592
0.020829581714285728
0.030406388857142863
0.039983196
-0.012689254000000039
-0.003112443999999992
-0.01588152399999998
-0.028650604000000024
-0.04141968400000001
0.0016759359999999335
0.01604119599999998
-0.007900828999999998
-0.03184285400000003
-0.02226605650000002
-0.012689259000000064
-0.0031124614999999967
0.0064643359999999594
-0.005506659000000025
-0.017477654000000065
-0.007900859000000038
0.0016759359999999335
0.0004788359999999825
-0.0007182640000000795
-0.0019153640000001415
-0.0031124640000000925
-0.0031124615000001077
-0.003112459000000012
-0.00550665650000004
-0.007900854000000013
-0.0007182589999999989
0.0064643359999999594
0.011252766000000025
0.01604119599999998
-0.0007182290000000702
-0.017477654000000065
-0.012689254000000039
-0.007900854000000013
-0.010295054000000026
-0.012689254000000039
-0.015083454000000052
-0.01747765400000001
-0.019871854000000022
-0.022266054000000035
-0.0031124640000000925
-0.0031124640000000925
-0.0007182640000000795
0.0016759359999999335
-0.003112459000000012
-0.007900854000000013
-0.0031124640000000925
7.98026666666285e-05
0.0032720693333332385
0.0064643359999999594
0.008858535999999972
0.011252735999999985
0.010516059076923101
0.009779382153846106
0.009042705230769221
0.008306028307692226
0.0075693513846153415
0.006832674461538457
0.006095997538461462
0.005359320615384577
0.004622643692307693
0.0038859667692306976
0.0031492898461538132
0.002412612923076818
0.0016759359999999335
0.0016759359999999335
0.0016759359999999335
0.0064643359999999594
0.0016759359999999335
0.011252735999999985
0.0016759359999999335
0.0064643359999999594
0.0064643359999999594
0.0064643359999999594
0.011252735999999985
0.0016759359999999335
0.0004788359999999825
-0.0007182640000000795
-0.0019153640000001415
-0.0031124640000000925
0.01604119599999998
0.0016759359999999335
0.018435395999999993
