-0.013407520000000006
-0.010534480000000013
-0.007661440000000019
-0.004788400000000026
0.001197100000000062
0.007182600000000039
0.006384533333333331
0.005586466666666734
0.004788400000000026
-0.004788400000000026
-0.006384533333333331
-0.007980666666666747
-0.009576800000000052
-0.007980666666666747
-0.006384533333333331
-0.004788400000000026
-0.011971000000000065
-0.013766650000000102
-0.015562300000000029
-0.017357949999999955
-0.019153599999999993
-0.009576800000000052
-0.007182600000000039
-0.004788400000000026
-0.007980666666666636
-0.011172933333333357
-0.014365199999999967
-0.01675939999999998
-0.019153599999999993
-0.011971000000000065
-0.004788400000000026
-0.007182600000000039
-0.009576800000000052
-0.011971000000000065
-0.014365199999999967
-0.01675939999999998
-0.019153599999999993
-0.009576800000000052
0.0
0.004788400000000026
0.0
-0.004788400000000026
-0.009576800000000052
-0.008778733333333344
-0.007980666666666747
-0.007182600000000039
-0.014365199999999967
-0.004788399999999915
0.004788400000000026
0.004104342857142895
0.0034202857142857646
0.002736228571428634
0.002052171428571392
0.0013681142857142614
0.0006840571428571307
0.0
-0.0006840571428571307
-0.0013681142857142614
-0.002052171428571392
-0.002736228571428634
-0.0034202857142857646
-0.004104342857142895
-0.004788400000000026
-0.014365199999999967
-0.007182600000000039
0.014365199999999967
0.010773900000000003
0.007182599999999928
0.003591299999999964
0.0
-0.003591300000000075
-0.007182600000000039
-0.007182600000000039
-0.004788400000000026
-0.004788400000000026
-0.006384533333333331
-0.007980666666666747
-0.009576800000000052
-0.009576800000000052
-0.009576800000000052
0.0
-0.002394200000000013
-0.004788400000000026
-0.007182600000000039
-0.009576799999999941
-0.011970999999999954
-0.014365199999999967
-0.002394200000000013
-0.019153599999999993
-0.017557466666666688
-0.015961333333333272
-0.014365199999999967
-0.014365199999999967
-0.014365199999999967
-0.014365199999999967
-0.009576800000000052
-0.009576800000000052
-0.004788400000000026
0.0
-0.00212817777777774
-0.004256355555555591
-0.006384533333333331
-0.008512711111111071
-0.010640888888888922
-0.012769066666666662
-0.011172933333333357
-0.009576800000000052
-0.011971000000000065
-0.014365199999999967
-0.002394200000000013
0.009576800000000052
0.009576800000000052
0.009576800000000052
0.0
-0.009576800000000052
-0.00837969999999999
-0.007182600000000039
-0.005985500000000088
-0.004788400000000026
-0.007182600000000039
-0.009576799999999941
-0.011172933333333246
-0.012769066666666662
-0.014365199999999967
0.004788400000000026
0.0
-0.004788400000000026
-0.007182600000000039
-0.009576800000000052
-0.007182600000000039
-0.004788400000000026
-0.002394200000000013
-0.0009576799999999608
0.0004788399999999804
0.0019153600000000326
0.0033518799999999738
0.004788400000000026
0.002128177777777851
-0.000532044444444435
-0.00319226666666661
-0.005852488888888896
-0.008512711111111071
-0.011172933333333357
-0.013833155555555532
-0.016493377777777818
-0.019153599999999993
-0.014365199999999967
-0.011172933333333357
-0.004788400000000026
-0.005087675000000069
-0.0053869500000000015
-0.005686225000000045
-0.005985500000000088
-0.00628477500000002
-0.0065840500000000635
-0.006883324999999996
-0.007182600000000039
-0.006384533333333442
-0.005586466666666734
-0.004788400000000137
-0.003990333333333429
-0.003192266666666721
-0.002394200000000013
-0.001596133333333305
-0.000798066666666708
0.0
-0.009576799999999941
-0.004788400000000026
-0.005985500000000088
-0.007182600000000039
-0.00837969999999999
-0.009576800000000052
-0.009576800000000052
-0.009576800000000052
-0.009576800000000052
-0.009576800000000052
-0.009576800000000052
0.004788400000000026
-0.00319226666666661
-0.011172933333333357
-0.019153599999999993
-0.009576800000000052
-0.009576800000000052
-0.009576800000000052
-0.009576800000000052
-0.009576800000000052
-0.004788400000000026
-0.001596133333333305
0.001596133333333305
0.004788400000000026
-0.009576800000000052
-0.012769066666666662
-0.015961333333333383
-0.019153599999999993
-0.004788400000000026
-0.014365199999999967
-0.007182600000000039
0.0
-0.003591299999999964
-0.007182600000000039
-0.010773900000000003
-0.014365199999999967
0.004788400000000026
-0.014365199999999967
-0.007182600000000039
0.0
-0.002394200000000013
-0.004788400000000026
-0.007980666666666636
-0.011172933333333357
-0.014365199999999967
-0.013766649999999991
-0.013168100000000016
-0.01256955000000004
-0.011971000000000065
-0.004788400000000026
-0.007182600000000039
-0.009576799999999941
-0.011970999999999954
-0.014365199999999967
0.0
0.0
0.0
0.002394200000000013
0.004788400000000026
-0.014365199999999967
-0.009576799999999941
-0.004788400000000026
-0.007182600000000039
-0.009576800000000052
-0.009576800000000052
-0.009576800000000052
-0.011492160000000085
-0.013407520000000006
-0.015322880000000039
-0.01723823999999996
-0.019153599999999993
0.009576800000000052
-0.009576800000000052
-0.009576800000000052
-0.009576800000000052
-0.009576800000000052
-0.009576800000000052
-0.009576800000000052
-0.011970999999999954
0.023942039999999998
0.0047884200000000154
-0.014365199999999967
-0.013407520000000006
-0.012449840000000045
-0.011492159999999974
-0.010534480000000013
-0.009576800000000052
-0.004788400000000026
-0.002394200000000013
0.0
0.002394200000000013
0.004788400000000026
-0.019153599999999993
-0.014365199999999967
-0.009576800000000052
-0.004788400000000026
-0.02394200000000002
-0.004788409999999965
0.014365203333333354
0.03351881666666667
0.05267242999999999
0.03651157125000004
0.02035071249999998
0.004189853749999917
-0.011971005000000035
-0.10055647000000001
-0.014365234999999976
0.07182599999999995
-0.014365234999999976
-0.10055647000000001
-0.007182585000000019
0.08619129999999997
-0.01675939999999998
-0.11971009999999999
0.11971010000000004
0.05985505000000002
0.0
-0.05985505000000002
-0.11971009999999999
-0.004788400000000026
0.11013329999999999
-0.12928689999999998
-0.11172941999999997
-0.09417193999999995
-0.07661446
-0.059056979999999926
-0.04149950000000002
-0.02394202000000001
-0.006384539999999994
0.01117294000000002
0.028730420000000034
0.04628790000000005
0.06384537999999995
0.08140285999999997
0.09896033999999998
0.11651782
0.1340753
0.003591314999999984
-0.03511494000000004
-0.01649338333333339
0.002128173333333261
0.020749730000000022
0.03937128666666667
0.05799284333333332
0.07661439999999997
-0.01596133666666666
-0.019153599999999993
-0.015961333333333383
-0.012769066666666662
-0.009576799999999941
-0.006384533333333331
-0.003192266666666721
0.0
-0.028730400000000045
0.03351884000000005
-0.07661445
-0.009576809999999991
0.05746083000000002
-0.07661445
-0.009576809999999991
0.05746083000000002
-0.021547819999999995
-0.10055647000000001
-0.00957683499999995
0.0814028
0.051076255000000015
0.020749710000000032
-0.00957683499999995
-0.039903380000000044
-0.07022992500000003
-0.10055647000000001
0.0909797
-0.01675939999999998
-0.12449850000000001
-0.06464345000000005
-0.004788400000000026
0.055066649999999995
0.11492170000000002
-0.11492166999999998
0.004788415000000046
0.12449849999999996
0.06799533599999996
0.011492171999999967
-0.04501099200000003
-0.10151415600000002
-0.15801732000000002
0.11013329999999999
-0.11013327
0.12449849999999996
-0.014365210000000017
-0.15322892
-0.004788394999999945
0.14365213
-0.011970994999999984
-0.16759412
-0.01675941000000003
0.1340753
0.04149950000000002
-0.05107629999999996
-0.1436521
1.5000000019860238e-08
0.14365213
-0.14844052000000002
-0.11758191777777782
-0.08672331555555557
-0.055864713333333316
-0.025006111111111173
0.00585249111111108
0.03671109333333333
0.06756969555555548
0.09842829777777773
0.12928689999999998
0.06105214749999999
-0.0071826050000000086
-0.14844052000000002
-0.120667778
-0.09289503600000004
-0.06512229400000002
-0.03734955200000001
-0.009576809999999991
0.018195931999999915
0.04596867399999993
0.07374141599999995
0.10151415799999997
0.12928689999999998
-0.04469176666666663
0.002394200000000013
0.03990336666666672
0.07741253333333331
0.11492170000000002
0.08140287142857139
0.04788404285714287
0.014365214285714356
-0.01915361428571427
-0.0526724428571429
-0.08619127142857141
-0.11971009999999999
0.08619129999999997
-0.004788440000000005
-0.009576822500000026
-0.014365205000000048
-0.04309565999999998
-0.027134306666666608
-0.011172953333333346
0.004788400000000026
-0.007182600000000039
-0.019153599999999993
-0.01723823999999996
-0.015322880000000039
-0.013407520000000006
-0.011492160000000085
-0.009576800000000052
-0.011970999999999954
0.007980680000000073
0.02793235999999999
0.04788404000000002
-0.06703765
-0.04213795399999998
-0.017238258000000006
0.007661438000000076
0.03256113400000005
0.05746083000000002
-0.002394209999999952
-0.03711012999999996
-0.07182605000000003
-0.06224924384615388
-0.05267243769230767
-0.04309563153846152
-0.03351882538461537
-0.023942019230769218
-0.014365213076923067
-0.0047884069230769155
0.004788399230769236
0.014365205384615387
0.02394201153846154
0.03351881769230769
0.04309562384615384
0.05267242999999999
-1.5000000019860238e-08
-0.05267246000000003
-0.031124634999999956
-0.009576809999999991
0.004788400000000026
-0.019153606666666656
0.016759411666666613
0.05267242999999999
-0.05746086000000006
0.04309563999999999
0.02074975999999995
-0.0015961199999999787
-0.02394200000000002
0.004788400000000026
0.0
-0.004788400000000026
-0.02633622999999996
-0.047884060000000006
-0.04213797399999997
-0.03639188800000004
-0.030645802
-0.02489971600000007
-0.019153630000000033
-0.002394215000000033
0.014365199999999967
0.005746079999999987
-0.0028730399999999934
-0.011492160000000085
-0.020111280000000065
-0.028730400000000045
-0.002394200000000013
-0.005985500000000088
-0.009576800000000052
0.0
0.003990339999999981
0.007980679999999962
0.011971019999999943
0.015961360000000036
0.019951700000000017
0.023942039999999998
-0.019153599999999993
-0.009576799999999941
0.0
0.009576800000000052
-0.019153630000000033
-0.021068984000000013
-0.022984337999999993
-0.024899692000000084
-0.026815046000000065
-0.028730400000000045
0.002394200000000013
0.0
-0.002394200000000013
-0.004788400000000026
-0.007182600000000039
0.014365199999999967
0.007661440000000019
0.0009576799999999608
-0.005746079999999987
-0.012449840000000045
-0.019153599999999993
-0.004788400000000026
-0.004788400000000026
-0.004788400000000026
-0.004788400000000026
-0.004788400000000026
-0.004788400000000026
-0.004788400000000026
-0.005659018181818243
-0.006529636363636349
-0.007400254545454565
-0.008270872727272782
-0.009141490909090888
-0.010012109090909105
-0.01088272727272721
-0.011753345454545427
-0.012623963636363644
-0.01349458181818175
-0.014365199999999967
0.0
-0.007182600000000039
-0.014365199999999967
-0.009576799999999941
-0.004788400000000026
-0.005472457142857157
-0.006156514285714287
-0.006840571428571418
-0.00752462857142866
-0.00820868571428579
-0.008892742857142921
-0.009576800000000052
0.001596133333333416
-0.006384533333333331
-0.014365199999999967
-0.007182600000000039
0.0
-0.004788400000000026
-0.009576800000000052
-0.011971000000000065
-0.014365199999999967
-0.009576799999999941
-0.004788400000000026
-0.004788400000000026
-0.004788400000000026
-0.004788400000000026
-0.004788400000000026
-0.019153599999999993
-0.009576799999999941
0.0
0.009576800000000052
-0.009576800000000052
-0.019153599999999993
-0.009576799999999941
0.0
-0.014365199999999967
-0.028730400000000045
-0.009576799999999941
0.009576800000000052
0.001197100000000062
-0.007182600000000039
-0.015562300000000029
-0.02394200000000002
0.0
-0.002394200000000013
-0.004788400000000026
-0.007182600000000039
-0.009576800000000052
-0.010773900000000003
-0.011971000000000065
-0.013168100000000016
-0.014365199999999967
-0.019153599999999993
-0.019153599999999993
-0.011971000000000065
-0.004788400000000026
-0.005746079999999987
-0.0067037600000000586
-0.007661440000000019
-0.008619120000000091
-0.009576800000000052
-0.009576799999999941
-0.007182599999999928
-0.004788399999999915
-0.002394200000000013
0.0
