0.004788400000000026
0.0
0.0
0.0
-0.004788400000000026
-0.002394200000000013
0.0
0.0
0.0
0.0
0.0
-0.0004788399999999804
-0.0009576799999999608
-0.0014365200000000522
-0.0019153600000000326
-0.002394200000000013
-0.00291059607843136
-0.003426992156862707
-0.003943388235294165
-0.004459784313725512
-0.004976180392156859
-0.005492576470588206
-0.006008972549019664
-0.006525368627451011
-0.0070417647058823585
-0.0075581607843137055
-0.008074556862745164
-0.00859095294117651
-0.009107349019607858
-0.009623745098039205
-0.010140141176470663
-0.01065653725490201
-0.011172933333333357
0.0
-0.001197100000000062
-0.002394200000000013
-0.003591299999999964
-0.004788400000000026
-0.008619120000000091
-0.002394200000000013
-0.006384533333333331
-0.010374866666666649
-0.014365199999999967
0.004788400000000026
-0.004788399999999915
-0.014365199999999967
-0.02394200000000002
-0.021889828571428627
-0.019837657142857124
-0.01778548571428573
-0.01573331428571434
-0.013681142857142947
-0.011628971428571444
-0.009576800000000052
-0.011971000000000065
-0.011971000000000065
-0.011971000000000065
-0.009576800000000052
-0.007182600000000039
-0.004788400000000026
-0.014365199999999967
-0.02394200000000002
-0.017557466666666688
-0.011172933333333357
-0.004788400000000026
-0.014365199999999967
-0.014137180952380923
-0.01390916190476188
-0.013681142857142836
-0.013453123809523793
-0.013225104761904749
-0.012997085714285705
-0.012769066666666662
-0.009576800000000052
0.0
-0.004788400000000026
-0.004788400000000026
-0.004788400000000026
-0.004788400000000026
-0.007980666666666636
-0.011172933333333357
-0.014365199999999967
-0.014365199999999967
-0.014365199999999967
-0.014365199999999967
-0.014365199999999967
-0.013168100000000016
-0.011971000000000065
-0.010773900000000003
-0.009576800000000052
0.0
-0.007182600000000039
-0.014365199999999967
-0.011971000000000065
-0.009576800000000052
-0.006840571428571418
-0.004104342857142895
-0.0013681142857142614
0.0013681142857142614
0.004104342857142895
0.006840571428571418
0.009576800000000052
-0.003192266666666721
0.00106408888888887
0.005320444444444461
0.009576800000000052
0.004788400000000026
-0.004788399999999915
-0.014365199999999967
-0.012449839999999934
-0.010534480000000013
-0.00861911999999998
-0.0067037599999999475
-0.004788399999999915
-0.0028730399999999934
-0.0009576799999999608
0.0009576800000000718
0.0028730399999999934
0.004788400000000026
-0.019153599999999993
-0.010773900000000003
-0.002394200000000013
0.004788400000000026
0.004788400000000026
0.004788400000000026
0.004788400000000026
0.004788400000000026
0.004788400000000026
-0.011172933333333246
-0.010640888888888811
-0.010108844444444376
-0.009576799999999941
-0.00861911999999998
-0.007661440000000019
-0.0067037599999999475
-0.005746079999999987
-0.004788400000000026
-0.004788400000000026
-0.004788400000000026
-0.009576800000000052
-0.009576800000000052
-0.009576800000000052
-0.011971000000000065
-0.014365199999999967
-0.012769066666666662
-0.011172933333333357
-0.009576800000000052
-0.009576800000000052
-0.009576800000000052
-0.009576800000000052
-0.009576800000000052
-0.009576800000000052
-0.009576800000000052
-0.009576800000000052
-0.009576800000000052
-0.009576800000000052
-0.009576800000000052
-0.009576800000000052
-0.014365199999999967
-0.009576800000000052
-0.011971000000000065
-0.014365199999999967
-0.015961333333333272
-0.017557466666666688
-0.019153599999999993
-0.015961333333333383
-0.012769066666666662
-0.009576799999999941
-0.006384533333333331
-0.003192266666666721
0.0
-0.011971000000000065
-0.02394200000000002
-0.009576800000000052
-0.006384533333333331
-0.003192266666666721
0.0
-0.003591299999999964
-0.007182600000000039
-0.010773900000000003
-0.014365199999999967
-0.013407520000000006
-0.012449839999999934
-0.011492159999999974
-0.010534479999999902
-0.009576799999999941
-0.007182600000000039
-0.004788400000000026
-0.005267240000000006
-0.005746079999999987
-0.006224920000000078
-0.0067037600000000586
-0.007182600000000039
0.004788400000000026
0.004104342857142895
0.0034202857142857646
0.002736228571428634
0.002052171428571392
0.0013681142857142614
0.0006840571428571307
0.0
-0.004788400000000026
-0.004788400000000026
-0.004788400000000026
-0.004788400000000026
-0.007182600000000039
0.001197100000000062
0.009576800000000052
0.004788400000000026
0.00326481818181823
0.0017412363636363226
0.00021765454545452645
-0.0013059272727272697
-0.002829509090909066
-0.004353090909090973
-0.005876672727272769
-0.007400254545454565
-0.008923836363636362
-0.010447418181818269
-0.011971000000000065
0.0
-0.003192266666666721
-0.006384533333333331
-0.009576800000000052
-0.009576800000000052
-0.009576800000000052
-0.009576800000000052
-0.009576799999999941
-0.009576799999999941
-0.009576799999999941
-0.009576799999999941
0.0
0.0
0.0
0.0
0.0
0.0
0.0
0.019153599999999993
-0.007980666666666636
-0.006384533333333331
-0.004788400000000026
-0.004788400000000026
-0.004788400000000026
-0.003830720000000065
-0.0028730399999999934
-0.0019153600000000326
-0.0009576799999999608
0.0
-0.004788400000000026
-0.004788400000000026
-0.003591299999999964
-0.002394200000000013
-0.001197100000000062
0.0
-0.004788400000000026
-0.006840571428571418
-0.008892742857142921
-0.010944914285714313
-0.012997085714285705
-0.015049257142857098
-0.0171014285714286
-0.019153599999999993
-0.009576786666666726
-0.008906411400000036
-0.008236036133333346
-0.007565660866666657
-0.006895285599999967
-0.006224910333333278
-0.005554535066666699
-0.00488415980000001
-0.00421378453333332
-0.0035434092666666306
-0.002873033999999941
0.009576800000000052
0.0
-0.009576799999999941
-0.019153599999999993
0.007182620000000028
0.03351884000000005
-0.014365204999999936
-0.06224924999999998
0.062249230000000044
-0.009576809999999991
-0.08140285000000003
-0.002394225000000083
0.07661439999999997
0.04118022599999993
0.0057460520000000015
-0.02968812200000004
-0.06512229600000002
-0.10055647000000001
1.0000000050247593e-08
0.010108864444444476
0.020217718888888903
0.03032657333333333
0.040435427777777755
0.05054428222222229
0.06065313666666672
0.07076199111111114
0.08087084555555557
0.0909797
-0.030326566666666666
0.07182599999999995
-0.05746086000000006
-0.014365210000000017
0.028730440000000024
6.666666663157628e-09
-0.028730426666666697
-0.05746086000000006
-0.03351884000000005
-0.009576820000000041
0.014365199999999967
0.0
-0.001197099999999951
-0.002394200000000013
-0.003591299999999964
-0.004788399999999915
-0.005985499999999977
-0.007182599999999928
-0.00837969999999999
-0.009576799999999941
-0.02873042333333331
0.021547788333333373
0.07182599999999995
0.0545877629999999
0.037349525999999966
0.02011128899999992
0.002873051999999987
-0.014365185000000058
-0.03471590875000008
-0.05506663249999999
-0.07541735625000001
-0.09576807999999998
1.0000000050247593e-08
0.013407534000000054
0.026815058000000058
0.04022258199999995
0.053630105999999955
0.06703762999999996
0.01915360333333327
-0.02873042333333331
-0.07661445
-0.028730425000000004
0.019153599999999993
-0.03591303000000001
-0.009576806666666715
0.016759416666666693
0.04309563999999999
0.031124634999999956
0.019153630000000033
0.007182624999999998
-0.10534486999999998
1.5000000019860238e-08
0.10534489999999996
0.007182609999999978
-0.09097968000000001
-0.05267245249999997
-0.014365225000000037
0.023942002500000004
0.062249230000000044
-0.004788409999999965
-0.07182605000000003
-0.04070142500000007
-0.009576800000000052
0.005985507499999931
0.021547815000000026
0.03711012250000001
0.05267242999999999
-0.07661445
-0.002394184999999993
0.04668695750000007
0.09576810000000002
0.06320694999999998
0.030645800000000056
-0.0019153499999999823
-0.03447650000000002
-0.06703765
-0.057726864444444415
-0.04841607888888888
-0.039105293333333346
-0.029794507777777812
-0.020483722222222278
-0.011172936666666744
-0.0018621511111110989
0.007448634444444435
0.01675941999999997
0.0011970924999999966
-0.008080436875000041
-0.017357966249999968
-0.026635495625000005
-0.03591302500000004
0.03351884000000005
-0.0031922566666666707
-0.03990335333333328
-0.07661445
-0.0407014175
-0.004788385000000006
-0.00425634500000005
-0.0037243049999999833
-0.0031922650000000274
-0.0026602250000000716
-0.0021281850000000047
-0.0015961450000000488
-0.001064105000000093
-0.000532065000000026
-2.500000007010783e-08
0.016759415
-0.10534486999999998
-0.0752463314285714
-0.04514779285714288
-0.015049254285714242
0.015049284285714282
0.045147822857142805
0.07524636142857133
0.10534489999999996
0.043095647500000056
-0.019153604999999962
-0.038307224999999945
-0.030166935000000006
-0.022026644999999956
-0.013886355000000017
-0.005746064999999967
0.002394224999999972
0.009576800000000052
0.004788400000000026
0.0
-0.0003990349999999365
-0.0007980699999999841
-0.0011971050000000316
-0.0015961399999999681
-0.0019951749999999047
-0.002394209999999952
-0.04309565999999998
-0.0343169166666667
-0.025538173333333303
-0.01675942999999991
-0.007980686666666625
0.0007980566666666578
0.009576800000000052
0.03351884000000005
-0.07182605000000003
0.06703762999999996
-0.03351879999999996
-0.029927499999999996
-0.02633619999999992
-0.022744899999999957
-0.019153599999999993
-0.008892738571428582
0.0013681228571428283
0.011628984285714239
0.02188984571428576
0.03215070714285717
0.04241156857142858
0.05267242999999999
-0.022744919999999946
-0.020749752222222195
-0.018754584444444444
-0.016759416666666693
-0.014764248888888942
-0.01276908111111108
-0.01077391333333333
-0.008778745555555578
-0.006783577777777827
-0.004788410000000076
-0.0015961200000000897
0.0034583066666665774
0.008512733333333244
0.013567159999999912
0.01862158666666669
0.023676013333333357
0.028730440000000024
-0.028730400000000045
0.038307239999999965
0.029870526666666675
0.021433813333333274
0.012997099999999984
0.004560386666666694
-0.0038763266666665963
-0.012313039999999997
-0.020749753333333287
-0.017357959999999895
-0.013966166666666613
-0.010574373333333331
-0.0071825799999999385
-0.021547800000000006
0.0011971199999999405
0.023942039999999998
-0.019153604999999962
-0.06224924999999998
-0.021547824999999965
0.019153599999999993
0.014365199999999967
0.009576799999999941
0.004788400000000026
0.0
-0.004788400000000026
-0.009576800000000052
-0.009576800000000052
-0.009576800000000052
-0.009576800000000052
-0.009576800000000052
-0.009576800000000052
-0.009576800000000052
-0.009576800000000052
-0.004788400000000026
-0.002394200000000013
0.0
0.0
0.0
0.0
0.0
0.0
-0.028730400000000045
-0.025538133333333324
-0.022345866666666714
-0.019153599999999993
-0.019153599999999993
-0.019153599999999993
-0.022345866666666714
-0.025538133333333324
-0.028730400000000045
-0.011971000000000065
0.004788400000000026
0.0030782571428571437
0.0013681142857142614
-0.00034202857142862086
-0.002052171428571392
-0.0037623142857142744
-0.005472457142857157
-0.007182600000000039
-0.006384533333333331
-0.005586466666666734
-0.004788400000000026
-0.003990333333333318
-0.003192266666666721
-0.002394200000000013
-0.001596133333333305
-0.000798066666666708
0.0
-0.004788400000000026
-0.0067037600000000586
-0.00861911999999998
-0.010534480000000013
-0.012449839999999934
-0.014365199999999967
-0.011492159999999974
-0.00861911999999998
-0.005746079999999987
-0.0028730399999999934
0.0
-0.004788400000000026
-0.009576800000000052
0.002394200000000013
0.014365199999999967
0.006384533333333331
-0.001596133333333416
-0.009576800000000052
-0.010944914285714313
-0.012313028571428575
-0.013681142857142836
-0.015049257142857209
-0.01641737142857147
-0.01778548571428573
-0.019153599999999993
0.004788400000000026
0.0
-0.004788400000000026
-0.009576800000000052
-0.012769066666666662
-0.028730400000000045
-0.014365199999999967
0.0
-0.0009120761904761743
-0.0018241523809523486
-0.002736228571428523
-0.003648304761904808
-0.004560380952380982
-0.005472457142857157
-0.006384533333333331
-0.007980666666666636
-0.009576799999999941
-0.011172933333333357
-0.012769066666666662
-0.014365199999999967
-0.02394200000000002
-0.004788399999999915
1.1102230246251565e-16
0.004788400000000026
0.001197100000000062
-0.002394200000000013
-0.005985500000000088
-0.009576800000000052
-0.014365199999999967
-0.014365199999999967
-0.014365199999999967
-0.009576799999999941
-0.004788400000000026
-0.007182600000000039
-0.009576800000000052
-0.009576800000000052
-0.007182600000000039
-0.004788400000000026
-0.007182600000000039
-0.009576800000000052
-0.02394200000000002
-0.038307199999999986
0.0031923000000000368
0.04469179999999995
0.08619129999999997
0.04022261999999999
-0.005746059999999997
