0.005332541454545481
0.002938341454545468
0.0005441314545454601
-0.0018500785454545476
-0.0018500785454545476
-0.0018500785454545476
-0.000253938545454524
0.0013422014545454442
0.002938341454545468
0.002938341454545468
0.002938341454545468
0.002938341454545468
0.002938341454545468
0.002938341454545468
0.002938341454545468
0.002938341454545468
0.002938341454545468
0.0029383314545454176
0.012515141454545464
0.010120931454545457
0.006130594787878807
0.002140258121212102
-0.0018500785454545476
0.017303541454545435
0.007726734787878775
-0.0018500718787878845
-0.011426878545454544
-0.00663847454545452
-0.0018500705454545519
0.002938333454545472
0.00772673745454544
0.012515141454545464
0.007726741454545438
-0.0018500785454545476
0.0029383281212121415
0.007726734787878775
0.012515141454545464
-0.011426878545454544
-0.008234611878787879
-0.005042345212121213
-0.0018500785454545476
0.002938341454545468
0.002938341454545468
0.002938341454545468
0.002938341454545468
0.002938341454545468
0.002938341454545468
0.002938341454545468
0.002938341454545468
0.007726741454545438
-0.006638478545454574
0.007726741454545438
0.002938341454545468
0.017303541454545435
0.007726741454545438
0.007726741454545438
0.007726741454545438
0.007726741454545438
0.007726741454545438
0.007726741454545438
0.007726741454545438
0.010919008121212104
0.01411127478787877
0.017303541454545435
0.012515141454545409
0.007726741454545438
0.012515141454545464
0.007726741454545438
0.007726741454545438
0.005332541454545481
0.002938341454545468
0.004534474787878773
0.006130608121212133
0.007726741454545438
0.005332541454545481
0.002938341454545468
0.0013422014545454442
-0.000253938545454524
-0.0018500785454545476
-0.004244278545454561
-0.006638478545454574
-0.0002539385454545795
0.00613060145454547
0.012515141454545464
0.012515141454545464
0.012515141454545464
0.00613060145454547
-0.0002539385454545795
-0.006638478545454574
-0.001850068545454553
0.002938341454545468
0.0005441314545454601
-0.0018500785454545476
0.0029383314545454176
0.007726741454545438
-0.0018500785454545476
0.002938341454545468
0.0017412364545454362
0.0005441314545454601
-0.000652973545454516
-0.0018500785454545476
0.002938341454545468
-0.0018500785454545476
-0.0018500785454545476
0.0029383314545454176
0.007726741454545438
0.006529641454545432
0.005332541454545481
0.004135441454545474
0.002938341454545468
0.007726741454545438
0.002938341454545468
0.02209194145454546
0.012515141454545464
0.002938341454545468
0.0005441314545454601
-0.0018500785454545476
-0.004244278545454561
-0.006638478545454574
-0.006638478545454574
-0.006638478545454574
-0.001850068545454553
0.002938341454545468
0.009322874787878799
0.01570740812121213
0.02209194145454546
0.002938341454545468
0.0013422014545454442
-0.000253938545454524
-0.0018500785454545476
0.007726741454545438
0.00453446812121211
0.001342194787878781
-0.0018500785454545476
0.007726741454545438
0.006130608121212133
0.004534474787878773
0.002938341454545468
-0.01621527854545457
-0.011426873545454574
-0.006638468545454523
-0.0018500635454545278
0.002938341454545468
-0.0018500785454545476
0.0053325314545454305
0.012515141454545464
0.00613060145454547
-0.0002539385454545795
-0.006638478545454574
0.012515141454545464
0.0029383347878788046
-0.0066384718787879105
-0.01621527854545457
0.002938341454545468
0.012515141454545464
0.011831084311688334
0.011147027168831147
0.010462970025974017
0.009778912883116886
0.009094855740259755
0.008410798597402569
0.007726741454545438
0.012515141454545464
0.002938341454545468
0.002938341454545468
0.0005441314545454601
-0.0018500785454545476
0.0029383314545454176
0.007726741454545438
0.010120941454545451
0.012515141454545464
0.014909341454545422
0.017303541454545435
0.01371224145454547
0.010120941454545451
0.006529641454545432
0.002938341454545468
-0.006638478545454574
-0.004244273545454591
-0.001850068545454553
0.0005441364545454852
0.002938341454545468
0.005332541454545481
0.006529641454545432
0.007726741454545438
0.002938334787878749
-0.0018500718787878845
-0.006638478545454574
0.007726741454545438
0.006130608121212133
0.004534474787878773
0.002938341454545468
0.002339788954545452
0.0017412364545454362
0.0011426839545454759
0.0005441314545454601
0.007726741454545438
0.0005441314545454046
-0.006638478545454574
-0.002648138545454537
0.0013422014545454442
0.005332541454545481
0.004534474787878828
0.0037364081212121203
0.002938341454545468
0.002938341454545468
0.002938341454545468
0.002938341454545468
-0.006638478545454574
-0.006638478545454574
-0.0037654345454545823
-0.0008923905454545356
0.0019806534545454557
0.0048536974545455025
0.007726741454545494
0.005332541454545481
0.002938341454545468
-0.0018500785454545476
-0.0018500785454545476
-0.0018500785454545476
0.0053325314545454305
0.012515141454545464
0.012515141454545464
0.012515141454545464
0.012515141454545464
0.00613060145454547
-0.0002539385454545795
-0.006638478545454574
-0.006638478545454574
0.0053325314545454305
0.017303541454545435
-0.006638478545454574
0.0029383314545454176
0.012515141454545464
0.007726741454545494
0.002938341454545468
-0.001850068545454553
-0.006638478545454574
0.002938328121212086
0.012515134787878801
0.02209194145454546
0.007726741454545438
0.007726741454545438
0.007726741454545438
0.007726741454545438
0.007726741454545438
0.005332541454545481
0.002938341454545468
-0.00424426854545451
-0.011426878545454544
0.0005441314545454601
0.012515141454545464
0.0029383347878788046
-0.0066384718787879105
-0.01621527854545457
-0.008234608545454547
-0.0002539385454545795
0.0077267314545454435
-0.013821083545454582
-0.03536889854545455
0.026880351454545426
0.08912960145454543
0.0005441414545454548
-0.08804131854545455
-0.02100367354545457
0.046033971454545436
-0.02100367354545457
-0.08804131854545455
-0.01142686854545455
0.06518758145454545
0.04220324545454546
0.019218909454545463
-0.0037654265454545865
-0.02674976254545458
-0.049734098545454575
-0.030580488545454587
-0.0114268785454546
0.0077267314545454435
0.02688034145454543
0.012515146454545434
-0.08325291854545458
0.03645717145454547
0.03286586520454543
0.02927455895454545
0.025683252704545467
0.02209194645454543
-0.016215288545454565
-0.05452252354545456
-0.09282975854545455
-0.05835324854545454
-0.023876738545454523
0.010599771454545437
0.04507628145454545
0.07955279145454544
0.026880366454545446
-0.025792058545454577
0.017303541454545435
-0.030580498545454582
0.05561076145454544
-0.04015729854545458
-0.042551498545454536
-0.04494569854545455
0.034062956454545434
0.11307161145454545
0.07955278978787877
0.04603396812121213
0.01251514645454549
-0.02100367521212121
-0.05452249687878791
-0.08804131854545455
0.03645717145454547
0.007726741454545438
-0.01621527854545457
-0.013821078545454557
-0.011426878545454544
0.019697746454545417
0.050822371454545434
0.007726736454545413
-0.03536889854545455
-0.03536889854545455
-0.0008923925454545345
0.03358411345454543
0.06806061945454545
0.10253712545454546
0.13701363145454545
-0.006638463545454554
-0.15029055854545453
0.13701363145454545
-0.025792058545454577
-0.006638478545454574
-0.0114268785454546
-0.01621527854545457
0.03885136145454543
0.09391800145454543
0.002938341454545468
-0.08804131854545455
-0.02818628854545452
0.03166874145454546
0.06758177645454544
0.10349481145454545
-0.018609473545454558
-0.14071375854545454
-0.12771666425974026
-0.11471956997402599
-0.10172247568831166
-0.08872538140259739
-0.07572828711688312
-0.06273119283116885
-0.049734098545454575
-0.0367370042597403
-0.023739909974025974
-0.010742815688311702
0.0022542785974025703
0.015251372883116843
0.02824846716883117
0.04124556145454544
0.054242655740259715
0.06723975002597399
0.08023684431168826
0.09323393859740256
0.10623103288311683
0.11922812716883113
0.13222522145454543
-0.030580498545454582
-0.054522498545454545
0.034062956454545434
-0.04494569854545455
0.04124557145454544
0.050822371454545434
-0.10719493854545453
0.12264842145454544
-0.04494569854545455
0.03645715645454545
-0.05931091854545456
0.012515141454545464
0.03166874145454546
0.017303541454545435
-0.06888771854545456
-0.02459498604545457
0.019697746454545417
0.06399047895454546
0.10828321145454545
0.05082236812121213
-0.0066384752121211865
-0.06409931854545453
0.03645715645454545
-0.09282975854545455
-0.058113826045454564
-0.023397893545454573
0.011318038954545473
0.046033971454545436
0.03166875645454542
0.017303541454545435
0.002938341454545468
-0.017811411878787875
-0.03856116521212122
-0.05931091854545456
0.08912960145454543
0.04443783478787877
-0.00025393187878791634
-0.04494569854545455
-0.04494569854545455
-0.04494569854545455
0.12264842145454544
0.06997598645454545
0.01730355145454543
-0.03536888354545459
-0.08804131854545455
0.03645717145454547
0.007726741454545438
0.024486156454545438
0.04124557145454544
-0.06888771854545456
-0.008234608545454547
0.05241850145454546
0.11307161145454545
0.07596148395454544
0.03885135645454546
0.0017412289545454818
-0.03536889854545455
-0.049734098545454575
0.017303546454545404
0.08434119145454544
0.026880346454545456
-0.030580498545454582
-0.006638478545454574
-0.001850068545454553
0.002938341454545468
0.07476439145454544
-0.004244263545454541
-0.08325291854545458
-0.06516339521212122
-0.04707387187878792
-0.028984348545454564
-0.010894825212121206
0.007194698121212095
0.025284221454545452
0.043373744787878754
0.06146326812121211
0.07955279145454544
0.05920207395454544
0.03885135645454546
0.018500638954545456
-0.0018500785454545476
-0.011426878545454544
-0.02100367854545454
-0.009032668545454536
0.002938341454545468
0.02209194145454546
-0.009032678545454587
-0.04015729854545458
-0.032176625212121224
-0.024195951878787925
-0.01621527854545457
0.026880351454545426
0.06997598145454545
0.0005441314545454601
-0.06888771854545456
-0.018609488545454578
0.03166874145454546
0.0077267314545454435
-0.01621527854545457
0.014909346454545447
0.046033971454545436
0.012515136454545439
-0.006638478545454574
0.0029383314545454176
0.007726734787878775
0.012515138121212077
0.017303541454545435
0.01556230327272723
0.01382106509090908
0.012079826909090874
0.010338588727272724
0.008597350545454518
0.0068561123636363686
0.005114874181818163
0.003373636000000013
0.0016323978181818077
-0.00010884036363639771
-0.0018500785454545476
0.007726728121212112
0.01730353478787877
0.02688034145454543
0.0061305947878787515
-0.014619151878787873
-0.03536889854545455
-0.016215283545454595
0.0029383314545454176
0.06518758145454545
-0.0018500635454545278
6.529745454547653e-05
0.001980658454545481
0.0038960194545454296
0.005811380454545434
0.007726741454545438
0.0053325364545454
-0.006638478545454574
-0.0018500718787878845
0.0029383347878788046
0.007726741454545494
0.005332536454545511
0.002938331454545473
0.000544126454545435
-0.0018500785454545476
0.007726741454545438
0.010120941454545451
0.012515141454545464
0.005332536454545456
-0.001850068545454553
0.00613060145454547
0.014111271454545438
0.02209194145454546
0.017303539454545436
0.012515137454545466
0.007726735454545441
0.002938333454545472
-0.001850068545454553
0.002938341454545468
-0.006638478545454574
-0.009830745212121239
-0.013023011878787905
-0.01621527854545457
0.007726741454545438
0.007726741454545438
0.007726741454545438
0.007726741454545438
0.007726741454545438
0.007726741454545438
0.007726741454545438
0.010919008121212104
0.01411127478787877
0.017303541454545435
0.0053325314545454305
-0.006638478545454574
0.0029383314545454176
0.012515141454545464
0.01411127478787877
0.01570740812121213
0.017303541454545435
0.012515141454545464
0.0005441314545454601
-0.011426878545454544
-0.009032676545454532
-0.006638474545454576
-0.004244272545454564
-0.0018500705454546074
0.0005441314545454046
0.012515141454545464
-0.006638478545454574
0.0029383314545454176
0.012515141454545464
0.0077267389545454535
0.002938336454545498
-0.0018500660454545126
-0.006638468545454523
-0.003047166045454519
0.0005441364545454852
0.004135438954545434
0.007726741454545438
0.002938341454545468
-0.0018500785454545476
0.0053325314545454305
0.012515141454545464
0.007726734787878775
0.0029383281212121415
-0.0018500785454545476
0.007726741454545438
0.005674567168831135
0.0036223928831168872
0.001570218597402584
-0.0004819556883117193
-0.0025341299740260226
-0.00458630425974027
-0.006638478545454574
-0.001850068545454553
0.002938341454545468
-0.0018500785454545476
0.002938341454545468
0.007726741454545438
-0.0018500785454545476
0.002938341454545468
0.005332541454545481
0.007726741454545438
0.007726741454545438
0.007726741454545438
0.011318041454545458
0.014909341454545422
0.01850064145454544
0.02209194145454546
0.012515141454545464
0.009322874787878799
0.006130608121212133
0.002938341454545468
-0.0018500785454545476
0.017303541454545435
0.014909341454545422
0.012515141454545464
0.0005441314545454601
-0.011426878545454544
-0.008553834545454553
