-0.02652219999999872
-0.0313106999999988
-0.002580699999999325
-0.002580699999999325
-0.002580699999999325
-0.002580699999999325
-0.002580699999999325
-0.002580699999999325
-0.007368699999998896
-0.010959950000000163
-0.014551199999999653
-0.015748450000000247
-0.016945699999999064
-0.02652219999999872
-0.03609870000000015
-0.03849319999999956
-0.04088769999999897
-0.0313106999999988
-0.02173370000000041
-0.02364910000000009
-0.025564499999999768
-0.027479899999999446
-0.029395299999999125
-0.0313106999999988
-0.024128199999999822
-0.016945699999999064
-0.014551199999999653
-0.012156700000000242
-0.016945699999999064
-0.007368699999998896
-0.002580699999999325
-0.002580699999999325
-0.002580699999999325
-0.007368700000000672
-0.012156700000000242
-0.01534903333333304
-0.018541366666667614
-0.02173370000000041
-0.02173370000000041
-0.02173370000000041
-0.02173370000000041
-0.02173370000000041
-0.02173370000000041
-0.004974199999999485
-0.008565449999998975
-0.012156700000000242
-0.016945699999999064
-0.009763199999998307
-0.002580699999999325
-0.004974699999998222
-0.007368699999998896
-0.007368699999998896
-0.007368699999998896
-0.006411099999999337
-0.005453499999999778
-0.004495899999998443
-0.003538299999998884
-0.002580699999999325
-0.012156700000000242
-0.016945366666666573
-0.021734033333332903
-0.026522699999999233
-0.016945200000000327
-0.028916450000000538
-0.04088769999999897
-0.03370519999999999
-0.026522699999999233
-0.02771969999999868
-0.028916699999999906
-0.030113699999999355
-0.0313106999999988
-0.026522699999999233
-0.02692169999999905
-0.027320699999998865
-0.02771969999999868
-0.028118700000000274
-0.02851770000000009
-0.028916699999999906
-0.014551199999999653
-0.00856594999999949
-0.002580699999999325
-0.009763199999998307
-0.016945699999999064
-0.02652219999999872
-0.03609870000000015
-0.03226809999999958
-0.028437499999999005
-0.02460690000000021
-0.020776299999999637
-0.016945699999999064
-0.0313106999999988
-0.019339699999999738
-0.007368699999998896
-0.007368700000000672
-0.007368700000000672
-0.007368699999998896
-0.007368699999998896
-0.009762699999999569
-0.012156700000000242
-0.02652219999999872
-0.04088769999999897
-0.0313106999999988
-0.02173370000000041
-0.02460669999999965
-0.027479700000000662
-0.0303526999999999
-0.03322570000000091
-0.03609870000000015
-0.03609870000000015
-0.03609870000000015
-0.021733699999998635
-0.007368699999998896
-0.03609870000000015
-0.026522699999999233
-0.02173419999999915
-0.016945699999999064
-0.014551449999999022
-0.01215719999999898
-0.009762949999998938
-0.007368700000000672
-0.00497445000000063
-0.0025802000000005876
-0.0001859500000005454
0.0022082999999994968
-0.016945699999999064
-0.020536949999998555
-0.024128199999999822
-0.027719449999999313
-0.0313106999999988
-0.028118366666666006
-0.012156700000000242
-0.02173370000000041
-0.019339699999999738
-0.016945699999999064
-0.015030299999999386
-0.013114899999999707
-0.011199500000000029
-0.00928410000000035
-0.007368700000000672
-0.005453299999999217
-0.0035378999999995386
-0.0016224999999998602
0.0002928999999998183
0.0022082999999994968
-0.007368700000000672
-0.016945699999999064
-0.021734033333332903
-0.03609870000000015
-0.016945699999999064
-0.019339699999999738
-0.02173370000000041
-0.02412786666666733
-0.02652203333333425
-0.02891620000000117
-0.03131036666666631
-0.03370453333333323
-0.03609870000000015
-0.007368699999998896
-0.007368699999998896
-0.007368699999998896
-0.007368699999998896
0.0022082999999994968
-0.02173419999999915
-0.026522699999999233
-0.028916699999999906
-0.0313106999999988
-0.0313106999999988
-0.0313106999999988
-0.030352999999998076
-0.029395299999999125
-0.028437600000000174
-0.027479899999999446
-0.02652219999999872
-0.025564499999999768
-0.024606800000000817
-0.02364910000000009
-0.022691399999999362
-0.02173370000000041
-0.019339699999999738
-0.016945699999999064
-0.019339699999999738
-0.02173394999999978
-0.024128199999999822
-0.02053695000000033
-0.016945699999999064
-0.018142699999998513
-0.019339699999999738
-0.020536700000000963
-0.02173370000000041
-0.016945699999999064
-0.0313106999999988
-0.021733699999998635
-0.012156700000000242
-0.012156700000000242
-0.014551033333333407
-0.016945366666666573
-0.019339699999999738
-0.021734033333332903
-0.024128366666666068
-0.026522699999999233
-0.026522699999999233
-0.007368699999998896
-0.008326299999998454
-0.00928389999999979
-0.010241499999999348
-0.011199100000000684
-0.012156700000000242
-0.024128199999999822
-0.016945699999999064
-0.02652219999999872
-0.03609870000000015
-0.02652219999999872
-0.016945699999999064
-0.022691699999999315
-0.028437699999999566
-0.03418369999999982
-0.03992970000000007
-0.04567570000000032
-0.019339699999999738
-0.020776299999999637
-0.022212899999999536
-0.023649499999999435
-0.025086099999999334
-0.026522699999999233
-0.016945699999999064
-0.009763199999998307
-0.002580699999999325
-0.016945699999999064
-0.02652219999999872
-0.03609870000000015
-0.03969019999999901
-0.043281699999999645
-0.04687320000000028
-0.05046469999999914
-0.016945699999999064
-0.016945699999999064
-0.016945699999999064
-0.016945699999999064
-0.016945699999999064
-0.016945699999999064
-0.016945699999999064
-0.019339699999999738
-0.02173370000000041
-0.004974699999998222
-0.016945699999999064
-0.02891669999999813
-0.04088769999999897
-0.1270787000000002
-0.06722369999999955
-0.007368699999998896
0.0022082999999994968
0.03253463333333251
0.0628609666666673
0.0931873000000003
0.00939029999999974
-0.07440669999999905
-0.09236319999999942
-0.1103196999999998
-0.12827620000000017
-0.14623270000000055
-0.11654449999999983
-0.08685630000000089
-0.057168100000000166
-0.027479900000001223
0.0022082999999994968
0.003804300000000538
-0.08797320000000042
-0.1797506999999996
-0.1280360999999992
-0.07632149999999882
-0.02460690000000021
0.02710770000000018
0.07882230000000057
0.1554373000000009
0.13508655000000047
0.11473580000000183
0.09438505000000141
0.074034300000001
0.05368355000000058
0.03333280000000016
0.012982050000001522
-0.007368699999998896
-0.1605977000000003
0.07882230000000057
0.03381129999999999
-0.01119970000000059
-0.05621069999999939
-0.10122169999999997
-0.14623270000000055
-0.0660267000000001
0.014179300000000339
0.1506483000000003
-0.21326969999999967
-0.2850956999999994
0.0692453000000004
0.14107130000000012
0.21289729999999984
0.09558179999999972
-0.02173370000000041
-0.05884394999999998
-0.09595420000000132
-0.1330644500000009
-0.17017470000000046
-0.12297470000000033
-0.0757747000000002
-0.028574700000000064
0.018625300000000067
0.0658253000000002
0.11302530000000033
0.16022530000000046
-0.014551700000000167
-0.08757470000000112
-0.1605977000000003
0.14107130000000012
-0.20608769999999943
-0.0756036999999985
0.05488030000000066
0.05907017500000045
0.06326005000000023
0.06744992500000002
0.07163979999999981
0.07582967500000137
0.08001955000000116
0.08420942500000095
0.08839930000000074
-0.01854169999999833
-0.07440669999999905
-0.08398349999999866
-0.09356029999999826
-0.10313709999999965
-0.11271389999999926
-0.12229069999999886
0.23683929999999975
0.2152915499999999
0.19374380000000002
0.17219605000000016
0.1506483000000003
0.040515049999999775
-0.06961820000000074
-0.05285870000000159
-0.036099200000000664
-0.019339699999999738
-0.0025802000000005876
-0.028916450000000538
-0.05525270000000049
0.18895529999999994
0.06365896666666693
-0.06163736666666786
-0.18693370000000087
-0.06482936666666639
0.057274966666666316
0.1793793000000008
0.057274800000001846
-0.06482969999999888
-0.1127136999999987
-0.1605977000000003
-0.2084817000000001
-0.2563656999999999
0.11234130000000064
0.05966880000000074
0.0069963000000008435
-0.29467269999999957
-0.15102070000000012
-0.007368699999998896
0.016573300000001012
0.04051530000000092
-0.0017821999999991789
-0.04407969999999928
-0.08637719999999938
-0.12867469999999948
-0.17097219999999957
-0.21326969999999967
-0.02173370000000041
0.13149530000000098
-0.12229069999999886
-0.11590614444444292
-0.10952158888888697
-0.1031370333333328
-0.09675247777777685
-0.0903679222222209
-0.08398336666666495
-0.07759881111111078
-0.07121425555555483
-0.06482969999999888
-0.032906699999999844
-0.007368699999998896
-0.06004070000000006
-0.013753033333333775
0.032534633333334284
0.07882230000000057
0.05830058571428687
0.03777887142857139
0.017257157142857693
-0.003264557142856006
-0.023786271428569705
-0.04430798571428518
-0.06482969999999888
0.028544300000000078
-0.06961819999999896
-0.034902324999999124
-0.00018644999999928302
0.03452942500000056
0.0692453000000004
-0.004974699999999999
-0.0791947000000004
-0.0791947000000004
-0.0791947000000004
0.05488030000000066
-0.04088769999999897
-0.0313106999999988
-0.005772699999999631
0.019765300000001318
0.04530330000000049
0.038918855555555965
0.03253441111111144
0.026149966666666913
0.019765522222222387
0.013381077777777861
0.006996633333333335
0.0006121888888888094
-0.0057722555555557165
-0.012156700000000242
-0.04567570000000032
-0.03753539999999944
-0.02939510000000034
-0.02125480000000124
-0.013114500000000362
-0.004974199999999485
0.0031660999999996164
0.011306399999998717
0.019446699999999595
0.027587000000000472
0.03572729999999957
-0.0313106999999988
-0.02891620000000117
0.016573300000001012
-0.020138033333333638
0.014179300000000339
-0.02173370000000041
-0.01933945000000037
-0.016945200000000327
-0.014550950000000284
-0.012156700000000242
-0.007368366666666404
-0.0025800333333343417
0.0022082999999994968
-0.02652219999999872
0.0022082999999994968
-0.003606200000000115
-0.009420699999999727
-0.015235199999999338
-0.021049700000000726
-0.026864200000000338
-0.03267869999999995
-0.03849319999999956
0.011785299999999665
-0.016945699999999064
-0.01215719999999898
-0.007368699999998896
0.0022082999999994968
0.011785299999999665
-0.004974199999999485
-0.02173370000000041
-0.02891620000000117
-0.03609870000000015
-0.024127700000001084
-0.012156700000000242
-0.02891620000000117
-0.04567570000000032
-0.03609870000000015
-0.024127700000001084
-0.012156700000000242
-0.019339699999999738
-0.026522699999999233
-0.028118699999998498
-0.02971469999999954
-0.0313106999999988
-0.027479899999999446
-0.02364910000000009
-0.019818299999998956
-0.0159874999999996
-0.012156700000000242
-0.004974199999999485
-0.008964699999999937
-0.012955199999998612
-0.016945699999999064
-0.01868688181818179
-0.020428063636362737
-0.02216924545454546
-0.02391042727272641
-0.025651609090909133
-0.02739279090909008
-0.029133972727272806
-0.030875154545453753
-0.03261633636363648
-0.034357518181817426
-0.03609870000000015
-0.016945699999999064
-0.0313106999999988
-0.021733699999998635
0.0022082999999994968
0.0022082999999994968
0.0022082999999994968
0.0022082999999994968
0.0022082999999994968
0.0022082999999994968
-0.0025802000000005876
-0.01814270000000029
-0.03370519999999999
-0.03609870000000015
-0.03450269999999911
-0.032906699999999844
-0.0313106999999988
-0.02173370000000041
-0.02173370000000041
-0.02173370000000041
-0.02173370000000041
-0.02173370000000041
-0.02173370000000041
-0.02173370000000041
-0.02173370000000041
-0.019339699999999738
-0.016945699999999064
-0.0313106999999988
-0.007368699999998896
-0.028916699999999906
-0.030113699999999355
-0.0313106999999988
-0.0313106999999988
-0.0313106999999988
-0.0313106999999988
-0.033704949999998846
-0.03609919999999889
-0.03849344999999893
-0.04088769999999897
-0.03370519999999999
-0.026522699999999233
