0.008592552444444457
0.007794489111111136
0.003006049111111131
0.00619832244444446
0.009390595777777844
0.012582869111111172
0.012582869111111172
0.017371269111111143
0.02215966911111117
0.02215966911111117
0.0173712691111112
0.012582869111111172
0.013380935777777825
0.014179002444444477
0.014977069111111185
0.015775135777777838
0.01657320244444449
0.017371269111111143
0.007794489111111136
0.02215966911111117
0.0173712691111112
0.012582869111111172
0.005400259111111194
-0.0017823508888888395
0.012582859111111122
0.02694806911111114
0.025351935777777834
0.023755802444444474
0.02215966911111117
0.02056353577777781
0.018967402444444503
0.017371269111111143
0.015775135777777838
0.014179002444444477
0.012582869111111172
0.0237558157777778
0.007794489111111136
0.008393036611111127
0.008991584111111117
0.009590131611111163
0.010188679111111154
0.010787226611111145
0.011385774111111191
0.011984321611111182
0.012582869111111172
0.01417900911111114
0.013912985777777831
0.013646962444444466
0.013380939111111156
0.013114915777777847
0.012848892444444482
0.012582869111111172
0.024553869111111126
0.02295773577777782
0.02136160244444446
0.019765469111111156
0.020962569111111162
0.02215966911111117
0.022758219111111144
0.023356769111111175
0.02395531911111115
0.024553869111111126
0.025152419111111157
0.025750969111111133
0.026349519111111164
0.02694806911111114
0.007794489111111136
0.007794489111111136
0.007794489111111136
0.007794489111111136
0.015775129111111175
0.012582869111111172
0.031736469111111165
0.024553869111111126
0.017371269111111143
0.012582879111111112
0.007794489111111136
0.010188679111111154
0.012582869111111172
0.012582869111111172
0.012582869111111172
0.012582869111111172
0.012582869111111172
0.012582869111111172
0.012582869111111172
0.02215966911111117
0.020962569111111162
0.019765469111111156
0.01856836911111115
0.017371269111111143
0.014977069111111185
0.007794489111111136
0.01976547911111115
0.031736469111111165
0.024553869111111126
0.017371269111111143
0.016174169111111136
0.014977069111111185
0.013779969111111179
0.012582869111111172
0.017371269111111143
0.02694806911111114
0.023755802444444474
0.02056353577777781
0.017371269111111143
0.007794489111111136
0.010188679111111154
0.012582869111111172
0.010188679111111154
0.007794489111111136
0.012582879111111112
0.017371269111111143
0.015775135777777838
0.014179002444444477
0.012582869111111172
0.0173712691111112
0.02215966911111117
0.0173712691111112
0.012582869111111172
0.012582869111111172
0.01078721661111115
0.008991564111111128
0.007195911611111161
0.005400259111111139
0.01138576411111114
0.017371269111111143
0.012582869111111172
0.007794459111111152
0.003006049111111131
0.008991554111111133
0.014977059111111135
0.020962564111111137
0.02694806911111114
0.02694806911111114
0.02694806911111114
0.025351935777777834
0.023755802444444474
0.02215966911111117
0.014977079111111125
0.007794489111111136
0.02215966911111117
0.02056353577777781
0.018967402444444503
0.017371269111111143
0.014977069111111185
0.012582869111111172
0.017371269111111143
0.02215966911111117
0.02694806911111114
0.02508591466666671
0.02322376022222228
0.021361605777777792
0.019499451333333362
0.01763729688888893
0.0157751424444445
0.012582869111111172
0.02694806911111114
0.023755802444444474
0.02056353577777781
0.017371269111111143
0.003006049111111131
0.006357933111111158
0.00970981711111113
0.013061701111111157
0.01641358511111113
0.019765469111111156
0.01856836911111115
0.017371269111111143
0.01856836911111115
0.019765469111111156
0.020962569111111162
0.02215966911111117
0.017371269111111143
0.017371269111111143
0.003006049111111131
0.010188659111111109
0.017371269111111143
0.019765469111111156
0.02215966911111117
0.023356769111111175
0.024553869111111126
0.025750969111111133
0.02694806911111114
0.02694806911111114
0.02694806911111114
0.017371269111111143
0.012582869111111172
0.012582869111111172
0.012582869111111172
0.012582869111111172
0.012582869111111172
0.031736469111111165
0.04131328911111115
0.015775135777777838
-0.009763017555555531
-0.035301170888888844
-0.0001862075555554843
0.03492875577777782
0.07004371911111118
0.05860475188888897
0.04716578466666671
0.0357268174444445
0.024287850222222296
0.012848883000000033
0.001409915777777826
0.060466889111111144
0.019765469111111156
-0.020935950888888832
0.01018866911111116
0.04131328911111115
0.04610168911111118
0.014179002444444477
-0.017743684222222167
-0.04966637088888887
-0.033705025055555504
-0.017743679222222197
-0.0017823333888888904
0.014179012444444472
0.03439671466666672
0.054614416888888906
0.07483211911111115
0.0006118641111111378
-0.07360839088888882
0.01018866911111116
0.09398572911111117
0.03652488911111118
-0.020935950888888832
-0.006570742888888814
0.0077944651111111485
0.022159673111111167
0.03652488111111113
0.05089008911111115
-0.08318519088888887
-0.03889246088888887
0.005400269111111133
0.049692999111111136
0.09398572911111117
-0.00657075088888881
0.04610168911111118
0.09877412911111116
0.01018866911111116
-0.07839679088888885
-0.036897297555555486
0.004602195777777818
0.04610168911111118
0.026948075777777858
0.007794462444444483
-0.011359150888888836
-0.0033784775555554813
0.004602195777777818
0.012582869111111172
0.10356252911111116
0.08321181161111116
0.06286109411111118
0.04251037661111118
0.022159659111111174
0.00180894161111117
-0.018541775888888834
-0.03889249338888884
-0.05924321088888884
0.02814517411111117
0.01826909286111117
0.008393011611111167
-0.0014830696388888343
-0.011359150888888836
-0.011359150888888836
-0.011359150888888836
-0.011359150888888836
-0.011359150888888836
-0.0073688158888888244
-0.003378480888888813
0.0006118541111111431
0.004602189111111155
0.07004371911111118
0.029342284111111172
-0.011359150888888836
0.0006118591111111682
0.012582869111111172
0.010720711888888956
0.00885855466666674
0.006996397444444524
0.005134240222222308
0.0032720830000000367
0.0014099257777778207
-0.00045223144444439534
-0.0023143886666666114
-0.004176545888888827
0.03173647577777783
0.03652487800000004
0.04131328022222225
0.04610168244444446
0.050890084666666724
0.055678486888888934
0.060466889111111144
0.014178995777777814
-0.032108897555555516
-0.07839679088888885
0.07962051911111115
-0.0065707508888888655
0.011385766611111126
0.029342284111111172
-0.035301170888888844
0.02215967411111114
0.07962051911111115
0.03891908411111117
-0.0017823508888888395
0.031736469111111165
0.06525528911111117
0.005400259111111194
-0.05445477088888884
-0.023330148388888805
0.0077944741111111715
0.03891909661111115
0.07004371911111118
0.007794489111111136
0.015775152444444496
0.0237558157777778
0.03173647911111116
-0.013753365888888869
-0.05924321088888884
0.03413066911111118
0.12750454911111114
0.02694807911111119
-0.07360839088888882
0.003006064111111151
0.07962051911111115
0.019765474111111125
-0.04008957088888887
-0.031709865888888855
-0.02333016088888884
-0.01495045588888888
-0.0065707508888888655
0.12750454911111114
-0.09276201088888886
0.0006118591111111682
0.09398572911111117
0.01018866911111116
-0.07360839088888882
-0.008964950888888823
0.055678489111111173
0.0604668891111112
0.06525528911111117
-0.0161475608888888
-0.09755041088888883
-0.0752045283888888
-0.05285864588888883
-0.030512763388888864
-0.008166880888888839
0.014179001611111186
0.036524884111111156
0.08440891911111115
-0.0065707508888888655
-0.00923097533333328
-0.01189119977777775
-0.014551424222222165
-0.017211648666666635
-0.01987187311111105
-0.02253209755555552
-0.025192321999999934
-0.027852546444444404
-0.03051277088888882
0.07962051911111115
0.022159669111111113
-0.07839679088888885
-0.05206057255555552
-0.02572435422222219
0.0006118641111111378
0.026948082444444466
0.05328430077777779
0.07962051911111115
0.041313284111111126
0.003006049111111131
0.04131328911111115
0.007794489111111136
-0.04487797088888884
0.12271614911111114
0.09278862786111114
0.06286110661111116
0.03293358536111113
0.003006064111111151
-0.01774369422222216
-0.03849345255555553
-0.05924321088888884
0.05567849411111114
-0.11191561088888885
-0.030512757555555492
0.05089009577777781
0.13229294911111114
0.029342279111111147
-0.07360839088888882
0.007794459111111152
0.08919730911111115
0.05328428911111116
0.017371269111111143
0.017969819111111174
0.01856836911111115
0.019166919111111125
0.019765469111111156
-0.04966637088888887
-0.016147548388888877
0.017371274111111168
0.05089009661111116
0.08440891911111115
0.049293962444444506
0.014179005777777809
-0.020935950888888832
0.031736469111111165
0.04131328911111115
-0.0017823508888888395
0.004801704111111138
0.011385759111111171
0.01796981411111115
0.024553869111111126
0.03113792411111116
0.03772197911111114
0.04430603411111117
0.05089008911111115
-0.05924321088888884
0.017371259111111148
0.09398572911111117
0.05248622911111117
0.010986729111111204
-0.03051277088888882
-0.0017823442222221764
0.06046690244444447
0.12271614911111114
0.09056544053968257
0.058414731968253975
0.02626402339682543
-0.005886685174603112
-0.03803739374603171
-0.07018810231746031
-0.10233881088888885
0.01976547411111118
0.012582869111111172
0.10835093911111116
-0.11670401088888882
-0.08198808963888882
-0.04727216838888881
-0.012556247138888865
0.02215967411111114
0.028145177861111148
0.03413068161111116
0.04011618536111117
0.04610168911111118
0.07962051911111115
-0.10233881088888885
-0.03530116422222218
0.03173648244444449
0.09877412911111116
-0.04966637088888887
-0.008964950888888823
0.031736469111111165
0.05089009411111117
0.07004371911111118
0.04678575768253973
0.023527796253968336
0.0002698348253968863
-0.022988126603174563
-0.04624608803174601
-0.06950404946031741
-0.09276201088888886
0.019765474111111125
0.03173647911111116
0.04370748411111114
0.055678489111111173
0.04131328911111115
-0.05924321088888884
0.07004371911111118
0.04610169577777784
0.0221596724444445
-0.0017823508888888395
0.04131328911111115
0.02694807911111119
0.012582869111111172
0.010188679111111154
0.007794489111111136
0.024553889111111116
0.04131328911111115
0.033651845111111134
0.025990401111111117
0.018328957111111155
0.010667513111111138
0.0030060691111111204
0.04610168911111118
0.024553869111111126
0.003006049111111131
0.024553869111111126
0.04610168911111118
0.02694808911111113
0.007794489111111136
0.010188679111111154
0.012582869111111172
0.013950983396825434
0.01531909768253975
0.016687211968254012
0.01805532625396833
0.01942344053968259
0.020791554825396907
0.02215966911111117
0.02694806911111114
0.019765469111111156
0.003006049111111131
0.012582859111111122
0.02215966911111117
0.0173712691111112
0.012582869111111172
0.02694806911111114
0.023356769111111175
0.019765469111111156
0.016174169111111136
0.012582869111111172
0.013540549111111189
0.01449822911111115
0.015455909111111166
0.016413589111111182
0.0173712691111112
0.01832894911111116
0.019286629111111175
0.02024430911111119
0.021201989111111152
0.02215966911111117
0.017371269111111143
0.02056354244444447
0.014977069111111185
0.010667505111111197
0.006357941111111154
0.002048377111111166
-0.0022611868888888775
-0.0065707508888888655
-0.004176544222222189
-0.0017823375555555132
0.0006118691111111074
0.0030060757777777836
0.00540028244444446
0.007794489111111136
0.0173712691111112
0.016772718277777876
0.0161741674444445
0.015575616611111176
0.014977065777777854
0.014378514944444476
0.013779964111111154
0.013181413277777831
0.012582862444444454
0.011984311611111131
0.01138576077777781
0.010787209944444431
0.010188659111111109
0.019765469111111156
0.01856836911111115
0.017371269111111143
0.012582869111111172
0.02215966911111117
0.025351935777777834
0.0285442024444445
0.031736469111111165
0.029342269111111152
0.02694806911111114
0.023755802444444474
0.02056353577777781
0.017371269111111143
0.014179002444444477
0.010986735777777812
0.007794469111111146
0.02215966911111117
0.019765469111111156
0.017371269111111143
0.012582879111111112
0.007794489111111136
0.007794489111111136
0.007794489111111136
0.004602209111111144
0.0014099291111111523
-0.0017823508888888395
0.0018089541111111496
0.005400259111111194
0.008991564111111183
0.012582869111111172
0.005400269111111133
0.008393019111111122
0.01138576911111111
0.014378519111111154
0.017371269111111143
0.017371269111111143
0.012582869111111172
0.0173712691111112
0.02215966911111117
0.0173712691111112
0.012582869111111172
0.010188679111111154
0.007794489111111136
0.008752165111111154
0.009709841111111173
0.010667517111111136
