0.014977079111111125
0.017371275777777806
0.019765472444444487
0.02215966911111117
0.012582869111111172
0.02694806911111114
0.02215966911111117
0.007794489111111136
0.009590134111111148
0.01138577911111116
0.013181424111111173
0.014977069111111185
0.017071994111111155
0.01916691911111118
0.021261844111111206
0.023356769111111175
0.025451694111111145
0.02754661911111117
0.029641544111111195
0.031736469111111165
0.012582879111111112
0.017371269111111143
0.012582879111111112
0.007794489111111136
0.010188679111111154
0.012582869111111172
0.010188679111111154
0.007794489111111136
0.012582879111111112
0.017371269111111143
0.017371269111111143
0.017371269111111143
0.017371269111111143
0.017371269111111143
0.017371269111111143
0.017371269111111143
0.017371269111111143
0.007794489111111136
0.012582879111111112
0.017371269111111143
0.02694806911111114
0.007794489111111136
0.012582879111111112
0.017371269111111143
0.012582879111111112
0.007794489111111136
0.022159689111111158
0.03652488911111118
0.0357268191111112
0.03492874911111116
0.03413067911111117
0.03333260911111119
0.03253453911111115
0.031736469111111165
0.02814517077777784
0.024553872444444513
0.020962574111111132
0.017371275777777806
0.01377997744444448
0.010188679111111154
-0.0017823508888888395
0.01896740244444456
0.02295773577777782
0.02694806911111114
0.025032709111111162
0.02311734911111113
0.021201989111111152
0.01928662911111112
0.017371269111111143
0.017371269111111143
0.012582869111111172
0.003006049111111131
0.012582859111111122
0.02215966911111117
0.012582869111111172
0.014977069111111185
0.017371269111111143
0.012582879111111112
0.007794489111111136
0.009846657682539728
0.011898826253968264
0.013950994825396856
0.01600316339682545
0.01805533196825404
0.020107500539682577
0.02215966911111117
0.018967402444444448
0.017371269111111143
0.015775135777777782
0.014179002444444477
0.012582869111111172
0.007794489111111136
0.02215966911111117
0.02168082911111119
0.021201989111111152
0.020723149111111172
0.020244309111111136
0.019765469111111156
0.019286629111111175
0.01880778911111114
0.01832894911111116
0.017850109111111123
0.017371269111111143
0.022159669111111113
0.007794459111111152
0.007794489111111136
0.007794481611111126
0.007794474111111116
0.007794466611111162
0.007794459111111152
0.017371269111111143
0.014977069111111185
0.012582869111111172
0.013380935777777825
0.014179002444444477
0.014977069111111185
0.015775135777777838
0.01657320244444449
0.017371269111111143
0.014977069111111185
0.012582869111111172
0.0173712691111112
0.02215966911111117
0.007794489111111136
0.008991586611111102
0.010188684111111124
0.011385781611111145
0.012582879111111112
0.007794489111111136
0.007794489111111136
0.007794489111111136
0.007794489111111136
0.007794489111111136
0.007794489111111136
0.007794489111111136
0.007794489111111136
0.007794489111111136
0.010188679111111154
0.017371269111111143
0.003006049111111131
0.02694806911111114
0.024553869111111126
0.02215966911111117
0.02215966911111117
0.02215966911111117
0.0173712691111112
0.012582869111111172
0.011625193111111154
0.010667517111111136
0.009709841111111173
0.008752165111111154
0.007794489111111136
0.014977069111111185
0.01856836911111115
0.02215966911111117
0.02215966911111117
0.02215966911111117
0.019765469111111156
0.017371269111111143
0.017371269111111143
0.017371269111111143
0.012582879111111112
0.007794489111111136
0.010188685777777817
0.012582882444444499
0.014977079111111125
0.017371275777777806
0.019765472444444487
0.02215966911111117
0.003006049111111131
0.014977069111111185
0.015276344111111173
0.01557561911111116
0.01587489411111115
0.016174169111111136
0.01647344411111118
0.016772719111111167
0.017071994111111155
0.017371269111111143
0.02215966911111117
0.007794489111111136
0.008991584111111117
0.010188679111111154
0.011385774111111191
0.012582869111111172
0.014977079111111125
0.02694806911111114
0.025152419111111157
0.023356769111111175
0.021561119111111138
0.019765469111111156
0.017969819111111174
0.016174169111111136
0.014378519111111154
0.012582869111111172
0.012582869111111172
0.012582869111111172
0.014977069111111185
0.014977069111111185
0.0173712691111112
0.019765469111111156
0.02215966911111117
0.017371269111111143
0.014977069111111185
0.012582869111111172
0.017371269111111143
0.017371269111111143
0.018739383396825404
0.02010749768253972
0.021475611968253983
0.0228437262539683
0.02421184053968256
0.025579954825396878
0.02694806911111114
0.012582869111111172
0.014179002444444477
0.015775135777777838
0.017371269111111143
0.018967402444444503
0.02056353577777781
0.02215966911111117
0.007794489111111136
0.01976547911111115
0.031736469111111165
0.007794489111111136
-0.0065707508888888655
0.01577512911111112
0.03812100911111116
0.060466889111111144
0.04993240911111113
0.03939792911111112
0.02886344911111116
0.01832896911111115
0.007794489111111136
-0.05445477088888884
0.07004371911111118
-0.011359150888888836
-0.018541760888888814
-0.025724370888888848
0.04610168411111115
0.11792773911111115
-0.09276201088888886
-0.016147560888888857
0.060466889111111144
0.03413068911111117
0.007794489111111136
-0.000824642888888838
-0.009443774888888867
-0.01806290688888884
-0.02668203888888887
-0.035301170888888844
0.10835093911111116
-0.05445477088888884
-0.017743684222222167
0.018967402444444503
0.055678489111111173
0.012582869111111172
-0.011359150888888836
-0.035301170888888844
0.11792773911111115
0.0668514357777778
0.015775132444444506
-0.035301170888888844
-0.02732049755555549
-0.01933982422222219
-0.011359150888888836
-0.0033784775555554813
0.004602195777777818
0.012582869111111172
0.020563542444444527
0.028544215777777826
0.03652488911111118
0.04610168911111118
-0.05924321088888884
0.04849589411111116
0.028145191611111176
0.007794489111111136
0.007794459111111152
0.016573197444444465
0.025351935777777834
0.03413067411111115
0.04290941244444446
0.05168815077777783
0.060466889111111144
0.031736469111111165
0.01976547911111115
-0.01016204588888886
-0.04008957088888887
-0.009763017555555531
0.02056353577777781
0.05089008911111115
0.02215966911111117
0.0194994446666667
0.016839220222222284
0.014178995777777814
0.0115187713333334
0.00885854688888893
0.006198322444444515
0.003538098000000045
0.0008778735555556305
-0.0017823508888888395
0.02056353577777781
0.01896740044444445
0.017371265111111145
0.015775129777777785
0.014178994444444482
0.012582859111111122
0.012582859111111122
0.025750966611111148
0.038919074111111174
0.052087181611111144
0.06525528911111117
0.05527945244444454
0.04530361577777786
0.03532777911111118
0.025351942444444553
-0.002580414222222105
-0.03051277088888882
-0.017743691722222177
-0.00497461255555548
0.007794466611111162
0.020563545777777803
0.0333326249444445
0.04610170411111114
0.029342286611111157
0.012582869111111172
0.02215966911111117
-0.04966637088888887
-0.01375334588888888
0.022159679111111164
0.05807270411111115
0.09398572911111117
0.07195907311111116
0.04993241711111118
0.02790576111111115
0.005879105111111116
-0.016147550888888862
0.03652488911111118
0.007794489111111136
-0.016147540888888867
-0.04008957088888887
0.031736484111111185
0.029342280361111195
0.02694807661111115
0.024553872861111103
0.022159669111111113
-0.001782350888888895
-0.025724370888888848
0.02694806911111114
0.07962050911111113
0.13229294911111114
0.026948079111111134
-0.07839679088888885
0.07483211911111115
0.031736484111111185
-0.011359150888888836
-0.018541760888888814
-0.025724370888888848
0.05567849411111114
0.13708135911111116
0.10493064911111116
0.07277993911111114
0.040629229111111165
0.008478519111111193
-0.023672190888888833
-0.05582290088888886
-0.08797361088888883
0.07483211911111115
-0.025724370888888848
0.018568366611111164
0.06286110411111112
-0.10712721088888882
-0.016147545888888837
0.07483211911111115
-0.020935950888888832
-0.011359150888888836
-0.0017823508888888395
0.017371264111111173
0.03652487911111113
0.05567849411111114
0.07483210911111116
0.09398572411111117
0.11313933911111115
-0.0017823358888888197
-0.11670401088888882
-0.09276199463888884
-0.06881997838888881
-0.04487796213888884
-0.020935945888888807
0.0030060703611111683
0.026948086611111144
0.050890102861111175
0.07483211911111115
0.003006059111111181
-0.006570740888888815
0.007794469111111202
0.022159679111111164
0.03652488911111118
0.0508900991111112
0.06525530911111116
0.07962051911111118
0.09398572911111117
0.048495889111111135
0.003006049111111131
0.08919730911111115
-0.11191561088888885
0.038919089111111194
0.03652488911111118
0.05567850411111119
0.07483211911111115
0.009390599111111175
-0.056050920888888855
-0.12149244088888883
-0.016147565888888826
0.08919730911111115
-0.035301170888888844
-0.014551424222222165
0.00619832244444446
0.02694806911111114
0.060466889111111144
-0.018541760888888814
-0.09755041088888883
0.08919730911111115
0.029342269111111152
-0.03051277088888882
-0.012955290888888804
0.004602189111111155
0.02215966911111117
0.01689242811111119
0.011625187111111157
0.006357946111111179
0.0010907051111111454
-0.004176535888888833
0.007794471968254002
0.019765479825396892
0.03173648768253973
0.04370749553968256
0.05567850339682545
0.06764951125396829
0.07962051911111115
0.007794459111111152
-0.008964945888888853
0.03293358661111112
0.07483211911111115
0.03413068411111114
-0.0065707508888888655
-0.005613069222222211
-0.004655387555555501
-0.003697705888888847
-0.0027400242222221927
-0.0017823425555555383
-0.0008246608888888285
0.00013302077777782584
0.0010907024444444802
0.00204838411111119
0.0030060657777778443
0.034928742444444494
0.016573195777777827
-0.0017823508888888395
0.012582859111111122
0.02694806911111114
0.02215967411111114
0.017371279111111138
0.012582884111111137
0.007794489111111136
0.013779984111111143
0.01976547911111115
0.025750974111111158
0.031736469111111165
0.031736469111111165
-0.011359150888888836
-0.05445477088888884
0.05089008911111115
0.04610168911111118
0.04131328911111115
0.03652488911111118
0.025351942444444497
0.014178995777777814
0.003006049111111131
0.0020483691111111146
0.0010906891111111539
0.00013300911111113756
-0.0008246708888888232
-0.0017823508888888395
0.025351942444444497
0.02322376355555561
0.021095584666666722
0.018967405777777835
0.016839226888888947
0.01471104800000006
0.012582869111111172
-0.004176540888888858
-0.020935950888888832
-0.005613062888888853
0.009709825111111181
0.02503271311111116
0.040355601111111195
0.055678489111111173
-0.0017823508888888395
0.02215966911111117
0.031736469111111165
0.022159662444444506
0.01258285577777779
0.003006049111111131
0.03652488911111118
0.0173712691111112
-0.0017823508888888395
0.010188659111111165
0.02215966911111117
0.03173647911111116
0.04131328911111115
0.025351942444444497
0.009390595777777788
-0.0065707508888888655
0.02215966911111117
0.025351935777777834
0.0285442024444445
0.031736469111111165
0.003006049111111131
0.022159669111111113
0.04131328911111115
0.017371269111111143
-0.0065707508888888655
0.031736469111111165
0.023755809111111137
0.015775149111111164
0.007794489111111136
0.01178481577777779
0.0157751424444445
0.019765469111111156
0.017371269111111143
0.014977069111111185
0.012582869111111172
0.011385766611111181
0.01018866411111119
0.008991561611111143
0.007794459111111152
0.00659735661111116
0.0054002541111111135
0.004203151611111122
0.003006049111111131
0.019765469111111156
0.017371279111111138
0.01976547411111118
0.02215966911111117
0.017371275777777806
0.012582882444444499
0.007794489111111136
-0.0065707508888888655
0.012582859111111122
0.031736469111111165
0.023755809111111137
0.015775149111111164
0.007794489111111136
0.031736469111111165
0.02215966911111117
0.03173647911111116
0.04131328911111115
0.03652488244444446
0.03173647577777783
0.02694806911111114
0.024075029111111146
0.021201989111111152
0.01832894911111116
0.015455909111111166
0.012582869111111172
0.02694806911111114
0.031736469111111165
0.02215966911111117
0.012582869111111172
0.010530694825396869
0.008478520539682621
0.006426346253968318
0.004374171968254015
0.0023219976825397115
0.00026982339682546375
-0.0017823508888888395
0.014977069111111185
0.02694806911111114
0.028145169111111146
0.029342269111111152
0.03053936911111116
