-0.0004788369999999542
-0.004070141999999943
-0.0016759419999999858
0.0007182580000000272
0.00790086800000006
0.015083478000000039
0.007900868000000005
0.0007182580000000272
0.007102798000000021
0.013487338000000071
0.019871878000000065
0.005506658000000053
0.006464342000000067
0.0074220260000000815
0.00837971000000004
0.009337394000000054
0.010295078000000069
0.010295078000000069
-0.004070141999999943
0.015083478000000039
0.015083478000000039
0.015083478000000039
0.01189120466666671
0.008698931333333382
0.005506658000000053
0.005506658000000053
0.00790086800000006
0.010295078000000069
0.010295078000000069
0.010295078000000069
0.010295078000000069
0.010295078000000069
0.010295078000000069
0.010295078000000069
0.010295078000000069
0.010295078000000069
0.010295078000000069
0.010295078000000069
0.010295078000000069
0.010295078000000069
0.008698938000000045
0.017477678000000052
0.005506658000000053
0.00311245800000004
0.0007182580000000272
0.0007182580000000272
0.0007182580000000272
0.007900868000000005
0.015083478000000039
0.013886378000000033
0.012689278000000082
0.011492178000000075
0.010295078000000069
0.012689278000000082
0.013487344666666734
0.014285411333333387
0.015083478000000039
0.015083478000000039
0.012689278000000082
0.010295078000000069
0.00790086800000006
0.005506658000000053
0.005506658000000053
0.005506658000000053
0.0023143913333333876
-0.0008778753333332778
-0.004070141999999943
0.015083478000000039
0.015083478000000039
0.015083478000000039
0.012689278000000082
0.010295078000000069
0.005506668000000048
0.0007182580000000272
0.005506668000000048
0.010295078000000069
0.0007182680000000774
-0.00885854199999997
-0.0008778686666666147
0.007102804666666684
0.015083478000000039
0.0166796113333334
0.018275744666666704
0.019871878000000065
0.010295078000000069
0.019871878000000065
0.012689268000000031
0.005506658000000053
0.010295078000000069
0.008698938000000045
0.007102798000000077
0.005506658000000053
0.00790086800000006
0.010295078000000069
0.0031124680000000904
-0.004070141999999943
-0.0024740086666666383
-0.0008778753333332778
0.0007182580000000272
0.005506668000000048
0.010295078000000069
0.0007182680000000774
-0.00885854199999997
0.015083478000000039
0.012689278000000082
0.010295078000000069
0.00790086800000006
0.005506658000000053
0.00790086800000006
0.010295078000000069
0.00790086800000006
0.005506658000000053
0.00790086800000006
0.010295078000000069
0.007900873000000086
0.005506668000000048
0.0031124630000000097
0.0007182580000000272
0.024660278000000035
0.017477678000000052
0.010295078000000069
0.02944867800000006
0.022266078000000022
0.015083478000000039
-0.004070141999999943
-0.0016759419999999858
0.0007182580000000272
0.005506662000000051
0.01029506600000002
0.015083470000000043
0.01987187400000001
0.024660278000000035
0.0007182580000000272
0.0016759400000000424
0.0026336220000000576
0.0035913040000000174
0.004548986000000033
0.005506668000000048
0.006464350000000063
0.007422032000000078
0.008379714000000038
0.009337396000000053
0.010295078000000069
0.005506658000000053
0.007900868000000005
0.005506658000000053
0.005506658000000053
0.004309558000000047
0.00311245800000004
0.0019153580000000336
0.0007182580000000272
0.005506668000000048
0.010295078000000069
0.011891211333333374
0.013487344666666734
0.015083478000000039
0.015083478000000039
0.015083478000000039
0.015083478000000039
0.010295078000000069
0.007900868000000005
0.007102798000000021
0.006304728000000037
0.005506658000000053
0.007102798000000077
0.008698938000000045
0.010295078000000069
0.0007182580000000272
0.005506658000000053
0.003910524666666693
0.0023143913333333876
0.0007182580000000272
0.019871878000000065
0.010295068000000018
0.0007182580000000272
0.00311245800000004
0.005506658000000053
0.004548978000000037
0.0035912980000000205
0.0026336180000000597
0.0016759380000000434
0.0007182580000000272
0.00790086800000006
0.01149217300000005
0.015083478000000039
0.013287825500000017
0.01149217300000005
0.009696520500000028
0.007900868000000005
0.0061052155000000385
0.004309563000000016
0.0025139105000000495
0.0007182580000000272
0.010295078000000069
0.019871878000000065
0.010295068000000018
0.01149217050000001
0.012689273000000001
0.013886375500000048
0.015083478000000039
0.0166796113333334
0.018275744666666704
0.019871878000000065
0.015083478000000039
0.005506658000000053
0.03423707800000003
0.015083478000000039
0.012689278000000082
0.010295078000000069
0.00790086800000006
0.005506658000000053
0.007900863000000036
0.010295068000000018
0.012689273000000056
0.015083478000000039
0.005506658000000053
0.024660278000000035
0.01827573800000004
0.011891198000000047
0.005506658000000053
0.005506658000000053
0.010295064666666742
0.015083471333333376
0.019871878000000065
0.0007182580000000272
0.0007182580000000272
0.0007182580000000272
0.0015163246666666796
0.0023143913333333876
0.00311245800000004
0.003910524666666693
0.004708591333333401
0.005506658000000053
-0.004070141999999943
0.0007182580000000272
0.03423707800000003
0.026256411333333396
0.018275744666666704
0.010295078000000069
0.00790086800000006
0.005506658000000053
0.00790086800000006
0.010295078000000069
0.010295078000000069
0.010295078000000069
0.009497008000000084
0.008698938000000045
0.00790086800000006
0.01209072050000004
0.016280573000000076
0.020470425500000056
0.024660278000000035
0.02944867800000006
0.025617958000000052
0.021787238000000042
0.017956518000000088
0.014125798000000078
0.010295078000000069
0.005506658000000053
0.02944867800000006
-0.006464341999999956
0.00041898925000005693
0.007302320500000015
0.014185651750000028
0.02106898300000004
0.027952314250000054
0.03483564550000007
0.041718976750000025
0.04860230800000004
0.03184288800000007
-0.061530981999999956
0.02944867800000006
0.03423707800000003
0.03902547800000006
-0.010454681999999937
-0.05993484199999999
-0.10941500199999998
0.00311247300000006
0.11563994800000005
0.07972692050000005
0.04381389300000005
0.00790086550000002
-0.02801216199999995
0.03902547800000006
0.03543417925000003
0.03184288050000006
0.028251581750000088
0.02466028300000006
-0.06631938199999998
0.03902547800000006
0.005506658000000053
-0.02801216199999995
-0.061530981999999956
0.041419693000000035
0.14437036800000005
0.0677559046666667
-0.008858558666666627
-0.08547302199999995
0.03902547800000006
-0.00885854199999997
0.026256418000000004
0.06137137800000003
0.09648633800000003
0.029448691333333388
-0.037588955333333285
-0.10462660199999996
0.04860230800000004
0.04381390800000007
0.027852558000000083
0.011891208000000042
-0.004070141999999943
-0.00885854199999997
0.0031124630000000097
0.015083468000000044
0.02705447300000008
0.03902547800000006
0.09169792800000004
-0.10462660199999996
-0.006464336999999931
0.09169792800000004
0.05339069800000004
0.015083468000000044
-0.02322376199999998
0.06775591800000005
-0.02322375199999993
-0.11420342199999994
-0.04237736949999993
0.02944868300000003
0.10127473550000002
0.17310078800000003
-0.11899182199999997
-0.025617951999999944
0.06775591800000005
0.010295078000000069
-0.047165761999999944
0.13000515800000004
0.00790086800000006
-0.11420342199999994
-0.10086429771428568
-0.08752517342857136
-0.07418604914285709
-0.060846924857142826
-0.047507800571428505
-0.03416867628571424
-0.020829551999999918
-0.007490427714285652
0.005848696571428613
0.01918782085714288
0.0325269451428572
0.045866069428571465
0.05920519371428576
0.07254431800000005
0.017477683000000077
0.02785256466666669
0.00311247300000006
0.003112470000000034
0.003112467000000063
0.003112464000000037
0.0031124610000000663
0.00311245800000004
-0.10941500199999998
-0.005666265333333309
0.09808247133333337
0.20183120800000004
0.02944869300000008
-0.14293382199999993
0.06296749800000004
-0.018435321999999976
-0.017537498875
-0.01663967574999997
-0.01574185262499994
-0.014844029499999967
-0.013946206374999992
-0.013048383249999962
-0.012150560124999932
-0.011252736999999957
0.07254431800000005
0.03104481800000003
-0.010454681999999937
-0.05195418199999996
0.010295078000000069
0.020270918000000082
0.03024675800000004
0.040222598000000054
0.05019843800000007
0.060174278000000025
0.07015011800000004
0.000718273000000047
-0.03280055449999997
-0.06631938199999998
-0.01843534866666663
0.029448684666666725
0.07733271800000005
-0.12856862199999997
-0.05482721079999997
0.018914200400000025
0.09265561160000002
0.16639702280000002
0.24013843400000004
-0.17645267199999998
-0.10781888699999997
-0.03918510199999997
0.02944868300000003
0.043129836571428604
0.056810990142857176
0.07049214371428575
0.08417329728571432
0.0978544508571429
0.11153560442857147
0.12521675800000004
-0.013646946999999965
-0.15251065199999997
-0.06631938866666665
0.019871874666666733
0.10606313800000003
-0.01843535199999996
0.03902547800000006
0.03998316400000007
0.040940850000000084
0.04189853600000004
0.042856222000000055
0.04381390800000007
-0.15729905199999994
0.05339070500000004
0.05658296933333337
0.059775233666666705
0.06296749800000004
-0.006464341999999956
-0.07589618199999998
0.18746599800000002
0.053390711333333396
-0.08068457533333329
-0.21475986199999997
0.13479355800000004
0.10797850000000003
0.08116344200000006
0.054348384000000055
0.02753332600000008
0.0007182680000000774
-0.02322376199999998
0.02944868300000003
0.08212112800000004
0.058179111333333394
0.034237094666666745
0.010295078000000069
-0.031204421999999954
-0.07270392199999992
-0.11420342199999994
0.21619641800000006
-0.13814542199999996
0.06296749800000004
0.010295068000000018
-0.042377361999999974
0.048602298000000044
0.13958195800000003
-0.018435356999999986
-0.17645267199999998
-0.004070146999999968
0.16831237800000004
0.10446699800000003
0.040621618000000026
-0.02322376199999998
-0.02322376199999998
0.017477673000000027
0.058179108000000035
0.03902549300000002
0.019871878000000065
0.016679608000000068
0.013487338000000071
0.010295068000000018
0.007102798000000021
0.003910528000000024
0.0007182580000000272
-0.08547302199999995
0.17788918800000003
-0.15729905199999994
-0.12042834399999996
-0.08355763599999994
-0.04668692799999996
-0.009816219999999931
0.027054488000000043
0.03463612633333335
0.04221776466666671
0.049799403000000075
0.05738104133333338
0.06496267966666672
0.07254431800000005
-0.08547302199999995
0.04381389300000005
0.005506658000000053
0.01987186800000007
0.03423707800000003
-0.00885854199999997
0.004309570500000026
0.017477683000000077
0.030645795500000073
0.04381390800000007
0.03492116085714292
0.02602841371428577
0.01713566657142862
0.008242919428571471
-0.0006498277142856779
-0.009542574857142827
-0.018435321999999976
0.04381390800000007
0.005506664666666716
0.010295078000000069
0.0031124680000000904
-0.004070141999999943
0.0019153630000000588
0.00790086800000006
0.013886373000000063
0.019871878000000065
0.017477678000000052
0.015083478000000039
0.010295078000000069
0.010295078000000069
0.010295078000000069
0.010295078000000069
0.00790086800000006
0.005506658000000053
0.00311245800000004
0.0007182580000000272
0.007900868000000005
0.015083478000000039
0.015083478000000039
0.015083478000000039
0.015083478000000039
0.015083478000000039
0.015083478000000039
0.015083478000000039
0.005506658000000053
0.005506658000000053
0.005506658000000053
0.019871878000000065
0.0007182580000000272
0.015083478000000039
0.015083478000000039
0.015083478000000039
0.015083478000000039
0.0007182580000000272
0.0023143913333333876
0.003910524666666693
0.005506658000000053
0.015083478000000039
0.0166796113333334
0.018275744666666704
0.019871878000000065
0.015083478000000039
0.015083478000000039
0.015083478000000039
0.015083478000000039
0.019871878000000065
0.019871878000000065
0.019871878000000065
0.015083478000000039
0.008698938000000045
0.002314398000000051
-0.004070141999999943
-0.0004788369999999542
0.0031124680000000904
0.0067037730000000795
0.010295078000000069
0.005506668000000048
0.0007182580000000272
0.024660278000000035
0.015083471333333376
0.005506664666666661
-0.004070141999999999
0.019871878000000065
0.018275744666666704
0.0166796113333334
0.015083478000000039
0.01029507133333335
0.005506664666666716
0.0007182580000000272
0.0026336220000000576
0.004548986000000033
0.006464350000000063
0.008379714000000038
0.010295078000000069
0.019871878000000065
0.0007182580000000272
0.0015163246666666796
0.0023143913333333876
0.00311245800000004
0.003910524666666693
0.004708591333333401
0.005506658000000053
0.00790086800000006
0.010295078000000069
0.00790086800000006
0.005506658000000053
0.0007182580000000272
0.012689268000000031
0.005506658000000053
0.003910524666666693
0.0023143913333333876
0.0007182580000000272
0.019871878000000065
0.016280573000000076
0.012689268000000031
0.009097963000000042
0.005506658000000053
0.012689268000000031
0.019871878000000065
0.017477678000000052
0.015083478000000039
0.010295078000000069
0.019871878000000065
0.018275744666666704
0.0166796113333334
0.015083478000000039
0.0007182580000000272
0.004708594666666677
0.008698931333333382
0.012689268000000031
0.01667960466666668
0.020669941333333386
0.024660278000000035
0.007900868000000005
0.00790086800000006
0.007451954875000055
0.00700304175000005
0.006554128625000044
0.0061052155000000385
0.005656302375000033
0.005207389250000027
0.004758476125000022
0.004309563000000072
0.003860649875000066
0.0034117367500000606
0.002962823625000055
0.0025139105000000495
0.002064997375000044
