0.008698931333333382
0.005506658000000053
0.010295068000000018
0.015083478000000039
0.010295078000000069
0.005506658000000053
0.010295068000000018
0.015083478000000039
0.01189120466666671
0.008698931333333382
0.005506658000000053
0.007900863000000036
0.010295068000000018
0.012689273000000056
0.015083478000000039
0.013978461076923132
0.01287344415384617
0.011768427230769263
0.010663410307692356
0.009558393384615393
0.008453376461538487
0.00734835953846158
0.006243342615384673
0.00513832569230771
0.004033308769230803
0.0029282918461538965
0.001823274923076934
0.0007182580000000272
0.0007182580000000272
0.005506668000000048
0.010295078000000069
0.015083478000000039
0.024660278000000035
0.012689268000000031
0.0007182580000000272
0.0007182580000000272
-0.004070141999999943
-0.004070141999999943
0.012689278000000082
0.015083478000000095
0.005506658000000053
0.007102798000000077
0.008698938000000045
0.010295078000000069
0.0007182580000000272
0.0007182580000000272
0.0007182580000000272
0.0007182580000000272
0.005506668000000048
0.010295078000000069
0.012689278000000082
0.015083478000000039
0.017477678000000052
0.019871878000000065
0.010295068000000018
0.0007182580000000272
0.007900868000000005
0.015083478000000039
0.007900868000000005
0.0007182580000000272
-0.002873041999999937
-0.006464341999999956
-0.010055641999999976
-0.01364694199999994
-0.011252741999999927
-0.00885854199999997
-0.006464341999999956
-0.004070141999999943
-0.0016759419999999858
0.0007182580000000272
0.005506658000000053
0.012689268000000031
0.015083478000000039
0.010295068000000018
0.005506658000000053
0.00790086800000006
0.010295078000000069
0.010295078000000069
0.010295078000000069
0.010295078000000069
0.010295078000000069
0.00790086800000006
0.005506658000000053
0.00790086800000006
0.01189120466666671
0.015881541333333415
0.019871878000000065
0.005506658000000053
0.005506658000000053
0.005506658000000053
0.005506658000000053
0.005506658000000053
0.005506658000000053
0.010295068000000018
0.015083478000000039
0.01189120466666671
0.008698931333333382
0.005506658000000053
0.010295078000000069
0.008698941333333376
0.00710280466666674
0.005506668000000048
0.010295073000000043
0.015083478000000039
0.015083478000000039
0.015083478000000039
0.01987187800000001
0.024660278000000035
0.023292163714285774
0.021924049428571457
0.020555935142857196
0.01918782085714288
0.017819706571428617
0.0164515922857143
0.015083478000000039
0.017477677999999996
0.01987187800000001
0.019871878000000065
0.005506658000000053
0.005506658000000053
0.005506658000000053
0.005506658000000053
0.005506658000000053
0.00790086800000006
0.010295078000000069
0.010295078000000069
0.010295078000000069
0.010295078000000069
0.010295078000000069
0.005506658000000053
0.006105210500000013
0.006703763000000029
0.007302315500000045
0.007900868000000005
0.01149217300000005
0.015083478000000039
0.005506658000000053
0.011891198000000047
0.01827573800000004
0.024660278000000035
0.017477678000000052
0.010295078000000069
0.00790086800000006
0.005506658000000053
0.006304728000000037
0.007102798000000077
0.00790086800000006
0.008698938000000045
0.009497008000000084
0.010295078000000069
0.019871878000000065
0.010295078000000069
0.005506658000000053
0.015083478000000039
0.010295068000000018
0.005506658000000053
0.00311245800000004
0.0007182580000000272
-0.004070141999999943
3.4203714285752085e-05
0.004138549428571503
0.008242895142857198
0.012347240857142894
0.01645158657142859
0.02055593228571434
0.024660278000000035
0.019871878000000065
-0.00885854199999997
-0.002873036999999967
0.003112468000000035
0.009097973000000037
0.015083478000000039
0.011252754000000031
0.007422030000000024
0.003591306000000072
-0.00023941799999993574
-0.004070141999999943
-0.004070141999999943
0.024660278000000035
0.00311245800000004
-0.0033860877142856682
-0.009884633428571377
-0.016383179142857085
-0.02288172485714285
-0.029380270571428557
-0.035878816285714266
-0.042377361999999974
0.010295068000000018
0.06296749800000004
0.03423707800000003
0.005506658000000053
0.00790087300000003
0.02705447800000005
0.02944867800000006
0.031842878000000074
0.03423707800000003
0.036631278000000045
0.03902547800000006
-0.004070141999999943
0.002314398000000051
0.008698938000000045
0.015083478000000039
0.019871878000000065
0.010295071333333405
0.0007182646666666903
-0.00885854199999997
-0.004070141999999943
-0.0008778736666665843
0.0023143946666667192
0.005506663000000023
0.008698931333333382
0.01189119966666674
0.015083468000000044
0.018275736333333348
0.021468004666666707
0.024660273000000066
0.02785254133333337
0.031044809666666673
0.03423707800000003
0.02944867800000006
-0.0016759319999999356
0.02705447800000005
-0.018435321999999976
-0.004070141999999943
0.024660278000000035
0.029448684000000058
0.034237090000000026
0.03902549600000005
0.043813902000000016
0.04860230800000004
-0.004070141999999943
0.0007182580000000272
0.015083478000000039
0.03184289300000004
0.04860230800000004
0.016679618000000063
-0.015243071999999969
-0.047165761999999944
0.02944867800000006
0.017477668000000057
0.005506658000000053
0.016679598000000073
0.027852538000000038
0.03902547800000006
0.031842878000000074
0.024660278000000035
0.017477678000000052
0.010295078000000069
0.0031124780000000296
-0.004070121999999954
-0.011252721999999993
-0.018435321999999976
0.015083478000000039
0.022266078000000022
0.010295078000000069
-0.02801216199999995
0.019871878000000065
0.019871878000000065
0.019871878000000065
0.025458349666666713
0.031044821333333417
0.036631293000000065
0.04221776466666671
0.04780423633333336
0.05339070800000004
-0.03758896199999995
-0.006464341999999956
0.013287823000000032
0.033039988000000076
0.052792153000000064
0.07254431800000005
-0.02801216199999995
0.04860230800000004
0.00311247300000006
-0.042377361999999974
-0.03599282399999998
-0.029608285999999984
-0.02322374799999999
-0.016839209999999993
-0.010454671999999943
-0.004070134000000003
0.0023144040000000476
0.008698942000000043
0.015083480000000038
0.021468018000000033
0.02785255600000003
0.03423709400000002
0.04062163200000002
0.047006170000000014
0.05339070800000004
0.005506658000000053
0.015083478000000039
-0.047165761999999944
-0.006464341999999956
0.019871878000000065
0.04700616466666674
0.07414045133333338
0.10127473800000003
-0.07589618199999998
0.058179108000000035
0.032640964666666716
0.007102821333333342
-0.018435321999999976
0.024660278000000035
0.03423707800000003
0.005506658000000053
-0.02322376199999998
-0.011252750333333283
0.0007182613333333587
0.012689273000000001
0.0246602846666667
0.036631296333333396
0.04860230800000004
0.010295073000000043
-0.02801216199999995
0.04381390800000007
0.03742936633333338
0.031044824666666748
0.02466028300000006
0.018275741333333373
0.01189119966666674
0.005506658000000053
0.015083493000000003
0.012689278000000026
-0.02801216199999995
-0.021171584857142822
-0.014331007714285637
-0.007490430571428508
-0.0006498534285713786
0.006190723714285751
0.013031300857142936
0.019871878000000065
0.0007182580000000272
0.005506661333333385
0.010295064666666687
0.015083468000000044
0.019871871333333402
0.024660274666666704
0.02944867800000006
-0.0016759319999999356
-0.006464336999999931
-0.004070135846153788
-0.0016759346923076457
0.000718266461538497
0.0031124676153846953
0.005506668769230838
0.00790086992307698
0.010295071076923124
0.012689272230769266
0.015083473384615409
0.017477674538461607
0.01987187569230775
0.022266076846153893
0.024660278000000035
-0.006464341999999956
0.010295074666666737
0.015083468000000044
-0.01364694199999994
0.0019153705000000687
0.017477683000000077
0.03303999550000003
0.04860230800000004
-0.018435321999999976
0.019871878000000065
0.017477678000000052
0.015083478000000039
0.015083478000000039
0.015083478000000039
0.007900868000000005
0.0007182580000000272
0.010295068000000018
0.019871878000000065
0.015083478000000095
0.010295078000000069
0.010295078000000069
0.010295078000000069
0.010295078000000069
0.010295078000000069
0.010295078000000069
0.010295078000000069
0.010295078000000069
0.010295078000000069
0.010295078000000069
0.010295078000000069
0.010295078000000069
0.010295078000000069
0.019871878000000065
-0.01364694199999994
0.012689268000000031
0.024660278000000035
0.005506658000000053
0.00790086800000006
0.010295078000000069
0.010295078000000069
0.010295078000000069
0.010295078000000069
0.010295078000000069
0.005506658000000053
0.010295068000000018
0.015083478000000039
0.0007182580000000272
0.005506658000000053
0.00790086800000006
0.010295078000000069
0.015083478000000095
0.019871878000000065
0.019871878000000065
0.019871878000000065
0.015083471333333376
0.010295064666666742
0.005506658000000053
0.005506658000000053
0.005506658000000053
0.005506658000000053
0.005506658000000053
0.005506658000000053
0.005506658000000053
0.005506658000000053
0.005506658000000053
0.005506658000000053
0.005506658000000053
0.005506658000000053
0.005506658000000053
0.005506658000000053
0.005506658000000053
0.005506658000000053
0.005506658000000053
0.005506658000000053
0.005506658000000053
0.005506658000000053
0.005506658000000053
0.007102798000000077
0.008698938000000045
0.010295078000000069
0.0031124680000000904
0.016679611333333344
0.01189120466666671
-0.004070141999999943
0.015083478000000039
0.015083478000000039
0.010295078000000069
0.015083478000000039
0.01189120466666671
0.008698931333333382
0.005506658000000053
0.010295078000000069
0.009696525500000053
0.009097973000000037
0.008499420500000077
0.00790086800000006
0.007302315500000045
0.006703763000000085
0.006105210500000069
0.005506658000000053
0.005506668000000048
0.015083478000000039
0.010295068000000018
0.005506658000000053
0.008698931333333382
0.01189120466666671
0.015083478000000039
0.01987187800000001
0.024660278000000035
0.01667960466666668
0.008698931333333382
0.0007182580000000272
0.015083478000000039
0.012689278000000082
0.010295078000000069
0.0007182580000000272
0.00311245800000004
0.005506658000000053
0.010295078000000069
0.010295078000000069
0.010295078000000069
0.010295078000000069
0.010295078000000069
0.010295078000000069
0.009097973000000037
0.00790086800000006
0.006874780857142937
0.005848693714285758
0.004822606571428634
0.0037965194285714543
0.0027704322857143304
0.001744345142857151
0.0007182580000000272
0.007900868000000005
0.015083478000000039
0.015083471333333376
0.015083474666666707
0.015083478000000039
0.016041158000000055
0.01699883800000007
0.017956518000000032
0.01891419800000005
0.019871878000000065
0.0031124680000000904
0.005905703000000095
0.0086989380000001
0.01149217300000005
