0.004548980000000036
0.014125780000000032
0.009337380000000006
-0.0002394199999999902
0.0013567133333333703
0.0029528466666666753
0.004548980000000036
0.009337380000000006
0.018914180000000003
0.017956499999999986
0.016998820000000026
0.01604114000000001
0.015083460000000048
0.014125780000000032
0.009337380000000006
0.009337380000000006
0.004548980000000036
0.006943179999999993
0.009337380000000006
0.006464340000000013
0.0035913000000000195
0.0007182600000000261
-0.0021547799999999673
-0.005027819999999961
-0.0002394199999999902
0.014125780000000032
0.006943179999999993
-0.0002394199999999902
-0.0002394199999999902
-0.0002394199999999902
-0.0002394199999999902
0.00454897999999998
0.009337380000000006
-0.00023942999999998493
-0.009816239999999976
-0.005027830000000011
-0.0002394199999999902
0.004548980000000036
0.004548980000000036
0.004548980000000036
-0.0002394199999999902
-0.0034316899999999873
-0.006623959999999984
-0.009816229999999981
-0.013008499999999978
-0.016200769999999975
-0.019393039999999973
-0.012210429999999939
-0.005027819999999961
0.004548980000000036
0.014125780000000032
0.018914180000000003
0.01173158000000002
0.004548980000000036
0.014125780000000032
0.01173158000000002
0.009337380000000006
0.009337380000000006
0.009337380000000006
0.009337380000000006
-0.0002394199999999902
0.006943179999999993
0.014125780000000032
0.004548980000000036
-0.005027819999999961
-0.005027819999999961
-0.005027819999999961
-0.0056263724999999765
-0.006224924999999992
-0.006823477499999953
-0.007422029999999968
-0.008020582499999984
-0.008619134999999944
-0.00921768749999996
-0.009816239999999976
-0.00023942999999998493
0.009337380000000006
0.002154780000000023
-0.005027819999999961
0.006943179999999993
0.018914180000000003
0.014125780000000032
0.01173158000000002
0.009337380000000006
0.006943179999999993
0.004548980000000036
-0.0002394199999999902
-0.0010374866666666427
-0.0018355533333332952
-0.0026336199999999477
-0.019393039999999973
0.004548980000000036
0.004548980000000036
0.004548980000000036
0.004548980000000036
0.004548980000000036
0.004548980000000036
0.004548980000000036
0.018914180000000003
0.002154780000000023
0.008140280000000055
0.014125780000000032
0.012928680000000026
0.01173158000000002
0.010534480000000013
0.009337380000000006
0.009337380000000006
0.009337380000000006
0.009337380000000006
0.002154780000000023
-0.005027819999999961
-0.005027819999999961
0.002154780000000023
0.009337380000000006
0.009337380000000006
0.009337380000000006
-0.00023942999999998493
-0.009816239999999976
-0.0074220349999999935
-0.005027830000000011
-0.002633624999999973
-0.0002394199999999902
0.004548980000000036
0.005347046666666688
0.006145113333333341
0.006943179999999993
0.007741246666666701
0.008539313333333354
0.009337380000000006
0.009337380000000006
0.01173158000000002
-0.005027819999999961
-0.005027819999999961
-0.005027819999999961
-0.005027819999999961
-0.0002394199999999902
-0.0002394199999999902
-0.0002394199999999902
-0.0002394199999999902
-0.0002394199999999902
0.00454897999999998
0.009337380000000006
0.009337380000000006
0.01173158000000002
0.014125780000000032
-0.0002394199999999902
0.01173158000000002
0.02370258000000003
0.021308380000000016
0.018914180000000003
0.009337380000000006
-0.0002394199999999902
0.0005586466666666623
0.0013567133333333703
0.002154780000000023
0.0029528466666666753
0.0037509133333333833
0.004548980000000036
-0.0002394199999999902
-0.0002394199999999902
0.004548980000000036
0.01173158000000002
0.018914180000000003
0.009337380000000006
-0.0002394199999999902
-0.0026336199999999477
-0.005027819999999961
0.002154780000000023
0.009337380000000006
0.006464340000000013
0.0035913000000000195
0.0007182600000000261
-0.0021547799999999673
-0.005027819999999961
-0.0002394199999999902
0.009337380000000006
-0.005027819999999961
0.014125780000000032
0.009337380000000006
0.004548980000000036
0.0029528466666666753
0.0013567133333333703
-0.0002394199999999902
-0.005027819999999961
0.009337380000000006
0.02370258000000003
0.017956500000000042
0.012210420000000055
0.006464340000000013
0.0007182600000000261
-0.005027819999999961
0.004548980000000036
0.014125780000000032
0.009337380000000006
0.004548980000000036
0.004548980000000036
0.004548980000000036
0.004548980000000036
0.004548980000000036
0.002154780000000023
-0.0002394199999999902
0.014125780000000032
0.006943179999999993
0.006464340000000013
0.0059855000000000325
0.0055066599999999966
0.005027820000000016
0.004548980000000036
-0.005027819999999961
0.004548980000000036
0.0033518750000000597
0.002154770000000028
-0.005027819999999961
-0.00023941999999993469
0.004548980000000036
0.006145113333333341
0.007741246666666701
0.009337380000000006
0.004548975000000011
-0.00023942999999998493
-0.0050278349999999805
-0.009816239999999976
0.009337380000000006
-0.005027819999999961
0.002154780000000023
0.009337380000000006
0.002154780000000023
-0.005027819999999961
0.002154780000000023
0.009337380000000006
0.014125780000000032
0.018914180000000003
0.014125780000000032
0.009337380000000006
0.004548980000000036
-0.0002394199999999902
0.0033518800000000293
0.006943179999999993
0.010534480000000013
0.014125780000000032
-0.005027819999999961
0.004548980000000036
0.007741246666666701
0.010933513333333367
0.014125780000000032
0.01173158000000002
0.009337380000000006
-0.005027819999999961
0.002154780000000023
0.009337380000000006
0.010534480000000013
0.01173158000000002
0.012928680000000026
0.014125780000000032
0.015322879999999983
0.01651997999999999
0.017717079999999996
0.018914180000000003
-0.0002394199999999902
0.01173158000000002
0.02370258000000003
0.018914177142857147
0.014125774285714321
0.00933737142857144
0.004548968571428613
-0.0002394342857142684
-0.0050278371428570945
-0.009816239999999976
-0.0050278349999999805
-0.00023942999999998493
0.004548975000000011
0.009337380000000006
-0.0002394199999999902
0.009337380000000006
0.009337380000000006
0.010933513333333367
0.012529646666666672
0.014125780000000032
-0.007422029999999968
-0.02896983999999997
0.04764460000000001
0.03806780500000001
0.02849101000000004
-0.01221042499999997
-0.05291185999999998
-0.03854665142857139
-0.024181442857142854
-0.009816234285714265
0.0045489742857143245
0.01891418285714286
0.03327939142857145
0.04764460000000001
0.004548980000000036
0.009337386000000059
0.014125792000000026
0.01891419800000005
0.023702604000000016
0.02849101000000004
0.03008713666666668
0.01678601111111111
0.0034848855555555946
-0.009816239999999976
0.006943174166666677
0.02370258833333333
0.04046200250000001
-0.006623971666666673
-0.05370994583333333
-0.10079591999999998
-0.07206547999999996
0.06919242250000002
0.210450325
0.038067802500000025
-0.13431472
-0.06488286999999998
0.004548980000000036
0.09074024200000003
0.17693150400000002
0.002154777000000052
-0.17262194999999997
-0.10398816333333333
-0.03535437666666669
0.03327941000000001
0.04764461833333333
0.062009826666666684
0.07637503500000001
0.09074024333333333
0.10510545166666668
0.11947066
-0.17741035
0.09552864500000002
0.024899698750000032
-0.045729247500000014
-0.11635819375
-0.18698714
0.090740245
0.00454897999999998
-0.08164228499999998
-0.16783355
0.11468226000000001
0.08914411
0.06360596000000002
0.03806781000000001
-0.17262194999999997
-0.06408480666666666
0.044452336666666675
0.15298948
-0.005027819999999961
-0.07445966999999998
-0.14389152
0.009337384999999976
0.16256629
0.09074024000000003
0.018914190000000053
-0.05291185999999998
-0.10558429999999996
-0.020989173333333333
0.06360595333333333
0.14820108
0.04525041000000002
-0.05770026
-0.07206547999999996
0.03567360000000003
0.14341268000000001
0.03567360000000003
-0.07206547999999996
-0.04812345999999995
-0.02418144
0.0165199875
0.057221415
0.09792284250000002
0.13862427000000002
0.033279395000000045
-0.07206547999999996
-0.005027819999999961
0.026894866666666684
0.05881755333333333
0.09074024
-0.04333505999999998
0.009337380000000006
0.047644610000000004
0.08595184
0.023702590000000023
-0.03854666000000001
-0.03375825666666665
-0.02896985333333335
-0.024181449999999993
-0.019393046666666636
-0.014604643333333334
-0.009816239999999976
0.08116344
-0.03854666000000001
-0.019991594999999973
-0.0014365299999999914
0.01711853499999999
0.03567360000000003
-0.04333505999999998
-0.05291185999999998
0.033279400000000015
0.11947066
-0.02896983999999997
-0.03375824399999999
-0.03854664799999996
-0.043335051999999985
-0.04812345599999995
-0.05291185999999998
-0.057700264
-0.06248866799999997
-0.067277072
-0.07206547599999996
-0.07685387999999999
0.06200982000000002
-0.005027830000000011
-0.00023942500000001532
0.004548980000000036
-0.0010374883333332807
-0.006623956666666653
-0.01221042499999997
0.000359133750000018
0.012928692500000005
0.025498251249999992
0.03806781000000001
-0.028969844999999994
-0.02623361357142856
-0.023497382142857126
-0.020761150714285692
-0.018024919285714258
-0.015288687857142824
-0.01255245642857139
-0.009816224999999956
0.018914180000000003
0.06679823000000001
-0.02418144
-0.011412366666666673
0.0013567066666667071
0.014125780000000032
0.015721913333333337
0.017318046666666698
0.018914180000000003
0.016519980000000045
0.014125780000000032
0.014125780000000032
-0.024181439999999943
-0.062488659999999974
0.02849101000000004
0.04285621500000003
0.05722142000000002
0.01093352000000003
-0.03535438000000002
-0.08164228000000001
-0.03136405000000003
0.018914180000000003
0.03647166333333335
0.054029146666666666
0.07158663000000001
0.03008713333333335
-0.011412363333333342
-0.05291185999999998
-0.01779689999999995
0.017318060000000024
0.052433020000000025
-0.005027830000000011
0.09074024
0.018914189999999997
-0.05291185999999998
-0.04094084999999997
-0.02896983999999997
-0.016998829999999965
-0.005027819999999961
0.059615620000000036
0.12425906
-0.10558429999999996
0.009337380000000006
0.022106456666666663
0.03487553333333332
0.047644610000000004
0.06041368666666666
0.07318276333333334
0.08595184
-0.016998844999999985
0.02370258000000003
-0.005027833333333287
-0.03375824666666666
-0.062488659999999974
-0.030885197999999947
0.000718264000000024
0.032321725999999995
0.06392518800000002
0.09552865000000002
-0.05291185999999998
0.004548980000000036
0.05722142000000002
-0.062488659999999974
-0.016998824999999995
0.02849101000000004
0.03567361000000002
0.042856210000000006
0.004548995
-0.033758220000000005
-0.02130837400000002
-0.008858527999999977
0.00359131800000001
0.016041164000000052
0.02849101000000004
0.011731590000000014
-0.005027830000000011
-0.00023942799999998599
0.004548973999999983
0.009337376000000008
0.014125777999999978
0.018914180000000003
0.002154780000000023
0.042856210000000006
0.023702594999999993
0.004548980000000036
-0.00023942666666665335
-0.005027833333333287
-0.009816239999999976
-0.001436534999999961
0.006943170000000054
0.015322875000000014
0.02370258000000003
0.004548980000000036
0.004548980000000036
0.007422020000000029
0.010295060000000023
0.013168100000000016
0.01604114000000001
0.018914180000000003
-0.009816239999999976
0.021308380000000016
0.01754606571428574
0.013783751428571467
0.010021437142857192
0.0062591228571428625
0.002496808571428588
-0.0012655057142856863
-0.005027819999999961
-0.00023941999999993469
0.004548980000000036
0.004548980000000036
0.004548980000000036
0.014125780000000032
0.006943179999999993
-0.0002394199999999902
0.002154780000000023
0.004548980000000036
0.004548980000000036
0.006943180000000049
0.009337380000000006
0.01173158000000002
0.014125780000000032
0.004548980000000036
0.002154780000000023
-0.00023941999999993469
-0.0026336199999999477
-0.005027819999999961
-0.009816239999999976
0.009337380000000006
0.009337380000000006
0.009337380000000006
0.01173158000000002
0.014125780000000032
0.014125780000000032
0.014125780000000032
0.014125780000000032
0.014125780000000032
0.009337380000000006
0.004548980000000036
0.006601151428571483
0.008653322857142876
0.010705494285714323
0.012757665714285715
0.014809837142857163
0.016862008571428555
0.018914180000000003
0.009337380000000006
0.014125780000000032
0.009337380000000006
-0.005027819999999961
-0.0002394199999999902
0.006943179999999993
0.014125780000000032
0.012529646666666727
0.010933513333333367
0.009337380000000006
0.007741246666666701
0.006145113333333396
0.004548980000000036
0.009337380000000006
0.009337380000000006
0.009337380000000006
0.009337380000000006
