-0.028012649999999084
-0.025618149999999673
-0.023223650000000262
-0.02382227500000056
-0.02442089999999908
-0.025019524999999376
-0.025618149999999673
-0.02621677499999997
-0.026815400000000267
-0.027414024999998787
-0.028012649999999084
-0.028012649999999084
-0.028012649999999084
-0.032800649999998654
-0.03758865
-0.028012649999999084
-0.02082964999999959
-0.013646650000000093
-0.013646650000000093
-0.023223650000000262
-0.022026650000000814
-0.02082964999999959
-0.019632649999998364
-0.018435649999998915
-0.025618149999999673
-0.032800649999998654
-0.030406649999999757
-0.028012649999999084
-0.028012649999999084
-0.028012649999999084
-0.028012649999999084
-0.028012649999999084
-0.028012649999999084
-0.028012649999999084
-0.03758865
-0.028012649999999084
-0.028012649999999084
-0.03519514999999984
-0.04237764999999882
-0.039185316666666026
-0.03599298333333323
-0.032800649999998654
-0.029608316666665857
-0.02641598333333306
-0.023223650000000262
-0.028012649999999084
-0.04237764999999882
-0.03758865
-0.013646650000000093
-0.03758865
-0.02801214999999857
-0.018435649999998915
-0.021627983333331713
-0.024820316666666287
-0.028012649999999084
-0.018435649999998915
-0.008858649999998747
-0.023223649999998486
-0.03758865
-0.032800649999998654
-0.028012649999999084
-0.032800649999998654
-0.03758865
-0.03758865
-0.03519464999999933
-0.032800649999998654
-0.02801214999999857
-0.023223650000000262
-0.024819983333333795
-0.02641631666666555
-0.028012649999999084
-0.023223650000000262
-0.023223650000000262
-0.023223650000000262
-0.023223650000000262
-0.023223650000000262
-0.023223650000000262
-0.023223650000000262
-0.023223650000000262
-0.023223650000000262
-0.023223650000000262
-0.032800649999998654
-0.03758865
-0.028012649999999084
-0.028970249999998643
-0.0299278499999982
-0.030885449999999537
-0.031843049999999096
-0.032800649999998654
-0.032800649999998654
-0.032800649999998654
-0.029608316666665857
-0.02641598333333306
-0.023223650000000262
-0.025617900000000304
-0.02801214999999857
-0.023223650000000262
-0.023223650000000262
-0.032800649999998654
-0.02801214999999857
-0.023223650000000262
-0.025617900000000304
-0.02801214999999857
-0.030406399999998612
-0.032800649999998654
-0.03173653888888772
-0.03067242777777679
-0.029608316666665857
-0.028544205555554925
-0.027480094444443992
-0.02641598333333306
-0.025351872222222127
-0.024287761111111195
-0.023223650000000262
-0.028012649999999084
-0.023223650000000262
-0.018435649999998915
-0.004070649999999176
0.0007183499999996457
-0.028012649999999084
-0.031603899999998575
-0.03519514999999984
-0.03878639999999933
-0.04237764999999882
-0.03519514999999984
-0.028012649999999084
-0.028012649999999084
-0.04237764999999882
-0.023223650000000262
-0.02801214999999857
-0.032800649999998654
-0.023223649999998486
-0.013646650000000093
-0.02003131666666569
-0.02641598333333306
-0.032800649999998654
-0.031603649999999206
-0.030406649999999757
-0.029209649999998533
-0.028012649999999084
-0.027214483333333206
-0.02641631666666555
-0.025618149999999673
-0.024819983333333795
-0.02402181666666614
-0.023223650000000262
-0.04237764999999882
-0.04237764999999882
-0.013646650000000093
-0.032800649999998654
-0.04237764999999882
-0.028012649999999084
-0.03280098333333292
-0.037589316666664985
-0.04237764999999882
-0.03519514999999984
-0.028012649999999084
-0.024820316666666287
-0.021627983333331713
-0.018435649999998915
-0.013646650000000093
-0.03758865
-0.013646650000000093
-0.02082964999999959
-0.028012649999999084
-0.028012649999999084
-0.028012649999999084
-0.028012649999999084
-0.028012649999999084
-0.028012649999999084
-0.028012649999999084
-0.025618149999999673
-0.023223650000000262
-0.023223650000000262
-0.03758865
-0.03622065000000063
-0.034852649999999485
-0.033484650000000116
-0.03211664999999897
-0.0307486499999996
-0.029380649999998454
-0.028012649999999084
-0.013646650000000093
-0.032800649999998654
-0.018435649999998915
-0.028012649999999084
-0.013646650000000093
-0.016041149999999504
-0.018435649999998915
-0.020829816666665835
-0.023223983333332754
-0.025618149999999673
-0.028012316666664816
-0.030406483333331735
-0.032800649999998654
-0.018435649999998915
-0.03280089999999802
-0.04716614999999891
-0.03758914999999874
-0.02801214999999857
-0.027328078571427383
-0.026644007142856196
-0.02595993571428501
-0.025275864285713823
-0.024591792857142636
-0.02390772142857145
-0.023223650000000262
-0.022026650000000814
-0.02082964999999959
-0.018435649999998915
-0.032800649999998654
-0.031843049999999096
-0.030885449999999537
-0.0299278499999982
-0.028970249999998643
-0.028012649999999084
-0.02082964999999959
-0.023223650000000262
-0.018435399999999547
-0.013647150000000607
-0.008858899999999892
-0.004070649999999176
-0.032800649999998654
-0.03758914999999874
-0.04237764999999882
-0.028012649999999084
-0.021627983333331713
-0.015243316666666118
-0.008858649999998747
-0.028012649999999084
-0.025618149999999673
-0.023223650000000262
-0.02705444999999962
-0.030885249999998976
-0.03471605000000011
-0.038546849999999466
-0.04237764999999882
-0.02801214999999857
-0.013646650000000093
-0.018435050000000786
-0.0232234499999997
-0.028011850000000393
-0.03280024999999931
-0.03758865
-0.028012649999999084
-0.016041149999999504
-0.02442089999999908
-0.032800649999998654
-0.023223650000000262
-0.023223650000000262
-0.02527579285714232
-0.027327935714286156
-0.029380078571428214
-0.03143222142857205
-0.03348436428571411
-0.03553650714285794
-0.03758865
-0.032800649999998654
-0.03998314999999941
-0.04237764999999882
-0.14053964999999913
-0.23870164999999943
-0.15889498333333307
-0.07908831666666671
0.0007183499999996457
0.08052501666666778
0.16033168333333414
0.2401383500000005
0.12042835000000096
0.0007183499999996457
-0.1189916499999999
0.06296735000000098
0.03722966250000148
0.011491975000001986
-0.014245712499999286
-0.03998339999999878
-0.06572108749999828
-0.09145877499999955
-0.11719646249999904
-0.14293414999999854
0.08930334999999978
-0.11420314999999803
0.15394735000000104
0.08810685000000085
0.022266350000000656
-0.043574149999999534
-0.10941464999999972
-0.0040699833333324165
0.10127468333333312
0.20661935000000042
-0.11420314999999803
-0.16208765000000014
0.05339035000000081
0.26886835
0.022265850000000142
-0.2243366499999997
-0.11659764999999922
-0.008858649999998747
-0.04556964999999913
-0.08228064999999951
-0.1189916499999999
-0.0835574500000007
-0.04812324999999973
-0.012689050000000535
0.022745150000000436
0.05817934999999963
0.011492099999999894
-0.03519514999999984
-0.09983864999999881
-0.006464649999998073
0.08690935000000088
0.07254435000000115
0.0007183499999996457
-0.07110765000000008
-0.08547314999999855
-0.09983864999999881
-0.08786764999999974
-0.0758966499999989
-0.06392564999999806
-0.05195464999999899
0.17310035000000035
0.11005318333333314
0.047006016666667705
-0.016041149999999504
-0.15849589999999836
-0.300950649999999
-0.24189376111110938
-0.18283687222222156
-0.12377998333333196
-0.06472309444444413
-0.0056662055555545265
0.0533906833333333
0.1124475722222229
0.17150446111111073
0.23056135000000033
-0.06153064999999991
-0.11180964999999965
0.15394735000000104
-0.09504964999999999
0.14437035000000087
-0.2961626499999994
-0.1732603166666653
-0.05035798333333297
0.07254435000000115
0.03583335000000076
-0.000877649999999619
-0.03758865
0.16831235000000078
0.03742935000000003
-0.09345364999999894
-0.2243366499999997
0.02466035000000133
0.0039106833333342195
-0.01683898333333289
-0.03758865
0.00909809999999922
0.05578485000000022
0.10247160000000122
0.14915835000000044
-0.20997164999999995
-0.028012649999999084
-0.06631964999999873
0.03663085000000166
0.13958135000000027
-0.0016761499999997653
-0.1429336499999998
-0.10622264999999942
-0.06951164999999904
-0.032800649999998654
-0.09026164999999864
-0.0797271499999983
-0.06919264999999797
-0.05865814999999941
-0.048123649999999074
-0.03758914999999874
-0.027054649999998404
-0.01652014999999807
-0.005985649999999509
0.004548850000000826
0.015083350000001161
-0.023223650000000262
-0.001676149999997989
-0.04237764999999882
-0.03519514999999984
-0.028012649999999084
-0.05315165000000022
-0.07829064999999957
-0.10342964999999893
-0.12856865000000006
0.00790034999999989
-0.012450149999999383
-0.032800649999998654
-0.08068465000000025
-0.0519543166666665
-0.023223983333332754
0.005506350000000992
0.000717850000000908
-0.004070649999999176
-0.028012649999999084
-0.02960864999999835
-0.03120464999999939
-0.032800649999998654
-0.03998314999999941
-0.04716565000000017
-0.05434814999999915
-0.06153064999999991
0.015083350000001161
-0.028012649999999084
0.005506350000000992
0.03902535000000107
-0.1429336499999998
-0.11180914999999914
-0.08068465000000025
-0.04956014999999958
-0.018435649999998915
0.012688849999999974
0.04381335000000064
-0.08547264999999982
0.09169735000000045
-0.16208765000000014
-0.054348649999999665
0.05339035000000081
0.0434715642857153
0.0335527785714298
0.023633992857144293
0.013715207142857011
0.003796421428571506
-0.006122364285713999
-0.016041149999999504
-0.02595993571428501
-0.035878721428570515
-0.04579750714285602
-0.0557162928571433
-0.0656350785714288
-0.07555386428571431
-0.08547264999999982
-0.016041149999999504
-0.008858649999998747
-0.05195464999999899
-0.02082964999999959
-0.032800649999998654
-0.02082964999999959
-0.008858649999998747
-0.018435649999998915
-0.028012649999999084
-0.006464649999998073
0.015083350000001161
0.0007181833333333998
-0.013646983333332585
-0.02801214999999857
-0.04237731666666633
-0.05674248333333409
-0.07110765000000008
-0.013646650000000093
-0.020031316666667465
-0.02641598333333306
-0.032800649999998654
-0.039185316666666026
-0.0455699833333334
-0.05195464999999899
-0.013646650000000093
-0.02082964999999959
-0.03519514999999984
-0.031204761111110813
-0.027214372222221783
-0.023223983333332754
-0.019233594444443725
-0.015243205555556472
-0.011252816666667442
-0.007262427777778413
-0.0032720388888893837
0.0007183499999996457
-0.04716565000000017
-0.016041149999999504
0.015083350000001161
-0.05674265000000034
-0.03758865
-0.018435649999998915
-0.013646650000000093
-0.023223649999998486
-0.032800649999998654
-0.008858649999998747
-0.03758865
-0.03280031666666616
-0.0280119833333341
-0.023223650000000262
-0.018435150000000178
-0.013646650000000093
-0.013646650000000093
-0.02082964999999959
-0.028012649999999084
-0.02082964999999959
-0.013646650000000093
-0.018435649999998915
-0.02082964999999959
-0.023223650000000262
-0.02801214999999857
-0.032800649999998654
-0.030406399999998612
-0.02801214999999857
-0.025617899999998528
-0.023223649999998486
-0.02082940000000022
-0.018435150000000178
-0.016040900000000136
-0.013646650000000093
-0.016041149999999504
-0.018435649999998915
-0.018435649999998915
-0.032800649999998654
-0.013646650000000093
-0.028012649999999084
-0.03519514999999984
-0.04237764999999882
-0.04716565000000017
-0.04716565000000017
-0.04716565000000017
-0.04716565000000017
-0.03040615000000102
-0.013646650000000093
-0.004070649999999176
-0.004754649999998861
-0.005438649999998546
-0.006122649999998231
-0.006806649999999692
-0.007490649999999377
-0.008174649999999062
-0.008858649999998747
-0.028012649999999084
-0.03758865
-0.02801214999999857
-0.018435649999998915
-0.008858649999998747
-0.013646650000000093
