-0.0034544837619047697
-0.0024283994761905014
-0.0014023151904761777
-0.00037623090476190946
0.0006498533809524143
0.0016759376666666825
0.0016759376666666825
0.00885854766666666
0.011252737666666679
0.006464337666666653
0.0016759376666666825
-0.0031124623333333434
-0.0013168123333333615
0.00047883766666667604
0.002274487666666658
0.00407013766666664
0.0058657876666666775
0.0076614376666666595
0.009457087666666641
0.011252737666666679
0.006464337666666653
0.011252737666666679
-0.0031124623333333434
0.001675937666666627
0.006464337666666653
0.004868204333333348
0.0032720709999999875
0.0016759376666666825
0.0016759376666666825
-0.0031124623333333434
-0.001915362333333337
-0.0007182623333333304
0.00047883766666667604
0.0016759376666666825
7.980433333332204e-05
-0.001516328999999983
-0.0031124623333333434
-0.0031124623333333434
-0.0031124623333333434
-0.0031124623333333434
-0.0007182623333333304
0.001675937666666627
0.00407013766666664
0.006464337666666653
0.011252737666666679
0.0016759376666666825
0.008858547666666716
0.016041157666666694
-0.0031124623333333434
-0.003796519476190474
-0.004480576619047605
-0.0051646337619047356
-0.005848690904761922
-0.0065327480476190525
-0.007216805190476183
-0.007900862333333314
-0.005506662333333301
-0.0031124623333333434
0.006464337666666653
0.016041157666666694
0.006464337666666653
0.006464337666666653
0.006464337666666653
0.004668687666666671
0.002873037666666689
0.0010773876666666515
-0.0007182623333333304
-0.0025139123333333124
-0.00430956233333335
-0.006105212333333332
-0.007900862333333314
0.008858547666666716
0.008858537666666666
0.00047883766666667604
-0.007900862333333314
0.016041157666666694
0.014331013380952384
0.01262086909523813
0.01091072480952382
0.009200580523809565
0.007490436238095255
0.005780291952381
0.00407014766666669
0.00236000338095238
0.0006498590952381256
-0.0010602851904761845
-0.002770429476190439
-0.004480573761904749
-0.006190718047619004
-0.007900862333333314
0.011252737666666679
-0.007900862333333314
-0.017477682333333355
0.008858537666666666
0.009097957666666656
0.009337377666666646
0.009576797666666692
0.009816217666666682
0.010055637666666672
0.010295057666666663
0.010534477666666653
0.010773897666666699
0.011013317666666689
0.011252737666666679
0.0016759376666666825
0.008858537666666666
-0.0031124623333333434
0.0016759376666666825
-0.005506652333333362
-0.0031124523333333487
0.011252737666666679
0.016041157666666694
0.011252747666666674
0.006464337666666653
0.00407013766666664
0.0016759376666666825
0.006464344333333372
0.011252751000000005
0.016041157666666694
0.006464337666666653
-0.0031124523333333487
-0.01268924233333335
-0.010295052333333332
-0.007900862333333314
0.0016759376666666825
0.011252737666666679
0.013646947666666687
0.016041157666666694
0.011252747666666674
0.006464337666666653
0.0016759376666666825
-0.0031124623333333434
-0.007900862333333314
-0.00430956233333335
-0.0007182623333333304
0.002873037666666689
0.006464337666666653
0.006464337666666653
0.011252737666666679
0.02561795766666669
0.013646947666666687
0.0016759376666666825
-0.005506652333333362
-0.01268924233333335
0.001675957666666672
0.016041157666666694
0.008858547666666716
0.0016759376666666825
0.0016759376666666825
0.0016759376666666825
0.0016759376666666825
0.0016759376666666825
0.0016759376666666825
0.016041147666666644
-0.007900867333333339
-0.03184288233333332
-0.012689272333333335
0.006464337666666653
-0.0007182623333333304
-0.007900862333333314
0.011252747666666674
0.03040635766666666
0.01923341766666664
0.008060477666666677
-0.0031124623333333434
-0.007900867333333339
-0.012689272333333335
-0.01747767733333333
-0.022266082333333326
0.03040635766666666
0.02082954766666667
0.011252737666666679
0.006464337666666653
-0.00023942633333334795
-0.006943190333333349
-0.01364695433333335
-0.02035071833333335
-0.02705448233333335
0.03519475766666669
0.0016759376666666825
0.0016759376666666825
0.0016759376666666825
0.011252744333333342
0.020829551
0.03040635766666666
0.023223757666666678
0.016041157666666694
0.008858547666666716
0.0016759376666666825
0.03040635766666666
0.016041147666666644
0.0016759376666666825
0.008858547666666716
0.016041157666666694
-0.0007182623333333304
-0.017477682333333355
0.01604115266666667
0.049559987666666694
0.025617964333333354
0.0016759410000000141
-0.022266082333333326
0.02561795766666669
0.0064643576666666425
-0.01268924233333335
0.0064643576666666425
0.02561795766666669
0.018435347666666657
0.011252737666666679
-0.02705448233333335
-0.022266079256410276
-0.0174776761794872
-0.012689273102564125
-0.007900870025641049
-0.0031124669487179735
0.0016759361282051577
0.006464339205128233
0.011252742282051309
0.016041145358974385
0.02082954843589746
0.025617951512820536
0.03040635458974361
0.03519475766666669
-0.007900862333333314
0.020829557666666665
-0.04141968233333332
0.016041157666666694
0.0016759376666666825
-0.0031124623333333434
-0.01268924233333335
-0.007900862333333314
0.02561795766666669
0.013646947666666687
0.0016759376666666825
-0.01268924233333335
-0.010637073761904758
-0.008584905190476222
-0.00653273661904763
-0.004480568047619038
-0.002428399476190446
-0.00037623090476190946
0.0016759376666666825
0.006464337666666653
0.011252737666666679
0.016041147666666644
0.020829557666666665
-0.007900862333333314
0.016041157666666694
-0.01268924233333335
0.03040635766666666
0.029448677666666645
0.028490997666666684
0.027533317666666668
0.026575637666666707
0.02561795766666669
-0.03184288233333332
-0.007900862333333314
0.016041157666666694
-0.03663128233333335
0.044771557666666684
-0.01268924233333335
-0.01268924233333335
0.001675957666666672
0.016041157666666694
0.008858557666666655
0.001675957666666672
-0.0055066423333333114
-0.01268924233333335
0.03040635766666666
-0.01268924233333335
-0.011093115666666653
-0.009496989000000011
-0.007900862333333314
0.03998315766666666
0.008858537666666666
-0.022266082333333326
-0.0007182623333333304
0.020829557666666665
0.00885854766666666
-0.0031124623333333434
-0.0007182623333333304
0.0016759376666666825
0.01221042766666669
0.022744917666666697
0.033279407666666705
0.04381389766666666
0.054348387666666664
0.011252752666666699
-0.03184288233333332
0.03040635766666666
0.023223757666666678
0.016041157666666694
-0.007900862333333314
0.02082956266666669
0.049559987666666694
0.008858552666666686
-0.03184288233333332
0.0016759376666666825
0.03519475766666669
0.03040635766666666
0.02561795766666669
0.02082955766666672
0.016041157666666694
-0.022266082333333326
0.011252737666666679
0.044771557666666684
-0.02705448233333335
0.0016759376666666825
0.008060477666666677
0.01444501766666667
0.020829557666666665
-0.017477682333333355
-0.005506672333333351
0.006464337666666653
0.008858540999999998
0.011252744333333342
0.013646947666666631
0.016041150999999976
0.01843535433333332
0.020829557666666665
0.011252747666666674
0.0016759376666666825
-0.02705448233333335
0.020829557666666665
-0.017477682333333355
-0.012689272333333335
-0.007900862333333314
0.008858547666666716
0.02561795766666669
-0.02705448233333335
-0.012689272333333335
0.0016759376666666825
0.001077387666666707
0.00047883766666667604
-0.00011971233333329945
-0.0007182623333333304
-0.001316812333333306
-0.001915362333333337
-0.0025139123333333124
-0.003112462333333288
-0.003711012333333319
-0.004309562333333294
-0.004908112333333325
-0.005506662333333301
-0.006105212333333332
-0.006703762333333307
-0.007302312333333338
-0.007900862333333314
-0.001516328999999983
0.004868204333333348
0.011252737666666679
0.0016759376666666825
-0.007900862333333314
0.020829557666666665
0.00885854766666666
-0.0031124623333333434
-0.007900862333333314
-0.007900862333333314
-0.007900862333333314
-0.003112462333333288
0.0016759376666666825
0.016041157666666694
0.001675957666666672
-0.01268924233333335
0.02561795766666669
0.02082955766666672
0.016041157666666694
0.006464337666666653
0.001675937666666627
-0.0031124623333333434
0.006464337666666653
-0.0007182623333333304
-0.007900862333333314
-0.005506652333333362
0.02561795766666669
-0.0031124523333333487
-0.007900862333333314
-0.005506662333333301
-0.003112462333333288
-0.0007182623333333304
0.0016759376666666825
-0.007900862333333314
0.006464337666666653
0.006464337666666653
0.006464337666666653
0.006464337666666653
0.006464337666666653
0.007422019666666668
0.008379701666666683
0.009337383666666643
0.010295065666666658
0.011252747666666674
0.006464337666666653
-0.0007182623333333304
0.011252737666666679
0.0032720776666666507
-0.004708582333333322
-0.01268924233333335
-0.006304715666666683
7.98109999999852e-05
0.006464337666666653
0.00407013766666664
0.001675937666666627
0.001675937666666627
0.0016759376666666825
0.0016759376666666825
0.0016759376666666825
0.0016759376666666825
0.0016759376666666825
0.0016759376666666825
0.0016759376666666825
0.0016759376666666825
0.0016759376666666825
0.0016759376666666825
-0.0031124623333333434
0.0016759376666666825
0.016041157666666694
0.01125275366666667
0.006464349666666702
0.0016759456666666783
-0.00311245833333329
-0.007900862333333314
0.008858547666666716
0.02561795766666669
0.0016759376666666825
0.011252747666666674
0.020829557666666665
0.011252737666666679
0.02561795766666669
0.016041147666666644
0.006464337666666653
0.0016759376666666825
-0.0031124623333333434
-0.003910528999999996
-0.004708595666666648
-0.005506662333333301
-0.006304729000000009
-0.007102795666666661
-0.007900862333333314
-0.0007182623333333304
0.006464337666666653
0.00407013766666664
0.016041157666666694
0.0016759376666666825
0.006464337666666653
0.011252737666666679
0.006464337666666653
0.0016759376666666825
-0.0031124623333333434
0.016041157666666694
0.012848884333333366
0.009656610999999982
0.006464337666666653
0.004868204333333348
0.0032720709999999875
0.0016759376666666825
0.0016759376666666825
0.0016759376666666825
0.0016759376666666825
0.006464344333333372
0.011252751000000005
0.016041157666666694
0.013646947666666687
0.011252737666666679
-0.01268924233333335
-0.0007182523333333357
0.011252737666666679
0.006464337666666653
0.006464337666666653
0.006464337666666653
0.00407013766666664
0.0016759376666666825
0.006464337666666653
-0.0031124523333333487
-0.01268924233333335
-0.0007182523333333357
0.011252737666666679
0.006464337666666653
0.0016759376666666825
7.980433333332204e-05
-0.001516328999999983
-0.0031124623333333434
7.980433333332204e-05
0.0032720709999999875
0.006464337666666653
0.006464337666666653
0.006464337666666653
0.009656610999999982
0.012848884333333366
0.016041157666666694
0.01484405600000005
0.01364695433333335
0.012449852666666705
0.01125275100000006
0.01005564933333336
0.008858547666666716
0.007832460523809592
0.006806373380952413
0.005780286238095289
0.00475419909523811
0.003728111952380986
0.0027020248095238064
