-0.010464057352941092
-0.0056756623529411465
0.006295367647058847
-0.02004085235294112
-0.010464062352941172
-0.009266962352941222
-0.00806986235294116
-0.0068727623529410975
-0.0056756623529411465
0.0086895976470589
0.0086895976470589
-0.010464062352941172
-0.00806986235294116
-0.0056756623529411465
-0.008069859852941175
-0.010464057352941092
-0.01285825485294112
-0.015252452352941093
-0.0056756623529411465
0.0039011376470589054
0.0007088709803921844
-0.0024833956862744255
-0.0056756623529411465
0.0086895976470589
-0.015252452352941093
-0.014055353602941079
-0.01285825485294112
-0.01166115610294105
-0.010464057352941092
-0.010464057977941144
-0.010464058602941084
-0.010464059227941136
-0.010464059852941188
-0.010464060477941128
-0.01046406110294118
-0.01046406172794112
-0.010464062352941172
0.0039011376470589054
-0.010464062352941172
0.0039011376470589054
0.0039011376470589054
-0.015252452352941093
-0.012858257352941105
-0.010464062352941172
-0.0008872623529411205
0.00230502431372559
0.005497310980392189
0.0086895976470589
0.007492482647058929
0.006295367647058847
0.005098252647058876
0.0039011376470589054
-0.0056756623529411465
-0.0008872623529411205
-0.004079527352941148
-0.007271792352941064
-0.010464057352941092
-0.010464059852941188
-0.010464062352941172
-0.0072717956862744515
-0.0040795290196078415
-0.0008872623529411205
0.0086895976470589
0.0039011876470589346
-0.0008872223529411416
-0.005675632352941107
-0.010464042352941072
-0.015252452352941093
-0.010464057352941092
-0.0056756623529411465
-0.0032814523529411943
-0.0008872423529411311
0.0015069676470588211
-0.02004085235294112
0.013477997647058926
0.005497310980392189
-0.002483375686274436
-0.010464062352941172
-0.010464062352941172
-0.012516232352941192
-0.014568402352941157
-0.016620572352941176
-0.01867274235294114
-0.02072491235294116
-0.022777082352941125
-0.024829252352941145
-0.0008872623529411205
0.0039011376470589054
0.0039011376470589054
0.0039011376470589054
-0.015252452352941093
-0.005675657352941066
0.0039011376470589054
0.008689567647058971
0.013477997647058926
0.008005533361344574
0.0025330690756303342
-0.002939395210083906
-0.008411859495798257
-0.013884323781512609
-0.01935678806722685
-0.024829252352941145
-0.020040855686274506
-0.015252459019607811
-0.010464062352941172
-0.004079509019607852
0.0023050443137255794
0.0086895976470589
-0.015252452352941093
-0.015252457352941118
0.0039011376470589054
0.0039011376470589054
0.008689567647058971
0.013477997647058926
0.00390118514705895
-0.005675627352941137
-0.015252439852941113
-0.024829252352941145
0.0015069676470588211
0.007093444313725494
0.012679920980392168
0.01826639764705884
0.0039011376470589054
0.00868955764705892
0.013477977647058825
0.01826639764705884
-0.015252452352941093
-0.005675657352941066
0.0039011376470589054
0.00485882964705886
0.005816521647058925
0.00677421364705888
0.007731905647058945
0.0086895976470589
-0.0008872323529410808
-0.010464062352941172
-0.0056756623529411465
0.0015069676470588211
0.0086895976470589
0.006295367647058847
0.0039011376470589054
0.0015069376470588924
-0.0008872623529411205
-0.0032814623529411335
-0.0056756623529411465
-0.00806986235294116
-0.010464062352941172
0.0086895976470589
-0.010464062352941172
0.0086895976470589
0.00310312264705892
-0.0024833523529411705
-0.00806982735294115
-0.01365630235294113
-0.01924277735294111
-0.024829252352941145
-0.020040855686274506
-0.015252459019607811
-0.010464062352941172
-0.0056756623529411465
-0.0008872623529411205
-0.005675660352941092
-0.010464058352941175
-0.015252456352941146
-0.020040854352941118
-0.024829252352941145
-0.018444722352941145
-0.012060192352941201
-0.0056756623529411465
-0.0056756623529411465
-0.0056756623529411465
-0.0032814623529411335
-0.0008872623529411205
-0.001485812352941096
-0.0020843623529410715
-0.002682912352941158
-0.0032814623529411335
-0.003880012352941109
-0.0044785623529411955
-0.005077112352941171
-0.0056756623529411465
-0.0032814623529411335
-0.0008872623529411205
0.0015069376470588924
0.0039011376470589054
-0.0056756623529411465
0.0086895976470589
-0.007271792352941064
-0.0056756623529411465
0.003901157647058895
-0.015252452352941093
-0.0056756623529411465
-0.00886792568627448
-0.012060189019607814
-0.015252452352941093
-0.0008872273529411112
0.013477997647058926
0.007093444313725605
0.0007088909803921739
-0.0056756623529411465
-0.0056756623529411465
-0.0040795290196078415
-0.0024833956862744255
-0.0008872623529411205
-0.0024833956862744255
-0.0040795290196078415
-0.0056756623529411465
-0.0072717956862744515
-0.008867929019607868
-0.010464062352941172
-0.015252452352941093
0.0086895976470589
0.0067742256470588735
0.004858853647058847
0.002943481647058932
0.0010281096470589057
-0.0008872623529411205
-0.008069857352941079
0.03263159764705892
-0.04398288235294112
0.027843197647058893
-0.04398288235294112
-0.01365632235294112
0.016670237647058883
0.046996797647058886
-0.03919445235294111
-0.03440605235294114
-0.029617652352941115
-0.02482925235294109
-0.02004085235294112
0.0039011726470589148
0.027843197647058893
-0.01764663735294114
-0.06313647235294112
0.06615039764705888
0.021458640980392185
-0.023233115686274453
-0.06792487235294109
0.05178519764705891
0.03071622364705895
0.009647249647058875
-0.011421724352941087
-0.032490698352941105
-0.05355967235294112
0.0086895976470589
0.013477997647058926
0.003217130504201804
-0.007043736638655318
-0.017304603781512495
-0.027565470924369673
-0.037826338067226795
-0.04808720521008397
-0.058348072352941094
0.019862510980392267
-0.04877128235294109
-0.02482925568627442
-0.0008872290196078048
0.023054797647058867
-0.0056756623529411465
-0.03919445235294111
0.015872192647058858
0.07093883764705888
0.02465093431372556
-0.021636969019607766
-0.06792487235294109
-0.0008872373529410504
0.06615039764705888
0.03933534364705893
0.012520289647058869
-0.01429476435294108
-0.041109818352941085
-0.06792487235294109
0.020660567647058925
-0.006872742352941108
-0.03440605235294114
-0.027822002352941133
-0.021237952352941125
-0.014653902352941117
-0.00806985235294111
0.014076520147058846
0.03622289264705891
0.05836926514705898
0.08051563764705894
0.0015069676470589322
-0.07750170235294113
0.05178519764705891
-0.03919445235294111
-0.022435057352941157
-0.0056756623529411465
0.013477997647058926
-0.034406052352941086
-0.0822901023529411
-0.003281432352941094
0.07572723764705891
0.043166089647058925
0.01060494164705894
-0.0219562063529411
-0.05451735435294114
-0.08707850235294112
0.08530403764705885
0.04460260264705884
0.003901167647058834
-0.03680026735294112
-0.07750170235294113
0.0039011726470589148
-0.0056756623529411465
0.00868956764705886
0.023054797647058867
-0.0024833590196078337
-0.02802151568627448
-0.05355967235294112
-0.02482925485294113
0.0039011626470588645
0.0326315801470588
0.06136199764705885
0.03947215478991606
0.017582311932773154
-0.004307530924369751
-0.026197373781512545
-0.048087216638655395
-0.06997705949579824
-0.0918669023529411
0.1044576276470589
0.00868956264705889
-0.08707850235294112
0.016670247647058822
0.0039011376470589054
-0.024829252352941145
-0.014454377352941139
-0.004079502352941189
0.006295372647058817
0.016670247647058822
0.027045122647058828
0.037419997647058834
0.018266383647058793
-0.0008872303529411374
-0.020040844352941123
-0.03919445835294111
-0.058348072352941094
-0.03440605735294111
-0.010464042352941072
-0.005675642352941157
0.09966922764705888
0.04460259014705892
-0.010464047352941153
-0.06553068485294111
-0.12059732235294113
-0.02004085235294112
0.04220838764705892
0.1044576276470589
0.0469967951470589
-0.010464037352941102
-0.0679248698529411
-0.1253857023529411
0.0015069376470588924
0.03103543764705885
0.06056393764705892
0.09009243764705888
-0.00806984235294117
-0.1062321223529411
-0.015252442352941098
0.07572723764705891
0.023054790980392204
-0.029617655686274447
-0.0822901023529411
-0.028021522352941086
0.026247057647058925
0.08051563764705894
-0.0727133023529411
-0.0573904073529411
-0.042067512352941094
-0.02674461735294109
-0.011421722352941033
0.0039011726470589148
0.01826639764705884
-0.010464062352941172
-0.015252457352941118
-0.02004085235294112
-0.002483369019607773
0.015074114313725517
0.03263159764705892
-0.05355967235294112
-0.012060169019607825
0.029439334313725585
0.07093883764705888
0.02784320098039228
-0.015252435686274435
-0.058348072352941094
0.006295372647058928
0.009886685147058927
0.013477997647058926
0.0015069676470588211
-0.010464062352941172
-0.0128582598529412
-0.015252457352941118
-0.017646654852941146
-0.02004085235294112
0.01826639764705884
-0.003281427352941124
-0.024829252352941145
-0.005675627352941137
0.013477997647058926
0.005497310980392189
-0.002483375686274436
-0.010464062352941172
-0.0056756623529411465
-0.024829252352941145
-0.010464057352941092
0.0039011376470589054
-0.0032814623529411335
-0.010464062352941172
-0.002483375686274436
0.005497310980392189
0.013477997647058926
-0.024829252352941145
-0.023233119019607784
-0.02163698568627448
-0.02004085235294112
-0.018444719019607758
-0.016848585686274453
-0.015252452352941093
0.003901167647058945
0.01826639764705884
-0.0008872273529411112
-0.02004085235294112
-0.01365632235294112
-0.007271792352941175
-0.0008872623529411205
-0.024829252352941145
-0.021237954852941165
-0.01764665735294113
-0.014055359852941152
-0.010464062352941172
-0.010464062352941172
-0.007727825210083972
-0.004991588067226882
-0.002255350924369681
0.00048088621848740853
0.0032171233613446093
0.005953360504201699
0.0086895976470589
-0.0008872323529410808
-0.010464062352941172
-0.010464062352941172
0.0039011376470589054
0.0015069376470588924
-0.0008872623529411205
-0.0032814623529411335
-0.0056756623529411465
-0.0056756623529411465
-0.0056756623529411465
0.0039011376470589054
-0.0008872623529411205
-0.0056756623529411465
-0.0008872423529411311
0.0039011776470588844
0.0086895976470589
0.0086895976470589
-0.010464062352941172
-0.0056756623529411465
-0.0008872623529411205
0.0039011376470589054
0.005816509647058932
0.007731881647058958
0.009647253647058873
0.0115626256470589
0.013477997647058926
0.0015069376470588924
0.0027040376470589544
0.0039011376470589054
0.0039011376470589054
0.0039011376470589054
-0.010464062352941172
-0.00806986235294116
-0.0056756623529411465
-0.0056756623529411465
-0.0056756623529411465
-0.0056756623529411465
-0.0056756623529411465
-0.0056756623529411465
-0.0056756623529411465
-0.02004085235294112
-0.012858257352941105
-0.0056756623529411465
-0.003760302352941114
-0.0018449423529410813
7.041764705884024e-05
0.001985777647058873
0.0039011376470589054
-0.005675659019607759
-0.0040795267973855465
-0.0024833945751633335
-0.0008872623529411205
0.00030983764705883043
0.0015069376470588924
0.0027040376470589544
0.0039011376470589054
-0.0008872623529411205
0.0086895976470589
-0.0008872623529411205
-0.0040795290196078415
-0.0072717956862744515
-0.010464062352941172
-0.0056756623529411465
-0.0028026103529411595
7.04416470588276e-05
0.0029434936470589257
0.005816545647058913
0.0086895976470589
0.0086895976470589
0.0086895976470589
0.0086895976470589
-0.0056756623529411465
-0.0040795290196078415
-0.0024833956862744255
-0.0008872623529411205
-0.0008872623529411205
-0.0016853290196078285
-0.0024833956862744255
-0.0032814623529411335
-0.0040795290196078415
-0.0048775956862744385
-0.0056756623529411465
-0.004991605210084016
-0.004307548067226885
-0.0036234909243697544
-0.0029394337815125127
-0.002255376638655382
-0.0015713194957982513
-0.0008872623529411205
-0.0008872623529411205
0.0039011376470589054
0.003901167647058945
0.0015069526470589123
-0.0008872623529411205
0.0086895976470589
0.007492490147058883
0.006295382647058867
0.0050982751470588505
0.003901167647058945
0.0027040601470589287
0.0015069526470589123
0.0003098451470588959
-0.0008872623529411205
-0.012858257352941105
-0.01206019235294109
-0.011262127352941187
-0.010464062352941172
-0.0008872623529411205
-0.0024833956862744255
-0.0040795290196078415
-0.0056756623529411465
0.0039011376470589054
0.0039011376470589054
0.0007088709803921844
-0.0024833956862744255
-0.0056756623529411465
-0.0056756623529411465
