0.009628450421568624
0.008032316254901944
0.006436182088235293
0.0016477820882352945
0.006436182088235293
0.011224582088235291
0.006436182088235293
0.011224582088235291
0.008830382088235306
0.006436182088235293
0.005752123516806734
0.005068064945378148
0.004384006373949562
0.003699947802521003
0.0030158892310924446
0.0023318306596638583
0.001647772088235272
0.0009637135168067135
0.00027965494537815494
-0.00040440362605043134
-0.0010884621974790176
-0.0017725207689075761
-0.0024565793403361347
-0.003140637911764721
0.016012992088235284
0.011224582088235291
0.00404198208823528
0.009628448754901986
0.010027482088235312
0.010426515421568638
0.010825548754901965
0.011224582088235291
0.020801392088235282
0.01441685542156862
0.008032318754901957
0.0016477820882352945
0.002605462088235283
0.0035631420882352993
0.004520822088235288
0.005478502088235304
0.006436182088235293
0.016012992088235284
0.02558979208823528
0.020801392088235282
0.014815884588235267
0.00883037708823528
0.0028448695882352937
-0.003140637911764721
0.016012992088235284
0.030378202088235273
0.027983997088235263
0.02558979208823528
0.011224577088235294
-0.003140637911764721
0.006436177088235268
0.016012992088235284
0.018407192088235297
0.020801392088235282
0.011224587088235288
0.0016477820882352945
0.002844882088235301
0.00404198208823528
0.005239082088235286
0.006436182088235293
0.016012992088235284
0.016012992088235284
0.013618787088235301
0.011224582088235291
0.011224582088235291
0.010266902088235302
0.009309222088235286
0.008351542088235298
0.007393862088235281
0.006436182088235293
0.0016477820882352945
0.006436182088235293
0.006436182088235293
0.006436182088235293
0.006436182088235293
0.006436182088235293
0.00962845208823529
0.012820722088235287
0.016012992088235284
0.013618789588235286
0.011224587088235288
0.00883038458823529
0.006436182088235293
0.006436182088235293
0.006436182088235293
0.016012992088235284
0.018407192088235297
0.020801392088235282
0.016012987088235286
0.011224582088235291
0.014416852088235288
0.017609122088235285
0.020801392088235282
0.016012987088235286
0.011224582088235291
0.01840718708823527
0.02558979208823528
0.013618787088235301
0.0016477820882352945
0.0016477820882352945
0.0016477820882352945
0.0016477820882352945
0.00404198208823528
0.006436182088235293
0.006436182088235293
0.006436182088235293
0.011224582088235291
0.011756627643790846
0.0122886731993464
0.012820718754901955
0.01335276431045751
0.013884809866013065
0.01441685542156862
0.014948900977124174
0.015480946532679729
0.016012992088235284
0.01441685542156862
0.012820718754901955
0.011224582088235291
0.006436182088235293
0.0016477820882352945
0.00404198208823528
0.006436182088235293
0.011224587088235288
0.016012992088235284
0.013618787088235301
0.011224582088235291
0.016012987088235286
0.020801392088235282
0.020801392088235282
0.020801392088235282
0.011224582088235291
0.01840718708823527
0.02558979208823528
-0.003140637911764721
0.011224587088235288
0.011756632088235297
0.012288677088235278
0.012820722088235287
0.013352767088235296
0.013884812088235277
0.014416857088235285
0.014948902088235294
0.015480947088235275
0.016012992088235284
0.030378202088235273
0.006436182088235293
0.011224587088235288
0.006436182088235293
0.02558979208823528
0.020801392088235282
0.016012992088235284
0.020801395421568614
0.025589798754901943
0.030378202088235273
0.006436182088235293
0.020801392088235282
0.01920525875490195
0.017609125421568617
0.016012992088235284
0.007633282088235299
-0.0007464279117647132
0.0016477820882352945
-0.0007464279117647132
-0.003140637911764721
0.006436177088235268
0.016012992088235284
0.018407192088235297
0.020801392088235282
0.016012987088235286
0.011224582088235291
0.009628448754901958
0.008032315421568625
0.006436182088235293
0.006436182088235293
0.006436182088235293
0.006436182088235293
0.006436182088235293
0.020801392088235282
0.006436182088235293
0.016012987088235286
0.02558979208823528
0.006436182088235293
0.011224587088235288
0.016012992088235284
0.016012992088235284
0.013618789588235286
0.011224587088235288
0.00883038458823529
0.006436182088235293
0.0046405308382352906
0.0028448795882352884
0.0010492283382352863
-0.0007464229117647159
-0.002542074161764718
-0.00433772541176472
-0.006133376661764722
-0.007929027911764724
0.013618787088235301
0.01242168458823531
0.011224582088235291
0.02558979208823528
-0.003140637911764721
0.030378202088235273
0.022716756088235285
0.015055310088235269
0.00739386408823528
-0.000267581911764736
-0.007929027911764724
0.006436182088235293
0.020801392088235282
0.011224582088235291
0.02558979208823528
0.02558979208823528
0.016012992088235284
0.013618787088235301
0.011224582088235291
0.004041972088235285
-0.003140637911764721
0.016012992088235284
0.011224587088235288
0.006436182088235293
0.00883038458823529
0.011224587088235288
0.013618789588235286
0.016012992088235284
0.016012992088235284
0.016012992088235284
0.016012992088235284
0.016012992088235284
0.016012992088235284
0.016012992088235284
0.016012992088235284
0.016012992088235284
0.011224585421568622
0.013618787088235301
0.011224585421568622
0.008830383754901971
0.006436182088235293
0.006436182088235293
0.006436182088235293
0.006436182088235293
0.006436182088235293
0.001647772088235272
-0.003140637911764721
0.001647772088235272
0.006436182088235293
0.011224582088235291
0.01840718708823527
0.02558979208823528
-0.010323232911764707
-0.046236257911764694
0.030378197088235276
0.10699265208823527
0.07155846608823527
0.03612428008823529
0.0006900940882353102
-0.034744091911764724
-0.0701782779117647
0.02558979208823528
0.037560802088235284
0.04953181208823529
0.006436182088235293
-0.041447857911764724
0.004041977088235282
0.04953181208823529
0.03676273542156863
0.023993658754901948
0.011224582088235291
0.005752119231092423
0.00027965637394958276
-0.005192806483193285
-0.010665269340336125
-0.016137732197478966
-0.021610195054621834
-0.0270826579117647
0.03995500208823527
0.03995500208823527
0.03995500208823527
-0.01271743791176469
0.06389702208823528
-0.03187105791176473
-0.0031406329117647236
0.02558979208823528
0.037560802088235284
0.04953181208823529
0.023195587088235298
-0.003140637911764721
-0.001943532911764717
-0.0007464279117647132
0.0004506770882352906
0.0016477820882352945
0.07347382208823527
-0.003140637911764721
-0.01271744457843138
-0.022294251245098068
-0.03187105791176473
0.08783903208823529
0.07267575375490196
0.05751247542156862
0.042349197088235285
0.02718591875490195
0.012022640421568614
-0.003140637911764721
-0.012717427911764723
0.09741584208823528
0.06389701542156861
0.030378188754901947
-0.003140637911764721
-0.046236257911764694
-0.011520332911764714
0.023195592088235295
0.057911517088235304
0.09262744208823528
-0.01271743791176469
0.06868542208823528
0.04234920708823528
0.016012992088235284
-0.005534832911764709
-0.0270826579117647
-0.013675124911764702
-0.000267591911764703
0.013139941088235269
0.026547474088235268
0.03995500708823527
0.03277240042156859
0.025589793754901946
0.01840718708823527
0.018521197326330507
0.01863520756442577
0.018749217802521007
0.018863228040616242
0.018977238278711478
0.01909124851680674
0.019205258754901977
-0.007929027911764724
-0.009525161245098057
-0.01112129457843139
-0.012717427911764723
0.037560802088235284
0.08783903208823529
-0.03187105791176473
-0.02389038124509804
-0.01590970457843141
-0.007929027911764724
0.0782622320882353
0.023195587088235298
-0.03187105791176473
-0.005534832911764737
0.020801392088235282
0.025589795838235285
0.03037819958823529
0.03516660333823529
0.03995500708823527
0.04474341083823527
0.04953181458823527
0.05432021833823528
0.05910862208823528
0.04753664708823527
0.03596467208823528
0.0243926970882353
0.012820722088235287
0.0012487470882352747
-0.01032322791176471
0.011224588754901982
-0.007929032911764722
0.018407189588235284
0.04474341208823529
0.04108169208823528
0.037419972088235276
0.0337582520882353
0.03009653208823529
0.026434812088235282
0.022773092088235275
0.019111372088235296
0.015449652088235288
0.011787932088235281
0.008126212088235274
0.004464492088235267
0.0008027720882352873
-0.00285894791176472
-0.006520667911764727
-0.010182387911764706
-0.013844107911764714
-0.01750582791176472
-0.01750582791176472
0.018407197088235294
0.009628445421568627
0.02558979208823528
0.03516660208823527
-0.046236257911764694
0.03516660208823527
0.03756080458823527
0.03995500708823527
0.04234920958823529
0.04474341208823529
-0.046236257911764694
0.03516660208823527
0.03516660208823527
-0.05102465791176472
0.03516660208823527
0.030378197088235276
0.02558979208823528
0.01481588708823528
0.00404198208823528
-0.006731922911764721
-0.01750582791176472
0.03995500208823527
0.03037819542156861
0.02080138875490195
0.011224582088235291
-0.01750582791176472
0.011224587088235288
0.03995500208823527
-0.003140637911764721
-0.005534832911764737
-0.007929027911764724
0.025589797088235278
0.05910862208823528
0.027983992088235293
-0.003140637911764721
0.0004506670882352959
0.004041972088235285
0.007633277088235274
0.011224582088235291
0.030378197088235276
0.04953181208823529
-0.007929027911764724
0.006436182088235293
0.020801392088235282
0.03516660208823527
0.021998494588235273
0.008830387088235275
-0.004337720411764723
-0.01750582791176472
0.0016477820882352945
0.009309226088235284
0.016970670088235273
0.024632114088235263
0.03229355808823528
0.03995500208823527
0.001647772088235272
-0.0366594579117647
0.011224582088235291
0.02558979208823528
-0.003140637911764721
0.016012992088235284
0.0303782020882353
0.04474341208823529
0.027185932088235276
0.00962845208823529
-0.007929027911764724
0.006436182088235293
0.009428934588235294
0.012421687088235295
0.015414439588235296
0.018407192088235297
0.02139994458823527
0.02439269708823527
0.027385449588235272
0.030378202088235273
0.025589797088235278
0.020801392088235282
0.016012987088235286
0.011224582088235291
0.00404198208823528
0.02558979208823528
0.006436187088235262
0.00643618583823527
0.0064361845882352775
0.006436183338235285
0.006436182088235293
0.006436182088235293
0.012820718754901955
0.019205255421568618
0.02558979208823528
0.013618784588235289
0.0016477770882352971
0.018407189588235284
0.03516660208823527
0.020801392088235282
0.006436182088235293
0.004041977088235282
0.001647772088235272
-0.0007464329117647106
-0.003140637911764721
0.0016477770882352971
0.016012988754901952
0.030378200421568635
0.04474341208823529
0.011224592088235313
-0.02229422791176469
-0.003140637911764721
0.027983992088235293
0.05910862208823528
0.00404198208823528
-0.05102465791176472
0.020801392088235282
0.09262744208823528
0.0040419920882352744
-0.08454345791176474
-0.00792901791176473
0.06868542208823528
0.023993655421568616
-0.020698111245098044
-0.06538987791176473
0.04474341208823529
0.036534719231092444
0.02832602637394957
0.020117333516806724
0.011908640659663877
0.003699947802521003
-0.004508745054621843
-0.01271743791176469
0.0016477770882352971
0.10220424208823528
0.038358862088235274
-0.025486517911764733
-0.08933189791176474
0.011224577088235266
0.11178105208823529
0.013618797088235296
-0.08454345791176474
0.01601300208823528
0.11656946208823528
0.02558979208823528
-0.06538987791176473
0.06868542208823528
0.03676272875490194
0.004840035421568606
-0.0270826579117647
0.00883037708823528
0.04474341208823529
0.023195597088235292
0.0016477820882352945
0.011224582088235291
0.012820718754901955
0.01441685542156862
0.016012992088235284
0.008830387088235275
0.0016477820882352945
0.017609125421568617
0.033570468754901966
0.04953181208823529
0.0016477820882352945
0.03516660208823527
0.02319559458823528
0.011224587088235288
-0.0007464204117647311
-0.012717427911764723
0.04474341208823529
0.013618792088235271
-0.01750582791176472
-0.004337720411764723
0.008830387088235275
0.021998494588235273
0.03516660208823527
-0.02229422791176469
0.03516660208823527
0.016012992088235284
-0.0031406179117647037
-0.02229422791176469
0.020801392088235282
0.006436182088235293
0.01441685542156862
0.022397528754901946
0.030378202088235273
0.011224582088235291
0.012421684588235282
0.013618787088235301
0.014815889588235293
0.016012992088235284
0.013618789588235286
0.011224587088235288
0.00883038458823529
0.006436182088235293
0.008830383754901944
0.011224585421568622
0.013618787088235301
0.016012988754901952
0.018407190421568603
0.020801392088235282
0.016012987088235286
0.011224582088235291
0.012820718754901955
0.01441685542156862
0.016012992088235284
0.014815889588235293
0.013618787088235301
0.012421684588235282
0.011224582088235291
0.004041972088235285
-0.003140637911764721
0.006436177088235268
0.016012992088235284
0.012820722088235287
0.00962845208823529
0.006436182088235293
0.008830382088235306
0.016012992088235284
0.008830382088235306
0.013618787088235301
-0.003140637911764721
-0.001544497911764725
5.164208823529859e-05
0.0016477820882352945
-0.012717427911764723
0.0016477820882352945
