-0.008858625000002007
-0.013646791666667824
-0.00566623611111261
0.002314319444442603
0.010294874999997816
0.0007183749999963851
-0.00885812500000327
-0.004069625000003185
0.0007188749999968991
-0.00047837500000191824
-0.001675625000002512
-0.0028728750000031056
-0.004070125000001923
-0.013647125000002092
-0.01604125000000245
-0.018435375000002807
-0.020829500000003165
-0.023223625000001746
-0.025617750000002104
-0.028011875000002462
-0.03040600000000282
-0.03280012500000318
-0.020829125000002335
-0.011252125000003943
-0.004070125000001923
0.0055068749999964695
0.015083874999996638
0.010295374999996554
0.0055068749999964695
0.0007183749999981615
-0.004070125000001923
-0.013647125000002092
-0.016041125000002765
-0.018435125000001662
-0.03280012500000318
-0.013647125000002092
-0.013647125000002092
-0.013647125000002092
-0.013647125000002092
-0.013647125000002092
-0.013647125000002092
-0.013647125000002092
-0.013647125000002092
-0.018435125000001662
-0.017477525000002103
-0.016519925000002544
-0.01556232500000121
-0.01460472500000165
-0.013647125000002092
-0.013647125000002092
0.015083874999996638
0.005506874999998246
-0.004070125000001923
-0.013647125000002092
0.003112374999998835
0.019871874999997985
0.008698874999998552
-0.0024741250000026582
-0.013647125000002092
-0.02082962500000285
-0.02801212500000183
-0.024819791666669033
-0.02162745833333446
-0.018435125000001662
-0.013646625000001578
-0.00885812500000327
-0.00885812500000327
-0.006464125000002596
-0.004070125000001923
-0.004070125000001923
-0.004070125000001923
-0.004070125000001923
-0.013646625000001578
-0.02322312500000301
-0.013646625000001578
-0.004070125000001923
-0.008858375000002638
-0.013646625000001578
-0.018434875000002293
-0.02322312500000301
-0.018435125000001662
-0.013646791666667824
-0.008858458333335761
-0.004070125000001923
-0.018435125000001662
0.0007188749999968991
-0.004069625000003185
-0.00885812500000327
-0.01125262500000268
-0.013647125000002092
-0.023223625000001746
-0.03280012500000318
-0.03399737500000377
-0.03519462500000259
-0.036391875000001406
-0.037589125000002
-0.023223625000001746
-0.00885812500000327
-0.013647125000002092
0.0007188749999968991
-0.006464125000002596
-0.013647125000002092
-0.023223625000001746
-0.03280012500000318
-0.03280012500000318
-0.03280012500000318
-0.03280012500000318
-0.03280012500000318
-0.026216125000003032
-0.019632125000002887
-0.013048125000002742
-0.006464125000002596
-0.00047862500000128705
0.005506874999998246
0.005506874999998246
0.005506874999998246
0.005506874999998246
0.005506874999998246
-0.001675625000002512
-0.00885812500000327
-0.010454458333336802
-0.012050791666668559
-0.013647125000002092
-0.02082962500000285
-0.02801212500000183
-0.004070125000001923
-0.007661375000001414
-0.01125262500000268
-0.014843875000002171
-0.018435125000001662
-0.015242791666668865
-0.012050458333336067
-0.00885812500000327
-0.01125262500000268
-0.012449875000003274
-0.013647125000002092
-0.010454791666669294
-0.00726245833333472
-0.004070125000001923
0.010294874999997816
0.0055068749999964695
0.0007188749999968991
-0.00047837500000191824
-0.001675625000002512
-0.0028728750000031056
-0.004070125000001923
-0.02322312500000301
0.0007188749999968991
-0.008858125000001493
-0.018435125000001662
-0.018435125000001662
-0.018435125000001662
-0.01604087500000162
-0.013646625000001578
-0.011252375000003312
-0.00885812500000327
-0.00885812500000327
-0.018435125000001662
-0.016040958333334743
-0.013646791666667824
-0.01125262500000268
-0.008858458333335761
-0.006464291666668842
-0.004070125000001923
0.015083874999996638
-0.013647125000002092
-0.02082962500000285
-0.02801212500000183
0.0007188749999968991
-0.02322312500000301
-0.016040625000004027
-0.00885812500000327
-0.005665958333336718
-0.0024737916666701665
0.0007183749999963851
0.0026336749999966713
0.0045489749999969575
0.006464274999997244
0.00837957499999753
0.010294874999997816
-0.004070125000001923
-0.006464375000001965
-0.008858625000002007
-0.01125287500000205
-0.013647125000002092
-0.013646625000001578
-0.01604087500000162
-0.018435125000001662
-0.014843875000002171
-0.01125262500000268
-0.007661375000001414
-0.004070125000001923
-0.02322312500000301
-0.02035012500000377
-0.017477125000002758
-0.01460412500000352
-0.011731125000002507
-0.00885812500000327
-0.00885812500000327
-0.004070125000001923
-0.0016761250000012495
-0.001376750000002147
-0.0010773750000012683
-0.0007780000000021658
-0.00047862500000128705
-0.0001792500000021846
0.00012012499999691784
0.00041949999999779664
0.0007188749999968991
-0.017237875000002845
-0.03519462500000259
-0.03280012500000318
-0.029208875000003687
-0.02561762500000242
-0.022026375000001153
-0.018435125000001662
-0.004070125000001923
0.005506874999998246
0.0023145416666654484
-0.0008777916666691254
-0.004070125000001923
0.0007188749999968991
-0.004070125000001923
-0.004070125000001923
-0.004070125000001923
-0.009816125000002174
-0.015562125000002425
-0.021308125000002676
-0.027054125000002927
-0.03280012500000318
-0.03280012500000318
-0.03280012500000318
-0.02801212500000183
-0.004070125000001923
0.0007183749999981615
0.005506874999998246
-0.004070125000001923
-0.013647125000002092
-0.02082962500000285
-0.02801212500000183
-0.02082962500000285
-0.013647125000002092
-0.013647125000002092
-0.013647125000002092
-0.013647125000002092
-0.013647125000002092
-0.008858458333335761
-0.004069791666669431
0.0007188749999968991
-0.004069625000003185
-0.00885812500000327
-0.016040625000004027
-0.0154422500000031
-0.014843875000002171
-0.01424550000000302
-0.013647125000002092
-0.013647125000002092
-0.00885812500000327
-0.007262125000002229
-0.005666125000002964
-0.004070125000001923
-0.00885812500000327
-0.006464125000002596
-0.004070125000001923
-0.02082962500000285
-0.037589125000002
0.08690987499999814
-0.020829125000002335
-0.1285681250000028
-0.023223625000001746
0.08212087499999754
-0.004070125000003699
-0.09026112500000316
-0.013646625000001578
0.06296787499999823
0.024660541666664315
-0.013646791666667824
-0.05195412500000174
0.11085187499999805
-0.01125262500000268
-0.1333571250000034
0.010294874999997816
0.15394687499999726
0.06536162499999776
-0.023223625000001746
-0.11180887500000303
-0.20039412500000253
0.17788887499999717
0.10845720833333061
0.039025541666664054
-0.030406125000002504
-0.11579912500000233
-0.20119212500000216
-0.286585125000002
-0.03519437500000144
0.21619637499999733
-0.05195387500000237
-0.32010412500000207
-0.05434812500000241
0.21140787499999725
-0.03998312500000267
-0.2913741250000026
0.18746587499999734
-0.04477162500000276
-0.27700912500000285
-0.15370775000000236
-0.03040637500000365
0.09289499999999684
0.21619637499999733
0.16053118749999662
0.10486599999999768
0.04920081249999697
-0.006464375000001965
-0.06212956250000268
-0.11779475000000339
-0.17345993750000233
-0.22912512500000304
0.010295374999996554
0.010295374999996554
0.12042887499999821
-0.056742125000003085
0.01747787499999731
0.09169787499999771
0.046208374999997304
0.0007188749999968991
0.00431012499999639
0.007901374999997657
0.011492624999997147
0.015083874999996638
0.04381387499999789
0.033758274999998505
0.023702674999997342
0.013647074999997955
0.003591474999996791
-0.006464125000002596
-0.02322312500000301
-0.0902607916666689
-0.15729845833333655
-0.22433612500000244
-0.03758862500000326
0.1491588749999977
0.11180937499999821
0.07445987499999696
0.037110374999997475
-0.0002391250000020051
-0.03758862500000326
-0.07493812500000274
-0.11228762500000222
-0.1496371250000017
-0.18698662500000296
-0.22433612500000244
-0.03519462500000259
-0.032800625000001915
0.0031123749999970585
0.07613562499999738
0.1491588749999977
0.04860254166666422
-0.05195379166666925
-0.15251012500000272
-0.05993445833333588
0.03264120833333095
0.12521687499999778
0.05339087499999806
-0.01843512500000344
-0.09026112500000316
-0.06344612500000224
-0.036631125000003095
-0.009816125000002174
0.01699887499999697
0.04381387499999789
0.07254487499999662
0.010295374999996554
0.024660541666664315
0.0390257083333303
0.05339087499999806
0.008699208333331043
-0.035992458333335975
-0.08068412500000299
0.0677558749999978
-0.14772212500000315
-0.06791545833333679
0.011891208333331349
0.09169787499999771
0.023463124999997476
-0.04477162500000276
-0.11300637500000299
-0.18124112500000322
-0.10342962500000219
-0.025618125000002934
0.05219337499999632
0.13000487499999736
-0.20518312500000313
-0.08706912500000286
0.03104487499999742
0.1491588749999977
-0.02801212500000183
-0.22433612500000244
-0.028011625000003093
0.16831287499999803
0.0055068749999964695
-0.15729912500000331
0.16831287499999803
0.007901374999997657
-0.15251012500000272
-0.001675625000002512
0.1491588749999977
0.02466037499999807
-0.09983812500000333
-0.06248852500000268
-0.025138925000002033
0.01221067499999684
0.04956027499999749
0.08690987499999814
0.07015037499999899
0.05339087499999806
0.036631374999997135
0.019871874999997985
0.003112374999998835
-0.013647125000002092
0.022265874999996882
0.05817887499999763
-0.025617625000004196
-0.03519462500000259
0.01388662499999782
0.06296787499999823
-0.04477112500000224
-0.15251012500000272
-0.008858125000001493
0.13479387499999795
0.07733304166666422
0.019872208333330477
-0.03758862500000326
-0.09504945833333522
-0.15251029166666896
-0.2099711250000027
0.1491588749999977
0.03742954166666479
-0.07429979166666989
-0.1860291250000028
-0.03998312500000267
0.16352387499999743
0.09169787499999771
0.019871874999997985
-0.051954125000003515
-0.12378012500000324
0.01747787499999731
0.043814208333330384
0.07015054166666523
0.0964868749999983
0.024660874999996807
-0.047165125000002917
0.024660874999996807
0.031843374999997565
0.03902587499999832
0.005506874999998246
-0.02801212500000183
-0.02801212500000183
-0.02801212500000183
-0.02801212500000183
-0.02801212500000183
0.013487541666664882
0.054987208333331594
0.0964868749999983
-0.19081712500000236
-0.17226212500000315
-0.15370712500000216
-0.13515212500000295
-0.11659712500000197
-0.09804212500000276
-0.07948712500000177
-0.06093212500000256
-0.042377125000003346
-0.02382212500000236
-0.005267125000003148
0.01328787499999784
0.03184287499999705
0.05039787499999804
0.06895287499999725
0.08750787499999824
0.10606287499999745
-0.03280012500000318
-0.20039412500000253
0.17788887499999717
-0.1285681250000028
0.007900874999997143
0.12042887499999821
-0.07110712500000282
0.03902587499999832
0.010294874999997816
0.009762874999998061
0.009230874999998306
0.008698874999998552
0.00816687499999702
0.007634874999997265
0.0071028749999975105
0.006570874999997756
0.006038874999998001
0.0055068749999964695
0.0049748749999967146
0.00444287499999696
0.003910874999997205
0.00337887499999745
0.002846874999997695
0.00231487499999794
0.0017828749999964089
0.001250874999996654
0.0007188749999968991
0.019871874999997985
-0.08068412500000299
-0.04620772500000214
-0.011731325000003068
0.022745074999997783
0.05722147499999686
0.09169787499999771
-0.15251012500000272
-0.04477162500000276
-0.04955962500000233
-0.011252125000002167
0.005906208333330554
0.023064541666663274
-0.12378012500000324
0.015083874999996638
0.040222874999995994
0.06536187499999713
0.09050087499999826
0.11563987499999762
0.07254437499999788
0.029448874999998154
-0.013646625000003354
-0.056742125000003085
-0.004069625000003185
0.07254487499999662
-0.02801212500000183
0.012689374999999004
0.05339087499999806
0.02466037499999807
-0.004070125000001923
0.02466037499999807
0.05339087499999806
0.03583354166666375
0.018276208333331212
0.0007188749999968991
0.007901374999997657
0.015083874999996638
0.012689374999997227
0.010294874999997816
0.0007188749999968991
0.012689874999997741
0.024660874999996807
-0.006464125000002596
-0.037589125000002
-0.01843545833333593
0.0007182083333319156
0.019871874999997985
-0.042377125000003346
-0.030406125000002504
-0.018435125000001662
-0.006464125000002596
0.005506874999998246
-0.037589125000002
0.019871874999997985
0.010295374999996554
0.0007188749999968991
0.007103208333330002
0.013487541666664882
0.019871874999997985
-0.02322312500000301
-0.02561762500000242
-0.02801212500000183
-0.023223625000001746
-0.018435125000001662
-0.020829125000002335
-0.02322312500000301
-0.019232791666668803
-0.015242458333336373
-0.011252125000003943
-0.007261791666669737
-0.0032714583333355307
0.0007188749999968991
-0.00047837500000191824
-0.001675625000002512
-0.0028728750000031056
-0.004070125000001923
0.0007188749999968991
0.015083874999996638
-0.018435125000001662
0.0007188749999968991
-0.004069625000003185
-0.00885812500000327
-0.011252375000003312
-0.013646625000001578
-0.01604087500000162
-0.018435125000001662
-0.013646625000001578
-0.008858125000001493
-0.008858125000001493
-0.008858125000001493
-0.00885812500000327
-0.00885812500000327
-0.013647125000002092
-0.02801212500000183
-0.021627458333336236
-0.015242791666668865
-0.00885812500000327
-0.018435125000001662
-0.015562125000002425
-0.012689125000001411
-0.009816125000002174
-0.00694312500000116
-0.004070125000001923
-0.018435125000001662
0.005506874999998246
0.0007188749999968991
-0.008858125000001493
-0.018435125000001662
-0.020829125000002335
-0.02322312500000301
-0.02561762500000242
-0.02801212500000183
-0.016041125000002765
