0.005746079999999931
0.006772164285714227
0.0077982485714284955
0.008824332857142791
0.009850417142857087
0.010876501428571383
0.011902585714285652
0.012928669999999948
-0.0014365200000000522
-0.006224920000000023
0.012928669999999948
0.00933737249999994
0.005746074999999962
0.0021547774999999547
-0.0014365200000000522
-0.0038307200000000097
0.02250548999999996
0.0009576799999999608
0.0001596133333333083
-0.0006384533333333997
-0.0014365200000000522
-0.0014365200000000522
-0.0014365200000000522
-0.003232173750000067
-0.005027827500000026
-0.006823481250000041
-0.008619135000000056
-0.01041478875000007
-0.012210442500000085
-0.014006096250000044
-0.01580175000000006
0.003351879999999946
0.012928669999999948
0.012928669999999948
-0.0014365200000000522
0.008140279999999944
0.003351879999999946
0.008140279999999944
0.003351879999999946
-0.0014365200000000522
-0.008619135000000056
-0.01580175000000006
-0.010055666000000074
-0.004309582000000034
0.0014365019999999507
0.007182585999999935
0.012928669999999948
0.01149215199999995
0.010055633999999952
0.008619115999999927
0.007182597999999929
0.005746079999999931
-0.006224920000000023
-0.0038307200000000097
-0.0023343450000000154
-0.0008379700000000212
0.000658404999999973
0.0021547799999999673
0.0036511549999999615
0.005147529999999956
0.00664390499999995
0.008140279999999944
0.006943179999999938
0.005746079999999931
-0.0014365200000000522
0.008140279999999944
0.003351879999999946
-0.0014365200000000522
-0.0038307200000000097
-0.006224920000000023
-0.004628786666666718
-0.003032653333333357
-0.0014365200000000522
-0.003032653333333357
-0.004628786666666718
-0.006224920000000023
-0.0014365200000000522
0.003351879999999946
0.012928669999999948
0.010534474999999932
0.008140279999999944
-0.006224920000000023
0.0009576799999999608
0.008140279999999944
0.008140279999999944
0.008140279999999944
0.008140279999999944
0.008140279999999944
0.008140279999999944
0.008140279999999944
0.008140279999999944
0.008140279999999944
-0.011013350000000033
0.017717089999999963
-0.0014365200000000522
-0.01580175000000006
-0.011013335000000068
-0.006224920000000023
0.008140279999999944
0.006772165714285655
0.005404051428571366
0.004035937142857077
0.0026678228571428153
0.0012997085714285261
-6.840571428579079e-05
-0.0014365200000000522
0.008140279999999944
0.010534484999999955
0.012928669999999948
0.008140273333333281
0.0033518766666666144
-0.0014365200000000522
-0.006224920000000023
-0.0014365200000000522
0.003351879999999946
0.008140279999999944
0.004948013333333279
0.0017557466666666133
-0.0014365200000000522
-0.0014365200000000522
-0.0014365200000000522
-0.0014365200000000522
0.012928669999999948
0.009736406666666614
0.00654414333333328
0.003351879999999946
-0.0014365200000000522
0.0001596133333333083
0.0017557466666666133
0.003351879999999946
-0.0014365200000000522
-0.006224920000000023
0.003351879999999946
0.008140279999999944
0.003351872499999964
-0.0014365350000000165
-0.0062249425000000524
-0.011013350000000033
0.003351879999999946
0.0009576799999999608
-0.0014365200000000522
-0.0038307200000000097
-0.006224920000000023
0.010534474999999932
0.009736409999999945
0.008938344999999931
0.008140279999999944
0.005746079999999931
0.003351879999999946
0.008140279999999944
-0.0014365200000000522
0.0017557466666666133
0.004948013333333279
0.008140279999999944
0.005746079999999931
0.003351879999999946
0.0009576799999999608
-0.0014365200000000522
-0.0014365200000000522
0.0001596133333333083
0.0017557466666666133
0.003351879999999946
0.0009576799999999608
-0.0014365200000000522
0.0009576799999999608
0.003351879999999946
0.010534484999999955
0.017717089999999963
0.015322879999999955
0.012928669999999948
0.00933737249999994
0.005746074999999962
0.0021547774999999547
-0.0014365200000000522
-0.0062249350000000425
-0.011013350000000033
-0.008619146250000043
-0.0062249425000000524
-0.0038307387500000623
-0.0014365350000000165
0.0009576687499999736
0.003351872499999964
0.005746076249999954
0.008140279999999944
0.005746079999999931
0.003351879999999946
0.0001596133333333083
-0.006224920000000023
0.0009576799999999608
0.008140279999999944
0.00015960333333325805
-0.007821073333333373
-0.01580175000000006
0.003351879999999946
0.005746079999999931
0.008140279999999944
-0.0014365350000000165
-0.011013350000000033
-0.011013350000000033
-0.00143653666666671
0.00814027666666664
0.017717089999999963
-0.006224920000000023
-0.00542685333333337
-0.004628786666666718
-0.0038307200000000097
-0.003032653333333357
-0.0022345866666667047
-0.0014365200000000522
-0.0006384533333333997
0.0001596133333333083
0.0009576799999999608
0.0017557466666666133
0.0025538133333332935
0.003351879999999946
0.015322884999999953
0.003351879999999946
-0.0014365200000000522
0.008140279999999944
0.008140279999999944
0.005267239999999951
0.0023941999999999575
-0.0004788400000000359
-0.0033518800000000293
-0.006224920000000023
0.008140279999999944
0.003351879999999946
-0.0014365200000000522
0.003351879999999946
-0.006224920000000023
0.003351879999999946
0.010534484999999955
0.017717089999999963
0.009736419999999968
0.0017557499999999726
-0.006224920000000023
0.0033518749999999486
0.012928669999999948
0.009736406666666614
0.00654414333333328
0.003351879999999946
-0.006224920000000023
-0.011013335000000068
-0.01580175000000006
-0.006224920000000023
-0.0038307200000000097
-0.0014365200000000522
-0.0038307200000000097
-0.006224920000000023
0.0009576799999999608
0.008140279999999944
0.003351879999999946
-0.0014365200000000522
-0.002394203000000039
-0.003351886000000026
-0.004309569000000069
-0.0052672520000000556
-0.0062249350000000425
0.017717089999999963
0.013886367999999955
0.010055645999999946
0.006224923999999965
0.0023942019999999564
-0.0014365200000000522
0.007342218333333289
0.016120956666666603
0.024899694999999944
0.033678433333333285
0.04245717166666663
0.05123590999999994
-0.006224920000000023
-0.02857081666666672
-0.01404599393333339
0.0004788287999999419
0.015003651533333273
0.029528474266666604
0.044053296999999936
0.02250548999999996
-0.03495535000000005
-0.020590140000000035
-0.006224930000000073
0.008140279999999944
0.04325523666666661
0.07837019333333328
0.11348514999999995
-0.10199301000000005
-0.01580175000000006
-0.00383073750000007
0.008140274999999947
0.020111287499999964
0.03208229999999995
0.04644750999999994
0.010534484999999955
-0.02537854000000006
-0.06129156500000005
-0.005027827500000026
0.05123590999999994
0.05522624583333327
0.0592165816666666
0.06320691749999996
0.06719725333333329
0.07118758916666662
0.07517792499999995
0.07916826083333328
0.08315859666666661
0.08714893249999994
0.0911392683333333
0.09512960416666663
0.09911993999999996
-0.05889737000000006
-0.049320570000000064
0.039264899999999936
-0.05650316500000002
0.06081271999999996
0.09433153999999996
-0.0014365250000000218
-0.09720459000000004
-0.049320555000000044
-0.0014365200000000522
0.03687070499999995
0.07517792999999995
0.06560112199999996
0.056024313999999964
0.04644750599999997
0.03687069799999995
0.02729388999999996
-0.06368577000000003
0.027293884999999962
0.01053448249999997
-0.006224920000000023
-0.04133988333333338
-0.07645484666666669
-0.11156981000000005
-0.03256115000000004
0.04644750999999994
0.07278372499999997
0.09911993999999996
0.04884170249999997
-0.0014365350000000165
-0.05171477250000006
-0.10199301000000005
-0.02059015000000003
0.08475472999999994
0.046447504999999945
0.008140279999999944
0.0021547762499999346
-0.003830727500000075
-0.00981623125000003
-0.01580173500000004
-0.02178723875000005
-0.027772742500000003
-0.03375824625000001
-0.03974375000000002
0.04165909499999995
0.010534473333333266
-0.02059014833333339
-0.051714770000000077
-0.03495535833333341
-0.01819594666666674
-0.001436535000000072
0.015322876666666596
0.032082288333333264
0.04884169999999996
0.0009576749999999357
0.02729388999999996
-0.11635821000000007
-0.06049350333333342
-0.004628796666666712
0.05123590999999994
0.046447504999999945
0.04165909999999995
0.00454897249999997
-0.032561155000000064
-0.06967128250000004
-0.10678141000000002
0.017717089999999963
0.08954312999999994
0.00814026999999995
-0.07326259000000007
-0.025378550000000055
0.014524813333333275
0.054428176666666606
0.09433153999999996
0.012928694999999935
-0.06847415000000007
-0.06455636818181826
-0.06063858636363645
-0.056720804545454584
-0.052803022727272775
-0.048885240909090966
-0.044967459090909156
-0.04104967727272735
-0.03713189545454548
-0.033214113636363674
-0.029296331818181864
-0.025378550000000055
0.022505484999999936
0.029688089999999945
-0.022984350000000042
0.02849098999999994
0.07996632999999995
0.027293889999999932
-0.025378550000000055
-0.029368886666666705
-0.03335922333333341
-0.03734956000000006
-0.04133989666666671
-0.045330233333333414
-0.049320570000000064
0.10869674999999995
0.03447649499999994
-0.03974376000000007
-0.001436535000000072
0.036870689999999956
-0.006224940000000068
-0.049320570000000064
0.027293884999999962
0.10390833999999996
0.07158661749999995
0.039264894999999966
0.0069431724999999556
-0.025378550000000055
-0.03974375000000002
0.02968809499999997
0.09911993999999996
-0.025378550000000055
-0.042137960000000085
-0.05889737000000006
-0.009417203333333402
0.04006296333333326
0.08954312999999994
0.015322879999999928
-0.05889737000000006
-0.03974375000000002
0.02011128999999995
0.07996632999999995
0.03687069666666662
-0.006224936666666736
-0.049320570000000064
-0.025378550000000055
0.017717084999999966
0.06081271999999996
0.010534484999999982
-0.03974375000000002
-0.031763083333333386
-0.023782416666666695
-0.01580175000000006
0.07038951999999996
0.035274563333333286
0.00015960666666664514
-0.03495535000000005
-0.029209264000000068
-0.02346317800000003
-0.017717092000000045
-0.011971006000000006
-0.006224920000000023
0.06081271999999996
-0.030166950000000026
-0.018994006666666674
-0.007821063333333378
0.003351879999999946
0.04644750999999994
-0.02059015000000003
-0.015801750000000003
-0.011013350000000033
0.03687069999999995
0.019313216666666605
0.001755733333333287
-0.01580175000000006
-0.007182622000000027
0.0014365059999999485
0.010055633999999952
0.018674761999999956
0.02729388999999996
-0.0014365400000000417
-0.011013345000000008
-0.02059015000000003
-0.011013340000000038
-0.001436530000000047
0.008140279999999944
0.009736409999999945
0.011332539999999947
0.012928669999999948
-0.0014365200000000522
-0.006224920000000023
-0.004096743333333375
-0.0019685666666666712
0.00015960999999997671
0.0022877866666666247
0.0044159633333333
0.006544139999999948
0.008672316666666624
0.010800493333333272
0.012928669999999948
0.0009576599999999713
-0.011013350000000033
-0.006224920000000023
-0.0014365200000000522
-0.011013350000000033
0.008140274999999947
0.0033518774999999335
-0.0014365200000000522
-0.0022345866666667047
-0.003032653333333357
-0.0038307200000000097
-0.004628786666666718
-0.00542685333333337
-0.006224920000000023
0.003351879999999946
0.005746079999999931
0.004548979999999925
0.003351879999999946
0.0009576799999999608
-0.0014365200000000522
0.003351879999999946
0.003351879999999946
0.003351879999999946
0.0009576799999999608
-0.0014365200000000522
-0.0006384533333333997
0.0001596133333333083
0.0009576799999999608
0.0017557466666666133
0.0025538133333332658
0.003351879999999946
0.003351879999999946
0.003351879999999946
0.017717089999999963
0.003351879999999946
0.003351879999999946
0.003351879999999946
0.003351879999999946
0.001915356999999951
0.00047883399999992804
-0.0009576890000000393
-0.002394212000000062
-0.0038307350000000295
-0.005267258000000052
-0.00670378100000002
-0.008140304000000043
-0.00957682700000001
-0.011013350000000033
-0.009816242500000016
-0.008619135000000056
-0.007422027500000039
-0.006224920000000023
-0.006224920000000023
-0.004628786666666718
-0.003032653333333357
-0.0014365200000000522
0.003351879999999946
-0.0038307350000000295
-0.003032663333333352
-0.0025006155555555853
-0.0019685677777778188
-0.0014365200000000522
-0.0014365200000000522
0.012928669999999948
0.006544139999999948
0.00015960999999997671
-0.006224920000000023
0.008140279999999944
0.003351879999999946
-0.0014365200000000522
-0.006224920000000023
-0.003032653333333357
0.0001596133333333083
0.003351879999999946
0.012928669999999948
0.012928669999999948
0.012928669999999948
0.012928669999999948
-0.0014365200000000522
0.0009576799999999608
0.003351879999999946
0.0017557466666666133
0.0001596133333333083
-0.0014365200000000522
0.008140279999999944
0.003351879999999946
-0.0014365200000000522
-0.006224920000000023
-0.006224920000000023
-0.006224920000000023
0.003351879999999946
0.0023941999999999575
0.0014365199999999412
0.0004788399999999249
-0.0004788400000000359
-0.0014365200000000522
0.00814028499999997
0.017717089999999963
0.012928686666666633
0.008140283333333276
0.003351879999999946
0.010534484999999955
0.004548982499999965
-0.0014365200000000522
-0.0014365200000000522
0.0001596133333333083
0.0017557466666666133
0.003351879999999946
0.003351879999999946
0.003351879999999946
0.003351879999999946
0.003351879999999946
-0.0014365200000000522
0.008140279999999944
