-0.005746088999999982
-0.05363012899999997
-0.020111302333333303
0.013407524333333365
0.046926351000000005
-0.020111308999999994
-0.008140293999999992
0.003830721000000009
0.003830721000000009
0.004628789333333355
0.0054268576666666735
0.0062249260000000195
-0.004548981499999993
-0.015322888999999978
-0.005746083999999985
0.003830721000000009
0.0022345860000000106
0.0006384510000000121
-0.0009576839999999864
-0.002553818999999985
-0.0041499539999999835
-0.005746088999999982
-0.011731588999999987
-0.017717088999999964
-0.014125788999999972
-0.01053448899999998
-0.0009576789999999891
0.003830721000000009
0.003830721000000009
0.003830721000000009
0.003830721000000009
-0.0009576839999999864
-0.005746088999999982
-0.0067037689999999706
-0.007661448999999987
-0.008619128999999975
-0.009576808999999992
-0.01053448899999998
-0.012928688999999993
-0.015322888999999978
0.003830721000000009
-0.020111308999999994
-0.0009576789999999891
-0.005746088999999982
-0.0033518839999999717
-0.0009576789999999891
-0.004149948999999986
-0.007342218999999983
-0.01053448899999998
-0.005746088999999982
-0.0033518864999999842
-0.0009576839999999864
0.0014365185000000114
0.003830721000000009
-0.0009576849999999859
-0.005746090999999981
-0.010534497000000004
-0.015322902999999999
-0.020111308999999994
-0.012928688999999993
-0.015322888999999978
-0.0009576789999999891
0.0062249260000000195
0.013407531
0.001436521000000024
-0.01053448899999998
-0.011731588999999987
-0.012928688999999993
-0.014125788999999972
-0.015322888999999978
-0.01053448899999998
-0.005746088999999982
-0.005746088999999982
-0.005746088999999982
-0.008938355666666647
-0.012130622333333313
-0.015322888999999978
-0.005746088999999982
-0.00395043774999998
-0.0021547864999999777
-0.0003591352499999756
0.0014365159999999988
0.003232167250000001
0.005027818500000003
0.006823469750000005
0.008619121000000007
0.003830721000000009
-0.01053448899999998
-0.005746088999999982
0.003830721000000009
-0.01053448899999998
-0.005746088999999982
-0.0009576789999999891
-0.015322888999999978
-0.0033518839999999717
0.008619121000000007
-0.0009576839999999864
-0.01053448899999998
-0.005746083999999985
-0.0009576789999999891
-0.0009576789999999891
-0.0009576789999999891
0.001436521000000024
0.003830721000000009
0.006224920999999994
0.008619121000000007
0.027772741000000017
0.003830721000000009
0.001436521000000024
-0.0009576789999999891
-0.0009576789999999891
-0.0009576789999999891
-0.0038307209999999814
-0.006703762999999974
-0.009576804999999994
-0.012449846999999986
-0.015322888999999978
0.003830721000000009
-0.01053448899999998
-0.0057460856666666504
-0.0009576823333333206
0.003830721000000009
-0.01053448899999998
-0.008140288999999967
-0.005746088999999982
-0.0009576789999999891
-0.005746083999999985
-0.01053448899999998
-0.005746088999999982
-0.0009576839999999864
0.003830721000000009
0.0022345860000000106
0.0006384510000000121
-0.0009576839999999864
-0.002553818999999985
-0.0041499539999999835
-0.005746088999999982
-0.005746088999999982
-0.015322888999999978
-0.008140283999999998
-0.0009576789999999891
-0.005746088999999982
-0.01053448899999998
-0.008140288999999967
-0.005746088999999982
-0.0009576839999999864
0.003830721000000009
-0.004149955666666649
-0.012130632333333335
-0.020111308999999994
-0.01412580149999998
-0.008140293999999992
-0.0021547865000000055
0.003830721000000009
0.003830721000000009
0.003830721000000009
-0.0009576789999999891
0.008619121000000007
0.008619121000000007
0.008619121000000007
-0.005746088999999982
-0.005746088999999982
-0.005746088999999982
-0.0033518839999999717
-0.0009576789999999891
0.001436521000000024
0.003830721000000009
0.006224920999999994
0.008619121000000007
0.006224920999999994
0.003830721000000009
-0.015322888999999978
0.008619121000000007
-0.0009576839999999864
-0.01053448899999998
-0.0033518839999999717
0.003830721000000009
0.0006384510000000121
-0.002553818999999985
-0.005746088999999982
-0.0009576789999999891
-0.0019153609999999766
-0.002873042999999992
-0.0038307249999999793
-0.0047884069999999945
-0.005746088999999982
0.0014365159999999988
0.008619121000000007
0.010215257666666672
0.011811394333333336
0.013407531
0.01101332599999999
0.008619121000000007
-0.024899698999999997
-0.015322892333333338
-0.0057460856666666504
0.003830721000000009
0.003830721000000009
-0.005746088999999982
-0.004548986499999991
-0.0033518839999999717
-0.0021547814999999804
-0.0009576789999999891
0.003830721000000009
0.008619121000000007
-0.005746088999999982
-0.0033518839999999717
-0.0009576789999999891
-0.0009576789999999891
-0.005746088999999982
-0.015322888999999978
0.001436521000000024
0.018195931
0.003830721000000009
-0.01053448899999998
-0.012130622333333313
-0.013726755666666646
-0.015322888999999978
-0.015322888999999978
-0.015322888999999978
-0.015322888999999978
-0.005746088999999982
0.008619121000000007
-0.0009576839999999864
-0.01053448899999998
0.001436521000000024
0.013407531
0.0038307243333333407
-0.005746082333333319
-0.015322888999999978
0.003830721000000009
0.0028730410000000206
0.0019153610000000043
0.0009576810000000158
9.999999994736442e-10
-0.0009576789999999891
-0.0033518839999999717
-0.005746088999999982
-0.012130625666666645
-0.018515162333333335
-0.024899698999999997
0.018195931
-0.01053448899999998
-0.015322888999999978
-0.0009576789999999891
0.0006384543333333437
0.0022345876666666764
0.003830721000000009
-0.0009576839999999864
-0.005746088999999982
-0.005746088999999982
-0.005746088999999982
-0.005746088999999982
-0.004149952333333318
-0.0025538156666666534
-0.0009576789999999891
-0.020111308999999994
-0.01053448899999998
-0.024899698999999997
-0.0057460856666666504
0.013407527666666669
0.032561141000000016
-0.039264898999999964
-0.010534483999999983
0.018195931
0.007661444999999989
-0.002873040999999993
-0.013407527000000002
-0.023942012999999984
-0.034476498999999994
-0.01053448899999998
-0.011332555666666633
-0.012130622333333313
-0.012928688999999993
-0.013726755666666646
-0.014524822333333298
-0.015322888999999978
-0.0033518839999999994
0.027772741000000017
-0.03447650899999999
-0.0009576849999999859
0.03256113900000002
0.06607996300000002
0.09959878700000002
0.13311761100000002
-0.09672574899999997
0.06129156100000002
0.0038307160000000118
-0.05363012899999997
-0.035434195
-0.017238260999999977
0.00095767300000002
0.019153607000000017
0.037349541000000014
-0.01053448899999998
0.003830721000000009
-0.005746083999999985
-0.015322889000000006
-0.024899694
-0.034476498999999994
0.008619126000000005
0.051714751
-0.05363012899999997
0.006224916000000025
0.06607996100000002
-0.067995329
-0.041659110666666666
-0.015322892333333338
0.01101332599999999
0.03734954433333332
0.06368576266666667
0.090021981
0.013407523000000005
-0.017717099999999986
-0.048841723000000004
-0.07996634599999997
-0.11109096899999998
-0.008140293999999992
0.09481038100000001
0.05291185350000002
0.011013326000000045
-0.03088520149999996
-0.07278372899999996
0.090021981
-0.01771709399999999
-0.0316832665
-0.045649439000000014
-0.0596156115
-0.07358178399999998
-0.08754795650000002
-0.10151412900000001
0.099598791
-0.017717099000000014
-0.135032989
-0.069192439
-0.003351888999999997
0.123540806
0.03415727433333332
-0.055226257333333306
-0.144609789
-0.058418529
0.027772730999999995
0.11396399100000001
0.006224916000000025
-0.005147541083333318
-0.016519998166666633
-0.027892455249999976
-0.03926491233333329
-0.05063736941666663
-0.062009826499999976
-0.07338228358333332
-0.08475474066666666
-0.09612719775
-0.10749965483333335
-0.11887211191666669
-0.13024456899999998
0.10917559500000001
-0.05363012899999997
-0.015322899000000001
0.032561141000000016
-0.034476498999999994
0.011013326000000018
-0.03567361149999998
-0.082360549
-0.032880379000000015
0.01659979100000003
0.06607996100000002
0.05267243200000002
0.03926490300000002
0.025857374000000016
0.012449845000000015
-0.0009576839999999864
-0.014365212999999988
-0.02777274199999999
-0.04118027099999999
-0.054587799999999964
-0.067995329
0.13311761100000002
-0.19728222899999998
0.137906021
-0.10630256900000001
0.027772741000000017
-0.0009576789999999891
-0.029688098999999996
-0.007342218999999983
0.015003661000000001
0.037349541000000014
0.003830721000000009
-0.029688098999999996
-0.024899698999999997
0.099598791
-0.168551829
0.18100164300000002
-0.11587936900000001
-0.03447650899999999
0.046926351000000005
0.01500365766666667
-0.016919035666666665
-0.048841729
0.07086836100000002
0.011013315999999995
-0.048841729
-0.040062987333333355
-0.031284245666666655
-0.02250550400000001
-0.013726762333333337
-0.004948020666666664
0.003830721000000009
0.10917559500000001
-0.17334020899999997
0.190578452
-0.12066776899999998
-0.09592768399999996
-0.07118759899999999
-0.04644751399999997
-0.021707429
0.0030326560000000224
0.027772741000000017
0.018195931
-0.024899698999999997
-0.015322893000000004
-0.005746087000000011
0.0038307189999999824
0.013407525000000003
0.022984330999999997
-0.05363012899999997
-0.029688108999999963
-0.005746088999999982
0.018195931
0.04213795100000001
-0.11109096899999998
0.0014365110000000292
0.11396399100000001
-0.08714894899999998
0.032561141000000016
0.033625231000000005
0.03468932100000002
0.03575341100000001
0.036817501
0.03788159100000002
0.03894568100000001
0.040009771
0.04107386100000002
0.04213795100000001
-0.013726755666666673
-0.06959146233333335
-0.125456169
0.123540806
-0.032082308999999976
-0.01851516566666664
-0.0049480223333333295
0.008619121000000007
0.006224926999999991
0.003830733000000003
-0.091937349
0.06129156100000002
0.022984330999999997
-0.08714894899999998
0.099598791
-0.07278372899999996
-0.020111293999999974
0.032561141000000016
0.029688099000000023
0.026815057000000003
0.02394201500000001
0.02106897299999999
0.018195931
-0.005746088999999982
-0.02968810899999999
-0.05363012899999997
0.090021981
-0.02729389900000001
-0.020709844000000005
-0.014125789
-0.007541733999999994
-0.0009576789999999891
-0.039264898999999964
-0.02649582899999997
-0.013726758999999977
-0.0009576889999999838
0.0022345810000000133
0.00542685100000001
0.008619121000000007
-0.004548991499999988
-0.017717103999999984
0.003830714333333346
0.025378532666666676
0.046926351000000005
-0.024899698999999997
-0.01771709399999999
-0.01053448899999998
0.003830721000000009
0.018195931
-0.008140283999999998
-0.034476498999999994
-0.015322889000000006
0.003830721000000009
0.022984330999999997
0.0014365110000000014
-0.020111308999999994
-0.015322888999999978
-0.0009576789999999891
0.013407531
0.002234584333333345
-0.008938362333333338
-0.020111308999999994
0.00861911600000001
0.037349541000000014
-0.029688098999999996
-0.02809196733333333
-0.02649583566666666
-0.024899703999999995
-0.023303572333333328
-0.02170744066666666
-0.020111308999999994
-0.003351888999999997
0.013407531
-0.015322888999999978
-0.0009576789999999891
0.013407531
0.0054268576666666735
-0.0025538156666666534
-0.01053448899999998
0.013407531
-0.0009576789999999891
-0.01053448899999998
-0.0009576839999999864
0.008619121000000007
0.003830721000000009
-0.0009576789999999891
-0.0009576789999999891
-0.0009576789999999891
-0.0009576789999999891
-0.0009576789999999891
-0.0009576789999999891
-0.005746088999999982
-0.006088117571428547
-0.006430146142857113
-0.006772174714285706
-0.007114203285714271
-0.0074562318571428365
-0.007798260428571402
-0.008140288999999967
-0.00848231757142856
-0.008824346142857126
-0.009166374714285691
-0.009508403285714256
-0.00985043185714285
-0.010192460428571415
-0.01053448899999998
-0.0057460864999999695
-0.0009576839999999864
-0.0009576789999999891
-0.005746088999999982
0.001436521000000024
-0.01053448899999998
-0.01053448899999998
-0.011731588999999987
-0.012928688999999993
-0.014125788999999972
-0.015322888999999978
-0.01053448899999998
0.003830721000000009
0.008619126000000005
0.003830721000000009
-0.0009576839999999864
-0.005746088999999982
-0.01053448899999998
-0.009935940249999997
-0.009337391499999986
-0.008738842749999975
-0.008140293999999992
-0.015322888999999978
-0.008140283999999998
-0.0009576789999999891
-0.00027362185714285836
0.0004104352857143001
0.0010944924285714308
0.0017785495714285893
0.00246260671428572
0.0031466638571428784
0.003830721000000009
0.0026336210000000304
0.001436521000000024
-0.0009576823333333206
-0.0033518856666666375
-0.005746088999999982
-0.0033518839999999717
-0.01053448899999998
-0.01053448899999998
-0.01053448899999998
-0.0097364223333333
-0.008938355666666647
-0.008140288999999967
-0.006430144714285685
-0.0047200004285714026
-0.0030098561428571202
-0.0012997118571428379
0.00041043242857144446
0.002120576714285727
0.003830721000000009
-0.008140293999999992
-0.020111308999999994
0.013407531
-0.0009576789999999891
-0.004149948999999986
-0.007342218999999983
-0.01053448899999998
0.003830721000000009
-0.0009576789999999891
-0.0003591289999999858
0.00023942100000001743
0.0008379710000000207
0.001436521000000024
0.0020350709999999994
