-0.04441272500000082
-0.033239725000001386
-0.022066725000000176
-0.010893725000000742
-0.010893725000000742
-0.010893725000000742
-0.010893725000000742
-0.010893725000000742
-0.010893725000000742
-0.01568172500000209
-0.00131672500000235
-0.009297391666668986
-0.017278058333333846
-0.02525872500000048
-0.01568172500000209
-0.015083225000001477
-0.01448472500000264
-0.013886225000002028
-0.013287725000001416
-0.012689225000000803
-0.012090725000000191
-0.011492225000001355
-0.010893725000000742
-0.027652725000001155
-0.02525872500000048
-0.01951272500000023
-0.01376672499999998
-0.008020725000001505
-0.002274725000001254
0.0034712749999989967
0.002274274999999548
0.0010772750000000997
-0.00011972500000112518
-0.0013167250000005737
-0.010893725000000742
-0.02047072500000091
-0.013287725000001416
-0.00610472500000192
-0.008499225000001331
-0.008978125000000503
-0.009457025000001451
-0.009935925000000623
-0.01041482500000157
-0.010893725000000742
-0.010893725000000742
-0.010893725000000742
-0.030046725000001828
-0.02525872500000048
-0.026455725000001706
-0.027652725000001155
-0.028849725000000603
-0.030046725000001828
-0.015682225000000827
-0.0013167250000005737
-0.007701391666667945
-0.01408605833333354
-0.02047072500000091
0.0034712749999989967
-0.00610472500000192
-0.009297058333334718
-0.012489391666669292
-0.01568172500000209
-0.02047072500000091
-0.02047072500000091
-0.02047072500000091
-0.01408605833333354
-0.007701391666667945
-0.0013167250000005737
0.008260274999997819
0.0010777749999988373
-0.00610472500000192
-0.007301975000000738
-0.008499225000001331
-0.009696475000001925
-0.010893725000000742
-0.010893725000000742
-0.010893725000000742
-0.01568172500000209
-0.01328755833333517
-0.01089339166666825
-0.008499225000001331
-0.004907975000001841
-0.0013167250000005737
-0.013287725000001416
-0.02525872500000048
-0.017278058333333846
-0.00929739166666721
-0.0013167250000005737
-0.013287725000001416
-0.02525872500000048
-0.02525872500000048
-0.02525872500000048
-0.02525872500000048
-0.02525872500000048
-0.030046725000001828
-0.00610472500000192
-0.02525872500000048
-0.020470225000000397
-0.01568172500000209
-0.010893225000002005
-0.00610472500000192
-0.008499225000001331
-0.010893725000000742
-0.015682225000000827
-0.02047072500000091
-0.02142832500000047
-0.02238592500000003
-0.023343525000001364
-0.024301125000000923
-0.02525872500000048
-0.01568172500000209
-0.0180762250000015
-0.02047072500000091
-0.02047072500000091
-0.00610472500000192
-0.00610472500000192
-0.00610472500000192
-0.0029127250000016147
0.000279274999998691
0.0034712749999989967
-0.01568172500000209
-0.019512525000001446
-0.023343325000000803
-0.027174125000001936
-0.031004925000001293
-0.03483572500000065
-0.030047225000000566
-0.02525872500000048
-0.022864725000001584
-0.02047072500000091
-0.013287725000001416
-0.00610472500000192
-0.01568172500000209
-0.014085725000001048
-0.012489725000001783
-0.010893725000000742
-0.011851325000000301
-0.012808925000001636
-0.013766525000001195
-0.01472412500000253
-0.01568172500000209
-0.00610472500000192
-0.020470225000000397
-0.014085725000001048
-0.007701224999999923
-0.0013167250000005737
-0.010893725000000742
-0.010893725000000742
-0.010893725000000742
-0.013287725000001416
-0.01568172500000209
-0.010893225000002005
-0.00610472500000192
-0.007700891666669207
-0.009297058333334718
-0.010893225000002005
-0.012489391666669292
-0.014085558333334802
-0.01568172500000209
-0.01448472500000264
-0.013287725000001416
0.0034712749999989967
-0.010893725000000742
-0.02525872500000048
-0.02525872500000048
-0.02525872500000048
-0.023662725000001217
-0.022066725000000176
-0.02047072500000091
-0.013287725000001416
-0.00610472500000192
-0.006902891666667799
-0.007701058333335453
-0.008499225000001331
-0.00929739166666721
-0.010095558333334864
-0.010893725000000742
-0.010893725000000742
-0.010893725000000742
-0.010893725000000742
-0.02047072500000091
-0.0180762250000015
-0.01667960000000157
-0.015282975000001642
-0.013886350000001713
-0.012489725000001783
-0.011093100000001854
-0.009696475000001925
-0.00829985000000022
-0.00690322500000029
-0.005506600000000361
-0.004109975000000432
-0.002713350000000503
-0.0013167250000005737
-0.010893225000002005
0.0010772750000000997
-0.02047072500000091
-0.01568172500000209
-0.0180762250000015
-0.02047072500000091
-0.03483572500000065
-0.0180762250000015
-0.016280600000001755
-0.01448497500000201
-0.012689350000000488
-0.010893725000000742
-0.01568172500000209
-0.0013167250000005737
0.000279274999998691
0.001875274999999732
0.0034712749999989967
-0.02525872500000048
-0.02525872500000048
-0.02525872500000048
-0.02525872500000048
-0.02525872500000048
-0.013287725000001416
-0.0013167250000005737
-0.010893725000000742
-0.02047072500000091
-0.019164725000001326
-0.01785872500000174
-0.01655272500000038
-0.015246725000000794
-0.013940725000001208
-0.012634725000001623
-0.011328725000002038
-0.010022725000002453
-0.008716725000001091
-0.007410725000001506
-0.00610472500000192
-0.015681725000000313
-0.02525872500000048
0.0010772750000000997
-0.009297724999999701
-0.010095724999999334
-0.010893725000000742
-0.01408605833333354
-0.017278391666668114
-0.02047072500000091
-0.01568172500000209
-0.013287725000001416
-0.010893725000000742
-0.006105225000000658
-0.0013167250000005737
-0.01568172500000209
-0.0180762250000015
-0.02047072500000091
-0.01568205833333458
-0.01089339166666825
-0.00610472500000192
-0.02525872500000048
-0.01927322500000095
-0.013287725000001416
-0.0073022250000001065
-0.0013167250000005737
-0.010893725000000742
-0.01887439166666738
-0.026855058333334014
-0.03483572500000065
-0.010893725000000742
-0.02525872500000048
0.005067941666665021
0.0353946083333323
0.0657212749999978
-0.04441272500000082
0.19740227499999818
0.43921727499999896
0.3514297749999997
0.2636422749999987
0.1758547749999977
0.08806727499999845
0.00027977499999920497
-0.08750772500000181
0.3195072749999994
0.0657212749999978
0.24289127499999807
0.22756847499999822
0.21224567499999836
0.1969228749999985
0.18160007499999864
0.16627727499999878
0.11839327499999897
0.2859872749999983
0.1854307749999986
0.08487427499999889
0.13036427499999803
0.17585427499999895
0.22134427499999987
0.266834274999999
0.31232427499999815
0.35781427499999907
0.017837274999997987
0.0800864749999981
0.14233567499999822
0.20458487499999833
0.26683407499999845
0.32908327499999857
-0.10187272500000155
0.02102927500000007
-0.4226957250000005
-0.3949229916666681
-0.3671502583333339
-0.3393775250000015
-0.3116047916666673
-0.2838320583333349
-0.2560593250000007
-0.22828659166666831
-0.20051385833333413
-0.17274112500000172
-0.14496839166666753
-0.11719565833333512
-0.08942292500000093
-0.06165019166666852
-0.03387745833333433
-0.00610472500000192
-0.13379555833333612
-0.26148639166666854
-0.0180762250000015
0.13914327499999857
0.19101727499999832
0.24289127499999807
0.11839327499999897
-0.00610472500000192
0.12318177499999905
0.25246827499999824
-0.23594872500000186
-0.13898347500000163
-0.04201822500000141
0.05494702499999882
0.15191227499999904
-0.4083307250000008
-0.2898177250000007
-0.17130472500000238
-0.05279172500000229
0.0657212749999978
-0.39396572500000104
-0.2391407250000004
-0.0843157250000015
0.07050927499999915
-0.245524725000001
0.17106527499999835
0.07290327499999805
-0.02525872500000048
0.19979627499999886
0.16867177499999997
0.1375472749999993
0.11839360833333323
0.09923994166666539
0.08008627499999932
0.17585427499999895
0.08367752499999881
-0.008499225000001331
-0.10067597500000147
-0.1928527250000016
0.09445127499999906
-0.39396572500000104
-0.17609322500000246
0.041779274999997895
-0.18566972500000212
-0.41311872500000213
-0.15454522500000145
0.10402827499999923
-0.004508725000000879
-0.11304572500000099
-0.2215827250000011
-0.006104975000001289
0.2093727749999985
-0.0013167250000005737
0.05135564999999964
0.10402802499999808
0.1567003999999983
0.2093727749999985
0.19021902499999754
0.17106527499999835
0.0322022749999995
0.09445127499999906
0.1567002749999986
-0.2790437250000011
-0.1689107250000017
-0.05877772500000056
0.05135527499999881
-0.4226957250000005
-0.2662747250000006
-0.10985372500000068
0.04656727499999924
-0.14257472500000112
-0.3317167250000015
-0.2814385250000022
-0.23116032500000117
-0.1808821250000019
-0.13060392500000084
-0.08032572500000157
-0.030047525000002295
0.020230674999998755
0.07050887499999803
0.12078707499999908
0.17106527499999835
0.05374977499999822
-0.0635657250000019
0.266833274999998
0.19740177499999945
0.12797027499999913
0.13196044166666532
0.13595060833333328
0.13994077499999946
-0.06835422500000021
-0.3891767250000022
-0.2535053916666694
-0.11783405833333482
0.017837274999997987
-0.10825739166666892
-0.23435205833333406
-0.36044672500000097
0.14712327499999844
0.07529777499999923
0.08966327499999949
0.13275877499999922
0.17585427499999895
0.17266194166666615
0.16946960833333158
0.16627727499999878
-0.10187272500000155
-0.008499225000001331
0.08487427499999889
0.04018260833333187
-0.0045090583333351475
-0.049200725000002166
-0.09389239166666741
-0.13858405833333443
-0.18327572500000144
-0.41790772500000095
-0.16412222499999984
0.08966327499999949
-0.2694667250000009
-0.20242915357142977
-0.13539158214285862
-0.06835401071428748
-0.0013164392857145657
0.06572113214285658
0.13275870357142772
0.19979627499999886
0.1088162749999988
0.1567002749999986
0.15430627499999972
0.15191227499999904
0.17106527499999835
0.08487427499999889
-0.00131672500000235
-0.08750772500000181
0.11839327499999897
0.01185127499999794
-0.09469072500000131
-0.20123272500000056
-0.3077747250000016
-0.11145022500000223
0.08487427499999889
-0.41311872500000213
-0.3301198916666692
-0.24712105833333453
-0.16412222500000162
-0.08112339166666871
0.0018754416666659779
0.08487427499999889
-0.03004710000000088
-0.14496847500000065
-0.17369885000000096
-0.20242922500000127
-0.23115960000000157
-0.2598899750000001
-0.2886203500000004
-0.3173507250000007
0.1614892749999992
-0.16412272500000213
0.06811477499999796
0.17585427499999895
0.16089052499999923
0.1459267749999995
0.1309630249999998
0.11599927500000007
0.10103552499999857
0.08607177499999885
0.07110802499999913
0.05614427499999941
0.1064222749999999
0.1567002749999986
0.17345977499999776
-0.02525872500000048
0.03339914999999927
0.09205702499999902
0.15071489999999876
0.2093727749999985
0.08487427499999889
-0.03962422500000251
-0.16412272500000213
0.02501927499999823
0.2141612749999986
-0.04680622500000098
-0.10761892500000059
-0.1684316250000002
-0.22924432500000158
-0.2900570250000012
-0.3508697250000008
-0.23235672500000248
-0.1138437250000024
-0.10905539166666856
-0.10426705833333472
-0.09947872500000088
0.22852627499999834
-0.4035422250000007
-0.11863247500000185
0.16627727499999878
-0.04441222500000208
-0.25510172500000117
-0.13922232500000042
-0.023342925000001458
0.09253647499999929
0.20841587499999825
0.324295274999999
-0.3077747250000016
-0.07553722500000148
0.1567002749999986
-0.09708472500000198
0.04656727499999924
0.017836941666665496
-0.01089339166666825
-0.039623725000002
0.20458427499999843
0.10083560833333216
-0.002913058333335883
-0.10666172500000215
0.08008627499999932
0.07119356071428484
0.06230084642857037
0.05340813214285589
0.044515417857141415
0.03562270357142694
0.026729989285712463
0.017837274999997987
-0.020470225000000397
-0.022066391666667684
-0.023662558333333195
-0.02525872500000048
-0.02685489166666777
-0.02845105833333328
-0.030047225000000566
-0.39396572500000104
0.0034717749999977343
0.13994102499999883
0.27641027499999815
0.14871960833333198
0.021028941666664025
-0.10666172500000215
0.013048274999999165
-0.008499225000001331
-0.030046725000001828
-0.013287725000001416
0.0034712749999989967
-0.010893725000000742
-0.02525872500000048
-0.015681725000000313
-0.00610472500000192
-0.00610472500000192
-0.00610472500000192
-0.00610472500000192
-0.01568172500000209
-0.010893225000002005
-0.00610472500000192
-0.008499225000001331
-0.010893725000000742
-0.008499225000001331
-0.00610472500000192
-0.006902891666667799
-0.007701058333335453
-0.008499225000001331
-0.00929739166666721
-0.010095558333334864
-0.010893725000000742
-0.00610472500000192
-0.02525872500000048
-0.020470391666666643
-0.01568205833333458
-0.010893725000000742
-0.01568172500000209
-0.01568172500000209
-0.01568172500000209
-0.01568172500000209
-0.01568172500000209
-0.01568172500000209
-0.01568172500000209
-0.01568172500000209
-0.01568172500000209
-0.01568172500000209
-0.01568172500000209
-0.0013167250000005737
-0.00610472500000192
-0.010893725000000742
-0.010893725000000742
-0.006105225000000658
-0.0013167250000005737
-0.02525872500000048
-0.022066391666667684
-0.018874058333334887
-0.01568172500000209
-0.01568172500000209
-0.01568172500000209
-0.01568172500000209
-0.02047072500000091
-0.015682225000000827
-0.010893725000000742
-0.007701391666667945
-0.004509058333333371
-0.0013167250000005737
-0.02047072500000091
-0.02047072500000091
-0.02047072500000091
-0.01951292500000079
-0.018555125000000672
-0.01759732500000233
-0.01663952500000221
-0.01568172500000209
-0.013287475000002047
-0.010893225000002005
-0.02525872500000048
-0.022864725000001584
-0.02047072500000091
-0.01568205833333458
-0.01089339166666825
-0.00610472500000192
-0.00131672500000235
0.0034712749999989967
0.008260274999997819
-0.003710725000001247
-0.01568172500000209
-0.013287725000001416
-0.010893725000000742
-0.015682225000000827
-0.02047072500000091
-0.02047072500000091
-0.02047072500000091
-0.010893725000000742
-0.0013167250000005737
-0.008499391666667577
-0.01568205833333458
-0.022864725000001584
-0.02166772500000036
-0.02047072500000091
-0.02047072500000091
-0.02047072500000091
-0.01568232500000022
-0.010893925000001303
-0.006105525000000611
-0.0013171250000016954
0.0034712749999989967
-0.0013167250000005737
-0.003232125000000252
-0.005147524999999931
-0.0070629250000013855
-0.008978325000001064
-0.010893725000000742
-0.007302474999999475
-0.0037112249999999847
-0.02525872500000048
-0.01568172500000209
-0.010893725000000742
-0.010893725000000742
-0.010893725000000742
-0.010893725000000742
-0.010893725000000742
-0.010893725000000742
-0.010893725000000742
-0.030046725000001828
-0.02525872500000048
-0.010893725000000742
-0.010893725000000742
-0.0180762250000015
-0.02525872500000048
-0.022864725000001584
-0.02047072500000091
-0.017278391666668114
-0.01408605833333354
-0.010893725000000742
-0.020470225000000397
-0.030046725000001828
-0.022066058333335192
-0.014085391666668556
-0.00610472500000192
-0.014085391666668556
-0.022066058333335192
-0.030046725000001828
-0.02525872500000048
-0.02047072500000091
-0.010893725000000742
-0.02525872500000048
-0.027652725000001155
-0.030046725000001828
-0.02525872500000048
-0.02047072500000091
-0.01568205833333458
-0.01089339166666825
-0.00610472500000192
-0.007301975000000738
-0.008499225000001331
-0.009696475000001925
-0.010893725000000742
