0.0016759400000000424
-0.005506659999999941
-0.0007182599999999151
-0.0007182599999999151
-0.0007182599999999151
-0.0007182599999999151
-0.010295059999999912
-0.007900859999999899
-0.0055066599999998855
-0.003112459999999928
-0.0007182599999999151
-0.0007182599999999151
-0.0007182599999999151
-0.0007182599999999151
-0.0007182599999999151
-0.0007182599999999151
-0.003112459999999928
-0.005506659999999941
-0.0007182599999999706
0.004070140000000055
0.0030060511111111854
0.00194196222222226
0.0008778733333333899
-0.00018621555555548008
-0.0012503044444444056
-0.0023143933333332756
-0.0033784822222221456
-0.004442571111111071
-0.005506659999999941
-0.0031124499999999333
0.002873045000000074
0.008858540000000081
0.013646960000000097
-0.0007182599999999151
-0.0007182599999999151
-0.0007182599999999151
0.00023942000000010122
0.001197100000000062
0.0021547800000000783
0.003112460000000039
0.004070140000000055
-0.015083439999999948
-0.011252723999999936
-0.0074220079999999244
-0.003591291999999968
0.0002394240000000436
0.004070140000000055
-0.0007182599999999151
0.006464350000000119
0.004070140000000055
0.004070140000000055
0.004070140000000055
0.004070140000000055
0.001197100000000062
-0.0016759399999999314
-0.004548979999999925
-0.007422019999999918
-0.010295059999999912
0.004070140000000055
-0.015083439999999948
-0.010295059999999912
-0.007302309999999923
-0.0043095599999999346
-0.001316809999999946
0.0016759400000000424
-0.005506659999999941
-0.007900859999999899
-0.010295059999999912
-0.01125273599999993
-0.012210411999999948
-0.013168087999999911
-0.01412576399999993
-0.015083439999999948
-0.0007182599999999151
-0.0007182599999999151
-0.0007182599999999151
-0.0007182599999999706
-0.0007182599999999706
-0.0007182599999999706
0.008858540000000081
-0.005506659999999941
-0.003112459999999928
-0.0007182599999999151
0.004070140000000055
-0.005506659999999941
-0.00490810999999991
-0.0043095599999999346
-0.003711009999999959
-0.003112459999999928
-0.002513909999999897
-0.0019153599999999216
-0.001316809999999946
-0.0007182599999999151
0.013646960000000097
0.01045468000000005
0.003538100000000044
-0.003378479999999906
-0.010295059999999912
-0.01125273599999993
-0.012210411999999948
-0.013168087999999911
-0.01412576399999993
-0.015083439999999948
-0.005506659999999941
-0.005874998461538383
-0.006243336923076881
-0.006611675384615323
-0.006980013846153765
-0.007348352307692263
-0.007716690769230705
-0.008085029230769147
-0.00845336769230759
-0.008821706153846087
-0.00919004461538453
-0.009558383076922972
-0.00992672153846147
-0.010295059999999912
-0.005506659999999941
-0.005506659999999941
-0.0007182599999999706
0.004070140000000055
0.004070140000000055
0.004868206666666708
0.005666273333333416
0.006464340000000068
0.007262406666666721
0.008060473333333429
0.008858540000000081
-0.0007182599999999706
7.98066666666819e-05
0.0008778733333333899
0.0016759400000000424
0.002474006666666695
0.003272073333333403
0.004070140000000055
0.008858550000000076
-0.010295059999999912
-0.0007182599999999151
0.008858540000000081
0.008858540000000081
0.008858540000000081
0.008858540000000081
0.008858540000000081
0.008858540000000081
0.008858540000000081
0.008858540000000081
0.008858540000000081
0.008858540000000081
0.008858540000000081
0.008858540000000081
0.008858550000000076
0.0016759400000000424
-0.0007182599999999706
-0.003112459999999928
-0.005506659999999941
-0.019871879999999953
-0.016451591428571388
-0.013031302857142824
-0.009611014285714259
-0.006190725714285639
-0.002770437142857074
0.0006498514285714907
0.004070140000000055
-0.010295059999999912
-0.007900859999999899
-0.0067037599999999475
-0.005506659999999941
-0.0067037599999999475
-0.007900859999999899
-0.009097959999999905
-0.010295059999999912
0.004070140000000055
0.003272073333333403
0.0024740066666667504
0.0016759400000000424
0.0008778733333333899
7.980666666673741e-05
-0.0007182599999999151
-0.007900859999999899
-0.0007182599999999151
-0.001316809999999946
-0.0019153599999999216
-0.002513909999999897
-0.003112459999999928
0.0028730400000001044
0.008858540000000081
0.011252750000000089
0.013646960000000097
-0.0007182599999999151
0.0008778733333333899
0.0024740066666667504
0.004070140000000055
0.0016759400000000424
-0.0007182599999999706
-0.003112459999999928
-0.005506659999999941
-0.00071825499999989
0.004070150000000106
-0.0007182599999999151
-0.003112459999999928
-0.005506659999999941
-0.005506659999999941
-0.005506659999999941
-0.005506659999999941
-0.005506659999999941
-0.005506659999999941
0.013646960000000097
-0.0007182599999999151
0.0008778733333333899
0.0024740066666667504
0.004070140000000055
0.004070140000000055
0.004070140000000055
0.004070140000000055
-0.003112459999999928
0.0004788400000000914
0.004070140000000055
0.0024740066666667504
0.0008778733333333899
-0.0007182599999999151
0.004070140000000055
0.004336162222222273
0.00460218444444449
0.004868206666666708
0.005134228888888925
0.005400251111111198
0.005666273333333416
0.005932295555555633
0.006198317777777851
0.006464340000000068
-0.003112459999999928
-0.0007182599999999151
-0.0031124599999998726
-0.0055066599999998855
-0.004200732727272616
-0.002894805454545346
-0.0015888781818180764
-0.00028295090909080667
0.001022976363636463
0.0023289036363637328
0.0036348309090910025
0.004940758181818272
0.006246685454545542
0.007552612727272812
0.008858540000000081
-0.010295059999999912
-0.003112459999999928
0.0016759400000000424
-0.005506659999999941
-0.0007182599999999706
0.004070140000000055
-0.0007182599999999706
-0.005506659999999941
0.004070150000000106
0.013646960000000097
0.011252755000000114
0.008858550000000076
0.006464345000000038
0.004070140000000055
-0.005506659999999941
-0.005506659999999941
-0.0007182599999999706
0.004070140000000055
-0.003112459999999928
-0.010295059999999912
0.004070140000000055
0.005666273333333416
0.007262406666666721
0.008858540000000081
0.004070144000000053
-0.0007182519999999193
-0.005506647999999947
-0.01029504399999992
-0.015083439999999948
0.004070140000000055
0.006464340000000068
0.008858540000000081
-0.010295059999999912
-0.008698926666666607
-0.007102793333333246
-0.005506659999999941
-0.0007182599999999706
0.004070140000000055
-0.015083439999999948
-0.011891179999999946
-0.008698919999999943
-0.005506659999999941
-0.0016759359999999335
0.002154788000000074
0.005985512000000082
0.00981623600000009
0.013646960000000097
0.08547301000000007
-0.07254429999999995
0.042377360000000086
-0.12521673999999994
0.03280057000000003
0.19081788000000005
0.023223755000000068
-0.14437036999999991
-0.1238486399999999
-0.10332690999999994
-0.08280517999999992
-0.06228344999999991
-0.04176171999999989
-0.02123998999999993
-0.0007182599999999151
0.06631938500000006
-0.2018311799999999
-0.11484185666666658
-0.027852533333333263
0.05913679000000005
0.012449855000000065
-0.03423707999999992
-0.05817910999999992
-0.08212113999999993
-0.028251594999999907
0.025617950000000056
0.07948749500000007
0.13335704000000007
0.11516110400000007
0.09696516800000007
0.07876923200000008
0.06057329600000008
0.042377360000000086
-0.17788918999999992
0.21475989400000006
-0.11563993999999994
-0.024660279999999923
0.004070140000000055
0.06631939000000006
0.12856864000000007
0.01205081333333341
-0.1044670133333333
-0.22098483999999996
-0.08531339999999998
0.05035804000000005
0.18602948000000008
-0.019871879999999953
-0.06775590666666659
-0.11563993333333328
-0.1635239599999999
-0.08882486899999992
-0.014125777999999922
0.06057331300000007
0.13527240400000007
0.20997149500000006
-0.04860228999999994
0.056742590000000065
-0.02944867999999995
-0.034237084999999945
-0.03902548999999994
-0.043813894999999936
-0.04860229999999993
0.018435355000000042
0.08547301000000007
-0.09169791999999993
0.004070140000000055
0.06392518500000005
0.12378023000000007
0.06057330600000005
-0.0026336179999999487
-0.065840542
-0.12904746599999994
-0.19225438999999994
0.03998317500000009
0.023223764285714377
0.00646435357142866
-0.010295057142857056
-0.027054467857142772
-0.04381387857142849
-0.060573289285714205
-0.07733269999999992
0.20518309000000007
0.10582372000000007
0.006464350000000063
-0.09289501999999994
-0.19225438999999994
0.06392518500000005
0.018435355000000098
-0.041419682499999944
-0.10127471999999993
-0.03184287999999991
0.03758896000000006
0.03758896000000006
0.03758896000000006
0.03758896000000006
-0.09169791999999993
-0.005506659999999941
0.08068460000000008
0.02082956000000008
-0.039025479999999946
-0.022266069999999916
-0.005506659999999941
0.028012165000000033
0.06153099000000006
0.038786072500000046
0.01604115500000003
-0.006703762499999932
-0.02944867999999995
-0.005506659999999941
0.042377360000000086
0.026644037142857235
0.010910714285714385
-0.004822608571428466
-0.020555931428571372
-0.03628925428571417
-0.052022577142857074
-0.06775589999999992
0.03280056000000009
0.032202010000000114
0.03160346000000008
0.031004910000000052
0.030406360000000077
0.0298078100000001
0.02920926000000007
0.02861071000000004
0.028012160000000064
-0.0414196899999999
-0.11085153999999992
0.0040701450000000805
0.11899183000000008
-0.11563993999999994
0.047165775000000076
-0.16831235999999994
0.018435355000000098
0.06153099000000006
0.047963846666666754
0.03439670333333339
0.02082956000000008
0.007262416666666771
-0.0063047266666665935
-0.019871869999999903
-0.08212113999999993
-0.06536171999999996
-0.04860229999999993
-0.04381389583333328
-0.03902549166666658
-0.03423708749999993
-0.02944868333333328
-0.024660279166666577
-0.019871874999999928
0.02003149000000004
0.059934855000000065
0.09983822000000006
-0.039025479999999946
0.030406365000000046
0.019073811333333357
0.007741257666666723
-0.003591295999999966
-0.0149238496666666
-0.02625640333333329
-0.03758895699999992
-0.04892151066666661
-0.060254064333333246
-0.07158661799999994
-0.08291917166666657
-0.09425172533333326
-0.10558427899999989
-0.11691683266666658
-0.12824938633333327
-0.1395819399999999
0.04955997500000009
0.013646940000000052
-0.02466026999999993
0.013646960000000097
0.0073852015384616165
0.0011234430769231918
-0.0051383153846152885
-0.011400073846153769
-0.01766183230769225
-0.023923590769230674
-0.030185349230769154
-0.036447107692307634
-0.04270886615384606
-0.04897062461538454
-0.05523238307692302
-0.061494141538461444
-0.06775589999999992
0.07589620000000008
-0.024660279999999923
0.013646950000000047
-0.010295069999999962
-0.00345449428571426
0.003386081428571497
0.010226657142857198
0.0170672328571429
0.0239078085714286
0.03074838428571436
0.03758896000000006
-0.005506669999999936
-0.04860229999999993
-0.01268926999999992
0.023223760000000093
0.004070140000000055
0.011252750000000089
-0.01029506666666663
-0.06296749999999995
-0.03327939799999996
-0.003591295999999966
0.026096806000000083
0.05578490800000008
0.08547301000000007
0.07080852500000007
0.05614404000000006
0.04147955500000006
0.026815070000000052
0.012150585000000103
-0.0025138999999999023
-0.017178384999999907
-0.03184286999999991
-0.019871869999999903
0.018435360000000067
0.018435358888888975
0.018435357777777828
0.018435356666666736
0.018435355555555644
0.018435354444444496
0.018435353333333404
0.018435352222222312
0.018435351111111165
0.018435350000000073
-0.007900859999999899
-0.007102793333333246
-0.0063047266666665935
-0.005506659999999941
-0.005506659999999941
-0.024660279999999923
-0.022266079999999966
-0.019871879999999953
-0.0007182599999999151
-0.004309554999999909
-0.00790084999999996
-0.011492144999999954
-0.015083439999999948
-0.0007182599999999151
-0.002513909999999897
-0.0043095599999999346
-0.0061052099999999165
-0.007900859999999899
-0.0007182599999999151
-0.0007182599999999151
-0.0007182599999999151
-0.0007182599999999151
-0.0007182599999999151
0.0016759400000000424
0.004070140000000055
0.006464340000000068
0.008858540000000081
0.005666273333333416
0.0024740066666667504
-0.0007182599999999151
0.018435360000000067
0.01460463600000006
0.010773912000000052
0.0069431880000000445
0.003112464000000037
-0.0007182599999999706
-0.005506659999999941
-0.019871879999999953
-0.005506669999999936
0.008858540000000081
0.008858540000000081
0.008858540000000081
0.008858540000000081
0.005666273333333416
0.0024740066666667504
-0.0007182599999999151
0.0008778733333333899
0.0024740066666667504
0.004070140000000055
0.002873040000000049
0.0016759400000000424
0.0004788400000000914
-0.0007182599999999151
0.011252750000000089
-0.004309564999999904
-0.019871879999999953
-0.010295069999999962
-0.0007182599999999151
-0.0007182599999999151
-0.0007182599999999151
-0.0007182599999999151
-0.0007182599999999151
-0.00790084999999996
-0.015083439999999948
0.013646960000000097
0.008858555000000101
0.004070150000000106
-0.0007182549999999455
-0.005506659999999941
-0.0039105266666665806
-0.0023143933333332756
-0.0007182599999999151
0.008858540000000081
-0.0007182599999999151
0.008858540000000081
0.006464340000000068
0.004070140000000055
-0.0007182599999999706
-0.005506659999999941
-0.003112459999999928
-0.0007182599999999706
0.0016759400000000424
0.004070140000000055
0.004070140000000055
0.004070140000000055
0.004070140000000055
0.008858545000000051
0.013646950000000047
-0.0007182599999999151
