-0.024766388888888713
-0.02742661111111211
-0.03008683333333373
-0.03274705555555535
-0.035407277777778745
-0.038067500000000365
-0.028491499999999448
-0.038067500000000365
-0.04046250000000029
-0.03926500000000033
-0.038067500000000365
-0.038067500000000365
-0.038067500000000365
-0.040461999999999776
-0.04285649999999919
-0.0380679999999991
-0.03327949999999902
-0.03008716666666622
-0.026894833333333423
-0.02370249999999885
-0.020510166666666052
-0.017317833333333255
-0.014125500000000457
-0.038067500000000365
-0.040461999999999776
-0.04285649999999919
-0.00933749999999911
-0.047644500000000534
-0.04285600000000045
-0.038067500000000365
-0.028491499999999448
-0.0380679999999991
-0.047644500000000534
-0.03567350000000147
-0.023702500000000626
-0.027293750000000117
-0.030885000000001384
-0.034476250000000874
-0.038067500000000365
-0.033279166666666526
-0.028490833333334464
-0.023702500000000626
-0.028490999999998934
-0.03327949999999902
-0.028491499999999448
-0.028491499999999448
-0.03088550000000012
-0.03327949999999902
-0.03567349999999969
-0.038067500000000365
-0.04125983333333316
-0.044452166666667736
-0.047644500000000534
-0.047644500000000534
-0.047644500000000534
-0.04285600000000045
-0.038067500000000365
-0.033279166666666526
-0.028490833333334464
-0.023702500000000626
-0.03327949999999902
-0.0380679999999991
-0.04285649999999919
-0.014125500000000457
-0.023702500000000626
-0.03327949999999902
-0.04285649999999919
-0.023702500000000626
-0.030885250000000752
-0.0380679999999991
-0.04525074999999923
-0.052433499999999356
-0.047644833333333025
-0.042856166666666695
-0.038067500000000365
-0.028491499999999448
-0.023702500000000626
-0.01891449999999928
-0.023702999999999363
-0.028491499999999448
-0.028491499999999448
-0.028491499999999448
-0.028491499999999448
-0.023702500000000626
-0.026096750000000668
-0.028490999999998934
-0.030885249999998976
-0.03327949999999902
-0.03567349999999969
-0.038067500000000365
-0.030885000000001384
-0.023702500000000626
-0.023702500000000626
-0.023702500000000626
-0.03327949999999902
-0.01891449999999928
-0.035674000000000206
-0.052433499999999356
-0.052433499999999356
-0.052433499999999356
-0.052433499999999356
-0.052433499999999356
-0.052433499999999356
-0.046048833333331984
-0.03966416666666639
-0.03327949999999902
-0.023702999999999363
-0.02529916666666665
-0.02689533333333216
-0.028491499999999448
-0.035674000000000206
-0.04285649999999919
-0.04764499999999927
-0.052433499999999356
-0.04924116666666656
-0.046048833333331984
-0.04285649999999919
-0.0380679999999991
-0.03327949999999902
-0.03208249999999957
-0.03088550000000012
-0.029688499999998896
-0.028491499999999448
-0.026895166666665915
-0.02529883333333416
-0.023702500000000626
-0.022505500000001177
-0.021308499999999952
-0.00933749999999911
-0.021308499999999952
-0.03327949999999902
-0.03088550000000012
-0.028491499999999448
-0.02885980769230656
-0.02922811538461545
-0.029596423076922562
-0.029964730769229675
-0.030333038461538564
-0.030701346153845677
-0.03106965384615279
-0.0314379615384599
-0.03180626923076879
-0.032174576923075904
-0.032542884615383016
-0.032911192307691906
-0.03327949999999902
-0.03327949999999902
-0.03327949999999902
-0.03327949999999902
-0.03327949999999902
-0.03248133333333314
-0.03168316666666726
-0.030885000000001384
-0.026097000000000037
-0.02370249999999885
-0.035674000000000206
-0.03268112499999987
-0.029688249999999528
-0.026695375000000965
-0.023702500000000626
-0.038067500000000365
-0.0572215000000007
-0.028491499999999448
-0.03327949999999902
-0.03008716666666622
-0.026894833333333423
-0.023702500000000626
-0.03327949999999902
-0.03327949999999902
-0.03327949999999902
-0.03327949999999902
-0.03487550000000006
-0.036471499999999324
-0.038067500000000365
-0.03327949999999902
-0.01891449999999928
-0.00454949999999954
-0.023702500000000626
-0.026097000000000037
-0.028491499999999448
-0.0380679999999991
-0.047644500000000534
-0.049240833333334066
-0.05083716666666582
-0.052433499999999356
-0.03327949999999902
-0.03417731249999889
-0.035075124999998764
-0.035972937499998636
-0.03687074999999851
-0.03776856250000016
-0.03866637500000003
-0.0395641874999999
-0.040461999999999776
-0.04135981249999965
-0.04225762499999952
-0.043155437499999394
-0.04405325000000104
-0.044951062500000916
-0.04584887500000079
-0.04674668750000066
-0.047644500000000534
-0.042856166666666695
-0.03806783333333286
-0.03327949999999902
-0.00454949999999954
-0.03327949999999902
-0.026097000000000037
-0.01891449999999928
-0.028491499999999448
-0.03327949999999902
-0.03327949999999902
-0.00933749999999911
-0.040461999999999776
-0.03875192857142906
-0.03704185714285657
-0.03533178571428586
-0.03362171428571337
-0.03191164285714265
-0.030201571428570162
-0.028491499999999448
-0.038067500000000365
-0.01891400000000054
-0.028491499999999448
-0.03647199999999984
-0.04445250000000023
-0.05243300000000062
-0.04285649999999919
-0.01891449999999928
-0.00454949999999954
-0.014126000000000971
-0.023702500000000626
-0.03567350000000147
-0.047644500000000534
-0.0468465000000009
-0.04604849999999949
-0.04525049999999986
-0.04445250000000023
-0.04365449999999882
-0.04285649999999919
-0.028491499999999448
-0.03327949999999902
-0.00933749999999911
-0.038067500000000365
-0.03966366666666765
-0.04125983333333316
-0.04285600000000045
-0.044452166666667736
-0.04604833333333325
-0.047644500000000534
-0.028491499999999448
-0.038067500000000365
-0.030885000000001384
-0.023702500000000626
0.00981649999999945
-0.03327949999999902
-0.03487550000000006
-0.036471499999999324
-0.038067500000000365
-0.03937349999999995
-0.040679499999999535
-0.0419855000000009
-0.04329150000000048
-0.04459750000000007
-0.04590349999999965
-0.04720949999999924
-0.04851549999999882
-0.049821500000000185
-0.05112749999999977
-0.052433499999999356
-0.03008716666666622
-0.03168333333333351
-0.03327949999999902
-0.023702500000000626
-0.014125500000000457
-0.021308499999999952
-0.028491499999999448
-0.039265249999999696
-0.050038999999999945
-0.06081275000000019
-0.07158650000000044
-0.06520216666666734
-0.05881783333333246
-0.052433499999999356
-0.10430766666666536
-0.15618183333333313
-0.20805599999999913
0.20614050000000006
0.12952650000000077
0.044931166666668076
-0.03966416666666639
-0.12425949999999908
-0.3110064999999995
-0.26838979999999957
-0.22577309999999962
-0.18315639999999966
-0.1405396999999997
-0.09792299999999976
-0.05530629999999981
-0.012689599999999857
0.029927100000000095
0.07254380000000005
0.1151605
0.046925999999999135
-0.021308499999999952
-0.3780444999999997
0.2492359999999998
0.11994925000000123
-0.00933749999999911
-0.24875749999999996
-0.25833450000000013
0.41683049999999966
-0.25833450000000013
-0.1960851666666663
-0.13383583333333426
-0.07158650000000044
0.08643050000000052
0.10968842857142924
0.13294635714285796
0.15620428571428668
0.17946221428571363
0.20272014285714235
0.22597807142857107
0.2492359999999998
0.12473758333333329
0.0002391666666667902
-0.12425924999999971
-0.09552850000000035
0.014604500000000797
0.08403649999999985
0.15346850000000067
-0.05003849999999943
-0.25354549999999954
-0.2024694999999994
-0.1513934999999993
-0.10031749999999917
0.3881005000000002
0.005027999999999366
-0.3780444999999997
-0.15538399999999974
0.06727650000000018
0.05578440000000029
0.044292300000000395
0.0328002000000005
0.021308100000000607
0.009816000000000713
-0.0016761000000009574
-0.013168200000000851
-0.024660300000000746
-0.03615240000000064
-0.047644500000000534
0.06488300000000002
-0.16735450000000007
-0.03567349999999969
0.09600750000000069
0.10079550000000026
-0.09792299999999976
-0.2966414999999998
0.1199495000000006
0.08563266666666713
0.05131583333333367
0.01699900000000021
-0.017317833333333255
-0.05163466666666672
-0.08595150000000018
0.0481234999999991
0.011013374999999215
-0.026096750000000668
-0.06320687500000055
-0.10031700000000043
-0.13742712500000032
-0.1745372500000002
-0.21164737500000008
-0.24875749999999996
-0.004549000000000802
-0.03806778571428637
-0.07158657142857194
-0.10510535714285751
-0.13862414285714308
-0.17214292857142866
-0.20566171428571423
-0.2391804999999998
0.15825650000000024
-0.10510550000000052
-0.021308499999999952
-0.03208249999999957
-0.04285649999999919
0.12473750000000017
0.0998379000000007
0.07493829999999946
0.05003869999999999
0.02513909999999875
0.00023949999999928195
-0.023702500000000626
-0.05722130000000014
-0.09074009999999966
-0.12425890000000095
-0.15777770000000046
-0.19129649999999998
0.014604500000000797
-0.0033519999999995775
-0.021308499999999952
-0.03926500000000033
-0.0572215000000007
0.16304449999999981
-0.23439250000000023
0.019392500000000368
0.00023900000000054433
-0.01891449999999928
-0.16735450000000007
-0.121266125
-0.07517774999999993
-0.029089374999999862
0.01699900000000021
-0.024899749999999443
-0.0667984999999991
-0.027294249999998854
0.01220999999999961
0.05171424999999985
0.09121850000000009
-0.052433499999999356
-0.07996675000000053
-0.10749999999999993
-0.13503324999999933
-0.1625665000000005
0.12952650000000077
0.08068470000000083
0.031842900000000895
-0.016998900000000816
-0.06584070000000075
-0.11468250000000069
0.026575499999999863
-0.05402916666666613
-0.1346338333333339
-0.2152384999999999
-0.00933749999999911
0.026575499999999863
0.06248850000000061
-0.11947050000000026
-0.0787690000000012
-0.038067500000000365
0.10558450000000086
-0.021308499999999952
-0.14820150000000076
-0.07876949999999994
-0.00933749999999911
0.04094050000000138
0.09121850000000009
0.040142333333333724
-0.010933833333332643
-0.06201000000000079
-0.11308616666666715
-0.16416233333333352
-0.2152384999999999
0.03375849999999936
-0.00454949999999954
-0.026097000000000037
-0.047644500000000534
-0.027293750000000117
-0.006942999999999699
0.013407749999998941
0.03375849999999936
-0.10989350000000009
0.00023949999999928195
0.018435300000000154
0.03663109999999925
0.05482690000000012
0.07302269999999922
0.09121850000000009
-0.16735450000000007
-0.01891449999999928
-0.00933749999999911
-0.018914166666666787
-0.028490833333332688
-0.038067500000000365
-0.03886566666666624
-0.0396638333333339
-0.040461999999999776
-0.03008716666666622
-0.019712333333332666
-0.00933749999999911
-0.04285649999999919
-0.0412603888888885
-0.03966427777777781
-0.03806816666666535
-0.03647205555555466
-0.034875944444443974
-0.033279833333333286
-0.03168372222222082
-0.030087611111110135
-0.028491499999999448
-0.020111499999998728
-0.011731499999999784
-0.023702500000000626
-0.03327949999999902
-0.0380679999999991
-0.04285649999999919
-0.04285649999999919
-0.03966416666666639
-0.03647183333333359
-0.03327949999999902
-0.03008716666666622
-0.026894833333333423
-0.023702500000000626
-0.020510166666666052
-0.017317833333333255
-0.014125500000000457
-0.023702999999999363
-0.02529883333333416
-0.02795905555555578
-0.0306192777777774
-0.03327949999999902
-0.034875666666666305
-0.036471833333331816
-0.0380679999999991
-0.03966416666666639
-0.0412603333333319
-0.04285649999999919
-0.01891449999999928
-0.01891449999999928
-0.028491499999999448
-0.03327949999999902
-0.03567349999999969
-0.038067500000000365
-0.038067500000000365
-0.038067500000000365
-0.038067500000000365
-0.038067500000000365
-0.038067500000000365
-0.030885000000001384
-0.023702500000000626
-0.025617900000000304
-0.027533299999999983
-0.02944869999999966
-0.03136409999999934
-0.03327949999999902
-0.023702500000000626
-0.023702500000000626
-0.023702500000000626
-0.026575499999999863
-0.029448500000000877
-0.032321500000000114
-0.03519450000000113
-0.038067500000000365
-0.038067500000000365
-0.038067500000000365
-0.01891449999999928
-0.038067500000000365
-0.03647138888888968
-0.03487527777777899
-0.033279166666666526
-0.03168305555555584
-0.03008694444444515
-0.028490833333334464
-0.026894722222222
-0.025298611111111313
-0.023702500000000626
-0.02190687500000088
-0.02011124999999936
-0.018315624999999613
-0.016519999999999868
-0.01891449999999928
-0.023702999999999363
-0.035674000000000206
-0.03627237499999936
-0.036870750000000285
-0.03746912500000121
-0.038067500000000365
-0.028491499999999448
-0.03088550000000012
-0.03327949999999902
-0.00933749999999911
-0.006943499999998437
-0.00454949999999954
-0.008311785714285591
-0.012074071428571642
-0.015836357142857693
-0.019598642857141968
-0.02336092857142802
-0.02712321428571407
-0.03088550000000012
-0.03327949999999902
-0.03327949999999902
-0.03327949999999902
-0.03327949999999902
-0.031683499999999754
-0.030087499999998712
-0.028491499999999448
-0.01891449999999928
-0.028491499999999448
-0.03327949999999902
-0.03407749999999865
-0.03487550000000006
-0.03567349999999969
-0.036471499999999324
-0.03726950000000073
-0.038067500000000365
-0.02370249999999885
-0.00933749999999911
-0.012529833333331908
-0.01572216666666648
-0.01891449999999928
-0.014125500000000457
-0.023702999999999363
