-0.010774300000001347
-0.029927300000002433
-0.032321800000001844
-0.034716300000001254
-0.034716300000001254
-0.034716300000001254
-0.034716300000001254
-0.034716300000001254
-0.025139300000001086
-0.029927300000002433
-0.02753330000000176
-0.025139300000001086
-0.02992780000000117
-0.034716300000001254
-0.02633655000000168
-0.017956800000000328
-0.009577050000000753
-0.001197300000001178
-0.039504300000000825
-0.02753330000000176
-0.015562300000000917
-0.01829858571428744
-0.02103487142857219
-0.023771157142858712
-0.02650744285714346
-0.029243728571429983
-0.03198001428571473
-0.034716300000001254
-0.029927300000002433
-0.032321800000001844
-0.025139300000001086
-0.026735300000002127
-0.02833130000000139
-0.029927300000002433
-0.005985300000002525
-0.029927300000002433
-0.028969700000002874
-0.02801210000000154
-0.02705450000000198
-0.026096900000000645
-0.025139300000001086
-0.02753330000000176
-0.029927300000002433
-0.03711005000000256
-0.04429280000000091
-0.051475550000001036
-0.05865830000000116
-0.015562300000000917
-0.034716300000001254
-0.034716300000001254
-0.034716300000001254
-0.034716300000001254
-0.025139300000001086
-0.025139300000001086
-0.01875463333333549
-0.01236996666666812
-0.005985300000002525
-0.029927300000002433
-0.02753330000000176
-0.025139300000001086
-0.020350300000002264
-0.02354263333333506
-0.026734966666669635
-0.029927300000002433
-0.029927300000002433
-0.029927300000002433
-0.029927300000002433
-0.029927300000002433
-0.025139300000001086
-0.025139300000001086
-0.025139300000001086
-0.029927300000002433
-0.032321800000001844
-0.034716300000001254
-0.032321800000001844
-0.029927300000002433
-0.020350300000002264
-0.015561966666668425
-0.010773633333336363
-0.005985300000002525
-0.008379550000002567
-0.010773800000002609
-0.013168050000000875
-0.015562300000000917
-0.020350300000002264
-0.039504300000000825
-0.037908133333335314
-0.03631196666666803
-0.03471580000000074
-0.03311963333333523
-0.03152346666666972
-0.029927300000002433
-0.028969700000002874
-0.02801210000000154
-0.02705450000000198
-0.026096900000000645
-0.025139300000001086
-0.03711030000000193
-0.049081300000000994
-0.05147530000000167
-0.05386930000000234
-0.05147530000000167
-0.049081300000000994
-0.039504300000000825
-0.029927300000002433
-0.025138800000002348
-0.020350300000002264
-0.039504300000000825
-0.029927300000000656
-0.020350300000002264
-0.02753330000000176
-0.034716300000001254
-0.03711030000000193
-0.039504300000000825
-0.039504300000000825
-0.039504300000000825
-0.03471580000000074
-0.029927300000002433
-0.041898300000003275
-0.05386930000000234
-0.03710980000000319
-0.020350300000002264
-0.020350300000002264
-0.020350300000002264
-0.022744800000001675
-0.025139300000001086
-0.034716300000001254
-0.02753330000000176
-0.02705450000000198
-0.0265757000000022
-0.026096900000000645
-0.025618100000000865
-0.025139300000001086
-0.032321800000001844
-0.03631196666666803
-0.04030213333333599
-0.04429230000000217
-0.034716300000001254
-0.05386930000000234
-0.039504300000000825
-0.025139300000001086
-0.017956800000000328
-0.010774300000001347
-0.013168300000000244
-0.015562300000000917
-0.017158466666668204
-0.018754633333333715
-0.020350800000001
-0.02194696666666829
-0.0235431333333338
-0.025139300000001086
-0.020350300000002264
-0.034716300000001254
-0.025139300000001086
-0.02753330000000176
-0.029927300000002433
-0.02753305000000239
-0.025138800000002348
-0.022744550000002306
-0.020350300000002264
-0.029927300000002433
-0.025139300000001086
-0.029927300000002433
-0.028730300000002984
-0.02753330000000176
-0.026336300000000534
-0.025139300000001086
-0.03112480000000062
-0.03711030000000193
-0.04309580000000146
-0.049081300000000994
-0.025139300000001086
-0.034716300000001254
-0.03711030000000193
-0.039504300000000825
-0.015562300000000917
-0.020350300000002264
-0.015562300000002693
-0.010774300000001347
-0.011572300000000979
-0.012370300000000611
-0.013168300000000244
-0.013966300000001652
-0.014764300000001285
-0.015562300000000917
-0.01795630000000159
-0.020350300000002264
-0.049080800000002256
-0.04429255000000154
-0.039504300000000825
-0.034716300000001254
-0.02992780000000117
-0.025139300000001086
-0.02394205000000227
-0.022744800000001675
-0.02154755000000108
-0.020350300000002264
-0.021547425000001397
-0.022744550000002306
-0.023941675000003215
-0.025138800000002348
-0.02513887142857385
-0.025138942857145352
-0.025139014285716854
-0.02513908571428658
-0.025139157142858082
-0.025139228571429584
-0.025139300000001086
-0.029927300000000656
-0.039504300000000825
-0.034716300000001254
-0.03152396666666846
-0.028331633333333883
-0.025139300000001086
-0.02194696666666829
-0.018754633333333715
-0.015562300000000917
-0.01795630000000159
-0.034716300000001254
-0.02992780000000117
-0.025139300000001086
-0.026735300000002127
-0.02833130000000139
-0.029927300000002433
-0.015562300000000917
-0.020350300000002264
-0.0283309666666689
-0.036311633333335536
-0.04429230000000217
-0.039504300000000825
-0.034716300000001254
-0.032321800000001844
-0.029927300000002433
-0.03711005000000256
-0.04429280000000091
-0.051475550000001036
-0.05865830000000116
-0.034716300000001254
-0.022745300000000412
-0.010774300000001347
-0.010774300000001347
-0.010774300000001347
-0.009177966666667814
-0.0075816333333360575
-0.005985300000002525
-0.010773800000002609
-0.015562300000002693
-0.020350800000001
-0.025139300000001086
-0.025139300000001086
-0.025139300000001086
-0.025139300000001086
-0.025139300000001086
-0.025139300000001086
-0.032321800000001844
0.05147569999999746
-0.13527230000000223
-0.09457080000000317
-0.05386930000000234
0.10414769999999862
0.2621646999999978
0.23183819999999855
0.20151169999999752
0.17118519999999826
0.14085869999999723
0.11053219999999797
0.08020569999999871
0.04987919999999768
0.019552699999998424
-0.010773800000002609
-0.041100300000001866
-0.07142680000000112
-0.10175330000000216
-0.1320798000000014
-0.16240630000000067
-0.1927328000000017
-0.22305930000000096
-0.253385800000002
-0.28371230000000125
0.07541719999999685
-0.020350800000001
-0.08738830000000064
-0.04429263333333466
0.027533699999997552
-0.022744800000001675
-0.0730233000000009
-0.10175330000000216
-0.0011968000000024404
0.09935969999999905
-0.1161183000000019
0.03232169999999712
0.18076169999999792
0.008379366666664723
-0.16400296666666847
-0.33638530000000166
-0.11133030000000232
0.11372469999999879
-0.013965966666667384
-0.14165663333333534
-0.2693473000000015
0.2956846999999989
-0.17836830000000248
-0.020350800000002778
0.1376666999999987
-0.010773800000002609
-0.15921430000000214
-0.08419596666666784
-0.009177633333335322
0.06584069999999898
0.039504199999999656
0.013167699999998561
0.004959128571426774
-0.003249442857145013
-0.0114580142857168
-0.01966658571428681
-0.027875157142858598
-0.036083728571430385
-0.04429230000000217
-0.09696530000000081
-0.05386980000000108
0.11372444999999942
0.28131869999999815
0.14724344999999772
0.013168199999999075
-0.12090705000000135
-0.25498230000000177
-0.18634863333333485
-0.11771496666666792
-0.049081300000000994
0.019552366666664156
0.08818603333333108
0.156819699999998
-0.03471580000000074
-0.11133030000000232
-0.06185030000000147
-0.012370300000002388
0.03710969999999847
-0.034716300000001254
-0.059456300000000795
-0.08419630000000211
-0.10893630000000165
-0.1336763000000012
-0.1584163000000025
-0.18315630000000205
-0.049081300000000994
0.22864569999999773
-0.025139300000002862
-0.2789243000000017
0.156819699999998
-0.039504300000000825
-0.23582830000000143
0.14724369999999887
0.04189869999999729
-0.06344630000000251
-0.01795630000000159
0.027533699999997552
-0.010774300000001347
-0.0730233000000009
-0.13527230000000223
-0.1975213000000018
-0.07541730000000157
0.04668669999999864
-0.061052300000001836
-0.1687913000000023
-0.0426966333333354
0.08339803333333151
0.20949269999999842
0.1319204999999979
0.05434829999999735
-0.023223900000001407
-0.10079610000000194
-0.17836830000000248
-0.032321800000001844
0.06105169999999838
0.00837969999999899
-0.04429230000000217
-0.039504300000000825
-0.034716300000001254
0.0035910333333326605
0.0418983666666648
0.08020569999999871
-0.15921430000000214
-0.10494563333333495
-0.05067696666666954
0.003591699999997644
-0.039504300000000825
-0.001197300000001178
-0.020350800000001
-0.039504300000000825
-0.03152363333333419
-0.023542966666667553
-0.015562300000000917
-0.015562300000000917
-0.015562300000000917
-0.02154780000000045
-0.02753330000000176
-0.03351880000000129
-0.039504300000000825
-0.039504300000000825
-0.039504300000000825
-0.025139300000001086
-0.025937300000000718
-0.026735300000002127
-0.02753330000000176
-0.02833130000000139
-0.0291293000000028
-0.029927300000002433
-0.039504300000000825
-0.03152363333333419
-0.023542966666667553
-0.015562300000000917
-0.039504300000000825
-0.03471580000000074
-0.029927300000000656
-0.025138800000002348
-0.020350300000002264
-0.01795630000000159
-0.015562300000000917
-0.025139300000001086
-0.024455157142858397
-0.023771014285715708
-0.02308687142857302
-0.02240272857143033
-0.02171858571428764
-0.021034442857144953
-0.020350300000002264
-0.04429230000000217
-0.039504300000000825
-0.04429230000000217
-0.025139300000001086
-0.02753330000000176
-0.026735300000002127
-0.025937300000000718
-0.025139300000001086
-0.0235431333333338
-0.02194696666666829
-0.020350800000001
-0.018754633333333715
-0.017158466666668204
-0.015562300000000917
-0.03711030000000193
-0.049081300000000994
-0.049081300000000994
-0.05044944285714337
-0.05181758571428752
-0.05318572857142989
-0.054553871428572265
-0.05592201428571464
-0.05729015714285879
-0.05865830000000116
-0.034716300000001254
-0.034716300000001254
-0.032800900000001576
-0.030885500000001898
-0.028970100000000443
-0.027054700000000764
-0.025139300000001086
-0.025139300000001086
-0.005985300000002525
-0.034716300000001254
-0.010774300000001347
-0.029927300000002433
-0.02833130000000139
-0.026735300000002127
-0.025139300000001086
-0.02753330000000176
-0.029927300000002433
-0.039504300000000825
-0.029927300000000656
-0.020350300000002264
-0.039504300000000825
-0.041100300000001866
-0.04269630000000113
-0.04429230000000217
-0.015562300000000917
-0.015562300000000917
-0.015562300000000917
-0.014963800000000305
-0.014365300000001469
-0.013766800000000856
-0.013168300000000244
-0.012569800000001408
-0.011971300000000795
-0.011372800000001959
-0.010774300000001347
-0.020350966666667247
-0.029927633333334924
-0.039504300000000825
-0.025139300000001086
-0.03152363333333419
-0.03790796666666907
-0.04429230000000217
-0.034716300000001254
-0.039504300000000825
-0.029927300000002433
-0.025138966666668594
-0.020350633333334756
-0.015562300000000917
-0.025139300000001086
-0.015562300000000917
-0.01795655000000096
-0.020350800000001
-0.022745050000001044
-0.025139300000001086
-0.027533550000001128
-0.02992780000000117
-0.029927300000002433
-0.049081300000000994
-0.034716300000001254
-0.032321800000001844
-0.029927300000002433
-0.028011900000002754
