-0.02458009999999966
-0.02298409999999862
-0.030166599999999377
-0.037349100000000135
-0.01819609999999905
-0.01819609999999905
-0.01819609999999905
-0.01819609999999905
-0.01819609999999905
-0.01659987777777694
-0.015003655555554829
-0.013407433333332719
-0.011811211111110609
-0.010214988888888499
-0.008618766666666389
-0.007022544444444279
-0.0054263222222221685
-0.0038301000000000585
-0.01340709999999845
-0.02298409999999862
-0.019791766666665822
-0.016599433333333025
-0.013407100000000227
-0.011013099999999554
-0.03734959999999887
-0.02298409999999862
-0.02298409999999862
-0.02298409999999862
-0.02298409999999862
-0.02298409999999862
-0.020590099999999723
-0.01819609999999905
-0.01340709999999845
-0.01340709999999845
-0.013407100000000227
-0.008618600000000143
-0.0038301000000000585
-0.006703299999999857
-0.009576499999999655
-0.012449699999999453
-0.015322899999999251
-0.01819609999999905
-0.01819609999999905
-0.025378599999999807
-0.03256109999999879
-0.02298409999999862
-0.02298409999999862
-0.027772599999998704
-0.03256109999999879
-0.030432877777776923
-0.02830465555555506
-0.026176433333333193
-0.02404821111111133
-0.021919988888887687
-0.019791766666665822
-0.017663544444443957
-0.015535322222222092
-0.013407100000000227
-0.01819609999999905
-0.013407100000000227
-0.027772099999999966
-0.030166599999999377
-0.033757850000000644
-0.037349100000000135
-0.04213809999999896
-0.035753433333331586
-0.02936876666666599
-0.02298409999999862
-0.013407100000000227
-0.013407100000000227
-0.013407100000000227
-0.013407100000000227
-0.013407100000000227
-0.013407100000000227
-0.013407100000000227
-0.0062245999999994694
-0.012210350000000147
-0.01819609999999905
-0.024580433333332152
-0.030964766666667032
-0.037349100000000135
-0.027772099999999966
-0.030166599999999377
-0.03256109999999879
-0.02298409999999862
-0.02298409999999862
-0.02298409999999862
-0.020589849999998577
-0.018195599999998535
-0.015801349999998493
-0.01340709999999845
-0.011012850000000185
-0.008618600000000143
-0.006224350000000101
-0.0038301000000000585
0.0033524000000006993
0.01053489999999968
-0.018195599999998535
-0.020589600000000985
-0.03136384999999997
-0.04213809999999896
-0.03256109999999879
-0.02298409999999862
-0.02202649999999906
-0.021068899999999502
-0.020111299999998167
-0.019153699999998608
-0.01819609999999905
-0.027772099999999966
-0.02896959999999993
-0.03016709999999989
-0.027772766666666726
-0.025378433333331785
-0.02298409999999862
-0.02298409999999862
-0.00861909999999888
0.005745900000000859
0.002553900000000553
-0.0006380999999997528
-0.0038301000000000585
-0.011810766666666694
-0.01979143333333333
-0.027772099999999966
-0.027772099999999966
-0.027772099999999966
-0.027772099999999966
-0.030166599999999377
-0.03256109999999879
-0.027772099999999966
-0.02458009999999966
-0.021388099999999355
-0.01819609999999905
-0.027772099999999966
-0.02458009999999966
-0.021388099999999355
-0.01819609999999905
-0.027772099999999966
-0.021387766666666863
-0.015003433333331984
-0.00861909999999888
-0.02298409999999862
-0.02093195714285656
-0.018879814285712726
-0.016827671428570667
-0.014775528571426833
-0.012723385714284774
-0.010671242857140939
-0.00861909999999888
-0.00861909999999888
-0.013407599999998965
-0.01819609999999905
-0.013407100000000227
-0.037349100000000135
-0.034612957142856615
-0.03187681428571487
-0.029140671428571352
-0.026404528571427832
-0.023668385714284312
-0.02093224285714257
-0.01819609999999905
-0.027772099999999966
-0.013407100000000227
-0.015003266666667514
-0.016599433333333025
-0.018195599999998535
-0.019791766666665822
-0.02138793333333311
-0.02298409999999862
-0.018195599999998535
-0.00861909999999888
-0.01819609999999905
-0.01819609999999905
-0.01819609999999905
-0.01819609999999905
-0.011013099999999554
-0.0038301000000000585
-0.011012766666667062
-0.01819543333333229
-0.025378099999999293
-0.025378099999999293
-0.026176099999998925
-0.026974100000000334
-0.027772099999999966
-0.025562100000000143
-0.02335210000000032
-0.021142100000000497
-0.018932099999998897
-0.016722099999999074
-0.01451209999999925
-0.012302099999999427
-0.010092099999999604
-0.007882099999999781
-0.005672099999998181
-0.003462099999998358
-0.001252099999998535
0.0009579000000012883
-0.003830599999998796
-0.00861909999999888
-0.02298409999999862
-0.02298409999999862
-0.025378099999999293
-0.01819609999999905
-0.00861909999999888
-0.00957669999999844
-0.010534299999999774
-0.011491899999999333
-0.012449500000000668
-0.013407100000000227
-0.013407100000000227
-0.011012850000000185
-0.008618600000000143
-0.006224350000000101
-0.0038301000000000585
-0.013407100000000227
-0.030166599999999377
-0.040940349999999626
-0.051714099999999874
-0.037349100000000135
-0.0293684333333335
-0.021387766666666863
-0.013407100000000227
-0.013407100000000227
-0.013407100000000227
-0.013407100000000227
-0.013407100000000227
-0.03256109999999879
-0.03064569999999911
-0.02873029999999943
-0.026814899999997976
-0.024899499999998298
-0.02298409999999862
-0.001436099999999385
-0.00861909999999888
-0.00861909999999888
-0.00861909999999888
-0.00861909999999888
-0.00861909999999888
-0.00861909999999888
-0.00861909999999888
-0.00861909999999888
-0.00861909999999888
-0.00861909999999888
-0.00861909999999888
-0.00861909999999888
-0.00861909999999888
-0.00861909999999888
-0.00861909999999888
-0.00861909999999888
-0.00861909999999888
-0.00861909999999888
-0.00861909999999888
-0.011811433333331678
-0.015003766666666252
-0.01819609999999905
-0.021616385714285258
-0.02503667142856969
-0.0284569571428559
-0.03187724285714211
-0.035297528571428316
-0.03871781428571275
-0.04213809999999896
0.0009579000000012883
-0.00861909999999888
-0.006225099999998207
-0.027772599999998704
-0.030964766666665255
-0.02298409999999862
-0.020589849999998577
-0.018195599999998535
-0.01580135000000027
-0.013407100000000227
-0.011013099999999554
-0.03894543333333367
-0.066877766666666
-0.09481010000000012
-0.06368559999999945
-0.03256109999999879
0.18291690000000038
0.06320690000000084
-0.056503099999998696
0.06320690000000084
0.18291690000000038
0.041659400000000346
-0.09959809999999969
-0.18100109999999958
-0.2624040999999995
-0.12194443333333282
0.018515233333333825
0.15897490000000047
0.17094589999999954
0.18291690000000038
0.12880800000000114
0.07469910000000013
0.02059020000000089
-0.03351870000000012
-0.08762759999999936
0.05841890000000127
0.048841900000001104
0.2116479000000009
0.3744539000000007
0.26637275714285735
0.1582916142857158
0.05021047142857249
-0.05787067142857083
-0.16595181428571415
-0.2740329571428557
-0.382114099999999
-0.06608009999999886
0.14939890000000133
-0.29113409999999895
-0.23606759999999838
-0.18100109999999958
-0.18578959999999967
-0.19057809999999975
0.130244900000001
0.45106789999999997
-0.2049430999999995
-0.21132776666666686
-0.21771243333333246
-0.22409709999999983
-0.2256930999999991
-0.22728910000000013
-0.2288850999999994
0.08475540000000059
0.3983959000000006
-0.1474820999999995
-0.17046649999999985
-0.1934509000000002
-0.21643529999999878
-0.23941969999999912
-0.2624040999999995
-0.2049430999999995
-0.11396338571428544
-0.022983671428571384
0.06799604285714267
0.1589757571428585
0.24995547142857255
0.3409351857142866
0.43191490000000066
-0.1235400999999996
0.007342566666666883
-0.19057809999999975
-0.21212609999999898
-0.2336741
-0.1283291000000002
0.15418689999999913
0.4367029000000002
0.18930190000000024
-0.05809909999999974
-0.3055000999999997
-0.1474820999999995
-0.10558359999999922
-0.06368510000000072
-0.021786600000000433
0.02011189999999985
0.3744539000000007
-0.018195099999999798
-0.41084410000000027
0.029687900000000766
0.11348489999999956
0.19728190000000012
0.16376340000000056
0.130244900000001
-0.18100109999999958
-0.49224710000000016
-0.11635784999999998
0.2595314000000002
0.24229309999999948
0.22505480000000055
0.20781649999999985
0.19057820000000092
0.1733399000000002
-0.2049430999999995
-0.18100109999999958
0.04644790000000043
0.27389690000000044
-0.18100109999999958
-0.1486793500000001
-0.11635759999999884
-0.08403584999999936
-0.051714099999999874
-0.019392349999998615
0.012929400000000868
-0.008019974999999846
-0.02896935000000056
-0.0499187249999995
-0.07086810000000021
-0.2336741
0.034476900000001365
0.14939840000000082
0.2643199000000003
-0.4635170999999989
-0.2983173499999996
-0.1331175999999985
0.03208215000000081
0.19728190000000012
0.15697956666666713
0.11667723333333413
0.07637490000000113
0.03607256666666636
-0.0042297666666666345
-0.04453209999999963
0.10869690000000176
-0.07206509999999966
-0.2528270999999993
0.034476900000001365
0.09193756666666708
0.14939823333333457
0.2068589000000003
0.04884164999999996
-0.10917560000000037
-0.08204109999999964
-0.054906600000000694
-0.027772099999999966
-0.22409709999999983
-0.027772599999998704
0.16855190000000064
0.10989390000000121
0.05123590000000178
-0.007422099999999432
-0.06608009999999886
-0.07565659999999852
-0.08523309999999995
0.1493979000000003
0.10390823333333365
0.058418566666667004
0.012928900000000354
-0.032560766666666296
-0.07805043333333295
-0.1235400999999996
0.03447640000000085
-0.18100109999999958
0.08236090000000118
0.06560140000000203
0.048841900000001104
-0.009816099999998329
-0.06847409999999954
-0.12713210000000075
-0.18579010000000018
0.130244900000001
0.07876965000000169
0.027294400000000607
-0.024180850000000476
-0.07565609999999978
-0.10438710000000029
0.1781289000000008
-0.18579010000000018
-0.12194476666666709
-0.05809943333333223
0.005745900000000859
0.02649590000000046
0.04724590000000006
0.06799589999999966
-0.046926100000000304
-0.16184810000000027
0.02011189999999985
0.024102233333334055
0.028092566666666485
0.032082899999998915
0.03607323333333312
0.04006356666666733
0.04405389999999976
-0.03256060000000005
-0.10917509999999986
0.06799589999999966
0.006943400000000821
-0.05410909999999802
0.02011189999999985
0.00478889999999943
-0.010534099999999214
-0.025857099999999633
-0.041180099999998276
-0.056503099999998696
-0.03655143333333122
-0.016599766666665516
0.0033519000000019616
-0.11875210000000003
-0.02298409999999862
-0.027772599999998704
-0.03256109999999879
-0.015801599999999638
0.0009579000000012883
-0.020590099999999723
-0.04213809999999896
-0.033929385714284166
-0.02572067142857115
-0.01751195714285636
-0.00930324285714157
-0.0010945285714267783
0.007114185714286236
0.015322900000001027
0.008938400000001678
0.002553900000000553
-0.003830599999998796
-0.010215099999998145
-0.01659959999999927
-0.02298409999999862
-0.0038301000000000585
-0.044531599999999116
-0.08523309999999995
-0.02298409999999862
-0.030166599999999377
-0.023582474999999548
-0.016998349999999718
-0.010414224999999888
-0.0038301000000000585
-0.011013099999999554
-0.01819609999999905
-0.046926100000000304
-0.01819560000000031
0.01053489999999968
0.0009578999999995119
-0.00861909999999888
-0.008987407692305993
-0.009355715384614882
-0.009724023076921995
-0.010092330769230884
-0.010460638461537997
-0.01082894615384511
-0.011197253846153998
-0.011565561538461111
-0.011933869230768224
-0.012302176923077113
-0.012670484615384225
-0.013038792307693114
-0.013407100000000227
-0.03256109999999879
-0.02458043333333393
-0.020590099999999723
-0.01987180000000066
-0.019153499999999823
-0.018435199999998986
-0.017716899999999924
-0.016998600000000863
-0.016280300000000025
-0.015561999999999188
-0.014843700000000126
-0.014125400000001065
-0.013407100000000227
-0.00861909999999888
-0.01819609999999905
-0.0389450999999994
-0.013407100000000227
-0.037349100000000135
-0.00861909999999888
-0.011013099999999554
-0.013407100000000227
-0.0038306000000005724
0.005745900000000859
-0.011013099999999554
-0.027772099999999966
-0.021387766666666863
-0.015003433333331984
-0.00861909999999888
-0.013407100000000227
-0.02298409999999862
-0.03256109999999879
-0.04213809999999896
-0.03256109999999879
-0.02298409999999862
-0.02298409999999862
-0.02298409999999862
-0.021388099999999355
-0.019792099999998314
-0.01819609999999905
-0.01819609999999905
-0.01819609999999905
-0.020590099999999723
-0.02298409999999862
-0.025378099999999293
-0.027772099999999966
-0.020590099999999723
-0.01859493333333262
-0.016599766666665516
-0.014604599999998413
-0.012609433333333087
-0.010614266666665984
-0.00861909999999888
-0.027772099999999966
-0.02298409999999862
-0.027772599999998704
-0.03256109999999879
-0.04213760000000022
-0.051714099999999874
-0.0421374333333322
-0.032560766666666296
-0.02298409999999862
-0.019791766666665822
-0.016599433333333025
-0.013407100000000227
-0.011013099999999554
-0.00861909999999888
0.0009579000000012883
-0.01819609999999905
-0.025378599999999807
-0.03256109999999879
-0.04213760000000022
-0.051714099999999874
-0.04213760000000022
-0.03256109999999879
-0.031363849999998195
-0.030166599999999377
-0.02896935000000056
-0.027772099999999966
-0.027772099999999966
-0.00861909999999888
-0.013407599999998965
-0.01819609999999905
-0.02298409999999862
-0.027772099999999966
-0.02298409999999862
-0.01819609999999905
-0.013407599999998965
-0.00861909999999888
