0.01771740000000044
0.024899900000001196
0.009337650000000863
-0.0062245999999994694
-0.021786849999999802
-0.037349100000000135
-0.10917509999999986
-0.025378099999999293
0.05841890000000127
-0.04213809999999896
-0.046926100000000304
-0.051714099999999874
-0.07565609999999978
-0.09959809999999969
0.005746399999999596
0.11109090000000066
0.01771740000000044
-0.07565609999999978
-0.07266341249999897
-0.06967072499999993
-0.0666780375000009
-0.06368535000000008
-0.06069266249999927
-0.057699975000000236
-0.0547072875000012
-0.05171460000000039
-0.003830099999998282
-0.03256109999999879
-0.03734959999999887
-0.04213809999999896
0.02011140000000111
0.08236090000000118
-0.03495509999999946
-0.1522711000000001
-0.12545609999999918
-0.09864110000000004
-0.07182609999999912
-0.04501109999999997
-0.01819609999999905
-0.01412594999999861
-0.010055799999999948
-0.005985649999999509
-0.0019154999999990707
0.002154650000001368
0.00622480000000003
0.010294950000000469
0.014365100000000908
0.01843524999999957
0.02250540000000001
-0.044531599999999116
0.01053489999999968
-0.012609100000000595
-0.03575310000000087
-0.05889709999999937
-0.08204109999999964
-0.10518509999999992
-0.1283291000000002
0.02011140000000111
-0.03256109999999879
-0.11396409999999868
-0.025378599999999807
0.06320690000000084
0.022505649999999378
-0.01819560000000031
-0.032560766666666296
-0.04692593333333406
-0.06129110000000004
-0.044189671428570776
-0.027088242857143285
-0.009986814285714019
0.007114614285715248
0.024216042857144515
0.041317471428572006
0.05841890000000127
-0.0038301000000000585
-0.06129110000000004
0.04405389999999976
-0.046926100000000304
-0.06607960000000013
-0.08523309999999995
-0.046926100000000304
-0.00861909999999888
-0.0006384333333322445
0.007342233333334391
0.015322900000001027
-0.027772099999999966
-0.04213743333333397
-0.056502766666666204
-0.07086810000000021
-0.05171449999999922
-0.032560900000000004
-0.013407299999999012
0.005746300000000204
0.024899900000001196
0.005746233333335127
-0.013407433333332719
-0.03256109999999879
-0.051714099999999874
-0.03256109999999879
-0.03734959999999887
-0.04213809999999896
-0.037349100000000135
-0.058098766666667245
-0.07884843333333258
-0.09959809999999969
-0.04213760000000022
0.015322900000001027
-0.0062245999999994694
-0.027772099999999966
-0.020589600000000985
-0.013407100000000227
-0.046926100000000304
-0.0804450999999986
-0.0038301000000000585
-0.02298409999999862
-0.026176433333331417
-0.02936876666666599
-0.03256109999999879
-0.044532099999997854
-0.056503099999998696
-0.06847409999999954
-0.0804450999999986
-0.05969526666666525
-0.03894543333333189
-0.018195599999998535
-0.04213809999999896
-0.046926100000000304
-0.051714099999999874
-0.051714099999999874
-0.051714099999999874
0.039264900000000935
0.021707566666666622
0.004150233333334086
-0.013407100000000227
-0.01819560000000031
-0.02298409999999862
-0.027772599999998704
-0.03256109999999879
-0.09959809999999969
-0.054108599999999285
-0.00861909999999888
-0.01939284999999913
-0.030166599999999377
-0.040940349999999626
-0.051714099999999874
0.005745900000000859
-0.10917509999999986
-0.00861909999999888
-0.020590099999999723
-0.03256109999999879
0.0009579000000012883
0.034476900000001365
-0.008618766666666389
-0.051714433333332366
-0.09481010000000012
-0.02298409999999862
-0.07565609999999978
-0.05291134999999869
-0.030166599999999377
-0.007421850000000063
0.015322900000001027
-0.06129110000000004
-0.00861909999999888
-0.054108599999999285
-0.09959809999999969
-0.07565609999999978
-0.051714099999999874
-0.027772099999999966
-0.0222996714285717
-0.016827242857143432
-0.011354814285715165
-0.005882385714285121
-0.0004099571428568538
0.005062471428571413
0.01053489999999968
-0.002234100000000794
-0.015003099999999492
-0.027772099999999966
-0.01340709999999845
0.0009579000000012883
-0.027772599999998704
-0.056503099999998696
0.005745900000000859
-0.011013099999999554
-0.09481010000000012
-0.0756566000000003
-0.05650310000000047
-0.03734959999999887
-0.01819609999999905
-0.056503099999998696
-0.03375809999999824
-0.011013099999999554
0.011731900000000905
0.034476900000001365
-0.046926100000000304
0.005745900000000859
-0.022984349999999765
-0.05171460000000039
-0.03256109999999879
-0.03495509999999946
-0.037349100000000135
-0.02298409999999862
-0.00861909999999888
-0.013407399999998404
-0.018195699999999704
-0.022983999999999227
-0.027772300000000527
-0.03256060000000005
-0.05171435000000102
-0.07086810000000021
-0.01819609999999905
-0.027772766666666726
-0.03734943333333263
-0.046926100000000304
-0.039743599999999546
-0.03256109999999879
0.01053489999999968
-0.0038303500000012036
-0.01819560000000031
-0.03256084999999942
-0.046926100000000304
-0.0038301000000000585
-0.03256060000000005
-0.06129110000000004
-0.027772099999999966
-0.03495509999999946
-0.04213809999999896
-0.0442662111111094
-0.04639432222222162
-0.04852243333333206
-0.05065054444444428
-0.05277865555555472
-0.05490676666666694
-0.05703487777777738
-0.0591629888888896
-0.06129110000000004
-0.0038301000000000585
-0.02537810000000107
-0.0038301000000000585
-0.011810766666666694
-0.01979143333333333
-0.027772099999999966
-0.024579933333333415
-0.021387766666666863
-0.018195599999998535
-0.015003433333331984
-0.011811266666665432
-0.00861909999999888
-0.06129110000000004
-0.050118266666666855
-0.03894543333333367
-0.027772599999998704
-0.016599766666665516
-0.005426933333332329
0.005745900000000859
-0.07565609999999978
-0.039743599999999546
0.02011189999999985
0.021308900000001074
0.022505900000000523
0.02370289999999997
0.024899900000001196
0.029687900000000766
-0.09481010000000012
-0.19536609999999932
-0.18100109999999958
-0.17812810000000034
-0.17525509999999933
-0.1723821000000001
-0.16950909999999908
-0.16663609999999984
-0.01819609999999905
0.08714890000000075
0.18531115000000042
0.2834734000000001
0.2834734000000001
0.1948881500000006
0.10630289999999931
0.004150233333332309
-0.09800243333333292
-0.20015509999999992
-0.2600100999999988
-0.31986509999999946
-0.3214610999999987
-0.32305709999999976
-0.32465309999999903
-0.2743751000000003
-0.22409709999999983
-0.13551160000000095
-0.046926100000000304
0.09672590000000092
0.11827390000000193
0.13982190000000116
0.07278390000000101
0.02011140000000111
-0.03256109999999879
-0.0501184333333331
-0.06767576666666564
-0.08523309999999995
-0.05650259999999996
-0.027772099999999966
-0.023667814285714073
-0.01956352857142818
-0.015459242857142286
-0.011354957142856392
-0.007250671428570499
-0.0031463857142846052
0.0009579000000012883
0.11587990000000126
0.1493979000000003
0.13407510000000045
0.11875230000000059
0.10342950000000073
0.08810670000000087
0.07278390000000101
-0.09481010000000012
-0.2528270999999993
-0.2651401
-0.2774530999999989
-0.2897660999999996
-0.3020790999999985
-0.3143920999999992
-0.3267050999999981
-0.33901809999999877
-0.17142459999999993
0.17573439999999962
0.1517924000000015
-0.09481010000000012
-0.10651509999999931
-0.11822010000000027
-0.12992509999999946
-0.14163010000000043
-0.1533350999999996
-0.16504010000000058
-0.17674509999999977
-0.18845010000000073
-0.20015509999999992
-0.1283291000000002
-0.02298409999999862
0.07757190000000058
0.08714890000000075
0.09672590000000092
0.10630290000000109
0.11587990000000126
-0.04213809999999896
-0.2743751000000003
-0.22529409999999928
-0.1762131
-0.09002160000000003
-0.0038301000000000585
0.06320723333333333
0.13024456666666673
0.19728190000000012
0.2834734000000001
0.25314690000000084
0.2228203999999998
0.19249390000000055
0.01053489999999968
-0.07086810000000021
-0.1522711000000001
-0.19776059999999873
-0.24325009999999914
-0.2288850999999994
-0.21452009999999966
-0.1522711000000001
-0.09002209999999877
-0.07326259999999962
-0.056503099999998696
-0.039743599999999546
-0.02298409999999862
-0.0062245999999994694
0.01053489999999968
0.027294400000000607
0.04405389999999976
0.10151390000000049
0.005746399999999596
-0.1474820999999995
-0.1762131
-0.1331175999999985
-0.09002209999999877
-0.02298409999999862
0.04405389999999976
0.0558071727272722
0.06756044545454465
0.07931371818181887
0.09106699090909132
0.10282026363636376
0.11457353636363621
0.12632680909090865
0.1380800818181811
0.14983335454545532
0.16158662727272777
0.1733399000000002
0.19728190000000012
0.22122390000000003
0.130244900000001
-0.046926100000000304
-0.2288850999999994
-0.3055000999999997
-0.2624040999999995
-0.10438710000000029
0.101514400000001
0.11587956666666699
0.13024473333333475
0.14460990000000074
0.053629900000000674
-0.0014365999999981227
-0.056503099999998696
-0.08762759999999936
-0.11875210000000003
-0.11396359999999994
-0.10917509999999986
-0.0684736000000008
-0.027772099999999966
0.0009578999999995119
0.029687900000000766
0.039264900000000935
0.048841900000001104
0.05841890000000127
0.015322900000001027
-0.02118859999999856
-0.05770009999999992
-0.09421160000000128
-0.13072310000000087
-0.13886330000000058
-0.1470035000000003
-0.1551437
-0.1632838999999997
-0.1714240999999994
-0.11396409999999868
0.01053489999999968
0.020590499999999068
0.03064610000000023
0.04070169999999962
0.05075730000000078
0.06081290000000017
0.07086849999999956
0.08092410000000072
0.09097970000000011
0.10103530000000127
0.11109090000000066
0.12226390000000009
0.1334369000000013
0.14460990000000074
0.10151390000000049
-0.0038301000000000585
-0.16424160000000043
-0.1714240999999994
-0.15765747499999883
-0.14389085000000001
-0.13012422499999943
-0.11635760000000062
-0.10259097500000003
-0.08882434999999944
-0.07505772500000063
-0.06129110000000004
0.005745900000000859
0.06081290000000017
-0.006224849999998838
-0.07326259999999962
-0.1235400999999996
-0.04453209999999963
0.0021549000000007368
0.048841900000001104
0.06959156666666821
0.09034123333333355
0.11109090000000066
0.08874523333333428
0.06639956666666613
0.04405389999999976
-0.051714099999999874
-0.07725243333333331
-0.10279076666666676
-0.1283291000000002
-0.1522711000000001
-0.11875210000000003
-0.056503099999998696
-0.020590099999999723
0.015322900000001027
0.03447640000000085
0.053629900000000674
0.051235733333333755
0.048841566666666836
0.04644740000000169
0.044053233333334774
0.041659066666667854
0.039264900000000935
0.0009579000000012883
-0.04213809999999896
-0.0804450999999986
-0.06847409999999954
-0.056503099999998696
-0.00861909999999888
0.010534400000000943
0.029687900000000766
0.032880233333333564
0.03607256666666814
0.039264900000000935
0.024899900000001196
0.01053489999999968
-0.0038301000000000585
-0.01979143333333333
-0.0357527666666666
-0.051714099999999874
-0.11396409999999868
-0.09481010000000012
-0.09481010000000012
-0.09481010000000012
-0.09481010000000012
-0.09481010000000012
-0.09481010000000012
-0.09481010000000012
-0.09481010000000012
0.015322900000001027
0.029687900000000766
0.024899900000001196
0.015323233333333519
0.0057465666666676185
-0.0038301000000000585
-0.056503099999998696
-0.08523309999999995
