-0.013647100000000023
-0.01604109999999892
-0.018435099999999593
-0.020829100000000267
-0.01125309999999935
-0.012450099999998798
-0.013647100000000023
-0.014844099999999472
-0.01604109999999892
-0.017238100000000145
-0.018435099999999593
-0.01963210000000082
-0.020829100000000267
-0.01604109999999892
-0.020829100000000267
-0.030406100000000436
-0.01125309999999935
-0.001676099999999181
-0.01125309999999935
-0.01125309999999935
-0.01125309999999935
-0.01125309999999935
-0.018435600000000107
-0.02561809999999909
-0.02274509999999985
-0.019872099999998838
-0.0169990999999996
-0.014126099999998587
-0.01125309999999935
-0.01125309999999935
-0.01125309999999935
-0.020829100000000267
-0.013646600000001285
-0.006464100000000528
-0.008858599999999939
-0.01125309999999935
-0.018435600000000107
-0.02561809999999909
-0.018435600000000107
-0.01125309999999935
-0.01125309999999935
-0.001676099999999181
-0.001676099999999181
-0.001676099999999181
-0.001676099999999181
-0.001676099999999181
-0.018435600000000107
-0.03519509999999926
-0.02561809999999909
-0.02561809999999909
-0.02561809999999909
-0.02561809999999909
-0.02561809999999909
-0.02561809999999909
-0.02561809999999909
-0.01604109999999892
-0.01125309999999935
-0.013647100000000023
-0.01604109999999892
-0.011252700000000004
-0.006464299999999312
-0.0016759000000003965
0.0031125000000002956
0.007900899999999211
-0.008858599999999939
-0.012848766666666123
-0.016838933333334083
-0.020829100000000267
-0.0224254333333338
-0.024021766666665556
-0.02561809999999909
-0.02801234999999913
-0.030406599999999173
-0.032800849999999215
-0.03519509999999926
-0.020829100000000267
-0.006464100000000528
-0.001676099999999181
-0.004070099999999854
-0.006464100000000528
-0.006464100000000528
-0.006464100000000528
-0.01125309999999935
-0.01125309999999935
-0.01125309999999935
-0.01125309999999935
-0.01125309999999935
-0.008858599999999939
-0.006464100000000528
-0.01604109999999892
-0.006464100000000528
-0.009656433333333325
-0.012848766666666123
-0.01604109999999892
-0.020829100000000267
-0.020829100000000267
-0.020829100000000267
-0.018435099999999593
-0.01604109999999892
-0.014844099999999472
-0.013647100000000023
-0.012450099999998798
-0.01125309999999935
-0.006464100000000528
-0.01604109999999892
-0.011252599999998836
-0.006464100000000528
-0.011252599999998836
-0.01604109999999892
-0.018435099999999593
-0.020829100000000267
-0.02561760000000035
-0.030406100000000436
-0.028012099999999762
-0.02561809999999909
-0.03280059999999985
-0.039983100000000604
-0.03519460000000052
-0.030406100000000436
-0.02561760000000035
-0.020829100000000267
-0.02561760000000035
-0.030406100000000436
-0.006464100000000528
-0.006464100000000528
-0.006464100000000528
-0.006464100000000528
-0.0016756000000004434
0.003112899999999641
0.00071840000000023
-0.001676099999999181
-0.011252599999998836
-0.020829100000000267
-0.020829100000000267
-0.020829100000000267
-0.020829100000000267
-0.019233099999999226
-0.01763709999999996
-0.01604109999999892
-0.01604109999999892
-0.020829100000000267
-0.020829100000000267
-0.020829100000000267
-0.023223599999999678
-0.02561809999999909
-0.02561809999999909
-0.02561809999999909
-0.02082976666666525
-0.016041433333333188
-0.01125309999999935
-0.006464100000000528
0.004708899999998906
0.015881900000000115
0.02705489999999955
0.015083900000000483
0.003112899999999641
-0.006464100000000528
-0.006464100000000528
-0.006464100000000528
-0.01604109999999892
-0.02561809999999909
-0.023223599999999678
-0.020829100000000267
-0.008858100000001201
0.003112899999999641
-0.006464099999998751
-0.01604109999999892
-0.0064644333333330195
0.0031122333333346575
0.012688900000000558
0.010294900000001661
0.007900900000000988
-0.011252599999998836
-0.030406100000000436
-0.006464100000000528
-0.011252599999998836
-0.01604109999999892
-0.011252599999998836
-0.006464100000000528
-0.011252599999998836
-0.01604109999999892
0.007900900000000988
0.031842900000000895
0.013646900000001239
-0.004549099999998418
-0.02274509999999985
-0.04094109999999951
-0.059137099999999165
-0.01604109999999892
-0.023223599999999678
-0.030406100000000436
0.031842900000000895
0.007900900000000988
-0.016041100000000696
-0.039983100000000604
0.003112899999999641
-0.009656433333333325
-0.02242576666666629
-0.03519509999999926
-0.030406599999999173
-0.02561809999999909
-0.020829599999999004
-0.01604109999999892
-0.020829100000000267
-0.006464100000000528
-0.011252599999998836
-0.01604109999999892
0.003112899999999641
0.0015165666666661082
-7.976666666564824e-05
-0.001676099999999181
-0.04477160000000069
-0.08786710000000042
-0.023223599999999678
0.041419900000001064
-0.049560099999999
-0.037110299999998375
-0.02466049999999953
-0.012210699999998909
0.00023909999999993659
0.012688900000000558
-0.004070099999999854
-0.008060433333332284
-0.01205076666666649
-0.01604109999999892
-0.02561809999999909
-0.02561809999999909
-0.02561809999999909
-0.02561809999999909
-0.044771100000000175
-0.020829100000000267
0.003112899999999641
-0.006464100000000528
-0.01604109999999892
-0.02561809999999909
-0.03519509999999926
-0.030406671428570675
-0.025618242857142093
-0.02082981428571351
-0.016041385714284928
-0.011252957142856346
-0.006464528571427763
-0.001676099999999181
0.01747789999999938
-0.020829100000000267
0.022265900000000727
0.0031124000000009033
-0.01604109999999892
-0.03519509999999926
-0.049560099999999
-0.050757099999998445
-0.05195409999999967
-0.053151100000000895
-0.05434810000000034
-0.02561760000000035
0.003112899999999641
0.01747789999999938
0.036630900000000466
0.017477400000000642
-0.001676099999999181
0.02705489999999955
-0.03519509999999926
-0.03519509999999926
-0.03519509999999926
-0.03519509999999926
-0.06392510000000051
-0.060732766666667715
-0.05754043333333314
-0.05434810000000034
-0.043574350000000095
-0.03280059999999985
-0.022026849999999598
-0.01125309999999935
-0.01125309999999935
0.08451490000000028
0.04860190000000131
0.012688900000000558
0.06536190000000097
0.03822756666666827
0.011093233333333785
-0.01604109999999892
-0.049560099999999
-0.05195434999999904
-0.05434859999999908
-0.05674284999999912
-0.059137099999999165
-0.06871389999999877
-0.07829069999999838
-0.08786749999999977
-0.09744429999999937
-0.10702109999999898
-0.02561809999999909
-0.01604109999999892
0.05817890000000148
0.07134690000000177
0.08451490000000028
0.024659899999999624
-0.03519509999999926
-0.04796409999999973
-0.060733100000000206
-0.0735020999999989
-0.08627109999999938
-0.09904009999999985
-0.11180910000000033
-0.07829010000000025
-0.044771100000000175
-0.12617410000000007
0.007900900000000988
0.010294900000001661
0.012688900000000558
0.12282290000000096
0.012688900000000558
0.02865023333333383
0.0446115666666671
0.060572900000000374
-0.05434810000000034
-0.06751635
-0.08068459999999966
-0.09385284999999932
-0.10702109999999898
-0.09457109999999957
-0.08212110000000017
-0.06967109999999899
-0.05722109999999958
-0.044771100000000175
-0.1213861000000005
0.0557849000000008
-0.030406100000000436
0.1323989000000001
-0.02561809999999909
0.010294900000001661
0.046207900000000635
0.025138899999999964
0.00406990000000107
-0.0169990999999996
-0.038068099999998495
-0.059137099999999165
-0.08547309999999975
-0.11180910000000033
-0.030406100000000436
-0.10223210000000016
0.036630900000000466
0.022265900000000727
0.007900899999999211
-0.006464100000000528
-0.020829100000000267
0.11803390000000036
-0.05434810000000034
-0.02202635000000086
0.010295400000000399
0.04261714999999988
0.07493889999999936
0.04261714999999988
0.010295400000000399
-0.02202635000000086
-0.05434810000000034
-0.12617410000000007
-0.001676099999999181
-0.03519509999999926
-0.03200276666666646
-0.028810433333331886
-0.02561809999999909
0.11324590000000079
0.060573566666667134
0.00790123333333348
-0.044771100000000175
0.015083900000000483
0.07493889999999936
0.030246899999999854
-0.014445099999999655
-0.059137099999999165
-0.1165970999999999
-0.06392509999999874
-0.01125309999999935
-0.028810433333333663
-0.0463677666666662
-0.06392509999999874
-0.08148243333333305
-0.09903976666666736
-0.1165970999999999
0.017477400000000642
0.1323989000000001
0.03902539999999988
-0.05434810000000034
-0.03878585000000001
-0.023223599999999678
-0.007661349999999345
0.007900900000000988
-0.0032720166666653228
-0.014444933333331633
-0.02561784999999972
-0.03679076666666603
-0.04796368333333234
-0.05913659999999865
-0.018435099999999593
-0.030406100000000436
-0.0423770999999995
-0.05434810000000034
-0.04100902857142863
-0.027669957142856916
-0.014330885714285202
-0.0009918142857152645
0.01234725714285645
0.025686328571428163
0.03902539999999988
0.05236447142857159
0.0657035428571433
0.07904261428571502
0.09238168571428496
0.10572075714285667
0.11905982857142838
0.1323989000000001
0.024659899999999624
-0.08307909999999907
0.07493889999999936
-0.01604109999999892
0.031842900000000895
-0.04477160000000069
-0.037246957142857084
-0.029722314285715257
-0.022197671428571653
-0.014673028571428048
-0.007148385714284444
0.00037625714285738354
0.007900900000000988
-0.09744410000000059
0.08930390000000088
-0.039983100000000604
-0.1405390999999998
0.02705489999999955
-0.03519509999999926
0.022265900000000727
0.02705440000000081
0.031842900000000895
0.0031124000000009033
-0.02561809999999909
-0.02481993333333321
-0.024021766666665556
-0.023223599999999678
0.031842900000000895
-0.08307909999999907
-0.04477176666666516
-0.0064644333333330195
0.031842900000000895
-0.020829100000000267
-0.016040724999999867
-0.011252349999999467
-0.006463975000000843
-0.0016756000000004434
0.0031127749999999565
0.00790114999999858
0.01268952499999898
0.01747789999999938
-0.006464100000000528
-0.02561760000000035
-0.044771100000000175
0.003112899999999641
0.012688900000000558
-0.03280059999999985
-0.07829010000000025
0.041419900000001064
0.029448900000000222
0.01747789999999938
0.03663140000000098
0.0557849000000008
0.041419566666666796
0.027054233333334565
0.012688900000000558
0.012688900000000558
0.012688900000000558
0.012688900000000558
0.012688900000000558
-0.011252599999998836
-0.012210299999999563
-0.013167999999998514
-0.014125699999999242
-0.015083399999998193
-0.01604109999999892
-0.01125309999999935
-0.03519509999999926
-0.023224100000000192
-0.01125309999999935
0.0007179000000014923
0.012688900000000558
-0.006464100000000528
-0.001676099999999181
0.012688900000000558
0.010294900000001661
0.007900900000000988
0.0015162333333336164
-0.0048684333333319785
-0.01125309999999935
-0.006464100000000528
-0.008858599999999939
-0.01125309999999935
-0.020829100000000267
-0.020829100000000267
-0.020829100000000267
-0.020829100000000267
-0.020829100000000267
-0.020829100000000267
-0.020829100000000267
0.007900900000000988
-0.0028728499999992607
-0.013646600000001285
0.004309649999999721
0.022265900000000727
0.019871900000000053
0.01747789999999938
0.005506900000000314
-0.006464100000000528
0.003112399999999127
0.012688900000000558
0.0015160666666673706
-0.009656766666665817
-0.020829599999999004
-0.019233433333331718
-0.017637266666666207
-0.01604109999999892
-0.001676099999999181
0.012688900000000558
-0.006464599999999265
-0.02561809999999909
-0.02561809999999909
-0.02561809999999909
-0.008858599999999939
0.007900900000000988
-0.02561809999999909
-0.019233433333333494
-0.012848766666666123
-0.006464100000000528
-0.007661349999999345
-0.008858599999999939
-0.010055850000000532
-0.01125309999999935
-0.006464100000000528
-0.006464100000000528
-0.006464100000000528
-0.006464100000000528
-0.006464100000000528
-0.01125309999999935
0.003112899999999641
-0.01604109999999892
-0.01125309999999935
-0.001676099999999181
0.007900900000000988
0.006703816666668416
0.0055067333333340684
0.004309649999999721
0.003112566666667149
0.0019154833333345778
0.00071840000000023
-0.0004788500000003637
-0.001676099999999181
-0.003272266666666468
-0.0048684333333319785
-0.006464599999999265
-0.008060766666666552
-0.009656933333332063
-0.01125309999999935
-0.030406100000000436
-0.026681766666667883
-0.022957433333333555
-0.019233100000001002
-0.015508766666666673
-0.011784433333334121
-0.008060099999999792
-0.00433576666666724
-0.0006114333333329114
0.003112899999999641
-0.011252599999998836
-0.02561809999999909
0.012688900000000558
-0.01125309999999935
0.007900900000000988
-0.001676099999999181
-0.02561809999999909
0.003112899999999641
-0.001676099999999181
-0.01125309999999935
-0.01125309999999935
-0.01604109999999892
-0.01604109999999892
-0.01604109999999892
-0.01604109999999892
-0.01125309999999935
-0.01125309999999935
-0.01125309999999935
-0.01125309999999935
-0.01125309999999935
-0.01125309999999935
-0.020829100000000267
-0.023223599999999678
-0.02561809999999909
-0.020829599999999004
-0.01604109999999892
-0.012848766666666123
-0.009656433333333325
-0.006464099999998751
-0.003271766666665954
-7.94333333331565e-05
0.003112899999999641
