-0.00909834999999859
-0.008499849999999753
-0.007901349999999141
-0.007901349999999141
-0.017477849999998796
-0.027054350000000227
-0.025458349999999186
-0.02386234999999992
-0.02226634999999888
-0.02226634999999888
-0.02226634999999888
-0.024660349999999553
-0.027054350000000227
-0.027054350000000227
-0.027054350000000227
-0.02825160000000082
-0.029448849999999638
-0.030646099999998455
-0.03184334999999905
-0.023463350000000105
-0.015083349999999385
-0.014285349999999752
-0.013487349999998344
-0.012689349999998711
-0.012689349999998711
-0.01747768333333255
-0.02226601666666639
-0.027054350000000227
-0.024660349999999553
-0.02226634999999888
-0.027054350000000227
-0.02226601666666639
-0.01747768333333255
-0.012689349999998711
-0.027054350000000227
-0.02865068333333376
-0.030247016666665516
-0.03184334999999905
-0.02897014999999925
-0.026096949999999453
-0.023223749999999654
-0.020350549999999856
-0.017477350000000058
-0.003112350000000319
-0.004708683333333852
-0.006305016666665608
-0.007901349999999141
-0.008499725000000069
-0.00909809999999922
-0.009696475000000149
-0.010294850000001077
-0.027054350000000227
-0.03583318333333274
-0.04461201666666703
-0.053390849999999546
-0.0354340999999998
-0.017477350000000058
-0.017477350000000058
-0.017477350000000058
-0.01987184999999947
-0.02226634999999888
-0.017477849999998796
-0.012689349999998711
-0.01029509999999867
-0.007900849999998627
-0.005506600000000361
-0.003112350000000319
-0.003112350000000319
-0.004708516666667606
-0.0063046833333331165
-0.007900849999998627
-0.009497016666665914
-0.0110931833333332
-0.012689349999998711
-0.01987184999999947
-0.02226634999999888
-0.012689349999998711
-0.010295349999999814
-0.007901349999999141
-0.010295349999999814
-0.012689349999998711
-0.011492349999999263
-0.010295349999999814
-0.00909834999999859
-0.007901349999999141
-0.03184334999999905
-0.028650850000000005
-0.025458349999999186
-0.022265850000000142
-0.017477599999999427
-0.012689349999998711
-0.017477849999998796
-0.02226634999999888
-0.017477849999998796
-0.012689349999998711
-0.007900850000000403
-0.003112350000000319
-0.017477350000000058
-0.010294850000001077
-0.003112350000000319
-0.007901349999999141
-0.007901349999999141
-0.007901349999999141
-0.007901349999999141
-0.02226634999999888
-0.02226634999999888
-0.02226634999999888
-0.027054849999998964
-0.03184334999999905
-0.024660349999999553
-0.017477350000000058
-0.017477350000000058
-0.017477350000000058
-0.017477350000000058
-0.022265850000000142
-0.027054350000000227
-0.03184285000000031
-0.036631350000000396
0.0016756500000010277
-0.0026338499999987164
-0.0069433499999984605
-0.011252849999999981
-0.015562349999999725
-0.01987184999999947
-0.03423684999999921
-0.030645599999999718
-0.027054350000000227
-0.029448849999999638
-0.03184334999999905
-0.02226634999999888
-0.012689349999998711
-0.012689349999998711
-0.012689349999998711
-0.012689349999998711
-0.012689349999998711
-0.012689349999998711
-0.012689349999998711
-0.013287849999999324
-0.013886349999999936
-0.014484849999998772
-0.015083349999999385
-0.0007183499999996457
-0.017477350000000058
-0.017477350000000058
-0.02226601666666639
-0.02705468333333272
-0.03184334999999905
-0.030247016666665516
-0.02865068333333376
-0.027054350000000227
-0.041419349999999966
-0.03184285000000031
-0.02226634999999888
-0.02226634999999888
-0.015083849999999899
-0.007901349999999141
-0.012689349999998711
-0.017477350000000058
-0.017477350000000058
-0.017477350000000058
-0.01268901666666622
-0.007900683333334158
-0.003112350000000319
-0.005985349999999556
-0.00885835000000057
-0.011731349999999807
-0.01460435000000082
-0.017477350000000058
-0.027054350000000227
-0.02226634999999888
-0.02705468333333272
-0.03184301666666656
-0.036631350000000396
-0.017477350000000058
-0.01987184999999947
-0.02226634999999888
-0.014285683333332244
-0.006305016666665608
0.0016756500000010277
-0.007901349999999141
-0.0047090166666663436
-0.0015166833333317697
0.0016756500000010277
0.0016756500000010277
0.0016756500000010277
-0.03184334999999905
-0.030247016666665516
-0.02865068333333376
-0.027054350000000227
-0.05578534999999896
-0.03902584999999803
-0.02226634999999888
-0.01987184999999947
-0.017477350000000058
-0.017477350000000058
-0.017477350000000058
-0.014285349999999752
-0.011093349999999447
-0.007901349999999141
-0.017477350000000058
-0.017477350000000058
-0.017477350000000058
-0.017477350000000058
-0.017477350000000058
-0.015881349999999017
-0.014285349999999752
-0.012689349999998711
-0.010295349999999814
-0.007901349999999141
-0.02226634999999888
-0.024660349999999553
-0.027054350000000227
-0.027054350000000227
-0.027054350000000227
-0.02865068333333376
-0.030247016666665516
-0.03184334999999905
-0.027054849999998964
-0.02226634999999888
-0.007901349999999141
-0.012689349999998711
-0.017477350000000058
-0.010294850000001077
-0.003112350000000319
-0.010294850000001077
-0.017477350000000058
-0.01987184999999947
-0.02226634999999888
-0.02226634999999888
-0.02226634999999888
-0.02585759999999837
-0.029448849999999638
-0.033040100000000905
-0.036631350000000396
-0.04620834999999879
-0.02226634999999888
-0.015083849999999899
-0.007901349999999141
-0.010295349999999814
-0.012689349999998711
-0.010295349999999814
-0.007901349999999141
-0.0031128499999990566
0.0016756500000010277
0.004070150000000439
0.00646464999999985
0.0040703999999998075
0.0016761499999997653
-0.0007181000000002769
-0.003112350000000319
-0.007901349999999141
-0.02226634999999888
-0.025458683333331678
-0.02865101666666625
-0.03184334999999905
-0.017477350000000058
-0.027054350000000227
-0.036631350000000396
-0.02226634999999888
-0.007901349999999141
0.01125264999999942
0.030406649999999757
0.039983449999999365
0.04956024999999897
0.05913705000000036
0.06871384999999997
0.07829064999999957
-0.02226634999999888
0.07350165000000075
0.09744365000000066
0.03280014999999992
-0.03184334999999905
0.023223650000000262
0.07829064999999957
0.08786665000000049
0.018435150000000178
-0.050996350000000135
0.035194650000001104
0.12138565000000057
0.12078714999999995
0.12018865000000112
0.1195901500000005
0.11899165000000167
0.11839315000000106
0.11779465000000044
0.11719615000000161
0.116597650000001
-0.041419349999999966
0.1429336499999998
-0.09888034999999995
0.016041149999999504
0.13096265000000074
-0.12761135000000046
-0.12042835000000096
-0.11324534999999969
-0.0905005999999986
-0.06775584999999928
-0.04501109999999997
-0.02226634999999888
-0.3478773499999992
-0.19943684999999967
-0.050996350000000135
-0.08451535000000021
-0.050996350000000135
-0.017477350000000058
0.0016761499999997653
0.02082964999999959
0.05674265000000034
0.09265565000000109
0.13335715000000192
0.17405865000000098
0.16208765000000014
0.15011665000000107
0.138145650000002
0.12617465000000117
-0.007901349999999141
-0.012689349999998711
-0.18267734999999874
-0.35266534999999877
-0.17310034999999857
0.00646464999999985
-0.05339035000000081
-0.11324534999999969
-0.027054350000000227
0.05913665000000101
0.11899165000000167
0.17884665000000055
0.04716565000000017
-0.08451535000000021
-0.052911950000000374
-0.021308550000000537
0.010294850000001077
0.041898250000000914
0.07350165000000075
-0.23774434999999983
0.0016756500000010277
-0.04620834999999879
0.025617650000000936
0.09744365000000066
0.13335664999999963
0.16926965000000038
0.08946298333333402
0.009656316666667664
-0.0701503499999987
0.035194650000001104
-0.026096949999999453
-0.08738855000000001
-0.1486801499999988
-0.20997174999999935
-0.2712633499999999
-0.14676485000000028
-0.02226634999999888
-0.03184334999999905
0.10223265000000126
0.1692701500000009
0.23630765000000054
0.07350214999999949
-0.08930334999999978
-0.03184285000000031
0.025617650000000936
-0.3718193499999991
-0.2856281000000003
-0.19943684999999967
-0.11324559999999906
-0.027054350000000227
-0.02226634999999888
0.022425316666668138
0.06711698333333338
0.1118086500000004
0.2458841500000002
-0.07972734999999886
-0.04141985000000048
-0.003112350000000319
-0.1276106833333337
-0.2521090166666671
-0.37660735000000045
0.054348649999999665
-0.03184285000000031
-0.11803435000000029
-0.03064610000000023
0.056742149999999825
0.14413039999999988
0.23151864999999994
0.13415464999999926
0.03679065000000037
-0.0605733500000003
-0.003112350000000319
-0.15394685000000052
-0.30478134999999895
-0.024660349999999553
0.25546064999999984
0.06871315000000067
-0.11803435000000029
0.028012150000000346
0.17405865000000098
0.09744415000000117
0.02082964999999959
-0.05578485000000022
-0.13239935000000003
-0.08451535000000021
0.04477165000000127
-0.03184285000000031
-0.10845735000000012
0.017637150000000545
0.14373164999999943
0.2698261500000001
-0.2712633499999999
-0.07493884999999878
0.12138565000000057
-0.07972685000000013
-0.28083934999999904
-0.210928749999999
-0.14101814999999895
-0.07110754999999891
-0.0011969499999988642
0.06871365000000118
0.06232898333333381
0.055944316666668215
0.04955965000000084
0.03280014999999992
0.016040650000000767
0.10702065000000083
0.1980006500000009
-0.07254434999999937
-0.35745434999999937
-0.09648634999999928
0.1644816500000008
-0.03184334999999905
-0.0047090166666663436
0.022425316666668138
0.04955965000000084
0.10462615000000142
0.1596926500000002
0.019232983333333564
-0.12122668333333309
-0.26168634999999973
0.1118086500000004
-0.1228228499999986
-0.35745434999999937
0.16926965000000038
0.06392514999999932
-0.041419349999999966
0.009656650000000155
0.06073265000000028
0.1118086500000004
0.1293663166666672
0.146923983333334
0.1644816500000008
-0.03902534999999929
-0.2425323499999994
-0.06775584999999928
0.10702065000000083
-0.38618434999999884
0.116597650000001
0.05913665000000101
0.0016756500000010277
-0.05578534999999896
0.016040650000000767
0.08786665000000049
0.1620871500000014
0.23630765000000054
0.035194650000001104
-0.1659183500000001
-0.13370544090909142
-0.10149253181818096
-0.06927962272727228
-0.0370667136363636
-0.004853804545454921
0.027359104545455537
0.05957201363636422
0.0917849227272729
0.12399783181818158
0.15621074090909204
0.18842365000000072
0.03040640000000039
-0.12761084999999994
-0.08930334999999978
-0.017477849999998796
0.061530900000001054
0.05793977500000125
0.054348649999999665
0.008858650000000523
-0.036631350000000396
-0.02386234999999992
-0.011093349999999447
0.0016756500000010277
-0.2904163499999992
0.054348649999999665
-0.03423684999999921
-0.12282234999999986
-0.07014984999999996
-0.017477350000000058
0.03280065000000043
0.08307865000000092
0.04955990000000021
0.016041149999999504
-0.017477599999999427
-0.050996350000000135
0.1980006500000009
0.06871365000000118
0.008858650000000523
-0.050996350000000135
-0.03902534999999929
-0.027054350000000227
-0.11164935000000042
-0.19624434999999885
-0.28083934999999904
0.030406649999999757
-0.01268901666666622
-0.05578468333333397
-0.09888034999999995
-0.10606310000000008
-0.1132458500000002
-0.12042860000000033
-0.12761135000000046
0.1118086500000004
0.06392465000000058
0.016040650000000767
-0.031843350000000825
-0.07972735000000064
-0.12761135000000046
0.19800015000000037
-0.05578534999999896
0.20278865000000046
0.028012150000000346
-0.14676434999999977
-0.09888034999999995
-0.050996350000000135
-0.05817885000000089
-0.06536134999999987
-0.2425323499999994
-0.4197033499999989
-0.20183134999999908
0.016040650000000767
-0.09648634999999928
-0.20901334999999932
-0.24492635000000007
-0.28083934999999904
-0.08212084999999902
0.116597650000001
-0.012689349999998711
-0.1419763500000002
-0.08690984999999962
-0.03184334999999905
0.007832007142857478
0.04750736428571578
0.08718272142857231
0.12685807857142883
0.16653343571428536
0.20620879285714366
0.2458841500000002
0.11540014999999926
-0.015083849999999899
0.2410956500000001
-0.14676434999999977
0.09265565000000109
0.17166415000000157
0.2506726500000003
0.04955964999999907
-0.15155335000000036
-0.010295349999999814
0.13096265000000074
0.15490465000000064
0.17884665000000055
0.20278865000000046
0.02082964999999959
-0.1611293499999995
0.09265565000000109
0.145328150000001
0.1980006500000009
0.05434865000000144
-0.08930334999999978
-0.23295534999999923
0.07350165000000075
0.1429336499999998
0.21236565000000063
-0.007900849999998627
-0.22816734999999966
-0.16950935000000023
-0.11085135000000079
-0.05219334999999958
0.00646464999999985
0.20757665000000003
-0.23295534999999923
-0.21699401666666596
-0.20103268333333268
-0.1850713499999994
-0.16911001666666614
-0.15314868333333287
-0.1371873499999996
-0.007900849999998627
-0.23295534999999923
-0.11005334999999938
0.012848650000000461
0.1357506500000003
0.03918481666666729
-0.057381016666667506
-0.15394685000000052
-0.08611134999999948
-0.018275850000000204
0.04955965000000084
-0.041419349999999966
-0.03663101666666613
-0.031842683333334065
-0.027054350000000227
-0.009097849999999852
0.008858650000000523
0.026815150000000898
0.04477165000000127
0.035194650000001104
0.025617650000000936
0.03838665000000141
0.05115565000000011
0.06392465000000058
0.0220261500000003
-0.019872349999999983
-0.007901349999999141
-0.013487738888887435
-0.019074127777777505
-0.0246605166666658
-0.030246905555554093
-0.035833294444444164
-0.04141968333333246
-0.014285572222220821
0.012848538888889038
0.039982650000000675
0.02082964999999959
0.0035914500000000515
-0.013646749999999486
-0.0308849500000008
-0.048123150000000336
-0.06536134999999987
0.028011649999999833
0.012848427777777616
-0.002314794444444601
-0.017478016666666818
-0.032641238888889035
-0.04780446111111125
-0.06296768333333347
-0.07813090555555569
-0.0932941277777779
-0.10845735000000012
0.02082964999999959
-0.015083349999999385
0.039982650000000675
-0.007901349999999141
-0.018435750000000084
-0.02897014999999925
-0.039504550000000194
-0.05003894999999936
-0.0605733500000003
-0.0031126833333328108
-0.0007185166666658915
0.0016756500000010277
-0.004309849999998505
-0.010295349999999814
-0.016280849999999347
-0.02226634999999888
-0.012689349999998711
-0.028650683333331983
-0.04461201666666703
-0.0605733500000003
-0.03902534999999929
-0.017477350000000058
-0.04620834999999879
-0.036631350000000396
-0.027054350000000227
-0.007900849999998627
0.011252650000001196
-0.017477849999998796
-0.04620834999999879
-0.036631350000000396
-0.027054350000000227
-0.01907368333333359
-0.011093016666666955
-0.003112350000000319
-0.01907368333333359
-0.03503501666666686
-0.050996350000000135
-0.0605733500000003
-0.04381384999999938
-0.027054350000000227
-0.03184334999999905
-0.031244724999998752
-0.030646099999998455
-0.03004747499999816
-0.02944884999999786
-0.00909809999999922
0.011252650000001196
-0.007900849999998627
-0.027054350000000227
-0.015083350000001161
-0.003112350000000319
-0.009497016666665914
-0.015881683333333285
-0.02226634999999888
-0.015881683333333285
-0.009497016666665914
-0.003112350000000319
0.0016756500000010277
-0.007900849999998627
-0.017477350000000058
-0.041419349999999966
-0.027054350000000227
-0.012689349999998711
-0.027054350000000227
-0.041419349999999966
-0.03423684999999921
-0.027054350000000227
-0.02226609999999951
-0.017477849999998796
-0.012689599999999857
-0.007901349999999141
-0.007901349999999141
-0.010295349999999814
-0.012689349999998711
-0.012689349999998711
-0.017477849999998796
-0.02226634999999888
-0.02226634999999888
-0.02226634999999888
-0.025458683333331678
-0.02865101666666625
-0.03184334999999905
-0.04141985000000048
-0.050996350000000135
-0.0430156833333335
-0.03503501666666686
-0.027054350000000227
-0.02513895000000055
-0.02322355000000087
-0.021308149999999415
-0.019392749999999737
-0.017477350000000058
-0.012689349999998711
-0.015083349999999385
-0.017477350000000058
-0.0031128499999990566
-0.007901349999999141
-0.012689599999999857
-0.017477849999998796
-0.02226609999999951
-0.027054350000000227
-0.027054350000000227
-0.027054350000000227
-0.027054350000000227
-0.027054350000000227
-0.02944860000000027
-0.03184285000000031
-0.025458349999999186
-0.019073849999999837
-0.012689349999998711
-0.012689349999998711
-0.01987184999999947
-0.027054350000000227
-0.012689349999998711
0.0016756500000010277
0.0016756500000010277
0.0016756500000010277
-0.0007185999999990145
-0.0031128499999990566
-0.005507099999999099
-0.007901349999999141
-0.027054350000000227
