-0.009935958999999994
-0.012330158999999896
-0.01472435899999991
-0.01791662566666663
-0.02110889233333324
-0.02430115899999996
-0.009935958999999994
-0.009935958999999994
-0.009935958999999994
-0.009935958999999994
-0.012330158999999896
-0.01472435899999991
-0.02430115899999996
-0.017118558999999922
-0.009935958999999994
-0.00833982566666669
-0.006743692333333273
-0.005147558999999968
-0.005147558999999968
-0.005147558999999968
-0.005147558999999968
-0.005147558999999968
-0.005147558999999968
-0.006344658999999919
-0.007541758999999981
-0.008738859000000043
-0.009935958999999994
-0.009935958999999994
-0.009935958999999994
-0.009935958999999994
-0.009935958999999994
-0.01472435900000002
-0.019512758999999935
-0.01472435900000002
-0.009935958999999994
-0.007541758999999981
-0.005147558999999968
-0.005147558999999968
-0.005147558999999968
-0.006743692333333273
-0.008339825666666578
-0.009935958999999994
-0.0115320923333333
-0.013128225666666604
-0.01472435899999991
-0.01472435899999991
-0.01185131099999992
-0.00897826299999993
-0.006105214999999942
-0.0032321669999999525
-0.00035911899999996333
-0.01472435899999991
-0.009935958999999883
-0.012330158999999896
-0.01472435899999991
-0.012330158999999896
-0.009935958999999994
-0.013527258999999958
-0.017118558999999922
-0.020709858999999997
-0.02430115899999996
0.009217681000000089
0.00203506100000006
-0.005147558999999968
-0.005147558999999968
-0.009935958999999994
-0.01472435899999991
-0.009935958999999994
-0.005147558999999968
-0.008339825666666578
-0.0115320923333333
-0.01472435899999991
-0.009935958999999994
-0.006743678999999947
-0.0035513990000000106
-0.00035911899999996333
-0.009935958999999994
-0.009935958999999994
-0.009935958999999994
-0.00833982566666669
-0.006743692333333273
-0.005147558999999968
-0.019512758999999935
-0.017118558999999922
-0.01472435899999991
-0.005147558999999968
-0.007541758999999981
-0.009935958999999994
-0.0115320923333333
-0.013128225666666604
-0.01472435899999991
-0.012330158999999896
-0.009935958999999994
-0.009935958999999994
-0.009935958999999994
-0.009935958999999994
-0.009935958999999994
-0.007541758999999981
-0.005147558999999968
0.004429281000000063
-0.007541738999999992
-0.019512758999999935
-0.016320492333333325
-0.013128225666666604
-0.009935958999999994
-0.011851319000000027
-0.013766678999999948
-0.01568203899999998
-0.017597398999999903
-0.019512758999999935
-0.016639718999999942
-0.013766678999999948
-0.010893638999999955
-0.008020598999999962
-0.005147558999999968
-0.0003591389999999528
0.004429281000000063
-0.009935958999999994
-0.0003591389999999528
-0.00035911899999996333
-0.007541738999999992
-0.01472435899999991
-0.012330158999999896
-0.009935958999999994
-0.007541758999999981
-0.005147558999999968
-0.007541758999999981
-0.009935958999999994
-0.019512758999999935
-0.019512758999999935
-0.007541738999999992
0.004429281000000063
0.0028331476666667577
0.0012370143333333417
-0.00035911899999996333
-0.007541738999999992
-0.01472435899999991
-0.002753338999999966
0.009217681000000089
0.006025414333333368
0.0028331476666667577
-0.00035911899999996333
-0.019512758999999935
-0.01472435899999991
-0.009935945666666557
-0.005147532333333316
-0.00035911899999996333
-0.01472435899999991
-0.009935958999999994
-0.005147558999999968
-0.0115320923333333
-0.01791662566666663
-0.02430115899999996
-0.019512758999999935
-0.01472435899999991
-0.013128225666666604
-0.0115320923333333
-0.009935958999999994
-0.005147558999999968
-0.017118558999999922
-0.029089558999999987
-0.021906958999999948
-0.01472435899999991
-0.02430115899999996
-0.012330139000000018
-0.00035911899999996333
-0.007541738999999992
-0.01472435899999991
-0.012330158999999896
-0.009935958999999994
-0.009935958999999994
-0.009935958999999994
-0.007541758999999981
-0.005147558999999968
-0.001955278999999921
0.0012370010000000153
0.004429281000000063
0.004429281000000063
0.0008379710000000484
-0.002753338999999966
-0.00634464899999998
-0.009935958999999994
-0.017118558999999922
-0.02430115899999996
-0.017118558999999922
-0.009935958999999994
-0.01472435900000002
-0.019512758999999935
-0.019033918999999955
-0.018555078999999974
-0.018076238999999883
-0.017597398999999903
-0.017118558999999922
-0.01472435899999991
-0.01472435899999991
-0.01472435899999991
-0.002753338999999966
0.009217681000000089
-0.002753338999999966
-0.01472435899999991
-0.012330158999999896
-0.009935958999999994
-0.009935958999999994
-0.009935958999999994
-0.009935958999999994
-0.007541758999999981
-0.005147558999999968
-0.005147558999999968
-0.003551412333333337
-0.0019552656666665946
-0.00035911899999996333
-0.00035911899999996333
-0.005147538999999979
-0.009935958999999994
-0.002753338999999966
0.004429281000000063
-0.009935938999999894
-0.02430115899999996
-0.01472435900000002
-0.005147558999999968
-0.009935958999999994
-0.01472435899999991
-0.013766678999999948
-0.012808998999999988
-0.011851318999999916
-0.010893638999999955
-0.009935958999999994
-0.009935938999999894
-0.007541748999999931
-0.005147558999999968
-0.01472435899999991
-0.01472435899999991
-0.01472435899999991
-0.01472435899999991
-0.0115320923333333
-0.008339825666666578
-0.005147558999999968
-0.009935958999999994
-0.017118558999999922
-0.02430115899999996
-0.031483759
-0.03866635899999993
-0.029089558999999876
-0.019512758999999935
-0.029089558999999987
-0.01472435899999991
-0.01472435899999991
-0.01472435899999991
-0.01472435899999991
-0.005147558999999968
-0.02430115899999996
-0.014724345666666583
-0.005147532333333316
0.004429281000000063
0.006025414333333368
0.007621547666666784
0.009217681000000089
0.006823481000000076
0.004429281000000063
0.004429281000000063
0.004429281000000063
0.004429281000000063
-0.00035911899999996333
-0.005147532333333316
-0.009935945666666557
-0.01472435899999991
-0.002753338999999966
0.009217681000000089
0.004429281000000063
-0.00035911899999996333
-0.005147558999999968
-0.009935958999999994
-0.01472435899999991
-0.019512758999999935
-0.02430115899999996
-0.029089558999999987
-0.029089558999999987
-0.029089558999999987
-0.026695358999999974
-0.02430115899999996
-0.02430115899999996
-0.022705025666666656
-0.02110889233333324
-0.019512758999999935
-0.00035911899999996333
0.004429281000000063
0.009217681000000089
0.008020581000000138
0.006823481000000076
0.005626381000000014
0.004429281000000063
0.0020350810000000497
-0.00035911899999996333
0.004429281000000063
-0.002753338999999966
-0.009935958999999994
-0.009935958999999994
-0.009935958999999994
-0.017118558999999922
-0.02430115899999996
-0.053031559000000006
-0.03866635899999993
-0.02430115899999996
-0.02238579899999993
-0.020470438999999896
-0.018555078999999974
-0.016639718999999942
-0.01472435899999991
0.004429281000000063
-0.00035911899999996333
-0.002753338999999966
-0.005147558999999968
0.014006081000000004
0.009217681000000089
0.004429281000000063
-0.012330139000000018
-0.029089558999999987
-0.02430115899999996
-0.019512758999999935
-0.017118558999999922
-0.01472435899999991
-0.022705025666666545
-0.030685692333333292
-0.03866635899999993
-0.03268085899999995
-0.026695358999999974
-0.020709858999999886
-0.01472435899999991
-0.009935958999999994
-0.005147558999999968
-0.002753348999999905
-0.0003591389999999528
0.01879448100000003
0.004429260999999962
-0.009935958999999994
-0.017118558999999922
-0.02430115899999996
-0.02430115899999996
-0.02430115899999996
-0.02430115899999996
-0.02430115899999996
-0.029089558999999987
-0.0338779589999999
-0.03866635899999993
-0.02430115899999996
-0.009935958999999994
-0.002753349000000016
0.004429260999999962
0.004429281000000063
-0.002753338999999966
-0.009935958999999994
-0.013128225666666604
-0.016320492333333325
-0.019512758999999935
-0.022705025666666656
-0.025897292333333266
-0.029089558999999987
-0.029089558999999987
-0.029089558999999987
-0.022705025666666656
-0.016320492333333325
-0.009935958999999994
-0.002753338999999966
0.004429281000000063
0.009217681000000089
0.009217681000000089
0.009217681000000089
0.009217681000000089
-0.009935958999999994
-0.012330158999999896
-0.01472435899999991
-0.017118558999999922
-0.019512758999999935
-0.021906958999999948
-0.02430115899999996
-0.026695358999999974
-0.029089558999999987
-0.026695358999999974
-0.013527238999999969
-0.00035911899999996333
-0.009935958999999994
0.00203506100000006
0.014006081000000004
-0.002753338999999966
-0.019512758999999935
-0.019512758999999935
-0.019512758999999935
-0.019512758999999935
-0.025498258999999912
-0.031483759
-0.03746925899999998
-0.043454758999999954
-0.029089558999999987
-0.01472435900000002
-0.002753338999999966
0.009217681000000089
0.00203506100000006
-0.005147558999999968
-0.0115320923333333
-0.01791662566666663
-0.02430115899999996
-0.02430115899999996
-0.02430115899999996
-0.02430115899999996
-0.02430115899999996
-0.02430115899999996
-0.02430115899999996
-0.005147558999999968
-0.0003591389999999528
0.004429281000000063
0.009217681000000089
0.014006081000000004
0.004429267666666736
-0.005147545666666642
-0.01472435899999991
-0.009935958999999994
-0.005147558999999968
-0.019512758999999935
-0.021906958999999948
-0.02430115899999996
-0.027493425666666682
-0.030685692333333292
-0.03387795900000001
-0.029089558999999987
-0.02430115899999996
-0.019512758999999935
-0.01472435899999991
-0.01472435899999991
-0.01472435899999991
-0.009935958999999994
0.009217681000000089
0.01041478100000004
0.01161188099999999
0.012808981000000053
0.014006081000000004
-0.00035911899999996333
-0.005147558999999968
-0.006105238999999929
-0.007062919000000001
-0.008020598999999962
-0.008978279000000033
-0.009935958999999994
-0.03866635899999993
-0.031483759
-0.02430115899999996
-0.019512758999999935
-0.019512758999999935
-0.019512758999999935
-0.017118558999999922
-0.01472435899999991
-0.01472435899999991
-0.01472435899999991
-0.005147545666666642
0.004429267666666736
0.014006081000000004
0.01161188099999999
0.009217681000000089
0.012409947666666699
0.01560221433333342
0.01879448100000003
0.01879448100000003
0.020390614333333335
0.02198674766666675
0.023582881000000055
-0.00035911899999996333
-0.00035911899999996333
-0.00035911899999996333
-0.00035911899999996333
-0.00035911899999996333
-0.019512738999999946
-0.03866635899999993
-0.0338779589999999
-0.029089558999999987
-0.02430115899999996
-0.03387795900000001
-0.029089558999999987
-0.027493425666666682
-0.025897292333333266
-0.02430115899999996
-0.0338779589999999
-0.043454758999999954
-0.019512758999999935
-0.021906958999999948
-0.02430115899999996
-0.022705025666666656
-0.02110889233333324
-0.019512758999999935
-0.025897292333333266
-0.0322818256666666
-0.03866635899999993
-0.01472435899999991
-0.03866635899999993
-0.031483759
-0.02430115899999996
-0.019512758999999935
-0.01472435900000002
-0.009935958999999994
-0.017118558999999922
-0.02430115899999996
-0.03387795900000001
-0.04106055900000005
-0.04824315899999998
-0.031483759
-0.01472435899999991
-0.021906958999999948
-0.029089558999999876
-0.036272158999999915
-0.043454758999999954
-0.01472435899999991
-0.019512758999999935
-0.02430115899999996
-0.029089558999999987
-0.02430115899999996
-0.019512758999999935
-0.01472435899999991
-0.019512758999999935
-0.02749342566666657
-0.03547409233333332
-0.043454758999999954
-0.009935958999999994
-0.006105230999999933
-0.0022745029999999833
0.0015562250000000777
0.005386953000000028
0.009217681000000089
-0.005147538999999868
-0.019512758999999935
0.014006081000000004
0.004429260999999962
-0.005147558999999968
-0.002753338999999966
-0.00035911899999996333
0.009217681000000089
0.01879448100000003
0.006823461000000086
-0.005147558999999968
0.00203506100000006
0.009217681000000089
0.006823481000000076
0.004429281000000063
-0.012330139000000018
-0.029089558999999987
-0.026353330428571464
-0.02361710185714283
-0.020880873285714308
-0.018144644714285674
-0.015408416142857151
-0.012672187571428517
-0.009935958999999994
-0.026695358999999974
-0.005147558999999968
-0.04824315899999998
-0.043454758999999954
-0.03866635899999993
-0.0338779589999999
-0.029089558999999987
-0.02430115899999996
-0.019512758999999935
-0.01472435899999991
-0.0003591389999999528
-0.02430115899999996
0.014006081000000004
0.01161188099999999
0.009217681000000089
-0.005147538999999868
-0.019512758999999935
-0.01791662566666663
-0.016320492333333214
-0.01472435899999991
-0.019512758999999935
-0.02430115899999996
-0.029089558999999987
-0.028131879000000026
-0.027174198999999954
-0.026216518999999994
-0.025258838999999922
-0.02430115899999996
-0.02430115899999996
-0.007541738999999992
-0.013527248999999908
-0.019512758999999935
-0.01472434899999997
-0.009935938999999894
-0.0051475289999999285
-0.00035911899999996333
-0.043454758999999954
-0.03823104627272722
-0.03300733354545449
-0.027783620818181753
-0.02255990809090902
-0.017336195363636286
-0.012112482636363664
-0.0068887699090909305
-0.001665057181818197
0.0035586555454545366
0.00878236827272727
0.014006081000000004
-0.002753338999999966
-0.019512758999999935
-0.026695358999999974
-0.03387795900000001
-0.015921451500000017
0.0020350560000000906
0.019991563500000087
0.03794807100000008
0.021188663500000038
0.0044292559999999925
-0.012330151499999942
-0.029089558999999987
-0.03866635899999993
-0.005147543999999948
0.02837127100000003
-0.053031559000000006
-0.01472433899999992
0.023582881000000055
0.009217681000000089
-0.009935943999999974
-0.003551415666666613
-0.05781995899999992
-0.027493415666666632
0.002833127666666768
0.03315967100000006
-0.005147558999999968
-0.053031559000000006
-0.0003591589999999423
0.05231324100000001
-0.0003591589999999423
-0.053031559000000006
-0.01472435899999991
-0.001955278999999921
0.010813801000000067
0.023582881000000055
-0.053031559000000006
-0.039464420666666666
-0.025897282333333327
-0.012330143999999987
0.0012369943333333522
0.014804132666666692
0.02837127100000003
-0.03387795900000001
0.0044292559999999925
-0.021906951499999994
-0.04824315899999998
-0.02190693899999996
0.004429281000000063
-0.005147538999999868
-0.01472435899999991
-0.02430115899999996
-0.03387795900000001
0.0020350560000000906
0.03794807100000008
0.021188663500000038
0.0044292559999999925
-0.012330151499999942
-0.029089558999999987
-0.019512758999999935
0.004429281000000063
-0.017118538999999933
-0.03866635899999993
-0.02430115899999996
-0.009935958999999994
-0.007541758999999981
-0.005147558999999968
-0.019512759000000046
-0.03387795900000001
-0.019512759000000046
-0.005147558999999968
-0.017118558999999922
-0.029089558999999987
-0.02430115899999996
-0.019512758999999935
-0.01472435899999991
0.009217681000000089
-0.007541738999999992
-0.02430115899999996
-0.019512758999999935
-0.01472435899999991
-0.009935958999999994
-0.005147558999999968
-0.017118558999999922
-0.029089558999999987
-0.007541738999999992
0.014006081000000004
0.00203506100000006
-0.009935958999999994
-0.009935958999999994
-0.009935958999999994
-0.009935958999999994
-0.009935958999999994
-0.009935958999999994
-0.009935958999999994
-0.009935958999999994
-0.00035911899999996333
-0.017118558999999922
-0.009935958999999994
-0.017118558999999922
-0.02430115899999996
-0.01791662566666663
-0.0115320923333333
-0.005147558999999968
-0.00035911899999996333
-0.0075417289999999415
-0.01472433899999992
-0.02190694900000001
-0.029089558999999987
-0.00035911899999996333
-0.0019552589999999315
-0.0035513990000000106
-0.005147538999999979
-0.006743678999999947
-0.008339819000000026
-0.009935958999999994
-0.019512758999999935
-0.03387795900000001
-0.012330158999999896
-0.013287838999999857
-0.014245518999999929
-0.01520319899999989
-0.01616087899999996
-0.017118558999999922
0.009217681000000089
-0.0019552656666665946
-0.013128212333333278
-0.02430115899999996
0.009217681000000089
