0.010175360999999994
0.012090721000000026
0.014006081000000004
0.009217681000000033
0.004429281000000007
-0.00035911899999996333
0.00682348100000002
0.004429281000000007
0.0033651898888888976
0.002301098777777788
0.0012370076666666785
0.00017291655555556895
-0.0008911745555555406
-0.00195526566666665
-0.0030193567777777597
-0.004083447888888869
-0.005147538999999979
0.009217681000000033
0.004429281000000007
0.014006081000000004
0.01879448100000003
0.004429281000000007
0.004429281000000007
0.004429281000000007
0.006557458777777803
0.008685636555555543
0.010813814333333338
0.012941992111111134
0.015070169888888874
0.01719834766666667
0.019326525444444465
0.021454703222222204
0.023582881
0.00682348100000002
0.002833147666666702
0.0012370143333333417
-0.00035911899999996333
-0.00035911899999996333
-0.00035911899999996333
0.002833147666666702
0.006025414333333368
0.009217681000000033
0.010585795285714295
0.011953909571428611
0.013322023857142873
0.01469013814285719
0.01605825242857145
0.017426366714285768
0.01879448100000003
0.004429281000000007
0.01879448100000003
0.004429281000000007
0.014006081000000004
0.01161188099999999
0.009217681000000033
0.014006081000000004
0.014006081000000004
0.014006081000000004
0.014006081000000004
0.014006081000000004
0.014006081000000004
0.014006081000000004
0.014006081000000004
0.014006081000000004
0.014006081000000004
0.014006081000000004
0.009217681000000033
-0.009935939000000005
-0.00035911899999996333
0.009217681000000033
0.009217681000000033
0.004429281000000007
0.01879448100000003
0.01520318100000001
0.01161188099999999
0.008020581000000027
0.004429281000000007
0.023582881
0.01879448100000003
0.014006081000000004
0.009217680999999978
0.004429281000000007
0.004429281000000007
0.004429281000000007
-0.0003591290000000136
-0.005147538999999979
0.014006081000000004
0.00682348100000002
-0.00035911899999996333
0.0012370143333333417
0.002833147666666702
0.004429281000000007
0.004429281000000007
0.00682348100000002
0.009217681000000033
0.004429281000000063
-0.00035911899999996333
0.009217681000000033
0.012409947666666699
0.015602214333333364
0.01879448100000003
-0.00035911899999996333
-0.003551392333333292
-0.006743665666666676
-0.009935939000000005
0.004429281000000007
0.0012370076666666785
-0.00195526566666665
-0.005147538999999979
0.009217681000000033
0.008020581000000027
0.00682348100000002
0.005626381000000014
0.004429281000000007
0.004429281000000063
0.007621547666666728
0.010813814333333338
0.014006081000000004
0.009217680999999978
0.004429281000000007
0.00682348100000002
0.009217681000000033
0.00682348100000002
0.004429281000000007
0.005386961000000023
0.00634464100000004
0.0073023210000000005
0.008260001000000017
0.009217681000000033
0.01161188099999999
0.014006081000000004
0.0020350709999999994
0.003232176000000031
0.004429281000000007
0.004429281000000007
0.004429281000000007
0.004429281000000007
0.004429281000000007
0.005386961000000023
0.00634464100000004
0.0073023210000000005
0.008260001000000017
0.009217681000000033
0.00682348100000002
0.004429281000000007
0.009217681000000033
0.009217681000000033
0.009217681000000033
0.009217681000000033
0.009217681000000033
0.009217681000000033
0.009217681000000033
0.009217681000000033
0.004429281000000007
0.006823471000000025
0.004429281000000007
0.007089503222222238
0.009749725444444468
0.012409947666666699
0.015070169888888929
0.017730392111111104
0.020390614333333335
0.023050836555555565
0.025711058777777795
0.028371281000000026
0.020390614333333335
0.012409947666666699
0.004429281000000007
0.004429281000000063
-0.005147538999999979
0.004429281000000007
0.009217681000000033
0.007621547666666673
0.006025414333333368
0.004429281000000007
-0.019512739
0.004429271000000012
0.028371281000000026
-0.005147538999999979
-0.00035913233333328964
0.004429274333333344
0.009217681000000033
-0.00035911899999996333
0.0020350810000000497
0.004429281000000007
-0.0003591290000000136
-0.005147538999999979
-0.0013168149999999712
0.0025139090000000364
0.006344632999999988
0.010175356999999996
0.014006081000000004
0.004429281000000007
0.00682348100000002
0.009217681000000033
0.028371281000000026
-0.009935939000000005
0.004429271000000012
0.01879448100000003
0.020390614333333335
0.021986747666666695
0.023582881
0.006823471000000025
-0.009935939000000005
-0.005147528999999984
-0.00035911899999996333
0.004429281000000007
0.009217681000000033
0.014006081000000004
-0.014724338999999975
0.004429281000000007
0.009217681000000033
0.014006081000000004
0.01879448100000003
-0.005147538999999979
-0.002753328999999971
-0.00035911899999996333
0.004429281000000063
0.009217681000000033
-0.002753328999999971
-0.014724338999999975
-0.008339802333333313
-0.00195526566666665
0.004429271000000012
0.010813807666666675
0.017198344333333337
0.023582881
0.009217681000000033
0.014006086000000029
0.011611883500000031
0.009217681000000033
0.01161188099999999
0.014006081000000004
0.021188681000000043
0.028371281000000026
0.009217671000000038
-0.009935939000000005
-0.006105214999999997
-0.0022744909999999896
0.001556233000000018
0.0053869570000000255
0.009217681000000033
0.009217671000000038
0.011611873500000036
0.014006076000000034
0.01640027850000003
0.01879448100000003
-0.014724338999999975
-0.009935939000000005
-0.0027533290000000266
0.004429281000000007
-0.00674365233333335
-0.01791658566666665
-0.029089519000000008
-0.020709819000000018
-0.012330119000000028
-0.003950418999999983
0.004429281000000007
0.004429281000000007
-0.00035911899999996333
0.03794811100000001
0.011611886000000016
-0.014724338999999975
0.0020350709999999994
0.01879448100000003
0.021188681000000043
0.023582881
0.01719834766666667
0.010813814333333338
0.004429281000000007
0.028371281000000026
0.022385780999999993
0.016400281000000017
0.01041478100000004
0.004429281000000007
-0.0003591290000000136
-0.005147538999999979
0.009217681000000033
-0.02430113899999997
-0.011532065666666647
0.0012370076666666785
0.014006081000000004
-0.00035911899999996333
-0.005147528999999984
-0.009935939000000005
0.0020350709999999994
0.014006081000000004
0.01041478100000004
0.00682348100000002
0.0032321810000000006
-0.00035911899999996333
-0.00035911899999996333
0.014006081000000004
0.028371281000000026
0.016400281000000017
0.004429281000000007
0.025977095999999977
0.047524911
0.014006085999999973
-0.019512739
-0.012330139000000018
-0.005147538999999979
0.01879448100000003
-0.005147518999999989
-0.029089519000000008
-0.017118519
-0.005147518999999989
0.00682348100000002
0.01879448100000003
0.009217681000000033
0.007621547666666673
0.006025414333333368
0.004429281000000007
0.047524911
-0.019512739
0.004429271000000012
0.028371281000000026
0.020390614333333335
0.012409947666666699
0.004429281000000007
-0.005147538999999979
-0.0022744949999999875
0.0005985490000000038
0.0034715930000000506
0.006344637000000042
0.009217681000000033
-0.005147532333333316
-0.019512745666666664
-0.03387795900000001
0.021188681000000043
0.009217681000000033
0.025977096000000033
0.042736511000000005
0.009217686000000003
-0.02430113899999997
0.0020350709999999994
0.028371281000000026
0.01879448100000003
0.009217681000000033
-0.00035911899999996333
-0.009935919000000015
-0.01951271900000001
-0.029089519000000008
-0.017118528999999993
-0.005147538999999979
0.028371281000000026
-0.014724338999999975
0.03794811100000001
-0.005147538999999979
0.023582881
0.02517901433333336
0.026775147666666665
0.028371281000000026
-0.007541738999999992
-0.04345475900000001
-0.028131864999999978
-0.012808971000000002
0.002513923000000029
0.017836817000000005
0.033159711000000036
-0.002753323999999946
-0.038666358999999983
0.009217681000000033
0.01879448100000003
0.028371281000000026
-0.019512739
0.05710172100000002
-0.02430113899999997
-0.0019552556666666554
0.02039062766666666
0.042736511000000005
0.02956839849999998
0.016400285999999986
0.0032321734999999907
-0.009935939000000005
-0.005147538999999979
0.0020350709999999994
0.009217681000000033
-0.005147528999999984
-0.019512739
0.047524911
-0.009935939000000005
0.009217671000000038
0.028371281000000026
0.021188681000000043
0.014006081000000004
0.009816228500000024
0.0056263759999999885
0.0014365235000000087
-0.0027533290000000266
-0.006943181500000006
-0.011133033999999986
-0.015322886500000021
-0.019512739
0.01879448100000003
0.0060254076666667045
-0.006743665666666676
-0.019512739
0.01879448100000003
0.009217680999999978
0.008020579749999979
0.00682347849999998
0.005626377249999981
0.004429275999999982
0.010414777250000007
0.01640027850000003
0.02238577975
0.028371281000000026
-0.04824315899999998
-0.03746925400000001
-0.02669534899999998
-0.01592144399999995
-0.005147538999999979
0.0020350709999999994
0.052313301000000006
-0.009935939000000005
0.0028331343333333203
0.015602207666666701
0.028371281000000026
-0.019512739
-0.019512739
-0.019512739
-0.0019552556666666554
0.01560222766666669
0.033159711000000036
0.010813821000000001
-0.011532068999999978
-0.03387795900000001
0.01879448100000003
0.004429281000000007
0.009217680999999978
0.014006081000000004
0.03315969099999999
0.052313301000000006
0.016400281000000017
-0.019512739
-0.003950426499999993
0.011611886000000016
0.027174198500000024
0.042736511000000005
-0.038666358999999983
-0.02669534899999998
-0.014724338999999975
-0.002753328999999971
0.009217681000000033
0.014006081000000004
-0.005147538999999979
0.028371281000000026
0.006823471000000025
-0.014724338999999975
0.011611886000000016
0.03794811100000001
0.009217686000000003
-0.019512739
-0.020709839000000008
-0.02190693899999996
-0.023104038999999965
-0.02430113899999997
0.028371281000000026
-0.03387795900000001
-0.015522407333333321
0.0028331443333333706
0.021188696000000062
0.019991588500000046
0.01879448100000003
0.017597381000000023
0.016400281000000017
0.01520318100000001
0.014006081000000004
-0.0003591290000000136
-0.014724338999999975
0.028371281000000026
0.01520317600000004
0.0020350709999999994
-0.011133033999999986
-0.02430113899999997
-0.0003591290000000136
0.023582881
0.022784814333333347
0.021986747666666695
0.021188681000000043
0.020390614333333335
0.019592547666666682
0.01879448100000003
-0.005147538999999979
0.016400285999999986
0.03794811100000001
0.02996743433333332
0.02198675766666669
0.014006081000000004
-0.005147538999999979
0.028371281000000026
0.016400276000000047
0.004429271000000012
-0.007541734000000022
-0.019512739
0.01879448100000003
0.019592547666666682
0.020390614333333335
0.021188681000000043
0.021986747666666695
0.022784814333333347
0.023582881000000055
0.024380947666666708
0.02517901433333336
0.025977081000000013
0.026775147666666665
0.027573214333333373
0.028371281000000026
-0.03387795900000001
0.023582881
0.006823471000000025
-0.009935939000000005
-0.00035911899999996333
0.052313301000000006
-0.009935939000000005
0.033159711000000036
0.004429281000000007
-0.005147538999999979
0.023582881
-0.04345475900000001
-0.025897278999999995
-0.008339798999999981
0.009217681000000033
0.009217681000000033
-0.03387795900000001
0.03794811100000001
0.021188696000000007
0.004429281000000007
-0.0003591290000000136
-0.005147538999999979
0.005386951000000029
0.015921441000000036
0.026455930999999988
0.036990420999999996
0.047524911
0.014006081000000004
0.004429281000000007
0.012808988500000007
0.021188696000000007
0.029568403500000007
0.03794811100000001
-0.009935939000000005
0.028371281000000026
0.025977081000000013
0.023582881
-0.005147538999999979
0.006823471000000025
0.01879448100000003
0.0076215410000000094
-0.003551398999999955
-0.014724338999999975
-0.00035911899999996333
0.007621547666666673
0.015602214333333364
0.023582881
0.014006081000000004
0.004429281000000007
0.004429281000000007
0.016400281000000017
0.028371281000000026
0.0020350709999999994
-0.02430113899999997
-0.012330128999999967
-0.00035911899999996333
0.021188696000000007
0.042736511000000005
0.014006086000000029
-0.014724338999999975
-0.01328781699999998
-0.011851294999999984
-0.010414772999999988
-0.008978250999999993
-0.0075417289999999415
-0.006105206999999946
-0.00466868499999995
-0.0032321629999999546
-0.001795640999999959
-0.00035911899999996333
-0.0063446289999999905
-0.012330139000000018
-0.014724338999999975
0.028371281000000026
0.024540559000000017
0.02070983700000001
0.016879115
0.013048392999999991
0.009217671000000038
0.00538694900000003
0.0015562270000000211
-0.0022744949999999875
-0.006105216999999996
-0.009935939000000005
0.004429281000000007
0.023582890999999995
0.016400281000000017
-0.005147528999999984
0.028371281000000026
-0.02430113899999997
-0.01951273614285709
-0.014724333285714264
-0.009935930428571382
-0.005147527571428556
-0.0003591247142856746
0.004429278142857207
0.009217681000000033
0.028371281000000026
-0.019512739
-0.012330135666666686
-0.005147532333333316
0.0020350709999999994
0.009217674333333314
0.016400277666666685
0.023582881
0.021188681000000043
0.01879448100000003
-0.03387795900000001
0.006823475999999995
0.047524911
0.009217681000000033
-0.0075417289999999415
-0.02430113899999997
0.047524911
0.030765498499999988
0.014006085999999973
-0.0027533264999999862
-0.019512739
0.01879449600000005
-0.009935939000000005
-0.005147528999999984
-0.00035911899999996333
-0.001157189000000003
-0.001955258999999987
-0.0027533290000000266
-0.0006584027500000089
0.0014365235000000087
0.003531449749999971
0.0056263759999999885
0.007721302250000006
0.009816228499999968
0.011911154749999986
0.014006081000000004
-0.00035911899999996333
-0.014724338999999975
0.006823471000000025
0.0012370010000000153
-0.004349468999999995
-0.009935939000000005
0.004429281000000063
0.006823481000000076
0.009217681000000033
0.010813814333333338
0.012409947666666699
0.014006081000000004
0.009217681000000033
-0.00035911899999996333
0.0020350810000000497
0.004429281000000007
-0.0003591290000000136
-0.005147538999999979
-0.00195526566666665
0.0012370076666666785
0.004429281000000007
-0.0003591290000000136
-0.005147538999999979
0.009217681000000033
0.00682348100000002
0.004429281000000007
0.01161188099999999
0.01879448100000003
0.015203181000000066
0.011611881000000046
0.008020581000000027
0.004429281000000063
0.004429281000000063
0.004429281000000007
0.004429281000000007
0.004429281000000007
0.005386961000000023
0.00634464100000004
0.0073023210000000005
0.008260001000000017
0.009217681000000033
0.01879448100000003
-0.00035911899999996333
0.002833147666666702
0.006025414333333368
0.009217681000000033
0.004429281000000007
0.007621547666666673
0.010813814333333338
0.014006081000000004
0.009217681000000033
0.009217681000000033
0.01879448100000003
0.028371281000000026
0.011611871000000051
-0.005147538999999979
-0.0003591290000000136
0.004429281000000007
0.004429281000000007
0.004429281000000007
0.00682348100000002
0.009217681000000033
0.014006081000000004
0.01879448100000003
0.023582881
