-0.019512758999999935
-0.02430115899999996
-0.01472435899999991
-0.019512758999999935
-0.019512758999999935
-0.019512758999999935
-0.019512758999999935
-0.019512758999999935
-0.005147558999999968
-0.005147558999999968
-0.007541758999999981
-0.009935958999999994
-0.009935958999999994
-0.009935958999999994
-0.009935958999999994
-0.00035911899999996333
-0.0027533290000000266
-0.005147538999999979
-0.007541748999999931
-0.009935958999999994
-0.01472435899999991
-0.01472435899999991
-0.009935958999999994
-0.005147558999999968
-0.01472435899999991
-0.015123392333333263
-0.015522425666666617
-0.01592145899999997
-0.016320492333333214
-0.016719525666666568
-0.017118558999999922
-0.017517592333333276
-0.01791662566666663
-0.018315658999999873
-0.018714692333333227
-0.01911372566666658
-0.019512758999999935
-0.01592145899999997
-0.012330158999999896
-0.008738858999999932
-0.005147558999999968
-0.0003591389999999528
0.004429281000000063
0.0020350810000000497
-0.00035911899999996333
-0.019512758999999935
-0.009935958999999994
-0.009935945666666557
-0.00035911899999996333
0.0005985609999999975
0.0015562410000000693
0.00251392100000003
0.003471601000000102
0.004429281000000063
0.004429281000000063
-0.0015562390000000148
-0.007541758999999981
0.009217681000000089
0.004429277000000065
-0.0003591269999999591
-0.005147530999999872
-0.009935934999999896
-0.01472433899999992
-0.00035911899999996333
-0.0015562289999999646
-0.002753338999999966
-0.003950448999999967
-0.005147558999999968
-0.005147558999999968
-0.00833982566666669
-0.0115320923333333
-0.01472435900000002
-0.012330159000000007
-0.009935958999999994
-0.019512759000000046
-0.029089558999999987
-0.005147558999999968
-0.009935958999999994
-0.01472435900000002
-0.019512758999999935
-0.02430115899999996
-0.009935958999999994
-0.01472435900000002
-0.019512758999999935
-0.02430115899999996
-0.029089558999999987
-0.03387795900000001
-0.026695358999999974
-0.019512758999999935
-0.009935958999999994
-0.01472435900000002
-0.019512758999999935
-0.019512758999999935
-0.012330158999999896
-0.005147558999999968
-0.01472435900000002
-0.02430115899999996
-0.021906958999999948
-0.019512758999999935
-0.017118558999999922
-0.01472435900000002
-0.012330159000000007
-0.009935958999999994
-0.007541758999999981
-0.005147558999999968
-0.009935958999999994
-0.01472435899999991
-0.017118558999999922
-0.029089558999999987
-0.00035911899999996333
-0.007541738999999992
-0.01472435899999991
-0.00035911899999996333
-0.00035911899999996333
-0.00035911899999996333
-0.00035911899999996333
-0.007541738999999992
-0.01472435899999991
-0.012330158999999896
-0.009935958999999994
-0.005147558999999968
-0.0003591389999999528
0.004429281000000063
-0.002753338999999966
-0.009935958999999994
-0.00833982566666669
-0.006743692333333273
-0.005147558999999968
-0.02430115899999996
-0.02430115899999996
-0.02430115899999996
-0.02430115899999996
-0.016320479
-0.008339798999999926
-0.00035911899999996333
-0.0035513990000000106
-0.006743678999999947
-0.009935958999999994
-0.009935958999999994
-0.009935958999999994
-0.009935958999999994
-0.009935958999999994
-0.009935958999999994
-0.009935958999999994
-0.012330158999999896
-0.009935958999999994
-0.012330158999999896
-0.01472435899999991
-0.012330158999999896
-0.009935958999999994
-0.007541758999999981
-0.005147558999999968
-0.005147558999999968
-0.011133058999999945
-0.017118558999999922
-0.01592145899999997
-0.01472435899999991
-0.01472435899999991
-0.01472435899999991
-0.017118558999999922
-0.019512758999999935
-0.009935958999999994
-0.0115320923333333
-0.013128225666666604
-0.01472435899999991
-0.021906958999999948
-0.029089558999999987
-0.02430115899999996
-0.019512758999999935
-0.007541738999999992
0.004429281000000063
0.004429281000000063
0.004429281000000063
0.004429281000000063
0.00306116100000009
0.0016930410000000062
0.00032492100000003354
-0.0010431989999999391
-0.002411318999999912
-0.0037794389999999956
-0.005147558999999968
-0.009935958999999994
-0.00035911899999996333
-0.0021003589999999406
-0.003841598999999918
-0.005582839000000006
-0.007324078999999983
-0.00906531899999996
-0.010806558999999938
-0.012547798999999915
-0.014289038999999892
-0.01603027899999998
-0.017771518999999958
-0.019512758999999935
-0.012330158999999896
-0.005147558999999968
-0.009935958999999994
-0.007541758999999981
-0.02430115899999996
-0.01472435900000002
-0.005147558999999968
-0.009935958999999994
-0.01472435899999991
-0.012729188999999974
-0.010734018999999928
-0.008738848999999882
-0.006743678999999947
-0.004748509000000012
-0.002753338999999966
-0.012330158999999896
-0.013527258999999847
-0.01472435899999991
-0.017118558999999922
-0.019512758999999935
-0.016320492333333325
-0.013128225666666604
-0.009935958999999994
-0.008499434999999944
-0.007062911000000005
-0.005626386999999955
-0.004189863000000016
-0.002753338999999966
-0.0013168149999999157
0.00011970900000002338
0.0015562330000000735
0.0029927570000000125
0.004429281000000063
-0.009935958999999994
-0.007541738999999992
-0.029089558999999987
-0.017118558999999922
-0.019512758999999935
-0.021906958999999948
-0.02430115899999996
-0.029089558999999987
-0.03387795900000001
-0.029089558999999987
-0.02430115899999996
-0.029089558999999987
-0.009935958999999994
-0.017118558999999922
-0.02430115899999996
-0.019512758999999935
-0.01472435899999991
-0.01472435899999991
-0.01472435899999991
-0.01472435899999991
-0.01791662566666663
-0.02110889233333324
-0.02430115899999996
-0.019512758999999935
-0.009935958999999994
-0.009457119000000014
-0.008978279000000033
-0.008499438999999942
-0.008020598999999962
-0.007541758999999981
-0.007062919000000001
-0.0065840790000000204
-0.006105238999999929
-0.005626398999999949
-0.005147558999999968
-0.009935958999999994
0.004429281000000063
-0.00035911899999996333
-0.0003591389999999528
-0.002753342333333242
-0.005147545666666642
-0.007541748999999931
-0.00993595233333322
-0.01233015566666662
-0.01472435899999991
-0.013128225666666604
-0.0115320923333333
-0.009935958999999994
-0.029089558999999987
-0.026695358999999974
-0.02430115899999996
-0.03387795900000001
-0.019512758999999935
-0.020470438999999896
-0.021428118999999968
-0.02238579899999993
-0.023343479
-0.02430115899999996
0.004429261000000073
0.0020350709999999994
-0.00035911899999996333
-0.002753338999999966
-0.005147558999999968
-0.007541758999999981
-0.009935958999999994
-0.003551412333333337
0.0028331343333334313
0.009217681000000089
-0.019512758999999935
-0.02110889233333324
-0.022705025666666656
-0.02430115899999996
-0.01472435899999991
-0.015522425666666617
-0.016320492333333214
-0.017118558999999922
-0.01791662566666663
-0.018714692333333227
-0.019512758999999935
-0.01472435899999991
-0.02430115899999996
-0.019512758999999935
-0.01472435899999991
-0.00035911899999996333
-0.009935958999999994
-0.009935958999999994
-0.009935958999999994
-0.008978279000000033
-0.008020598999999962
-0.007062919000000001
-0.006105238999999929
-0.005147558999999968
-0.009935958999999994
-0.02110889233333335
-0.0322818256666666
-0.043454758999999954
-0.02430115899999996
-0.019512758999999935
-0.01472435899999991
0.014006081000000004
0.015203181000000066
0.016400281000000017
0.017597380999999968
0.01879448100000003
0.017198347666666725
0.015602214333333309
0.014006081000000004
0.007621534333333346
0.001236987666666689
-0.005147558999999968
-0.009935958999999994
-0.01472435899999991
-0.019512758999999935
-0.019512758999999935
-0.016320492333333325
-0.013128225666666604
-0.009935958999999994
-0.019512758999999935
-0.01690090081818174
-0.014289042636363547
-0.011677184454545353
-0.009065326272727159
-0.006453468090908965
-0.0038416099090908817
-0.0012297517272726877
0.0013821064545455064
0.0039939646363637005
0.0066058228181818945
0.009217681000000089
0.004429281000000063
-0.00035911899999996333
-0.019512758999999935
-0.01472435899999991
-0.029089558999999987
-0.02430115899999996
-0.009935958999999994
0.014006081000000004
0.006025401000000041
-0.001955279000000032
-0.009935958999999994
0.004429281000000063
-0.005147558999999968
-0.012330158999999896
-0.019512758999999935
-0.03866635899999993
-0.02430115899999996
-0.026695358999999974
-0.029089558999999987
-0.025365243444444463
-0.021640927888888828
-0.017916612333333304
-0.01419229677777778
-0.010467981222222145
-0.006743665666666621
-0.0030193501111110965
0.0007049654444445386
0.004429281000000063
0.014006081000000004
0.004429281000000063
-0.007541738999999992
-0.015921449000000032
-0.02430115899999996
-0.01472435900000002
-0.005147558999999968
-0.009935958999999994
-0.01472435899999991
-0.01472435899999991
-0.01472435899999991
-0.0003591389999999528
0.014006081000000004
0.009217681000000089
0.004429281000000063
0.006344641000000095
0.008260001000000017
0.01017536100000005
0.012090720999999971
0.014006081000000004
-0.019512758999999935
-0.019512758999999935
-0.019512758999999935
-0.03866635899999993
-0.0338779589999999
-0.029089558999999987
-0.026695358999999974
-0.02430115899999996
-0.021906958999999948
-0.019512759000000046
-0.017118559000000033
-0.01472435900000002
-0.012330159000000007
-0.009935958999999994
-0.019512758999999935
0.004429281000000063
-0.005147558999999968
-0.002753338999999966
-0.00035911899999996333
-0.03387795900000001
-0.021906958999999948
-0.009935958999999994
-0.02430115899999996
-0.026695358999999974
-0.029089558999999987
-0.02310405900000001
-0.017118558999999922
-0.011133058999999945
-0.005147558999999968
-0.0003591389999999528
0.004429281000000063
-0.009935958999999994
0.001236987666666689
0.012409934333333372
0.023582881000000055
0.004429281000000063
0.004429281000000063
-0.002753338999999966
-0.009935958999999994
-0.02430115899999996
-0.03866635899999993
-0.036750998999999895
-0.034835638999999974
-0.03292027899999994
-0.03100491900000002
-0.029089558999999987
-0.031483759
-0.03387795900000001
-0.030685692333333292
-0.027493425666666682
-0.02430115899999996
-0.019512758999999935
-0.02430115899999996
-0.012330139000000018
-0.00035911899999996333
0.004429281000000063
0.009217681000000089
0.008020581000000138
0.006823481000000076
0.005626381000000014
0.004429281000000063
0.0028331476666667577
0.0012370143333333417
-0.00035911899999996333
-0.029089558999999987
-0.027493425666666682
-0.025897292333333266
-0.02430115899999996
-0.03866635899999993
-0.031483759
-0.02430115899999996
-0.021906958999999948
-0.019512758999999935
-0.026695358999999974
-0.03387795900000001
-0.03228182566666671
-0.030685692333333292
-0.029089558999999987
-0.009935958999999994
-0.005147538999999979
-0.00035911899999996333
0.006025414333333368
0.012409947666666699
0.01879448100000003
0.004429281000000063
0.007621547666666673
0.010813814333333394
0.014006081000000004
0.004429281000000063
0.004429281000000063
0.004429281000000063
0.0071655095714285855
0.00990173814285722
0.012637966714285742
0.015374195285714376
0.0181104238571429
0.020846652428571533
0.023582881000000055
0.01560221433333342
0.007621547666666673
-0.00035911899999996333
-0.01472435899999991
-0.009935938999999894
-0.019512758999999935
-0.005147558999999968
0.001236987666666689
0.007621534333333346
0.014006081000000004
0.006025401000000041
-0.001955279000000032
-0.009935958999999994
-0.007541758999999981
-0.005147558999999968
-0.00035911899999996333
-0.01472435899999991
-0.007541738999999992
-0.00035911899999996333
-0.019512758999999935
-0.01791662566666663
-0.016320492333333214
-0.01472435899999991
-0.005945612333333239
0.0028331343333333203
0.01161188099999999
0.002633620999999975
-0.006344639000000041
-0.015322898999999945
-0.02430115899999996
-0.012330139000000018
-0.00035911899999996333
0.006823480999999965
0.014006081000000004
-0.01472435899999991
-0.007541738999999992
-0.00035911899999996333
0.0016930524285714288
0.003745223857142932
0.005797395285714324
0.007849566714285716
0.009901738142857108
0.011953909571428611
0.014006081000000004
0.009217676000000008
0.004429271000000012
-0.0003591339999999832
-0.005147538999999979
-0.009935943999999974
-0.01472434899999997
-0.019512753999999966
-0.02430115899999996
0.00203506100000006
-0.01472435900000002
-0.017118558999999922
-0.021906958999999948
-0.020510342333333265
-0.01911372566666658
-0.01771710900000001
-0.016320492333333325
-0.014923875666666642
-0.013527258999999958
-0.012130642333333275
-0.010734025666666591
-0.009337408999999908
-0.007940792333333335
-0.006544175666666652
-0.005147558999999968
-0.008738858999999932
-0.012330158999999896
0.009217681000000089
0.0020350709999999994
-0.005147538999999979
-0.017118558999999922
-0.009935945666666557
-0.0027533323333333026
0.004429281000000063
-0.0035513989999998996
-0.011532078999999973
-0.019512758999999935
-0.018315658999999873
-0.017118558999999922
-0.01472435899999991
-0.012330159000000007
-0.009935958999999994
-0.00035911899999996333
0.0012370143333333417
0.0028331476666667577
0.004429281000000063
-0.05781995899999992
-0.017118538999999933
0.023582881000000055
0.0104147710000001
-0.002753338999999966
-0.015921449000000032
-0.029089558999999987
-0.029089558999999987
-0.00035914400000003344
0.02837127100000003
-0.05781995899999992
-0.007541743999999961
0.042736471
0.023582861000000066
0.004429251000000023
-0.01472435899999991
-0.02430115899999996
-0.0338779589999999
-0.043454758999999954
0.047524840999999984
0.03794804100000004
0.02837124099999999
0.01879444099999994
0.009217640999999999
-0.0003591589999999423
-0.009935958999999994
-0.019512759000000046
-0.029089558999999987
-0.03866635899999993
-0.04824315899999998
0.009217681000000089
-0.031483759
-0.007541738999999992
0.004429281000000063
0.009217681000000089
0.0036312076666668025
-0.0019552656666665946
-0.007541738999999992
-0.013128212333333278
-0.018714685666666564
-0.02430115899999996
0.014006081000000004
-0.003950438999999917
-0.021906958999999948
-0.01592145899999997
-0.009935958999999994
-0.02430115899999996
-0.02110889233333324
-0.01791662566666663
-0.01472435899999991
-0.019512758999999935
-0.019231088411764685
-0.018949417823529324
-0.018667747235294074
-0.018386076647058713
-0.018104406058823463
-0.017822735470588214
-0.017541064882352853
-0.017259394294117603
-0.01697772370588224
-0.016696053117646992
-0.01641438252941163
-0.01613271194117638
-0.01585104135294113
-0.01556937076470577
-0.01528770017647052
-0.015006029588235159
-0.01472435899999991
-0.011532085666666636
-0.008339812333333252
-0.005147538999999979
-0.005147538999999868
-0.005147558999999968
-0.009935958999999994
-0.013128225666666715
-0.02430115899999996
-0.01472435900000002
-0.005147558999999968
-0.009935958999999994
-0.017118558999999922
-0.02430115899999996
-0.017717103999999928
-0.011133049000000006
-0.004548993999999973
0.00203506100000006
0.0008379710000000484
-0.00035911899999996333
-0.005147538999999979
-0.009935958999999994
-0.009935958999999994
-0.009935958999999994
-0.009935958999999994
-0.01472435900000002
-0.019512758999999935
-0.007541738999999992
0.004429281000000063
0.004429281000000063
0.004429281000000063
0.004429281000000063
-0.0019552589999999315
-0.008339798999999926
-0.01472433899999992
-0.021108879000000025
-0.02749341900000002
-0.03387795900000001
0.004429281000000063
-0.005147538999999979
-0.008339812333333252
-0.011532085666666636
-0.01472435899999991
-0.019512758999999935
-0.02430115899999996
-0.00035911899999996333
-0.00035911899999996333
-0.01472433899999992
-0.029089558999999987
-0.02110889233333335
-0.013128225666666604
-0.005147558999999968
-0.005147553999999999
