0.016400281000000017
0.014006081000000004
0.011611881000000046
0.009217681000000033
0.014006081000000004
-0.00035911899999996333
0.0012370143333333417
0.002833147666666702
0.004429281000000007
0.01879448100000003
0.01161188099999999
0.004429281000000007
-0.00035911899999996333
0.00682348100000002
0.014006081000000004
0.01161188099999999
0.009217681000000033
0.009217681000000033
0.009217681000000033
0.009217681000000033
0.011611881000000046
0.014006081000000004
0.016400281000000017
0.014006081000000004
0.011611881000000046
0.009217681000000033
0.008533623857142902
0.007849566714285716
0.0071655095714285855
0.006481452428571455
0.005797395285714324
0.005113338142857138
0.004429281000000007
0.014006081000000004
0.004429281000000007
-0.00035911899999996333
-0.00035911899999996333
-0.00035911899999996333
-0.00035911899999996333
-0.00035911899999996333
0.004429281000000063
0.009217681000000033
0.0020350810000000497
0.004429281000000007
0.014006081000000004
0.009217680999999978
0.004429281000000007
-0.000359125666666682
-0.005147532333333316
-0.009935939000000005
-0.003232175000000004
0.003471588999999997
0.010175352999999998
0.016879117
0.023582881
0.006823471000000025
-0.009935939000000005
-0.0003591290000000136
0.009217681000000033
0.0020350709999999994
-0.005147538999999979
0.004429281000000063
0.009217681000000033
0.009217681000000033
0.009217681000000033
0.009217681000000033
0.009217681000000033
0.009217681000000033
0.009217681000000033
0.009217681000000033
0.009217681000000033
0.009217681000000033
0.009217681000000033
0.009217681000000033
0.00682348100000002
0.004429281000000063
0.0020350810000000497
-0.00035911899999996333
0.01879448100000003
0.021986747666666695
0.02517901433333336
0.028371281000000026
-0.00035911899999996333
0.014006081000000004
0.004429281000000007
0.009217681000000033
0.01161188099999999
0.010414780999999984
0.009217680999999978
0.008020581000000027
0.00682348100000002
0.004429281000000007
0.0020350810000000497
-0.00035911899999996333
-0.00035911899999996333
0.0020350810000000497
0.004429281000000007
0.00682348100000002
0.009217681000000033
0.007621547666666673
0.006025414333333368
0.004429281000000007
-0.000359125666666682
-0.005147532333333316
-0.009935939000000005
0.004429281000000007
0.004429281000000007
0.004429281000000007
0.004429281000000007
0.004429281000000007
0.004429281000000007
0.00522734766666666
0.006025414333333368
0.00682348100000002
0.007621547666666673
0.00841961433333338
0.009217681000000033
0.014006081000000004
0.004429281000000007
0.004429281000000007
0.004429281000000007
0.004429281000000007
0.004429281000000007
0.004429281000000007
0.004429281000000007
0.004429281000000007
0.004429281000000007
0.006025414333333312
0.007621547666666673
0.009217680999999978
0.01161188099999999
0.004429281000000007
0.0020350810000000497
0.009217681000000033
0.009217681000000033
0.009217681000000033
0.009217681000000033
0.009217681000000033
0.009217681000000033
0.009217681000000033
0.009217681000000033
0.009217681000000033
0.004429271000000012
0.0052273409999999965
0.006025411000000036
0.00682348100000002
0.006224930999999989
0.005626381000000014
0.005027831000000038
0.004429281000000007
0.0032321810000000006
0.0020350810000000497
0.0008379810000000432
-0.00035911899999996333
0.014006081000000004
0.00682348100000002
0.005626381000000014
0.004429281000000007
-0.0027533290000000266
-0.009935939000000005
0.004429271000000012
0.01879448100000003
0.004429271000000012
-0.009935939000000005
0.004429271000000012
0.01879448100000003
0.017426366714285768
0.01605825242857145
0.01469013814285719
0.013322023857142873
0.011953909571428611
0.010585795285714295
0.009217681000000033
0.009217681000000033
0.01879448100000003
0.009217681000000033
0.014006081000000004
0.01879448100000003
0.006823471000000025
-0.005147538999999979
-0.005147538999999979
-0.005147538999999979
-0.0015562339999999897
0.0020350709999999994
0.005626376000000044
0.009217681000000033
0.009217681000000033
0.014006081000000004
0.01879448100000003
0.009217681000000033
0.010813814333333394
0.012409947666666699
0.014006081000000004
0.015602214333333364
0.017198347666666725
0.01879448100000003
-0.005147538999999979
0.004429281000000007
0.0020350810000000497
-0.00035911899999996333
-0.00035911899999996333
-0.00035911899999996333
-0.002753328999999971
-0.005147538999999979
-0.00035911899999996333
0.0020350810000000497
0.004429281000000007
0.00682348100000002
0.009217680999999978
0.01161188099999999
-0.005147538999999979
0.014006081000000004
0.014006081000000004
0.014006081000000004
0.01161188099999999
0.009217681000000033
-0.001955258999999987
-0.013128198999999952
-0.02430113899999997
-0.011532065666666647
0.0012370076666666785
0.014006081000000004
-0.005147538999999979
-0.00035911899999996333
0.0020350810000000497
0.004429281000000063
0.00682348100000002
0.009217681000000033
0.004429281000000007
0.014006081000000004
0.023582881
0.014006081000000004
0.004429281000000007
0.009217681000000033
0.014006081000000004
0.01879448100000003
0.014006081000000004
0.00682348100000002
-0.00035911899999996333
0.03794811100000001
0.01879449600000005
-0.00035911899999996333
-0.00035911899999996333
-0.00035911899999996333
0.01161188099999999
0.023582881
0.01161188099999999
-0.00035911899999996333
0.005626381000000014
0.01161188099999999
0.017597381000000023
0.023582881
0.047524911
0.02358289600000002
-0.00035911899999996333
0.033159711000000036
0.04273650600000001
0.052313301000000006
0.023582881
-0.005147538999999979
0.016400285999999986
0.03794811100000001
0.02358289600000002
0.009217681000000033
0.00682348100000002
0.004429281000000007
0.01041478100000004
0.016400281000000017
0.022385780999999993
0.028371281000000026
-0.057819958999999976
-0.005147538999999979
-0.012330139000000018
-0.019512739
-0.022704999000000003
-0.025897259000000006
-0.029089519000000008
0.014006081000000004
0.004429271000000012
-0.005147538999999979
0.018794486
0.042736511000000005
0.047524914333333335
0.05231331766666669
0.05710172100000002
0.004429281000000007
0.0028331460000000086
0.00123701100000001
-0.00035912399999998845
0.009217678499999993
0.01879448100000003
0.014006081000000004
0.009217681000000033
-0.017118538999999988
-0.04345475900000001
0.002035075999999969
0.047524911
0.021986767666666684
-0.0035513756666666896
-0.029089519000000008
0.002035096000000014
0.033159711000000036
0.02677516933333335
0.020390627666666716
0.014006086000000029
0.03315969350000003
0.052313301000000006
-0.007541738999999992
-0.06739677899999996
-0.017118533999999963
0.033159711000000036
0.010813821000000001
-0.011532068999999978
-0.03387795900000001
-0.013128212333333333
0.007621534333333346
0.028371281000000026
0.06667852100000002
0.03794810100000001
0.009217680999999978
-0.019512739
0.01081381766666667
0.04114037433333334
0.07146693100000001
-0.07697357900000001
0.014006081000000004
-0.009935939000000005
-0.0003591290000000136
0.009217681000000033
0.057101716000000025
0.10498575100000002
0.07625532900000001
0.047524907000000005
0.018794485000000027
-0.00993593699999995
-0.038666358999999983
0.06189012100000002
-0.012330128999999967
-0.08655037900000001
-0.07218517066666669
-0.05781996233333336
-0.043454753999999984
-0.02908954566666666
-0.014724337333333337
-0.0003591290000000136
-0.009935939000000005
0.0008379693333333549
0.011611877666666659
0.02238578600000002
0.03315969433333332
0.043933602666666655
0.054707510999999986
0.06548141933333335
0.07625532766666665
0.08702923600000001
0.09780314433333331
0.10857705266666667
0.119350961
0.06667852349999998
0.014006085999999973
-0.08176197899999998
-0.009935939000000005
-0.009935939000000005
0.009217681000000033
0.10498575100000002
-0.057819958999999976
0.08104373100000001
-0.11049239899999996
0.047524911
0.03603274099999998
0.02454057100000001
0.013048400999999987
0.001556231000000019
-0.009935939000000005
0.009217681000000033
0.095408941
-0.0027533240000000014
-0.05901706149999997
-0.11528079899999999
-0.053031555666666674
0.009217687666666696
0.07146693100000001
0.0499191135
0.02837129599999999
0.006823478500000035
-0.014724338999999975
0.028371281000000026
0.06189012100000002
0.05231331433333336
0.0427365076666667
0.03315970100000004
0.023582894333333382
0.014006087666666667
0.004429281000000007
-0.0051475256666666525
-0.014724332333333312
-0.02430113899999997
-0.03387794566666663
-0.04345475233333329
-0.053031559000000006
-0.06260836566666661
-0.07218517233333333
-0.08176197899999998
-0.02190693399999999
0.090620541
0.011611886000000016
0.047524911
0.009217676000000008
-0.12006919900000002
0.07146693100000001
0.045130708500000005
0.018794486
-0.007541736500000007
-0.03387795900000001
-0.009935935666666673
0.014006087666666667
0.03794811100000001
0.014006090999999998
0.049919115999999986
0.085832141
-0.08655037900000001
-0.069312127
-0.05207387499999999
-0.03483562299999998
-0.017597370999999973
-0.00035911899999996333
-0.019512739
0.02837129599999999
0.07625533100000001
0.060932441000000004
0.045609551000000026
0.030286660999999993
0.014963771000000015
-0.00035911899999996333
0.04991910599999999
0.02238578349999998
-0.005147538999999979
0.033159711000000036
-0.009935923999999985
-0.053031559000000006
-0.041858618999999986
-0.03068567900000002
-0.019512739
0.004429271000000012
0.028371281000000026
-0.07697357900000001
-0.05494692099999998
-0.032920263000000005
-0.010893604999999973
0.011133053000000004
0.033159711000000036
-0.00035911899999996333
-0.00035911899999996333
-0.00035911899999996333
0.07625533100000001
-0.03387795900000001
-0.00035913233333334516
0.03315969433333332
0.06667852100000002
0.052313316
0.03794811100000001
-0.029089519000000008
-0.008020548999999988
0.013048420999999977
0.034117391
0.05518636100000002
0.07625533100000001
0.050717179333333334
0.025179027666666687
-0.00035912399999998845
-0.025897275666666664
-0.05143542733333334
-0.07697357900000001
-0.00035911899999996333
0.014006081000000004
-0.10091559899999997
0.023582881
-0.031483749000000005
-0.016320472333333336
-0.001157195666666666
0.014006081000000004
0.012090721000000026
0.010175360999999994
0.008260001000000017
0.006344640999999984
0.004429281000000007
-0.053031559000000006
-0.021108868999999975
0.010813821000000001
0.042736511000000005
-0.02430113899999997
0.06667852100000002
0.03315970100000004
-0.00035911899999996333
-0.03148374899999995
-0.06260837899999999
-0.04687505185714286
-0.031141724714285723
-0.01540839757142859
0.00032492957142860046
0.016058256714285735
0.03179158385714287
0.047524911
0.005626381000000014
-0.036272148999999976
0.03794811100000001
0.028371281000000026
0.015602207666666701
0.002833134333333376
-0.009935939000000005
-0.02270501233333333
-0.035474085666666655
-0.04824315899999998
-0.061012232333333305
-0.07378130566666669
-0.08655037900000001
-0.00035911899999996333
0.05710172100000002
-0.06739677899999996
0.04273650100000001
0.031364043499999994
0.019991586000000006
0.008619128500000017
-0.002753328999999971
-0.01412578649999996
-0.025498244000000003
-0.03687070149999999
-0.04824315899999998
-0.036272148999999976
-0.02430113899999997
0.03794811600000003
-0.00035911899999996333
0.03555389600000003
0.041140364333333346
0.04672683266666669
0.052313301000000006
0.017597381000000023
-0.017118538999999988
0.009217681000000033
0.035553901
0.06189012100000002
-0.02430113899999997
-0.03387794899999996
-0.043454758999999954
-0.053031569
-0.06260837899999999
0.085832141
0.07283504385714287
0.05983794671428572
0.04684084957142859
0.03384375242857146
0.020846655285714277
0.00784955814285715
-0.005147538999999979
-0.04345475900000001
-0.005147528999999984
0.033159700999999986
0.07146693100000001
-0.017118528999999993
-0.002753328999999971
0.029568396000000052
0.06189012100000002
0.04273650600000001
0.023582890999999995
0.0044292760000000375
-0.014724338999999975
-0.03387795900000001
0.012409944333333311
0.05869784766666669
0.10498575100000002
0.05351041350000002
0.0020350760000000245
-0.04944026149999997
-0.10091559899999997
0.05710172100000002
0.047524911
-0.019512733999999976
-0.08655037900000001
0.128927761
0.023582890999999995
-0.08176197899999998
0.052313301000000006
0.04752490433333334
0.04273650766666667
0.03794811100000001
-0.08176197899999998
-0.058418512749999985
-0.035075046499999984
-0.011731580249999984
0.011611886000000016
0.034955352250000016
0.058298818500000016
0.08164228475000002
0.10498575100000002
-0.08655037900000001
0.040342301000000025
-0.04824315899999998
-0.02310404399999999
0.0020350709999999994
0.02717418599999999
0.052313301000000006
-0.014724338999999975
0.01879448100000003
0.014006081000000004
0.00682348100000002
-0.00035911899999996333
-0.00035911899999996333
-0.00035911899999996333
0.023582881
0.009217671000000038
-0.005147538999999979
0.0025139110000000353
0.01017536100000005
0.017836811000000008
0.025498261000000022
0.033159711000000036
0.009217681000000033
0.006025414333333368
0.002833147666666702
-0.00035911899999996333
-0.00035911899999996333
-0.00035911899999996333
-0.00035911899999996333
0.004429281000000063
0.009217681000000033
0.014006081000000004
0.01879448100000003
0.009217681000000033
0.007302321000000056
0.005386961000000023
0.0034716010000000463
0.0015562410000000138
-0.00035911899999996333
-0.005147538999999979
0.014006081000000004
0.014006081000000004
0.014006081000000004
0.014006081000000004
0.014006081000000004
0.014006081000000004
0.033159711000000036
0.01879449600000005
0.004429281000000007
0.009217680999999978
0.014006081000000004
0.013048400999999987
0.012090721000000026
0.01113304100000001
0.01017536100000005
0.009217681000000033
-0.005147538999999979
-0.008339805666666644
-0.01153207233333331
-0.014724338999999975
-0.00035911899999996333
-0.005147538999999979
-0.0033518839999999717
-0.0015562289999999646
0.00023942600000004255
0.0020350810000000497
0.004429281000000007
0.0033651898888888976
0.002301098777777788
0.0012370076666666785
0.00017291655555556895
-0.0008911745555555406
-0.00195526566666665
-0.0030193567777777597
-0.004083447888888869
-0.005147538999999979
-0.0013168149999999712
0.0025139090000000364
0.006344632999999988
0.010175356999999996
0.014006081000000004
-0.00035911899999996333
0.0020350810000000497
0.014006081000000004
0.009217681000000033
0.005626376000000044
0.0020350709999999994
-0.0015562339999999897
-0.005147538999999979
0.014006081000000004
0.01161188099999999
0.009217681000000033
0.004429281000000063
-0.00035911899999996333
-0.005147538999999979
-0.005147538999999979
-0.005147538999999979
-0.007541738999999992
-0.009935939000000005
-0.0003591290000000136
0.009217681000000033
0.009217681000000033
0.009217681000000033
0.009217681000000033
0.009217681000000033
0.009217681000000033
0.009217681000000033
0.009217681000000033
0.009217681000000033
