-0.007901349999999141
-0.007901349999999141
-0.007901349999999141
-0.007901349999999141
-0.010295349999999814
-0.012689349999998711
-0.007900849999998627
-0.003112350000000319
-0.015083350000001161
-0.027054350000000227
-0.024181349999999213
-0.021308349999999976
-0.018435349999998962
-0.015562349999999725
-0.012689349999998711
0.00646464999999985
0.00646464999999985
0.0016761499999997653
-0.003112350000000319
-0.003112350000000319
-0.003112350000000319
-0.03184334999999905
-0.027054849999998964
-0.02226634999999888
-0.019872064285713975
-0.017477778571427294
-0.015083492857142389
-0.012689207142857484
-0.010294921428572579
-0.007900635714285897
-0.005506350000000992
0.0016756500000010277
0.0016756500000010277
-0.003112350000000319
-0.007900849999998627
-0.012689349999998711
-0.015083349999999385
-0.017477350000000058
-0.015083349999999385
-0.012689349999998711
-0.01987184999999947
-0.027054350000000227
-0.027054350000000227
-0.027054350000000227
-0.025458349999999186
-0.02386234999999992
-0.02226634999999888
-0.012689349999998711
-0.010295349999999814
-0.007901349999999141
-0.0031126833333328108
0.0016759833333335195
0.00646464999999985
0.0016756500000010277
0.0016756500000010277
0.0016756500000010277
0.004070150000000439
0.00646464999999985
-0.007900849999998627
-0.02226634999999888
-0.021667724999998583
-0.021069099999998286
-0.020470474999999766
-0.01987184999999947
-0.019273224999999172
-0.018674600000000652
-0.018075975000000355
-0.017477350000000058
-0.015083349999999385
-0.012689349999998711
-0.02226634999999888
-0.012689349999998711
-0.0063046833333331165
7.998333333425478e-05
0.00646464999999985
0.011252650000001196
0.016040650000000767
0.016040650000000767
0.016040650000000767
0.016040650000000767
0.016040650000000767
0.016040650000000767
0.016040650000000767
0.016040650000000767
0.016040650000000767
0.016040650000000767
0.016040650000000767
0.016040650000000767
0.006463983333334866
-0.0031126833333328108
-0.012689349999998711
-0.015083349999999385
-0.017477350000000058
-0.017477599999999427
-0.017477849999998796
-0.00550684999999973
-0.0015163500000010544
-0.00550684999999973
-0.007901064285713133
-0.010295278571428312
-0.012689492857141715
-0.015083707142856895
-0.017477921428570298
-0.019872135714285477
-0.02226634999999888
-0.007901349999999141
-0.02226634999999888
-0.02226634999999888
-0.01987184999999947
-0.017477350000000058
-0.015083349999999385
-0.012689349999998711
-0.010295349999999814
-0.007901349999999141
-0.0059859499999994625
-0.004070549999999784
-0.0021551499999983292
-0.00023974999999865076
0.0016756500000010277
-0.003112350000000319
-0.007900849999998627
-0.012689349999998711
-0.027054350000000227
-0.027054350000000227
-0.027054350000000227
-0.024181349999999213
-0.021308349999999976
-0.018435349999998962
-0.015562349999999725
-0.012689349999998711
-0.02226634999999888
-0.007901349999999141
-0.027054350000000227
-0.015083350000001161
-0.003112350000000319
-0.0007183499999996457
0.0016756500000010277
0.004070150000000439
0.00646464999999985
0.0016761499999997653
-0.003112350000000319
-0.010294850000001077
-0.017477350000000058
-0.014285349999999752
-0.011093349999999447
-0.007901349999999141
-0.027054350000000227
-0.022265850000000142
-0.017477350000000058
-0.015083349999999385
-0.012689349999998711
-0.012689349999998711
-0.012689349999998711
-0.012689349999998711
-0.015083349999999385
-0.017477350000000058
-0.0007183499999996457
0.016040650000000767
-0.007901349999999141
-0.0007185999999990145
0.006464149999999336
0.013646899999999462
0.02082964999999959
-0.017477350000000058
-0.011093016666666955
-0.0047086833333320754
0.0016756500000010277
-0.0031128499999990566
-0.007901349999999141
-0.007901349999999141
-0.017477849999998796
-0.027054350000000227
-0.025458349999999186
-0.02386234999999992
-0.02226634999999888
-0.003112350000000319
-0.0021547500000007602
-0.001197149999999425
-0.00023954999999986626
0.0007180500000014689
0.0016756500000010277
0.004070150000000439
0.0016756500000010277
-0.0015166833333317697
-0.0047090166666663436
-0.007901349999999141
-0.017477350000000058
-0.017477350000000058
-0.017477350000000058
-0.017477350000000058
-0.017477350000000058
-0.015083349999999385
-0.012689349999998711
-0.017477350000000058
-0.017477350000000058
-0.017477350000000058
-0.017477350000000058
-0.017477350000000058
-0.017477350000000058
0.0016756500000010277
0.00646464999999985
0.0016761499999997653
-0.003112350000000319
0.0016761499999997653
0.00646464999999985
-0.0031123499999985427
-0.012689349999998711
-0.007900849999998627
-0.003112350000000319
-0.003112350000000319
-0.003112350000000319
-0.003112350000000319
-0.003112350000000319
-0.003112350000000319
-0.003112350000000319
-0.003112350000000319
-0.02226634999999888
-0.010294850000001077
-0.02226634999999888
-0.018161921428569983
-0.014057492857142861
-0.009953064285713964
-0.0058486357142850665
-0.001744207142856169
0.002360221428570952
0.00646464999999985
-0.003112350000000319
0.0016756500000010277
-0.0031128499999990566
0.007661025000000876
0.01843490000000081
0.029208775000000742
0.039982650000000675
0.02835379285714268
0.01672493571428646
0.005096078571428464
-0.006532778571427755
-0.01816163571428575
-0.02979049285714197
-0.041419349999999966
-0.003112350000000319
0.035194650000001104
0.07350165000000075
-0.04620834999999879
-0.053390849999999546
0.008858150000001785
0.04955965000000084
0.035194650000001104
0.02082964999999959
-0.024660349999999553
-0.0701503499999987
-0.04860234999999946
-0.027054350000000227
-0.09409184999999987
-0.1611293499999995
0.016040650000000767
0.025617650000000936
0.035194650000001104
0.04477165000000127
0.03902545000000046
0.033279250000001426
0.027533050000000614
0.02178685000000158
0.016040650000000767
-0.012689349999998711
-0.012689349999998711
-0.040222599999999886
-0.06775585000000106
0.029209399999999164
0.12617465000000117
0.09425198333333462
0.0623293166666663
0.030406649999999757
-0.02226634999999888
-0.02801234999999913
-0.03375834999999938
-0.03950434999999963
-0.045250349999999884
-0.050996350000000135
-0.023463100000000736
0.004070150000000439
0.007062775000001409
0.010055400000000603
0.013048024999999797
0.016040650000000767
-0.03902534999999929
-0.012689349999998711
0.013646650000000093
0.039982650000000675
0.023223650000000262
0.00646464999999985
-0.07254435000000115
-0.15155335000000036
-0.16017234999999985
-0.16879134999999934
-0.1774103500000006
-0.1860293500000001
-0.19464834999999958
-0.017477849999998796
0.1596926500000002
0.10702065000000083
-0.017477350000000058
0.04477165000000127
0.10702065000000083
0.22194215000000028
0.12377990000000061
0.025617650000000936
-0.1659183500000001
-0.12808994999999967
-0.09026154999999925
-0.052433150000000595
-0.014604750000000166
0.023223650000000262
-0.09568834999999964
-0.21460034999999955
-0.33351234999999946
-0.09409235000000038
-0.06296784999999971
-0.03184334999999905
-0.22816734999999966
-0.23056134999999855
-0.23295534999999923
-0.07254434999999937
0.08786665000000049
0.03519424999999998
-0.017478150000000525
-0.07015054999999926
-0.12282294999999976
-0.17549535000000027
0.06392465000000058
0.016040650000000767
-0.2425323499999994
-0.23323723235294125
-0.22394211470588132
-0.21464699705882317
-0.20535187941176503
-0.1960567617647051
-0.18676164411764695
-0.1774665264705888
-0.16817140882352888
-0.15887629117647073
-0.1495811735294108
-0.14028605588235266
-0.1309909382352945
-0.12169582058823458
-0.11240070294117643
-0.10310558529411828
-0.09381046764705836
-0.08451535000000021
-0.03902534999999929
0.00646464999999985
-0.20422534999999975
-0.10366885000000003
0.07350165000000075
-0.017477350000000058
-0.13239935000000003
0.0902611499999999
0.16926965000000038
-0.0007183499999996457
0.01763731666666679
0.03599298333333323
0.054348649999999665
-0.1371873499999996
0.13096265000000074
0.08068465000000025
0.030406649999999757
0.07110765000000008
0.1118086500000004
0.054347983333332905
-0.0031126833333328108
-0.0605733500000003
0.10223265000000126
0.03280065000000043
-0.036631350000000396
-0.03731535000000008
-0.037999349999999765
-0.03868334999999945
-0.03936735000000091
-0.040051350000000596
-0.04073535000000028
-0.041419349999999966
0.05913665000000101
0.07829064999999957
-0.036631350000000396
0.05913665000000101
-0.02226634999999888
-0.015083849999999899
-0.007901349999999141
-0.012689349999998711
-0.017477350000000058
-0.013487016666665852
-0.009496683333333422
-0.005506350000000992
-0.0015160166666667863
0.00247431666666742
0.00646464999999985
0.016041316666667527
0.025617983333333427
0.035194650000001104
0.07829015000000084
0.12138565000000057
0.06711731666666765
0.012848983333332953
-0.041419349999999966
0.04716565000000017
-0.010295349999999814
-0.004708683333333852
0.0008779833333338871
0.00646464999999985
0.0016759833333335195
-0.0031126833333328108
-0.007901349999999141
-0.012689349999998711
-0.007901349999999141
-0.0074660318181809515
-0.007030713636362762
-0.0065953954545445725
-0.006160077272726383
-0.005724759090908194
-0.005289440909090004
-0.004854122727271815
-0.004418804545453625
-0.003983486363635436
-0.003548168181817246
-0.0031128499999990566
-0.002677531818180867
-0.0022422136363626777
-0.0018068954545444882
-0.0013715772727262987
-0.0009362590909081092
-0.0005009409090899197
-6.562272727173024e-05
0.00036969545454645925
0.0008050136363646487
0.0012403318181828382
0.0016756500000010277
0.0016756500000010277
-0.015083350000001161
0.04955965000000084
0.06631915000000177
-0.01109334999999767
-0.003112350000000319
0.0016760785714282633
0.006464507142856846
0.011252935714285428
0.01604136428571401
0.020829792857142593
0.025618221428571175
0.030406649999999757
-0.08451535000000021
-0.029448849999999638
-0.00550684999999973
-0.017477350000000058
0.00646464999999985
0.030406649999999757
0.037589150000000515
0.04477165000000127
0.008858650000000523
-0.027054350000000227
-0.012689350000000488
0.0016756500000010277
0.016040650000000767
-0.017477350000000058
-0.050996350000000135
-0.06376535000000061
-0.07653434999999931
-0.08930334999999978
0.06871365000000118
-0.01987184999999947
-0.10845735000000012
-0.012689349999998711
-0.017477849999998796
-0.02226634999999888
-0.020525077272726122
-0.018783804545453364
-0.017042531818180606
-0.015301259090907848
-0.01355998636363509
-0.011818713636364109
-0.01007744090909135
-0.008336168181818593
-0.006594895454545835
-0.004853622727273077
-0.003112350000000319
-0.009497016666665914
-0.015881683333333285
-0.02226634999999888
-0.027054350000000227
0.039982650000000675
-0.010295349999999814
-0.007901349999999141
-0.041419349999999966
-0.04620777857142855
-0.05099620714285713
-0.05578463571428571
-0.060573064285714295
-0.06536149285714288
-0.07014992142857146
-0.07493835000000004
0.00646464999999985
-0.017477849999998796
-0.034237349999997946
-0.034716149999997725
-0.03519494999999928
-0.03567374999999906
-0.036152550000000616
-0.036631350000000396
0.030406649999999757
-0.06536134999999987
-0.04860210000000009
-0.03184285000000031
-0.015083599999998754
0.0016756500000010277
-0.08451535000000021
0.039982650000000675
-0.007901349999999141
-0.036631350000000396
0.008858650000000523
0.054348649999999665
0.028012399999999715
0.0016761499999997653
-0.024660100000000185
-0.050996350000000135
0.06871365000000118
0.016041316666667527
-0.03663101666666613
-0.08930334999999978
-0.07014977857142846
-0.05099620714285713
-0.031842635714285805
-0.012689064285712703
0.006464507142858622
0.025618078571429947
0.04477165000000127
0.011252900000000565
-0.022265850000000142
-0.018674600000000652
-0.015083350000001161
-0.003112350000000319
-0.03184334999999905
-0.00550684999999973
0.02082964999999959
0.008858650000000523
-0.003112350000000319
-0.015083350000001161
-0.027054350000000227
0.035194650000001104
-0.027054350000000227
-0.01907368333333359
-0.011093016666665179
-0.0031123499999985427
-0.012689349999998711
-0.02226634999999888
-0.027054849999998964
-0.03184334999999905
-0.019872349999999983
-0.007901349999999141
-0.012689349999998711
-0.017477350000000058
-0.007900849999998627
0.0016756500000010277
-0.00550684999999973
-0.012689349999998711
0.00646464999999985
0.002873149999999214
-0.0007183499999996457
-0.004309849999998505
-0.007901349999999141
