0.00814029000000005
0.004548985000000005
0.0009576800000000163
-0.006224910000000028
-0.013407500000000017
-0.0038307200000000097
-0.0006384533333333442
0.0025538133333333213
0.005746079999999987
0.005746079999999987
0.005746079999999987
0.004948013333333334
0.004149946666666626
0.0033518799999999738
0.003830719999999954
0.00430955999999999
0.0047883999999999705
0.005267240000000006
0.005746079999999987
-0.0038307200000000097
0.0033518799999999738
0.010534480000000013
0.010534480000000013
0.010534480000000013
0.010534480000000013
-0.0014365199999999967
-0.0002394199999999902
0.0009576800000000163
-0.003830719999999954
-0.00861911999999998
-0.003830719999999954
0.0009576800000000163
0.005746079999999987
0.010534480000000013
0.007342213333333347
0.004149946666666682
0.0009576800000000163
-0.0038307200000000097
-0.006224919999999967
-0.00861911999999998
0.0009576800000000163
-0.00861911999999998
-0.002234586666666649
0.004149946666666682
0.010534480000000013
0.0009576800000000163
-0.0014365199999999967
-0.0038307200000000097
0.00015961666666663987
0.004149953333333345
0.008140289999999994
0.012130626666666644
0.01612096333333335
0.0201113
0.008140289999999994
-0.0038307200000000097
-0.0014365199999999967
0.0009576800000000163
0.005746079999999987
0.0009576800000000163
-0.0038307200000000097
0.0009576800000000163
-0.00861913000000003
-0.01819594000000002
-0.0038307300000000044
0.010534480000000013
0.013726753333333341
0.01691902666666667
0.0201113
-0.00861911999999998
-0.002234586666666649
0.004149946666666682
0.010534480000000013
0.005746079999999987
0.0009576800000000163
0.0001596133333333638
-0.0006384533333333442
-0.0014365199999999967
-0.002234586666666649
-0.0030326533333333017
-0.003830719999999954
-0.004628786666666662
-0.005426853333333315
-0.006224919999999967
-0.007022986666666675
-0.007821053333333328
-0.00861911999999998
-0.0038307200000000097
0.0009576799999999608
-0.0038307200000000097
-0.00861913000000003
-0.0038307200000000097
0.015322900000000028
0.010534480000000013
0.00814028
0.005746079999999987
0.0033518799999999738
0.0009576800000000163
0.0009576800000000163
0.0009576800000000163
0.0009576800000000163
0.0009576800000000163
0.0009576800000000163
0.0020217688888888863
0.003085857777777812
0.004149946666666682
0.005214035555555552
0.006278124444444477
0.007342213333333347
0.008406302222222217
0.009470391111111143
0.010534480000000013
0.005746079999999987
0.0009576800000000163
-0.006224910000000028
-0.013407500000000017
-0.001436510000000002
0.010534480000000013
-0.00861911999999998
-0.005426853333333315
-0.002234586666666649
0.0009576800000000163
0.0033518799999999738
0.0027533299999999983
0.0021547799999999673
0.0015562299999999918
0.0009576799999999608
0.0003591299999999853
-0.0002394199999999902
-0.0008379700000000212
-0.0014365199999999967
-0.0020350700000000277
-0.002633620000000003
-0.003232170000000034
-0.0038307200000000097
0.0009576850000000414
0.005746090000000037
0.005746079999999987
-0.00861913000000003
0.005746079999999987
0.004149946666666682
0.0025538133333333213
0.0009576799999999608
-0.0006384533333333442
-0.002234586666666649
-0.0038307200000000097
0.010534480000000013
0.0033518799999999738
0.0025538133333333213
0.0017557466666666688
0.0009576800000000163
-0.006224910000000028
-0.013407500000000017
0.010534480000000013
0.009470391111111143
0.008406302222222217
0.007342213333333347
0.006278124444444477
0.005214035555555552
0.004149946666666682
0.003085857777777812
0.0020217688888888863
0.0009576800000000163
-0.013407500000000017
-0.0038307200000000097
0.010534490000000007
0.005746079999999987
0.0009576771428571051
-0.003830725714285721
-0.008619128571428603
-0.013407531428571429
-0.01819593428571431
-0.022984337142857192
-0.027772740000000018
-0.015003663333333361
-0.002234586666666649
0.010534490000000007
-0.003830710000000015
0.00814029500000002
0.0201113
0.012928689999999965
0.005746079999999987
0.0033518799999999738
0.0009576799999999608
-0.0014365199999999967
-0.0038307200000000097
0.0201113
-0.05171475999999997
0.04884173000000003
0.015322895000000003
-0.01819594000000002
-0.00861913000000003
0.0009576800000000163
0.0033518799999999738
0.005746079999999987
0.020111290000000004
0.03447650000000002
0.01771708999999999
0.0009576800000000163
-0.01580172999999996
-0.03256113999999999
-0.022984339999999992
-0.016599799999999998
-0.010215259999999948
-0.003830719999999954
-0.008619109999999985
-0.013407500000000017
0.017717115000000005
0.04884173000000003
0.03607265166666668
0.023303573333333327
0.010534495000000033
-0.0022345833333333176
-0.015003661666666668
-0.027772740000000018
-0.01819593333333336
-0.008619126666666643
0.0009576800000000163
0.005746085000000012
0.010534490000000007
0.015322895000000003
0.0201113
0.0033518999999999632
-0.013407500000000017
0.01771709499999996
-0.01819594000000002
-0.016599793333333335
-0.015003646666666703
-0.013407500000000017
0.015322900000000028
-0.01819594000000002
-0.0009576880000000121
0.016280563999999997
0.03351881600000001
0.050757068000000016
0.06799532
0.03208230000000001
-0.0038307200000000097
0.0033518799999999738
0.002154780000000023
0.0009576800000000163
-0.01580172999999996
-0.03256113999999999
0.0033518799999999738
0.03926489999999999
0.02489969000000003
0.010534480000000013
-0.005027829999999955
-0.02059013999999998
-0.03615245
-0.05171475999999997
0.05363013
0.028091973333333353
0.002553816666666653
-0.022984339999999992
-0.022984339999999992
0.03447650000000002
0.041659115000000024
0.04884173000000003
-0.0038307149999999845
-0.05650316
-0.006224930000000017
0.04405330000000002
0.028490989999999994
0.012928680000000026
-0.002633629999999998
-0.01819594000000002
-0.020590140000000035
-0.022984339999999992
-0.025378540000000005
0.05363013
0.03830723899999999
0.022984347999999988
0.007661456999999983
-0.0076614340000000225
-0.022984325000000028
-0.03830721599999998
-0.05363010699999998
-0.06895299799999999
-0.08427588899999999
-0.09959878
0.01691903
0.010534495000000033
-0.013407523333333338
-0.03734954166666665
-0.06129156000000002
-0.038546645000000046
-0.015801730000000014
0.006943185000000018
0.029688099999999995
-0.027772740000000018
0.03926490000000005
0.012130620000000036
-0.015003659999999974
-0.042137939999999985
-0.013407520000000006
0.015322900000000028
0.01612096666666668
0.016919033333333333
0.01771710000000004
0.018515166666666694
0.019313233333333346
0.0201113
-0.03256113999999999
0.017717095000000016
-0.0804452
-0.05011863999999999
-0.01979207999999999
0.010534480000000013
-0.010215266666666667
-0.03096501333333329
-0.05171475999999997
-0.04373408666666667
-0.03575341333333332
-0.027772739999999962
-0.019792066666666663
-0.011811393333333364
-0.0038307200000000097
0.03687070999999997
0.07757214000000001
-0.020590129999999984
0.01292869000000002
0.021707426666666696
0.030486163333333316
0.03926489999999999
0.0033518799999999738
-0.03256113999999999
-0.0038307200000000097
0.0038307240000000076
0.011492168000000025
0.019153611999999987
0.026815056000000004
0.03447650000000002
-0.00861911999999998
0.0201113
0.01771710000000004
0.015322900000000028
0.0009577000000000058
-0.013407500000000017
0.04405330000000002
0.039606927142857185
0.035160554285714296
0.030714181428571463
0.026267808571428575
0.021821435714285742
0.017375062857142853
0.01292869000000002
-0.022984339999999992
-0.019991587499999963
-0.01699883499999999
-0.014006082500000017
-0.011013329999999988
-0.008020577499999959
-0.005027824999999986
-0.0020350725000000125
0.0009576800000000163
-0.013407529999999945
0.007342213333333347
0.013726756666666673
0.0201113
-0.011013319999999993
-0.042137939999999985
-0.031603453000000004
-0.021068965999999967
-0.010534478999999985
8.000000051300304e-09
0.010534495000000033
0.027293897499999997
0.04405330000000002
0.020111285000000034
-0.0038307300000000044
-0.027772744999999988
-0.05171475999999997
-0.006224919999999967
0.002154780000000023
0.010534480000000013
0.0033518799999999738
-0.0038307200000000097
0.0025538199999999844
0.008938360000000034
0.015322900000000028
0.0009577000000000058
-0.013407500000000017
-0.010215236666666683
-0.007022973333333349
-0.003830710000000015
-0.000638446666666681
0.002553816666666653
0.005746079999999987
0.005746079999999987
-0.006224910000000028
0.0009576800000000163
0.002154780000000023
0.0033518799999999738
0.00454897999999998
0.005746079999999987
0.015322900000000028
0.005746100000000032
-0.00383070000000002
-0.013407500000000017
0.010534480000000013
0.0009576800000000163
0.004149946666666682
0.007342213333333347
0.010534480000000013
0.0009576800000000163
0.005746079999999987
0.010534480000000013
0.0009576800000000163
-0.00861911999999998
0.0009576800000000163
0.010534480000000013
0.006943179999999993
0.0033518799999999738
-0.0002394199999999902
-0.0038307200000000097
-0.0038307149999999845
-0.003830710000000015
-0.0014365124999999868
0.0009576849999999859
0.0033518824999999586
0.005746079999999987
0.005746079999999987
0.005746079999999987
0.006703761333333336
0.007661442666666629
0.008619123999999978
0.009576805333333327
0.010534486666666676
0.01149216799999997
0.012449849333333318
0.013407530666666667
0.014365212000000016
0.01532289333333331
0.01628057466666666
0.017238256000000007
0.018195937333333356
0.01915361866666665
0.0201113
0.0009576800000000163
0.010534480000000013
0.0009576800000000163
-0.011013309999999998
-0.00023941500000002058
0.010534480000000013
0.0009576800000000163
0.008140289999999994
0.00574608666666665
0.003351883333333361
0.0009576800000000163
-0.0038307200000000097
-0.00861911999999998
-0.005426853333333315
-0.002234586666666649
0.0009576800000000163
0.010534480000000013
0.0009576800000000163
-0.00861911999999998
0.0009576800000000163
0.0009576800000000163
0.0009576800000000163
0.0015562299999999918
0.002154780000000023
0.0027533299999999983
0.0033518799999999738
0.003950430000000005
0.00454897999999998
0.005147530000000011
0.005746079999999987
0.005746079999999987
0.0064301371428571175
0.007114194285714304
0.007798251428571434
0.008482308571428565
0.009166365714285696
0.009850422857142882
0.010534480000000013
-0.0038307200000000097
-0.0038307200000000097
-0.0038307200000000097
-0.013407500000000017
0.005746079999999987
0.007342213333333347
0.008938346666666652
0.010534480000000013
0.01292869000000002
0.015322900000000028
0.00814029000000005
0.0009576800000000163
0.005746079999999987
0.007342213333333347
0.008938346666666652
0.010534480000000013
-0.006224919999999967
-0.00861911999999998
-0.006703760000000003
-0.0047883999999999705
-0.0028730399999999934
-0.0009576799999999608
0.0009576800000000163
-0.00861911999999998
