-0.005027813999999853
-0.005027813999999853
-0.005027813999999853
-0.005027813999999853
-0.005027813999999853
-0.005027813999999853
-0.005027813999999853
-0.005027813999999853
-0.005027813999999853
-0.014604673999999873
-0.009816213999999879
0.018914186000000055
-0.009816213999999879
-0.009816213999999879
-0.009816213999999879
-0.00023941399999993784
0.009337386000000114
0.002154786000000186
-0.005027813999999853
-0.00263361399999984
-0.00023941399999993784
0.002154786000000075
0.004548986000000088
-0.0018355673333332323
-0.008220120666666553
-0.014604673999999873
-0.00023941399999993784
-0.009816213999999879
-0.010614290666666526
-0.011412367333333284
-0.012210443999999931
-0.006224928999999935
-0.00023941399999993784
-0.012210443999999931
-0.024181473999999925
-0.022385816499999933
-0.02059015899999994
-0.01879450149999995
-0.016998843999999957
-0.015203186499999854
-0.013407528999999863
-0.01161187149999987
-0.009816213999999879
-0.00023941399999993784
-0.009816243999999807
0.009337386000000114
-0.00023941399999993784
0.004548986000000088
0.009337386000000114
-0.0026336439999998795
-0.014604673999999873
-0.009816258999999938
-0.0050278439999998925
-0.00023942899999984668
0.004548986000000088
0.002154786000000075
-0.00023941399999993784
-0.00263361399999984
-0.005027813999999853
-0.0050278439999998925
-0.009816213999999879
-0.00263361399999984
0.004548986000000088
-0.00023941399999993784
-0.005027813999999853
-0.00023941399999993784
0.004548986000000088
-0.00263361399999984
-0.009816213999999879
-0.008220080666666574
-0.006623947333333158
-0.005027813999999853
-0.007422013999999866
-0.009816213999999879
-0.01101332899999985
-0.012210443999999931
-0.013407558999999902
-0.014604673999999873
-0.005027813999999853
-0.005027813999999853
-0.00023941399999993784
-0.005027813999999964
-0.009816213999999879
-0.014604643999999833
-0.0193930739999999
-0.0193930739999999
-0.0193930739999999
-0.0193930739999999
-0.0193930739999999
-0.017477701999999873
-0.015562329999999847
-0.013646957999999931
-0.011731585999999905
-0.009816213999999879
-0.00023941399999993784
-0.00023941399999993784
-0.00023941399999993784
-0.009816243999999918
-0.0193930739999999
-0.0193930739999999
-0.0193930739999999
-0.014604658999999964
-0.009816243999999918
-0.005027828999999873
-0.00023941399999993784
-0.009816213999999879
-0.009816213999999879
-0.009816213999999879
-0.009816213999999879
-0.009816213999999879
-0.005027813999999853
-0.014604643999999833
-0.013407536499999817
-0.0122104289999998
-0.011013321499999895
-0.009816213999999879
-0.014604673999999873
-0.012210463999999921
-0.009816253999999858
-0.0074220439999999055
-0.005027833999999953
-0.00263362399999989
-0.00023941399999993784
-0.00023941399999993784
-0.005027813999999964
-0.009816213999999879
-0.005027813999999964
-0.00023941399999993784
-0.0006384473333332918
-0.0010374806666666458
-0.0014365139999998888
-0.0018355473333332428
-0.002234580666666597
-0.002633613999999951
-0.003032647333333305
-0.003431680666666659
-0.003830714000000013
-0.004229747333333256
-0.00462878066666661
-0.005027813999999964
-0.012210443999999931
-0.00263361399999984
0.004548986000000088
0.002154786000000075
-0.00023941399999993784
-0.014604673999999873
-0.014604673999999873
-0.014604673999999873
-0.014604673999999873
-0.014604673999999873
-0.009816213999999879
-0.008220080666666574
-0.006623947333333158
-0.005027813999999853
-0.00023941399999993784
-0.005027833999999953
-0.009816253999999858
-0.014604673999999873
-0.009816213999999879
-0.009816213999999879
-0.007422013999999866
-0.005027813999999853
-0.009816243999999807
-0.014604673999999873
-0.014604673999999873
-0.014604673999999873
-0.0074220439999999055
-0.00023941399999993784
0.0013567193333333671
0.002952852666666783
0.004548986000000088
-0.00263361399999984
-0.009816213999999879
-0.01101332899999985
-0.012210443999999931
-0.013407558999999902
-0.014604673999999873
-0.015402740666666581
-0.016200807333333178
-0.016998873999999886
-0.017796940666666594
-0.01859500733333319
-0.0193930739999999
-0.024181473999999925
-0.009816213999999879
0.009337386000000114
-0.009816213999999879
-0.005027813999999853
-0.003431680666666548
-0.0018355473333332428
-0.00023941399999993784
0.004548986000000088
0.009337386000000114
-0.00023941399999993784
0.009337386000000114
-0.005027813999999853
-0.003431680666666548
-0.0018355473333332428
-0.00023941399999993784
-0.009816213999999879
-0.009132156857142748
-0.008448099714285617
-0.007764042571428487
-0.007079985428571245
-0.006395928285714114
-0.0057118711428569835
-0.005027813999999853
-0.009816213999999879
-0.008220080666666574
-0.006623947333333158
-0.005027813999999853
-0.009816243999999807
-0.005027813999999853
-0.024181473999999925
-0.009816243999999918
0.004548986000000088
-0.0074220439999999055
-0.0193930739999999
-0.01843539399999994
-0.017477713999999867
-0.016520033999999906
-0.015562353999999834
-0.014604673999999873
0.009337386000000114
0.006344628500000171
0.0033518710000001173
0.00035911350000006337
-0.0026336439999998795
-0.005626401499999822
-0.008619158999999876
-0.01161191649999993
-0.014604673999999873
-0.014604673999999873
-0.0193930739999999
-0.005027813999999853
0.018914186000000055
-0.00023941399999993784
-0.004070145999999886
-0.007900877999999945
-0.011731609999999892
-0.015562341999999951
-0.0193930739999999
-0.014604643999999833
-0.009816213999999879
-0.014604673999999873
-0.005027813999999853
-0.009816213999999879
0.009337386000000114
0.009337386000000114
0.009337386000000114
0.009337386000000114
0.009337386000000114
0.009337386000000114
0.009337386000000114
0.009337386000000114
0.009337386000000114
0.004548986000000088
-0.00023941399999993784
-0.0193930739999999
0.009337386000000114
-0.014604673999999873
0.006943186000000101
-0.012210443999999931
-0.006623967333333258
-0.001037490666666585
0.004548986000000088
-0.0050278439999998925
-0.014604673999999873
-0.014604673999999873
-0.014604673999999873
-0.014604673999999873
-0.013407558999999902
-0.012210443999999931
-0.01101332899999985
-0.009816213999999879
-0.014604673999999873
-0.016998843999999957
-0.0014365289999999087
0.01412578600000014
-0.0050278439999998925
-0.024181473999999925
-0.009816253999999969
0.004548966000000099
0.018914186000000055
-0.0050278440000000035
-0.02896987399999995
-0.021787266999999888
-0.014604659999999936
-0.007422052999999873
-0.000239445999999921
0.006943161000000142
0.02729387350000012
0.0476445860000001
0.03986342850000013
0.03208227100000016
0.024301113500000082
0.016519956000000113
0.008738798500000144
0.0009576410000000646
-0.006823516499999904
-0.014604673999999873
-0.00742206649999988
-0.0002394589999998864
0.006943148500000107
0.0141257560000001
0.021308363500000094
0.028490971000000087
0.03567357850000008
0.042856186000000074
0.009337386000000114
0.009337386000000114
0.004548986000000088
-0.048123463999999894
0.004548986000000088
-0.0624886939999999
0.02370258600000008
-0.06727709399999987
0.06200982600000016
-0.0385466639999999
0.06679822600000007
-0.00023941399999993784
0.007741252666666698
0.015721919333333445
0.02370258600000008
0.00574607100000013
-0.012210443999999931
-0.00023941399999993784
-0.030565980666666603
-0.06089254733333321
-0.09121911399999988
-0.03375826399999993
0.02370258600000008
-0.0624886939999999
-0.024181453999999936
0.01412578600000014
0.052433026000000105
0.011731576000000077
-0.02896987399999995
0.03327938600000013
0.006943156000000172
-0.0193930739999999
-0.020031527333333243
-0.020669980666666588
-0.02130843399999993
-0.021946887333333276
-0.02258534066666662
-0.023223793999999964
-0.02386224733333331
-0.02450070066666654
-0.025139153999999886
-0.02577760733333323
-0.026416060666666574
-0.02705451399999992
-0.027692967333333263
-0.028331420666666607
-0.02896987399999995
-0.00023941399999993784
-0.024181448999999855
0.009337356000000074
-0.021787238999999903
-0.005027813999999853
-0.014604630666666507
-0.02418144733333316
-0.03375826399999987
-0.01221043899999985
0.015322873500000167
0.042856186000000074
0.002154761000000116
-0.0385466639999999
-0.005027838999999923
0.028490986000000107
0.009337366000000125
-0.009816253999999969
-0.02896987399999995
-0.026575673999999938
-0.024181473999999925
-0.00023944399999997756
0.02370258600000008
-0.05770026399999989
-0.014604638999999864
0.028490986000000107
-0.007422038999999936
-0.04333506399999992
-0.03655149316666656
-0.029767922333333252
-0.02298435149999989
-0.016200780666666525
-0.009417209833333273
-0.00263363899999991
0.004149931833333453
0.010933502666666817
0.01771707350000018
0.024500644333333432
0.031284215166666796
0.03806778600000016
-0.005027813999999853
0.004548986000000088
-0.009816213999999879
-0.0385466639999999
0.028490986000000107
-0.005027838999999923
-0.011412383999999887
-0.01779692899999996
-0.024181473999999925
-0.014604643999999833
-0.005027813999999853
-0.009816213999999879
-0.0385466639999999
0.018914186000000055
-0.014604638999999864
-0.048123463999999894
-0.024181447333333272
-0.00023943066666654023
0.02370258600000008
-0.00023941399999993784
-0.0032865821818180985
-0.006333750363636259
-0.00938091854545442
-0.012428086727272691
-0.015475254909090852
-0.018522423090909013
-0.021569591272727173
-0.024616759454545334
-0.027663927636363494
-0.030711095818181655
-0.03375826399999987
-0.005027838999999923
0.02370258600000008
-0.03375826399999987
-0.005027838999999923
0.02370258600000008
-0.0193930739999999
0.004548986000000088
0.02370258600000008
-0.005027813999999853
0.02370258600000008
-0.014604673999999873
0.018914186000000055
0.009337386000000114
-0.00023941399999993784
-0.0021547739999999704
-0.004070133999999892
-0.005985493999999925
-0.007900853999999846
-0.009816213999999879
0.03806778600000016
-0.02896987399999995
0.01412578600000014
0.002154786000000186
-0.009816213999999879
-0.01101332899999985
-0.012210443999999931
-0.013407558999999902
-0.014604673999999873
0.004548986000000088
-0.006623967333333258
-0.017796920666666605
-0.02896987399999995
0.0021547560000001464
0.03327938600000013
-0.00023943899999989693
-0.03375826399999987
-0.016998838999999877
-0.00023941399999993784
-0.00023941399999993784
-0.00023941399999993784
-0.0031124599999999836
-0.005985505999999918
-0.008858551999999964
-0.011731597999999899
-0.014604643999999944
-0.01747768999999999
-0.020350735999999925
-0.02322378199999997
-0.026096827999999905
-0.02896987399999995
-0.014604638999999864
0.009337386000000114
0.004548986000000088
0.002154780000000134
-0.00023942599999993153
-0.002633631999999886
-0.005027837999999951
-0.0074220439999999055
-0.00981624999999986
-0.012210455999999925
-0.01460466199999988
-0.016998867999999945
-0.0193930739999999
-0.0034317206666665268
0.012529632666666735
0.028490986000000107
0.006943156000000172
-0.014604673999999873
-0.021787273999999912
-0.02896987399999995
-0.009816243999999918
0.009337386000000114
-0.014604638999999864
-0.0385466639999999
0.002154761000000116
0.042856186000000074
-0.024181473999999925
-0.018195966499999883
-0.012210458999999951
-0.006224951499999909
-0.00023944399999997756
0.005746063500000065
0.011731571000000107
0.01771707850000004
0.02370258600000008
0.004548986000000088
-0.0385466639999999
0.0021547560000001464
0.009337386000000114
-0.03375826399999987
-0.0018355673333332323
-0.014604638999999864
-0.003830732749999899
0.006943173500000066
0.017717079750000142
0.028490986000000107
-0.04333506399999992
-0.016998838999999877
0.009337386000000114
-0.009816238999999838
0.03806778600000016
0.01891417350000013
-0.00023943899999989693
-0.019393051499999925
-0.0385466639999999
-0.00023941399999993784
-0.00981623399999998
-0.01939305399999991
-0.02896987399999995
0.02370258600000008
-0.0018355639999999562
-0.027373713999999882
-0.05291186399999992
-0.030565980666666603
-0.008220097333333176
0.01412578600000014
-0.0193930739999999
-0.005027813999999853
-0.005027813999999853
-0.005027813999999853
-0.01939303899999989
-0.03375826399999987
-0.016200780666666525
0.0013567026666667648
0.018914186000000055
0.008140271000000032
-0.0026336439999998795
-0.013407558999999902
-0.024181473999999925
-0.013407543999999882
-0.00263361399999984
-0.03375826399999987
-0.01779691399999983
-0.0018355639999998452
0.01412578600000014
0.010401468222222321
0.006677150444444613
0.0029528326666667937
-0.0007714851111110255
-0.004495802888888734
-0.008220120666666553
-0.011944438444444372
-0.01566875622222208
-0.0193930739999999
-0.00023941399999993784
0.01412578600000014
-0.009816213999999879
-0.009816213999999879
-0.00023941399999993784
-0.01939304399999986
-0.009816228999999899
-0.00023941399999993784
0.002154786000000075
0.004548986000000088
-0.024181473999999925
-0.022385816499999933
-0.02059015899999994
-0.01879450149999995
-0.016998843999999957
-0.015203186499999854
-0.013407528999999863
-0.01161187149999987
-0.009816213999999879
-0.00263361399999984
0.004548986000000088
-0.005027813999999853
-0.009816213999999879
-0.00023941399999993784
-0.009816243999999918
-0.0193930739999999
0.004548986000000088
0.0021547785000001207
-0.00023942899999984668
-0.002633636499999925
-0.0050278439999998925
-0.00742205149999986
-0.009816258999999938
-0.012210466499999906
-0.014604673999999873
-0.0026336439999998795
-0.0050278439999998925
-0.005027828999999873
-0.005027813999999853
-0.005027813999999853
-0.005027813999999853
-0.0018355473333332428
0.0013567193333334782
0.004548986000000088
0.002154786000000075
-0.00023941399999993784
-0.00263361399999984
-0.005027813999999853
-0.009816213999999879
-0.009816213999999879
-0.009816213999999879
-0.009816213999999879
-0.00023941399999993784
-0.0193930739999999
-0.014604673999999873
-0.011412387333333163
-0.008220100666666563
-0.005027813999999853
-0.005027813999999853
-0.00263361399999984
-0.00023941399999993784
-0.0038307289999999217
-0.0074220439999999055
-0.01101335899999989
-0.014604673999999873
-0.011412387333333163
-0.008220100666666563
-0.005027813999999853
-0.014604673999999873
-0.009816213999999879
-0.00023941399999993784
-0.005027813999999964
-0.009816213999999879
-0.009816213999999879
-0.009816213999999879
-0.009816213999999879
-0.009816213999999879
-0.009816213999999879
-0.009816213999999879
-0.009816213999999879
-0.009816213999999879
-0.009816213999999879
-0.009816213999999879
-0.005027813999999853
-0.00263361399999984
-0.00023941399999993784
-0.005027813999999964
-0.009816213999999879
-0.005027813999999964
-0.00023941399999993784
-0.005027813999999853
-0.007422013999999866
-0.009816213999999879
-0.009816213999999879
-0.009816213999999879
