-0.023941999999999908
-0.025139000000001133
-0.02633600000000058
-0.02753300000000003
-0.028730000000001255
-0.009577000000000169
-0.028730000000001255
-0.02394150000000117
-0.019153000000001086
-0.009577000000000169
-0.016759500000000926
-0.023941999999999908
-0.025139000000001133
-0.02633600000000058
-0.02753300000000003
-0.028730000000001255
-0.028730000000001255
-0.028730000000001255
-0.028730000000001255
-0.004788000000001347
-0.028730000000001255
-0.027532875000000345
-0.026335750000001212
-0.02513862500000208
-0.02394150000000117
-0.02274437500000026
-0.021547250000001128
-0.020350125000001995
-0.019153000000001086
-0.009577000000000169
-0.009577000000000169
-0.009577000000000169
-0.023941999999999908
-0.028730000000001255
-0.02394150000000117
-0.019153000000001086
-0.028730000000001255
-0.02667785714285742
-0.02462571428571536
-0.022573571428571526
-0.020521428571429468
-0.018469285714285633
-0.016417142857143574
-0.014364999999999739
-0.016759000000000412
-0.019153000000001086
-0.014364999999999739
-0.019153000000001086
0.004788999999998822
0.008619599999999394
0.012450199999999967
0.016280799999998763
0.020111399999999335
0.023941999999999908
-0.043095000000000994
-0.04309550000000151
0.0
0.0006840714285711869
0.0013681428571423737
0.0020522142857135606
0.002736285714286524
0.0034203571428577106
0.0041044285714288975
0.004788500000000084
0.005472571428571271
0.006156642857142458
0.006840714285713645
0.007524785714286608
0.008208857142857795
0.008892928571428982
0.009577000000000169
-0.009577000000000169
-0.023941999999999908
-0.009577000000000169
-0.019153000000001086
-0.019153499999999823
-0.03591300000000075
-0.023941999999999908
-0.017956500000000375
-0.011971000000000842
-0.005985499999999533
0.0
-0.023941999999999908
-0.01915366666666607
-0.014365333333334007
-0.009577000000000169
-0.016759500000000926
-0.023941999999999908
-0.009577000000000169
-0.004788000000001347
-0.014364999999999739
-0.023941999999999908
-0.021547500000000497
-0.019153000000001086
-0.014364999999999739
-0.009577000000000169
-0.019153499999999823
-0.028730000000001255
-0.028730000000001255
-0.028730000000001255
-0.028730000000001255
-0.028730000000001255
-0.028730000000001255
-0.028730000000001255
-0.028730000000001255
-0.028730000000001255
-0.004788000000001347
-0.014364999999999739
-0.023941999999999908
-0.009577000000000169
0.0
-0.028730000000001255
-0.02633600000000058
-0.023941999999999908
-0.02633600000000058
-0.028730000000001255
-0.030326333333334787
-0.031922666666666544
-0.033519000000000077
-0.031124500000000666
-0.028730000000001255
-0.004788000000001347
-0.007182500000000758
-0.009577000000000169
-0.011971000000000842
-0.014364999999999739
-0.019153000000001086
-0.02074933333333462
-0.022345666666666375
-0.023941999999999908
-0.014364999999999739
-0.004788000000001347
-0.014364999999999739
-0.023941999999999908
-0.03351850000000134
-0.043095000000000994
-0.03671066666666789
-0.03032633333333301
-0.023941999999999908
-0.028730250000000623
-0.03351850000000134
-0.03830675000000028
-0.043095000000000994
-0.06224900000000133
0.0
-0.016759500000000926
-0.033519000000000077
-0.027533500000000544
-0.02154800000000101
-0.015562499999999702
-0.009577000000000169
-0.07182599999999972
-0.05506666666666682
-0.038307333333333915
-0.02154800000000101
-0.015562499999999702
-0.009577000000000169
-0.028730333333333746
-0.047883666666667324
-0.0670370000000009
-0.019153000000001086
-0.03112400000000015
-0.043095000000000994
-0.030645200000000372
-0.018195400000001527
-0.0057456000000009055
0.00670419999999794
0.01915399999999856
-0.028730000000001255
-0.004788000000001347
-0.007182250000001389
-0.009576499999999655
-0.011970749999999697
-0.014364999999999739
0.033519000000000077
-0.023941999999999908
-0.009576499999999655
0.004788999999998822
-0.023941999999999908
0.004788500000000084
0.033519000000000077
0.006384666666667371
-0.02074966666666711
-0.047883999999999816
-0.047883999999999816
-0.04149933333333422
-0.03511466666666685
-0.028730000000001255
4.999999987376214e-07
0.02873099999999873
-0.0670370000000009
-0.035912500000000236
-0.004788000000001347
-0.02394150000000117
-0.043095000000000994
-0.014364999999999739
0.014364999999999739
-0.02074966666666711
-0.05586433333333396
-0.09097900000000081
-0.05267200000000116
-0.05985450000000192
-0.0670370000000009
-0.04070100000000032
-0.014364999999999739
-0.025737375000000284
-0.03710975000000083
-0.048482125000001375
-0.05985450000000192
-0.05386924999999998
-0.047883999999999816
-0.04638762499999949
-0.04489124999999916
-0.04339487500000061
-0.04189850000000028
-0.040402124999999955
-0.03890574999999963
-0.0374093749999993
-0.035912999999998974
-0.03441662500000042
-0.032920250000000095
-0.03142387499999977
-0.02992749999999944
-0.028431124999999113
-0.026934750000000562
-0.025438375000000235
-0.023941999999999908
-0.045489500000000405
-0.0670370000000009
0.009577000000000169
-0.019153000000001086
-0.004788000000001347
-0.057460999999999984
0.057460999999999984
-0.023941999999999908
-0.009577000000000169
0.023941999999999908
0.023941999999999908
0.002394499999999411
-0.019153000000001086
-0.019153000000001086
0.047883999999999816
0.004788499999998308
-0.03830700000000142
-0.028730000000001255
-0.03351850000000134
-0.03830700000000142
0.0
-0.02106900000000067
-0.042137999999999565
-0.06320700000000024
-0.08427599999999913
-0.1053449999999998
-0.047883999999999816
-0.047883999999999816
-0.028730000000001255
-0.07661400000000107
-0.02633600000000058
0.023941999999999908
-0.007182500000000758
-0.03830700000000142
-0.031124500000000666
-0.023941999999999908
-0.026678142857143428
-0.02941428571428517
-0.03215042857142869
-0.03488657142857221
-0.03762271428571573
-0.040358857142857474
-0.043095000000000994
-0.017557000000000045
0.007980999999999128
0.033519000000000077
-0.0023940000000006734
-0.03830700000000142
-0.02234566666666815
-0.006384333333333103
0.009577000000000169
0.006384666666667371
0.0031923333333327975
0.0
0.035912999999998974
0.07182599999999972
0.03950449999999961
0.007182999999999495
0.03830699999999965
0.01915399999999856
-0.009577000000000169
-0.011971000000000842
-0.05267200000000116
-0.04070100000000032
-0.028730000000001255
-0.01675900000000219
-0.004788000000001347
-0.03830700000000142
-0.07182599999999972
0.009577000000000169
-0.019153499999999823
-0.047883999999999816
-0.07661449999999981
-0.1053449999999998
-0.05506650000000057
-0.004788000000001347
-0.057460999999999984
-0.048841799999999935
-0.040222599999999886
-0.03160339999999984
-0.022984199999999788
-0.014364999999999739
-0.11971000000000132
-0.035912500000000236
-0.06224900000000133
-0.06623933333333376
-0.07022966666666797
-0.07422000000000217
-0.0782103333333346
-0.08220066666666703
-0.08619100000000124
-0.004788000000001347
-0.057460999999999984
-0.028730000000001255
-0.047883999999999816
-0.03511499999999934
-0.022346000000000643
-0.009577000000000169
-0.05267200000000116
-0.045489500000000405
-0.03830700000000142
-0.05027800000000049
-0.06224900000000133
-0.046686750000001
-0.031124500000000666
-0.015562250000000333
0.0
-0.05267200000000116
-0.014364999999999739
-0.013766499999999127
-0.01316800000000029
-0.012569499999999678
-0.011971000000000842
-0.01137250000000023
-0.010773999999999617
-0.010175500000000781
-0.009577000000000169
0.03830699999999965
-0.08140299999999989
-0.028730000000001255
-0.004788000000001347
0.00079849999999837
0.006384999999998087
0.01197149999999958
0.017557999999999296
0.023144499999999013
0.02873099999999873
-0.033519000000000077
-0.023941999999999908
-0.014364999999999739
0.047883999999999816
0.033519000000000077
-0.028730000000001255
-0.004788000000001347
0.062248999999999555
0.049080999999999264
0.035912999999998974
0.02274500000000046
0.009577000000000169
0.0
-0.004788000000001347
0.0020525714285710706
0.008893142857141711
0.01573371428571413
0.02257428571428477
0.029414857142857187
0.03625542857142783
0.043096000000000245
-0.007980666666666636
0.010640888888888256
0.029262444444444924
0.047883999999999816
0.011971000000000842
-0.023941999999999908
-0.019552583333332763
-0.015163166666667394
-0.010773750000000248
-0.006384333333333103
-0.0019949166666677343
0.002394499999999411
0.006783916666666556
0.011173333333331925
0.01556274999999907
0.019952166666666216
0.024341583333331585
0.02873099999999873
4.999999987376214e-07
-0.028730000000001255
0.0
-0.019153499999999823
-0.03830700000000142
-0.028730000000001255
-0.07661400000000107
-0.009577000000000169
-0.028730000000001255
-0.041898250000000914
-0.05506650000000057
-0.06823475000000023
-0.08140299999999989
-0.04469166666666702
-0.007980333333334144
0.02873099999999873
0.010774499999998355
-0.00718200000000202
-0.02513850000000062
-0.043095000000000994
-0.03830700000000142
-0.09097900000000081
-0.02394150000000117
-0.038306666666667155
-0.052671833333334916
-0.0670370000000009
-0.08619100000000124
-0.1053449999999998
-0.08427599999999913
-0.06320700000000024
-0.042137999999999565
-0.02106900000000067
0.0
-0.03351850000000134
-0.043095000000000994
-0.040860466666668316
-0.03862593333333386
-0.036391400000001184
-0.03415686666666673
-0.03192233333333405
-0.029687800000001374
-0.02745326666666692
-0.025218733333334242
-0.022984199999999788
-0.02074966666666711
-0.018515133333334433
-0.01628059999999998
-0.0140460666666673
-0.011811533333332846
-0.009577000000000169
-0.03830700000000142
-0.0670370000000009
-0.004788000000001347
-0.02394150000000117
-0.043095000000000994
-0.009577000000000169
-0.07182599999999972
0.004788999999998822
0.014364999999999739
0.01915399999999856
-0.06224900000000133
0.0
0.023941999999999908
-0.014364999999999739
-0.023941999999999908
-0.009576666666667677
0.00478866666666633
0.01915399999999856
-0.004788000000001347
-0.006384111111112034
-0.007980222222222721
-0.009576333333335185
-0.011172444444445873
-0.01276855555555656
-0.014364666666667247
-0.01596077777777971
-0.0175568888888904
-0.019153000000001086
-0.019153000000001086
0.02873099999999873
-0.007182500000000758
-0.011970500000002104
-0.010773750000000248
-0.009577000000000169
-0.004788500000000084
0.0
-0.007980666666666636
-0.015961333333333272
-0.023941999999999908
-0.019153000000001086
-0.021547500000000497
-0.023941999999999908
-0.01316800000000029
-0.0023940000000006734
0.008379999999998944
0.01915399999999856
-0.023941999999999908
0.014364999999999739
-0.003192333333334574
-0.02074966666666711
-0.03830700000000142
0.004788999999998822
-0.004788000000001347
-0.014364999999999739
-0.023941999999999908
-0.03351850000000134
-0.043095000000000994
-0.04362711111111217
