0.002394201500000026
0.009576806500000035
-0.007182608499999965
-3.499999956524391e-09
0.007182601500000024
0.007182601500000024
0.0007980648333333618
-0.005586471833333301
-0.011971008499999963
0.011971011500000045
-0.002394198499999972
-0.007182603499999968
-0.011971008499999963
-0.011971008499999963
-0.011971008499999963
-0.012928688499999952
-0.013886368499999968
-0.014844048499999957
-0.015801728499999973
-0.01675940849999996
-0.002394198499999972
-0.002992749749999968
-0.003591300999999991
-0.004189852249999987
-0.0047884034999999825
-0.007182608499999965
-0.0047884034999999825
-0.002394198499999972
0.007182601500000024
-3.499999956524391e-09
-0.007182608499999965
-0.0023942051666666353
0.0023941981666666945
0.007182601500000024
-3.499999956524391e-09
-0.007182608499999965
-0.007182607249999973
-0.00718260599999998
-0.00718260474999996
-0.007182603499999968
-0.002394198499999972
-0.0007980651666666394
0.0007980681666666933
0.002394201500000026
-0.007182608499999965
-0.005586471833333301
-0.0039903351666666365
-0.002394198499999972
-0.007182603499999968
-0.011971008499999963
-0.007182603499999968
-0.002394198499999972
-0.001915358499999964
-0.0014365184999999836
-0.0009576784999999755
-0.00047883849999999506
1.500000013088254e-09
0.002394201500000026
-0.002394198499999972
-0.009576803499999953
-0.01675940849999996
-0.009576803499999953
-0.002394198499999972
1.500000013088254e-09
0.002394201500000026
-0.0014365204999999825
-0.005267242499999963
-0.009097964499999972
-0.012928686499999953
-0.01675940849999996
0.007182601500000024
0.002394201500000026
-0.01675940849999996
-0.01675940849999996
-0.01675940849999996
-0.009576803499999953
-0.002394198499999972
-0.007182603499999968
-0.011971008499999963
-0.01675941349999996
-0.021547818499999954
-0.007182608499999965
0.007182601500000024
0.005985501500000018
0.004788401500000039
0.0035913015000000326
0.002394201500000026
0.007182601500000024
-0.011971008499999963
-0.0047884034999999825
0.002394201500000026
1.500000013088254e-09
-0.002394198499999972
1.500000013088254e-09
0.002394201500000026
0.007182606500000022
0.011971011500000045
1.5000000408438297e-09
-0.011971008499999963
-0.009576805999999966
-0.007182603499999968
-0.00478840099999997
-0.002394198499999972
-0.007182608499999965
-0.011971008499999963
-0.009097966499999971
-0.006224924499999979
-0.0033518824999999586
-0.00047884049999996625
0.002394201500000026
-0.007182608499999965
-0.007182608499999965
-0.007182608499999965
-0.007182608499999965
-0.007182608499999965
-0.003990338499999968
-0.000798068499999971
0.002394201500000026
-0.002394198499999972
-0.002394198499999972
-0.002394198499999972
-0.002394198499999972
-0.01675940849999996
-0.01675940849999996
-0.01675940849999996
-0.013339121357142825
-0.009918834214285688
-0.006498547071428551
-0.0030782599285713863
0.00034202721428575056
0.0037623143571428874
0.007182601500000024
-0.009576808499999978
0.007182601500000024
0.002394201500000026
-0.002394198499999972
0.011971011500000045
0.011286952928571459
0.0106028943571429
0.009918835785714314
0.009234777214285755
0.008550718642857169
0.00786666007142861
0.007182601500000024
-0.002394198499999972
-0.0017101413571428414
-0.001026084214285683
-0.00034202707142855227
0.0003420300714286062
0.001026087214285737
0.0017101443571428954
0.002394201500000026
-0.002394198499999972
-0.01675941349999996
-0.002394198499999972
-0.007182608499999965
-3.499999956524391e-09
0.007182601500000024
0.003990334833333359
0.0007980681666666933
-0.002394198499999972
-0.011971008499999963
-0.021547818499999954
-0.002394198499999972
-0.0004788384999999673
0.0014365215000000375
0.0033518815000000146
0.0052672415000000194
0.007182601500000024
0.00359130025000004
-9.999999717180685e-10
-0.0035913022499999836
-0.007182603499999968
0.007182601500000024
0.002394201500000026
0.002394201500000026
-0.0023942034999999695
-0.007182608499999965
-0.0023942034999999695
0.002394201500000026
0.0007980665000000275
-0.000798068499999971
-0.0023942034999999695
-0.003990338499999968
-0.0055864734999999666
-0.007182608499999965
-0.009576803499999953
-0.010773905999999944
-0.011971008499999963
-0.010944922071428526
-0.009918835642857116
-0.008892749214285678
-0.007866662785714268
-0.00684057635714283
-0.00581448992857142
-0.0047884034999999825
0.002394201500000026
-0.011971008499999963
-0.008778740166666632
-0.005586471833333301
-0.0023942034999999695
0.0007980648333333618
0.003990333166666693
0.007182601500000024
-0.01675941349999996
-0.015322891499999963
-0.013886369499999968
-0.012449847499999944
-0.011013325499999949
-0.009576803499999953
-0.007182608499999965
0.011971011500000045
0.010374876500000046
0.008778741500000048
0.007182606500000049
0.005586471500000051
0.003990336500000052
0.002394201500000026
0.0007980665000000275
-0.000798068499999971
-0.0023942034999999695
-0.003990338499999968
-0.0055864734999999666
-0.007182608499999965
1.500000013088254e-09
0.002394201500000054
-0.035913038499999966
-0.030526083499999968
-0.02513912849999997
-0.01975217349999997
-0.014365218499999971
-0.008978263499999972
-0.0035913084999999734
0.0017956465000000255
0.007182601500000024
-0.035913038499999966
-0.011971018499999958
0.011971001500000022
0.03591302150000003
-0.0023942034999999695
-0.04548982849999997
-0.014365208499999949
0.016759411500000043
0.011971011500000045
0.0014365235000000365
-0.009097964499999972
-0.019632452499999953
-0.03016694049999996
-0.04070142849999997
-0.023942018499999967
-0.007182608499999965
-0.0047884034999999825
-0.002394198499999972
0.016759411500000043
-0.019153608499999947
-0.05506662849999994
-0.02394201349999997
0.007182601500000024
-0.009576808499999978
-0.026336218499999953
0.002394201500000026
0.031124621500000033
-0.002394208499999967
-0.035913038499999966
-0.02394202599999995
-0.01197101349999996
-9.999999717180685e-10
0.011971011500000045
-0.026336218499999953
0.002394201500000026
0.031124621500000033
-0.026336218499999953
0.03591302150000003
0.004788401500000039
-0.026336218499999953
-0.01675941349999996
-0.007182608499999965
-3.499999956524391e-09
0.007182601500000024
-0.007182608499999965
-0.021547818499999954
-0.02474008516666662
-0.027932351833333285
-0.03112461849999995
-0.02314394683333329
-0.015163275166666629
-0.00718260349999994
0.0007980681666667211
0.008778739833333382
0.016759411500000043
0.011971011500000017
-0.002394198499999972
-0.035913038499999966
-0.004788408499999952
0.026336221500000034
0.023143951500000037
0.01995168150000004
0.016759411500000043
0.005267243500000046
-0.006224924499999951
-0.017717092499999976
-0.029209260499999973
-0.04070142849999997
-0.007182608499999965
-0.021547818499999954
0.007182601500000052
0.03591302150000003
0.017956506500000025
-8.499999981648187e-09
-0.01795652349999996
-0.035913038499999966
-0.01675940849999996
0.002394201500000026
0.009576806500000035
0.016759411500000043
0.023942016500000024
0.031124621500000033
-0.03112461849999995
-0.014365208499999949
0.002394201500000026
-0.026336218499999953
-0.00718260349999994
0.011971011500000045
-0.004788403499999955
-0.021547818499999954
-0.020350717249999956
-0.019153615999999957
-0.017956514749999958
-0.01675941349999996
0.004788404000000024
0.026336221500000034
0.015801733500000026
0.005267245500000045
-0.005267242499999963
-0.015801730499999944
-0.026336218499999953
0.026336221500000034
0.002394201500000026
-0.0023942034999999695
-0.007182608499999965
-3.499999956524391e-09
0.007182601500000024
-0.011971008499999963
1.5000000408438297e-09
0.011971011500000045
-0.00718260349999994
-0.026336218499999953
-0.018674772499999964
-0.011013326499999948
-0.0033518804999999596
0.0043095655000000566
0.011971011500000045
-0.019153608499999975
-0.015163275166666629
-0.01117294183333331
-0.007182608499999965
0.02154781150000004
0.014963757750000029
0.008379704000000043
0.0017956502500000304
-0.0047884034999999825
-0.0011971009999999782
0.002394201500000026
0.0007980670555555736
-0.0007980673888888512
-0.0023942018333333037
-0.003990336277777756
-0.005586470722222181
-0.0071826051666666335
-0.008778739611111086
-0.01037487405555551
-0.011971008499999963
-0.007980673499999952
-0.003990338499999968
-3.499999956524391e-09
-0.019153613499999972
0.02154781150000004
0.0191536100714286
0.016759408642857188
0.014365207214285747
0.011971005785714334
0.009576804357142893
0.00718260292857148
0.004788401500000039
0.0023942000714285983
-1.3571428147951536e-09
-0.0023942027857142556
-0.004788404214285669
-0.0071826056428571095
-0.00957680707142855
-0.011971008499999963
0.019153611500000056
-0.019153613499999944
-0.00718260349999994
0.002394201500000026
-0.03112461849999995
0.002394201500000026
-0.003591303499999976
-0.009576808499999978
-0.015562313499999952
-0.021547818499999954
-0.01675940849999996
-0.002394198499999972
1.500000013088254e-09
0.002394201500000026
1.500000013088254e-09
-0.002394198499999972
-0.009576803499999953
-0.01675940849999996
-0.014365208499999949
-0.011971008499999963
-0.01675941349999996
-0.021547818499999954
-0.01596134683333328
-0.01037487516666663
-0.004788403499999955
0.0007980681666667211
0.006384539833333369
0.011971011500000045
-0.011971008499999963
0.002394201500000026
0.011971011500000045
-0.021547818499999954
-0.019153613499999944
-0.01675940849999996
-0.011971008499999963
-0.007182608499999965
-0.0077146529444444
-0.008246697388888863
-0.008778741833333298
-0.009310786277777733
-0.009842830722222196
-0.01037487516666663
-0.010906919611111066
-0.011438964055555528
-0.011971008499999963
-0.009576806624999962
-0.00718260474999996
-0.0047884028749999585
-0.002394200999999957
8.75000044642249e-10
0.0023942027500000462
0.00478840462500002
0.007182606500000022
0.009576808375000023
0.011971010250000025
0.014365212125000026
0.016759414000000028
0.01915361587500003
0.02154781775000003
0.023942019625000033
0.026336221500000034
1.5000000408438297e-09
-0.007182603499999968
-0.0039903351666666365
-0.009576808499999978
-0.0023942034999999695
-0.014365208499999949
0.011971011500000045
-0.011971008499999963
-0.01037487516666663
-0.008778741833333298
-0.007182608499999965
-0.004522384055555523
-0.0018621596111110805
0.0007980648333333618
0.003458289277777804
0.006118513722222274
0.008778738166666716
0.011438962611111159
0.014099187055555601
0.016759411500000043
-0.03112461849999995
0.007182601500000052
0.002394201500000026
0.004522380388888914
0.006650559277777801
0.008778738166666689
0.010906917055555576
0.013035095944444491
0.015163274833333379
0.017291453722222266
0.019419632611111154
0.02154781150000004
-0.004788403499999955
-0.026336218499999953
0.03591302150000003
0.01675940816666671
-0.0023942051666666353
-0.021547818499999954
-0.013886372499999966
-0.00622492649999995
0.0014365195000000386
0.009097965500000055
0.016759411500000043
-0.002394198499999972
-0.007182608499999965
-0.000798068499999971
0.005586471500000051
0.011971011500000045
1.5000000408438297e-09
