-0.01388636649999997
-0.011013324499999977
-0.008140282499999957
-0.0052672404999999645
-0.002394198499999972
0.002394201500000026
-0.0047884034999999825
-0.011971008499999963
-0.0047884034999999825
0.002394201500000026
-0.0023942034999999695
-0.007182608499999965
-0.00665056294444441
-0.0061185173888888555
-0.005586471833333301
-0.005054426277777746
-0.004522380722222191
-0.0039903351666666365
-0.0034582896111110817
-0.002926244055555527
-0.002394198499999972
-0.0047884034999999825
-0.007182608499999965
0.002394201500000026
0.002394201500000026
-0.007182608499999965
-0.004788403499999955
0.0007980681666667211
0.006384539833333369
0.011971011500000045
0.011971011500000045
0.011971011500000045
0.011971011500000045
0.011971011500000045
0.011971011500000045
-0.002394198499999972
1.500000013088254e-09
0.002394201500000026
1.500000013088254e-09
-0.002394198499999972
1.500000013088254e-09
0.002394201500000026
-0.002394198499999972
-0.002394198499999972
-0.002394198499999972
-0.002394198499999972
-0.0047884034999999825
-0.007182608499999965
-0.0023942051666666353
0.0023941981666666945
0.007182601500000024
0.009576806500000035
0.011971011500000045
-0.0023941984999999444
-0.01675940849999996
-0.01388636649999997
-0.011013324499999977
-0.008140282499999957
-0.0052672404999999645
-0.002394198499999972
-0.007182608499999965
0.004788406500000036
0.0011971040000000321
-0.002394198499999972
-0.005586468499999969
-0.008778738499999966
-0.011971008499999963
-0.002394198499999972
0.011971011500000045
0.007182606500000049
0.002394201500000026
-0.0023942034999999695
-0.007182608499999965
0.002394201500000026
0.0031922690000000253
0.003990336500000025
0.004788404000000024
0.005586471500000023
0.006384539000000022
0.007182606500000022
0.007980674000000049
0.008778741500000048
0.009576809000000047
0.010374876500000046
0.011172944000000046
0.011971011500000045
0.0023942040000000386
-0.007182603499999968
-0.002394198499999972
0.002394201500000026
-0.011971008499999963
-0.002394198499999972
-0.007182601833333302
-0.011971005166666632
-0.01675940849999996
-0.013339121357142825
-0.009918834214285688
-0.006498547071428551
-0.0030782599285713863
0.00034202721428575056
0.0037623143571428874
0.007182601500000024
-0.014365208499999949
0.007182601500000024
0.0035913015000000326
1.500000013088254e-09
0.007182601500000024
0.004788401500000039
0.002394201500000026
0.007182604833333356
0.011971008166666713
0.016759411500000043
0.011971006500000048
0.007182601500000024
-0.011971008499999963
-0.011438964055555528
-0.010906919611111066
-0.01037487516666663
-0.009842830722222196
-0.009310786277777733
-0.008778741833333298
-0.008246697388888863
-0.0077146529444444
-0.007182608499999965
-0.0023942034999999695
0.002394201500000026
-0.0047884034999999825
-0.007182608499999965
0.002394201500000026
0.002394201500000026
0.002394201500000026
0.002394201500000026
0.002394201500000026
0.002394201500000026
0.002394201500000026
0.002394201500000026
0.002394201500000026
1.500000013088254e-09
-0.002394198499999972
0.002394201500000026
0.007182601500000024
-0.01675940849999996
-0.007182608499999965
-0.008778741833333298
-0.01037487516666663
-0.011971008499999963
-0.007182608499999965
-0.007182608499999965
-0.007182608499999965
-0.007182608499999965
-0.007182608499999965
-0.007182608499999965
-0.007182608499999965
-0.007182608499999965
-0.011971008499999963
-0.0023942034999999695
-0.0023942018333333037
-0.002394200166666638
-0.002394198499999972
-0.002394198499999972
-0.002394198499999972
-0.002394198499999972
-0.002394198499999972
-0.002394198499999972
-0.002394198499999972
-0.002394198499999972
-0.002394198499999972
-0.011971008499999963
-0.009576807249999958
-0.00718260599999998
-0.004788404749999975
-0.0023942034999999695
-2.24999996412123e-09
0.0023941990000000413
0.004788400250000019
0.007182601500000024
0.002394201500000026
1.500000013088254e-09
-0.002394198499999972
0.016759411500000043
0.014365209000000045
0.011971006500000048
0.009576804000000022
0.007182601500000024
-0.002394198499999972
0.007182601500000024
0.0014365175000000396
-0.004309566499999973
-0.010055650499999957
-0.01580173449999997
-0.021547818499999954
-0.002394198499999972
-0.002394198499999972
-0.007182603499999968
-0.0023942009999999847
0.002394201500000026
0.0014365215000000375
0.00047884150000002124
-0.0004788384999999673
-0.0014365184999999836
-0.002394198499999972
-0.003591300999999991
-0.0047884034999999825
-0.008379705999999987
-0.011971008499999963
-0.011971008499999963
-0.011971008499999963
-0.014365208499999949
-0.01675940849999996
-0.007182603499999968
0.002394201500000026
-0.011971008499999963
-0.010374873499999965
-0.008778738499999966
-0.007182603499999968
-0.005586468499999969
-0.003990333499999971
-0.002394198499999972
-0.007182608499999965
-0.005985505999999974
-0.0047884034999999825
-0.0035913009999999634
-0.002394198499999972
-0.007182608499999965
-0.014365208499999949
-0.002394198499999972
-0.0039903351666666365
-0.005586471833333301
-0.007182608499999965
-0.003990338499999968
-0.000798068499999971
0.002394201500000026
0.002394201500000026
0.002394201500000026
0.002394201500000026
0.002394201500000026
0.002394201500000026
0.002394201500000026
0.002394201500000026
-0.0047884034999999825
-0.011971008499999963
-0.01675940849999996
-0.0047884034999999825
0.007182601500000024
-3.499999956524391e-09
-0.007182608499999965
-0.008379708499999972
-0.009576808499999978
-0.010773908499999957
-0.011971008499999963
0.002394201500000026
0.0015961348333333736
0.0007980681666666933
1.500000013088254e-09
-0.0007980651666666394
-0.001596131833333292
-0.002394198499999972
-0.005586471833333301
0.0007980648333333618
0.007182601500000024
0.0007980648333333618
-0.005586471833333301
-0.011971008499999963
-0.010773908499999957
-0.009576808499999978
-0.008379708499999972
-0.007182608499999965
0.0023941990000000413
0.011971006500000048
-0.003990335166666609
-0.019951676833333293
-0.03591301849999995
-0.02833138099999996
-0.020749743499999945
-0.013168105999999957
-0.005586468499999969
0.0019951690000000466
0.009576806500000035
0.016759411500000043
0.009576807750000027
0.0023942040000000386
-0.00478839974999995
-0.011971003499999966
0.023942019000000037
0.05985504150000004
0.004788406500000036
-0.050278228499999966
-0.03112461849999995
-0.011971008499999963
0.007182601500000024
-0.019153613499999972
-0.04548982849999997
-0.0007980651666666394
0.04389369816666672
0.08858546150000003
-0.09337387849999995
-0.06823475849999994
-0.04309563849999998
-0.017956518499999963
0.007182601500000024
0.08379706150000003
-0.0023941984999999444
-0.08858545849999994
-0.051874368499999934
-0.015163278499999933
0.02154781150000004
-0.11252747849999994
0.06464344150000004
-0.004788408499999952
-0.07422025849999997
-0.07182605849999996
-0.06943185849999994
-0.03208231049999993
0.005267237500000049
0.04261678550000003
0.07996633350000004
0.11731588150000004
-0.09816227849999998
0.016759411500000043
-0.09816227849999998
-0.04548983849999996
0.007182601500000052
0.05985504150000004
-0.05506662849999994
-0.023143945166666624
0.008778738166666689
0.04070142150000003
0.08379706150000003
0.05386953650000004
0.023942011500000027
-0.005985513499999984
-0.035913038499999966
-0.02952849516666664
-0.023143951833333287
-0.01675940849999996
0.026336221500000034
0.04070142150000003
0.033518818166666686
0.02633621483333337
0.01915361150000003
0.011971008166666686
0.004788404833333371
-0.002394198499999972
0.040701431500000024
0.08379706150000003
-0.009576808499999978
-0.10295067849999995
0.011971011500000045
0.002394201500000026
-0.04070142849999997
-0.06783571849999998
-0.09497000849999998
-0.12210429849999999
0.09337386550000004
0.007182603500000051
-0.07900865849999994
0.03830722550000004
0.15562310950000002
0.12629413850000004
0.09696516750000005
0.06763619650000005
0.03830722550000004
0.00897825450000006
-0.02035071649999992
-0.04967968749999996
-0.07900865849999994
0.04309563150000004
-0.028730423499999935
0.02154781150000004
0.027533316500000043
0.033518821500000046
0.03950432650000005
0.04548983150000005
0.05985504150000004
-0.026336218499999953
0.007182601500000024
-0.014365218499999971
-0.035913038499999966
-0.031124631833333305
-0.026336225166666616
-0.021547818499999954
-0.05985505849999995
-0.04489129349999996
-0.029927528499999967
-0.01496376349999995
1.5000000408438297e-09
0.05027823150000005
-0.00877874516666663
-0.0678357218333333
-0.12689269849999996
0.031124621500000033
-0.007182603499999968
-0.04548982849999997
-0.019153613499999972
0.007182601500000024
0.011013325500000032
0.01484404950000004
0.01867477350000002
0.022505497500000027
0.026336221500000034
0.011971011500000045
-0.0023941984999999444
-0.031124628499999946
-0.05985505849999995
-0.06224925849999996
-0.06464345849999997
0.02154780900000003
0.10773907650000003
-0.07422025849999997
-0.016759418499999956
0.04070142150000003
0.02633621350000004
0.011971005500000048
-0.0023942024999999423
-0.01675941049999996
-0.03112461849999995
-0.04548982849999997
0.031124621500000033
-0.04070142849999997
-0.03830723349999998
-0.035913038499999966
-0.05506664849999998
-0.07422025849999997
-0.009576813499999948
0.055066631500000046
1.5000000685994053e-09
-0.05506662849999994
-0.04261678249999995
-0.030166936499999963
-0.017717090499999977
-0.005267244499999962
0.007182601500000024
-0.01675940849999996
-0.0047884034999999825
0.007182601500000024
-0.011971008499999963
0.016759411500000043
0.012928689500000035
0.009097967500000026
0.005267245500000045
0.0014365235000000365
-0.002394198499999972
-0.01675940849999996
-0.03112461849999998
-0.04548982849999997
-0.035913022499999975
-0.02633621649999998
-0.01675941049999996
-0.007182604499999967
0.002394201500000026
0.04548983150000005
-0.014365208499999949
0.02154781150000004
0.0039903348333333866
-0.013567141833333296
-0.03112461849999995
-0.01675940849999996
-0.0023941984999999444
0.011971011500000045
0.026336221500000034
0.026336221500000034
-0.03112461849999995
-0.0071826051666666335
0.01675940816666671
0.04070142150000003
-0.021547818499999954
-0.014365213499999974
-0.007182608499999965
0.002394201500000026
0.002394201500000026
0.002394201500000026
0.003990334833333359
0.0055864681666666915
0.007182601500000024
-0.002394198499999972
-0.007182603499999968
-0.011971008499999963
1.5000000408438297e-09
0.011971011500000045
0.010773909000000026
0.009576806500000035
0.008379704000000043
0.007182601500000024
-0.04070142849999997
-0.026336218499999953
1.5000000408438297e-09
0.026336221500000034
1.5000000408438297e-09
-0.026336218499999953
0.004788401500000039
0.03591302150000003
-0.026336218499999953
-0.01037487516666663
0.005586468166666719
0.02154781150000004
0.013567140388888926
0.005586469277777811
-0.0023942018333333037
-0.010374872944444391
-0.018355544055555506
-0.02633621516666662
-0.034316886277777736
-0.04229755738888885
-0.050278228499999966
-0.007182608499999965
-0.002394198499999972
-0.007182608499999965
-3.499999956524391e-09
0.007182601500000024
0.011971004833333354
0.01675940816666671
0.02154781150000004
0.007182601500000052
-0.007182608499999965
-0.021547818499999954
0.011971011500000045
-0.021547818499999954
-0.011971011833333295
-0.0023942051666666353
0.007182601500000024
0.002394201500000026
-0.007182603499999968
-0.01675940849999996
-0.0047884034999999825
0.007182601500000024
0.004788401500000039
0.002394201500000026
0.0004788395000000223
-0.0014365224999999815
-0.0033518844999999575
-0.005267246499999961
-0.007182608499999965
-0.007182608499999965
-0.007182608499999965
-0.007182608499999965
-0.006224926499999978
-0.005267244499999962
-0.004309562499999975
-0.0033518804999999596
-0.002394198499999972
0.02154781150000004
1.5000000408438297e-09
1.5000000408438297e-09
0.00430956350000003
0.008619125500000047
0.012928687500000036
0.017238249500000052
0.02154781150000004
-0.007182608499999965
-0.005267246499999961
-0.0033518844999999575
-0.0014365224999999815
0.0004788395000000223
0.002394201500000026
0.016759411500000043
-0.004788403499999955
-0.026336218499999953
-0.0023942034999999695
0.02154781150000004
-0.026336218499999953
-0.017717092499999948
-0.009097966499999943
-0.00047884049999996625
0.008140285500000038
0.016759411500000043
-0.002394198499999972
-0.007182608499999965
0.007182601500000024
-0.0047884034999999825
-0.01675940849999996
-0.014707235642857114
-0.012655062785714238
-0.01060288992857139
-0.008550717071428515
-0.0064985442142856675
-0.00444637135714282
-0.0023941984999999444
0.016759411500000043
-0.03112461849999995
-0.02474008183333329
-0.018355545166666626
-0.011971008499999963
-0.011013328499999975
-0.010055648499999958
-0.00909796849999997
-0.008140288499999954
-0.007182608499999965
-0.0023941984999999444
-0.004788403499999955
-0.007182608499999965
-0.007182608499999965
-0.007182608499999965
0.002394201500000026
0.011971011500000045
0.003990338166666718
-0.0039903351666666365
-0.011971008499999963
-0.008778740166666632
-0.005586471833333301
-0.0023942034999999695
0.004788404000000024
0.011971011500000045
0.002394201500000026
-0.007182608499999965
-0.0023942034999999695
0.002394201500000026
0.002394201500000026
0.002394201500000026
0.002394201500000026
0.026336221500000034
0.020350716500000032
0.01436521150000003
0.008379706500000028
0.002394201500000026
0.002394201500000026
0.0007980681666666933
-0.0007980651666666394
