-0.0019153634999999614
-0.004309563499999947
-0.00670376349999996
-0.009097963499999973
-0.011492163499999958
-0.004309558499999977
0.0028730465000000316
0.0028730465000000316
0.0028730465000000316
0.0028730465000000316
0.0028730465000000316
-0.001915358499999964
-0.00670376349999996
0.0028730415000000342
0.012449846500000028
-0.0019153684999999587
-0.016280583499999973
-0.012290241833333299
-0.008299900166666652
-0.004309558499999977
-0.009896030166666653
-0.015482501833333301
-0.021068973499999977
-0.01628056849999998
-0.011492163499999958
-0.011492163499999958
-0.00670376349999996
-0.0019153634999999614
-0.004309563499999947
-0.00670376349999996
-0.01149217349999998
-0.016280583499999973
-0.009896040166666648
-0.003511496833333294
0.0028730465000000316
-0.0007182559999999727
-0.004309558499999977
-0.007900860999999954
-0.011492163499999958
-0.0019153634999999614
-0.011492163499999958
-0.013886373499999966
-0.016280583499999973
-0.00670376349999996
-0.0035114934999999625
-0.00031922349999996547
0.0028730465000000316
-0.0019153634999999614
-0.0019153634999999614
-0.0019153634999999614
-0.0019153634999999614
-0.0019153634999999614
-0.0019153634999999614
0.00047883900000003643
0.0028730415000000342
0.005267244000000032
0.00766144650000003
0.012449846500000028
0.0028730465000000316
0.005267246500000045
0.00766144650000003
-0.0019153634999999614
0.0028730415000000342
0.00766144650000003
0.005267246500000045
0.0028730465000000316
0.005267246500000045
0.00766144650000003
0.006464346500000023
0.005267246500000045
0.004070146500000038
0.0028730465000000316
-0.00670376349999996
-0.005746083499999971
-0.004788403499999955
-0.003830723499999966
-0.00287304349999995
-0.0019153634999999614
0.00766144650000003
0.01005565150000004
0.007661449833333361
0.00526724816666671
0.0028730465000000316
-0.009097963499999973
-0.021068973499999977
-0.014684436833333314
-0.008299900166666624
-0.0019153634999999614
0.0028730465000000316
-0.001915358499999964
-0.00670376349999996
-0.011492168499999955
0.0028730440000000468
0.01723825650000002
0.01005565150000004
0.0028730465000000316
-0.001915358499999964
-0.00670376349999996
-0.013886368499999968
-0.021068973499999977
-0.01628056949999998
-0.011492165499999984
-0.006703761499999961
-0.0019153574999999645
0.0028730465000000316
-0.011492163499999958
0.00766144650000003
-0.00670376349999996
-0.001915358499999964
0.0028730465000000316
-0.004309558499999977
-0.011492163499999958
-0.0035114934999999625
0.004469176500000033
0.012449846500000028
0.0028730465000000316
-0.001915358499999964
-0.00670376349999996
-0.004788401499999956
-0.002873039499999952
-0.000957677499999976
0.0009576845000000278
0.0028730465000000316
0.0028730465000000316
0.000478841500000049
-0.0019153634999999614
-0.0019153634999999614
0.0028730465000000316
-0.00031922349999996547
-0.0035114934999999625
-0.00670376349999996
-0.009097963499999973
-0.011492163499999958
-0.011492163499999958
-0.011492163499999958
-0.0019153634999999614
-0.0007182609999999701
0.000478841500000049
0.0016759440000000403
0.0028730465000000316
-0.0019153568333332982
-0.006703760166666628
-0.011492163499999958
-0.010295068499999949
-0.009097973499999967
0.00766144650000003
-0.001915358499999964
-0.011492163499999958
-0.013886373499999966
-0.016280583499999973
-0.009896040166666648
-0.003511496833333294
0.0028730465000000316
-0.0019153568333332982
-0.006703760166666628
-0.011492163499999958
0.0028730465000000316
0.005267246500000045
0.00766144650000003
0.0028730465000000316
0.000478841500000049
-0.0019153634999999614
0.0028730415000000342
0.00766144650000003
-0.001915358499999964
-0.011492163499999958
-0.011492163499999958
-0.011492163499999958
-0.009097963499999973
-0.00670376349999996
-0.004309563499999947
-0.0019153634999999614
-0.009097973499999967
-0.016280583499999973
-0.00670376349999996
-0.005506663499999953
-0.004309563499999947
-0.003112463499999968
-0.0019153634999999614
0.000478841500000049
0.0028730465000000316
-0.00670376349999996
0.000478841500000049
0.0009576825000000566
0.0014365235000000365
0.001915364500000044
0.002394205500000024
0.0028730465000000316
-0.0019153634999999614
0.00766144650000003
0.00766144650000003
0.00766144650000003
-0.004309568499999972
-0.016280583499999973
-0.009097973499999967
-0.0019153634999999614
-0.016280583499999973
-0.014684443499999977
-0.013088303499999954
-0.011492163499999958
0.00766144650000003
0.0028730431666667
-0.0019153601666666298
-0.00670376349999996
-0.009097963499999973
-0.011492163499999958
-0.004309558499999977
0.0028730465000000316
0.0028730465000000316
0.0028730465000000316
-0.0019153634999999614
-0.00031922683333329704
0.0012769098333333673
0.0028730465000000316
-0.011492163499999958
-0.004309558499999977
0.0028730465000000316
0.0012769098333333673
-0.00031922683333329704
-0.0019153634999999614
-0.00670376349999996
-0.008299896833333292
-0.009896030166666625
-0.011492163499999958
-0.016280583499999973
-0.016280583499999973
-0.016280583499999973
-0.006703768499999985
0.0028730465000000316
-0.006703768499999985
-0.016280583499999973
-0.014684443499999977
-0.013088303499999954
-0.011492163499999958
-0.009896030166666625
-0.008299896833333292
-0.00670376349999996
-0.0019153634999999614
-0.009097973499999967
-0.016280583499999973
-0.00670376349999996
-0.013886368499999968
-0.021068973499999977
-0.013886368499999968
-0.00670376349999996
-0.004309563499999947
-0.0019153634999999614
-0.004309563499999947
-0.00670376349999996
-0.00670376349999996
-0.00670376349999996
-0.00670376349999996
-0.02266511016666664
-0.03862645683333332
-0.054587803499999976
-0.030645773499999973
-0.01947283349999998
-0.00829989349999996
0.0028730465000000316
-0.04979940349999995
0.02202665650000002
0.030007329833333346
0.0379880031666667
0.04596867650000003
-0.011492163499999958
-0.009097963499999973
-0.00670376349999996
-0.02745351016666661
-0.04820325683333326
-0.06895300349999994
-0.016280583499999973
-0.013886373499999966
-0.011492163499999958
-0.03303998349999998
-0.054587803499999976
-0.02346317849999996
0.00766144650000003
0.012449851500000025
0.01723825650000002
-0.00670375849999999
-0.030645773499999973
-0.027453506833333308
-0.024261240166666642
-0.021068973499999977
-0.00829989683333332
0.004469179833333364
0.01723825650000002
0.06991068650000004
0.03160345650000004
-0.006703773499999954
-0.04501100349999998
0.012449846500000028
0.055545476500000024
0.06512228150000005
0.07469908650000004
0.012449841500000058
-0.04979940349999995
0.012449841500000058
0.07469908650000004
0.033997661500000054
-0.00670376349999996
-0.0019153601666666298
0.0028730431666667
0.00766144650000003
-0.06416460349999997
0.017238251500000024
0.09864110650000003
0.019632451500000037
-0.05937620349999995
-0.05778007016666664
-0.05618393683333328
-0.054587803499999976
-0.04501100349999998
-0.017876713499999974
0.009257576500000031
0.036391866500000036
-0.02346317849999996
-0.08331822349999995
-0.06416460349999997
-0.04820326349999998
-0.03224192349999999
-0.016280583499999973
-0.021068978499999974
-0.025857373499999975
-0.0641646085
-0.10247184349999999
-0.08651049683333334
-0.07054915016666663
-0.054587803499999976
-0.03303998349999998
-0.011492163499999958
-0.03303998349999998
-0.054587803499999976
-0.0426167885
-0.030645773499999973
-0.025857376833333306
-0.02106898016666664
-0.016280583499999973
0.012449846500000028
-0.054587803499999976
-0.00670376349999996
-0.00670376349999996
-0.00670376349999996
0.019632456500000034
0.04596867650000003
-0.00670376349999996
-0.05937620349999995
0.012449846500000028
0.012449846500000028
0.012449846500000028
0.012449846500000028
0.022026653166666688
0.031603459833333375
0.041180266500000035
-0.006703768499999985
-0.054587803499999976
-0.01628057349999998
0.02202665650000002
-0.0019153634999999614
0.017238249833333358
0.036391863166666705
0.055545476500000024
-0.06416460349999997
-0.04421292183333331
-0.024261240166666642
-0.004309558499999977
0.0016759456666666783
0.007661449833333361
0.013646954000000044
0.0196324581666667
0.025617962333333355
0.03160346650000004
-0.06416460349999997
0.012449846500000028
-0.04979940349999995
0.012449846500000028
-0.02346317849999996
-0.05937620349999995
-0.04501098849999996
-0.030645773499999973
-0.052193598499999994
-0.07374142349999996
-0.06320693349999995
-0.052672443499999944
-0.04213795349999999
-0.031603463499999984
-0.021068973499999977
-0.040222603499999954
-0.04381390349999997
-0.04740520349999994
-0.05099650349999996
-0.054587803499999976
-0.054587803499999976
-0.025857373499999975
-0.009097963499999973
0.00766144650000003
-0.00670376349999996
0.036391866500000036
0.026016993166666696
0.015642119833333357
0.005267246500000045
-0.005107626833333295
-0.015482500166666635
-0.025857373499999975
0.07948749650000003
0.0028730465000000316
0.04596867650000003
-0.030645773499999973
-0.01628056849999998
-0.0019153634999999614
-0.025857383499999942
-0.04979940349999995
-0.04022258849999999
-0.030645773499999973
-0.02426123683333331
-0.01787670016666662
-0.011492163499999958
-0.02106897683333328
-0.03064579016666663
-0.040222603499999954
0.03160346650000004
-0.004309568499999972
-0.040222603499999954
0.041180266500000035
0.025019405250000043
0.008858544000000024
-0.007302317249999968
-0.02346317849999996
-0.02944867599999995
-0.035434173499999944
-0.040222583499999964
-0.04501099349999993
-0.04979940349999995
-0.04022259349999996
-0.030645783499999968
-0.02106897349999995
-0.011492163499999958
-0.025857373499999975
0.01723825650000002
-0.030645773499999973
-0.001915358499999964
0.026815056500000017
0.011492164500000013
-0.003830727499999964
-0.01915361949999997
-0.03447651149999997
-0.04979940349999995
-0.054587803499999976
0.026815056500000017
0.005267236500000022
-0.016280583499999973
-0.008619135499999986
-0.0009576874999999707
0.006703760500000017
0.014365208500000032
0.02202665650000002
-0.035434173499999944
-0.0019153534999999389
0.03160346650000004
-0.02825157349999996
-0.01308829683333329
0.0020749798333333513
0.01723825650000002
0.011851301500000022
0.006464346500000023
0.0010773915000000245
-0.004309563499999974
-0.006304733499999965
-0.008299903499999983
-0.010295073499999974
-0.012290243499999964
-0.014285413499999983
-0.016280583499999973
-0.0019153634999999614
-0.006703770166666623
-0.011492176833333312
-0.016280583499999973
-0.014484930999999979
-0.012689278499999956
-0.010893625999999962
-0.009097973499999967
-0.011492163499999958
0.0012769098333333673
0.014045983166666692
0.026815056500000017
-0.040222603499999954
-0.01149217349999998
0.01723825650000002
-0.01149217349999998
-0.040222603499999954
-0.01149217349999998
0.01723825650000002
0.00766144650000003
-0.0019153634999999614
-0.011492168499999955
-0.021068973499999977
-0.00031922683333329704
0.020430519833333355
0.041180266500000035
-0.011492168499999955
-0.06416460349999997
0.03160346650000004
-0.030645773499999973
-0.009097963499999973
0.012449846500000028
0.0028730415000000342
-0.00670376349999996
-0.013886368499999968
-0.021068973499999977
-0.006703763499999987
0.00766144650000003
0.02202665650000002
-0.006703758499999962
-0.035434173499999944
-0.021867031833333272
-0.00829989016666663
0.005267251500000042
0.018834393166666713
0.032401534833333356
0.04596867650000003
-0.009097963499999973
0.0028730465000000316
-0.004309558499999977
-0.011492163499999958
-0.0019153634999999614
-0.00670376349999996
-0.011492163499999958
-0.009097963499999973
-0.00670376349999996
-0.01628056849999998
-0.025857373499999975
-0.018195929499999985
-0.010534485499999968
-0.0028730414999999787
0.0047884025000000385
0.012449846500000028
-0.00670376349999996
-0.00670376349999996
-0.009097963499999973
-0.011492163499999958
-0.004309558499999977
0.0028730465000000316
-0.0019153634999999614
-0.004309563499999947
-0.00670376349999996
-0.0035114934999999625
-0.00031922349999996547
0.0028730465000000316
0.0028730465000000316
0.0028730465000000316
0.0028730465000000316
0.0028730465000000316
0.0028730465000000316
0.0028730465000000316
0.00766144650000003
0.000478841500000049
-0.00670376349999996
-0.004309563499999947
-0.0019153634999999614
-0.0019153634999999614
-0.0019153634999999614
-0.0019153634999999614
-0.016280583499999973
-0.01149217349999998
-0.00670376349999996
-0.005107630166666627
-0.003511496833333294
-0.0019153634999999614
-0.0019153634999999614
-0.0019153634999999614
-0.005107630166666627
-0.008299896833333292
-0.011492163499999958
-0.011492163499999958
-0.00670376349999996
-0.009896036833333288
-0.013088310166666645
-0.016280583499999973
-0.009896041833333313
-0.0035115001666666257
0.0028730415000000342
0.00047884025000002883
-0.0019153609999999488
-0.004309562249999954
-0.00670376349999996
-0.00670376349999996
-0.007302313499999963
-0.007900863499999966
-0.00849941349999997
-0.009097963499999973
-0.009696513499999948
-0.010295063499999951
-0.010893613499999955
-0.011492163499999958
0.0028730465000000316
-0.0019153634999999614
-0.004309563499999947
-0.00670376349999996
-0.009097973499999967
-0.011492163499999958
-0.009896030166666625
-0.008299896833333292
-0.00670376349999996
-0.016280583499999973
-0.016280583499999973
-0.01867477849999999
-0.021068973499999977
-0.009896033499999984
0.0012769065000000357
0.012449846500000028
-0.011492163499999958
0.000478841500000049
0.012449846500000028
0.0028730415000000342
-0.00670376349999996
-0.00670376349999996
-0.00670376349999996
-0.00670376349999996
-0.00670376349999996
-0.0019153634999999614
-0.011492163499999958
-0.004309558499999977
0.0028730465000000316
-0.004309558499999977
-0.011492163499999958
-0.00670376349999996
-0.0019153634999999614
