-0.0064643374999998615
-0.004070139999999944
0.0031124600000000946
0.010295060000000134
0.005506660000000108
0.0007182600000000816
-0.004070139999999944
0.015083520000000128
0.018275786666666738
0.02146805333333346
0.02466032000000007
0.0007182600000000816
0.0016759400000000424
0.002633620000000114
0.003591300000000075
0.004548980000000147
0.005506660000000108
0.010295060000000134
0.0007182600000000816
-0.0016759399999999314
-0.004070139999999944
0.0007182600000000816
0.0031124600000000946
0.005506660000000108
0.0023143933333333866
-0.0008778733333332234
-0.004070139999999944
0.019871920000000154
0.00790089000000005
-0.004070139999999944
-0.0052672374999999105
-0.006464334999999877
-0.007661432499999843
-0.008858529999999865
0.015083520000000128
0.005506660000000108
0.005506660000000108
0.005506660000000108
0.005506660000000108
0.005506660000000108
0.005506660000000108
0.005506660000000108
0.005506660000000108
0.010295090000000173
0.015083520000000128
0.015083520000000128
0.012689290000000075
0.010295060000000134
0.010295060000000134
0.010295060000000134
0.010295060000000134
0.010295060000000134
0.005506660000000108
0.0007182600000000816
0.010295060000000134
0.005506660000000108
0.005506660000000108
0.005506660000000108
0.0007182600000000816
-0.004070139999999944
-0.0024740066666666394
-0.0008778733333332234
0.0007182600000000816
-0.004070139999999944
-0.0024740066666666394
-0.0008778733333332234
0.0007182600000000816
0.005506660000000108
0.0007182600000000816
-0.004070139999999944
-0.0016759399999999314
0.0007182600000000816
-0.006464334999999877
-0.01364692999999989
-0.006464334999999877
0.0007182600000000816
0.0031124600000000946
0.005506660000000108
0.0007182600000000816
-0.004070139999999944
0.0007182600000000816
0.0007182600000000816
0.0007182600000000816
0.0007182600000000816
0.0007182600000000816
-0.0008778733333332234
-0.0024740066666666394
-0.004070139999999944
0.010295060000000134
0.019871920000000154
0.015083500000000138
0.010295080000000123
0.005506660000000108
0.0007182633333334687
-0.00407013333333317
-0.008858529999999865
0.010295060000000134
0.0067037600000000586
0.0031124600000000946
-0.00047883999999986937
-0.004070139999999944
-0.004070139999999944
-0.0016759399999999314
0.0007182600000000816
0.0007182600000000816
-0.006464334999999877
-0.01364692999999989
0.005506660000000108
-0.004070139999999944
-0.0024740066666666394
-0.0008778733333332234
0.0007182600000000816
-0.006464334999999877
-0.01364692999999989
-0.010454666666666557
-0.007262403333333278
-0.004070139999999944
0.005506690000000147
0.015083520000000128
0.0007182600000000816
0.0031124600000000946
0.005506660000000108
-0.004070139999999944
0.002314413333333376
0.008698966666666808
0.015083520000000128
0.0007182600000000816
0.0007182600000000816
0.0007182600000000816
0.0031124600000000946
0.005506660000000108
0.00790086000000012
0.010295060000000134
0.0007182650000001622
-0.008858529999999865
-0.00407013333333317
0.0007182633333334687
0.005506660000000108
0.0031124600000000946
0.0007182600000000816
-0.0016759399999999314
-0.004070139999999944
-0.004070139999999944
-0.004070139999999944
-0.0037509133333333278
-0.0034316866666666
-0.0031124599999999836
-0.002793233333333256
-0.0024740066666666394
-0.0021547799999999118
-0.0018355533333332952
-0.0015163266666665676
-0.001197099999999951
-0.0008778733333332234
-0.0005586466666666068
-0.00023941999999987917
7.980666666673741e-05
0.000399033333333465
0.0007182600000000816
-0.004070139999999944
0.0031124600000000946
0.0007182600000000816
-0.00885853499999989
-0.004070136666666557
0.0007182616666667752
0.005506660000000108
-0.01364692999999989
0.015083520000000128
0.012689290000000075
0.010295060000000134
0.0031124600000000946
-0.004070139999999944
0.010295060000000134
0.00790086000000012
0.005506660000000108
0.0007182600000000816
-0.004070139999999944
-0.004070139999999944
-0.004070139999999944
-0.004070139999999944
-0.004070139999999944
-0.004070139999999944
-0.004070139999999944
-0.004070139999999944
-0.01364692999999989
-0.008858529999999865
-0.008858529999999865
-0.0016759349999998507
0.005506660000000108
0.00790086000000012
0.010295060000000134
-0.0016759349999998507
-0.01364692999999989
-0.011252729999999878
-0.008858529999999865
-0.008858529999999865
-0.008858529999999865
-0.008858529999999865
-0.008858529999999865
-0.008858529999999865
-0.008858529999999865
0.00790086000000012
0.004309560000000157
0.0007182600000000816
-0.004070139999999944
-0.0016759399999999314
0.0007182600000000816
0.0031124600000000946
0.005506660000000108
0.0023143933333333866
-0.0008778733333332234
-0.004070139999999944
-0.0008778733333332234
0.0023143933333333866
0.005506660000000108
0.0007182600000000816
-0.004070139999999944
0.005506660000000108
0.005027820000000127
0.004548980000000147
0.004070140000000055
0.003591300000000075
0.0031124600000000946
0.002633620000000114
0.002154780000000134
0.0016759400000000424
0.001197100000000062
0.0007182600000000816
-0.006464334999999877
0.005506660000000108
0.015083520000000128
0.003112495000000104
-0.008858529999999865
-0.01364692999999989
-0.004070134999999864
0.005506660000000108
0.0047085933333334
0.003910526666666803
0.0031124600000000946
0.0067037600000000586
0.010295060000000134
0.0007182650000001622
-0.008858529999999865
-0.004070134999999864
0.0007182600000000816
0.0019153600000000326
0.0031124600000000946
0.004309560000000157
0.005506660000000108
-0.018435329999999917
0.015083520000000128
0.012210468000000141
0.009337416000000154
0.006464364000000056
0.0035913120000000687
0.0007182600000000816
0.019871920000000154
0.0007182600000000816
0.00790089000000005
0.015083520000000128
0.0007182600000000816
0.002633620000000114
0.004548980000000147
0.006464340000000068
0.008379700000000101
0.010295060000000134
-0.004070139999999944
0.0007182600000000816
-0.00047883999999986937
-0.0016759399999999314
-0.0028730399999999934
-0.004070139999999944
-0.004070139999999944
-0.004070139999999944
-0.004070139999999944
0.00790089000000005
0.005506660000000108
-0.008858529999999865
-0.00526723249999983
-0.0016759349999998507
0.0019153625000001284
0.005506660000000108
-0.023223729999999887
0.02466032000000007
0.022532135555555666
0.02040395111111115
0.01827576666666675
0.016147582222222345
0.014019397777777831
0.011891213333333428
0.009763028888889025
0.007634844444444511
0.005506660000000108
-0.00885853499999989
0.0007182950000000909
0.003910550000000068
0.007102805000000156
0.010295060000000134
0.015083520000000128
0.012689290000000075
0.010295060000000134
0.00790086000000012
0.005506660000000108
-0.01364692999999989
0.005506695000000117
0.02466032000000007
0.003112495000000104
-0.018435329999999917
0.005506695000000117
0.029448720000000095
0.018914230000000143
0.00837974000000008
-0.002154749999999872
-0.01268923999999988
-0.023223729999999887
0.02466032000000007
0.020350752000000027
0.016041184000000097
0.011731616000000056
0.0074220480000001254
0.003112480000000084
-0.023223729999999887
0.015083520000000128
-0.018435329999999917
0.0007182950000000909
0.019871920000000154
0.005506695000000117
-0.008858529999999865
-0.001675917499999846
0.005506695000000117
0.012689307500000191
0.019871920000000154
0.019871920000000154
0.019871920000000154
0.010295060000000134
0.010295060000000134
0.005506660000000108
0.0007182600000000816
0.015083490000000088
0.029448720000000095
0.024128270000000063
0.01880782000000014
0.01348737000000011
0.008166920000000077
0.0028464700000000454
-0.0024739799999998757
-0.007794429999999908
-0.01311487999999994
-0.018435329999999917
-0.001675904999999922
0.04860232000000009
0.0007182950000000909
-0.008858517499999885
-0.018435329999999917
-0.01258283555555545
-0.006730341111111038
-0.0008778466666665707
0.004974647777777896
0.010827142222222363
0.01667963666666672
0.022532131111111187
0.028384625555555654
0.03423712000000012
-0.001675904999999811
-0.002873019999999893
-0.004070134999999864
-0.008858533333333196
-0.013646931666666584
-0.018435329999999917
-0.01364693249999993
-0.00885853499999989
-0.0040701374999999596
0.0007182600000000816
-0.01364692999999989
0.04381392000000006
0.039624066250000034
0.03543421250000012
0.03124435875000009
0.027054505000000062
0.022864651250000145
0.018674797500000118
0.014484943750000201
0.010295090000000173
0.005506690000000147
0.0031124600000000946
0.0067037600000000586
0.010295060000000134
0.005506660000000108
-0.004070134999999864
-0.01364692999999989
-0.00885853499999989
-0.004070139999999944
-0.0016759399999999314
0.0007182600000000816
-0.007262403333333278
-0.015243066666666583
-0.023223729999999887
-0.004070139999999944
-0.0054382528571428335
-0.0068063657142856115
-0.0081744785714285
-0.009542591428571334
-0.010910704285714168
-0.012278817142857057
-0.01364692999999989
0.005506660000000108
-0.004070134999999864
0.0007182600000000816
0.010295090000000173
0.019871920000000154
0.01747770500000012
0.0150834900000002
0.012689275000000166
0.010295060000000134
0.004309562500000141
-0.0016759349999998507
-0.007661432499999843
-0.01364692999999989
0.010295060000000134
-0.011252734999999903
-0.014844032499999882
-0.018435329999999917
0.0007182950000000909
0.019871920000000154
0.01747772000000014
0.015083520000000128
0.011252788000000069
0.007422056000000121
0.0035913240000000624
-0.0002394079999998855
-0.004070139999999944
0.0007182600000000816
-0.004070139999999944
-0.0002394079999998855
0.0035913240000000624
0.007422056000000121
0.011252788000000069
0.015083520000000128
0.0007182600000000816
0.03423712000000012
0.00790089500000013
0.0007182866666667342
-0.00646432166666655
-0.01364692999999989
-0.01364692999999989
-0.01364692999999989
-0.01364692999999989
-0.004070139999999944
0.0007182600000000816
0.005506660000000108
0.0067037600000000586
0.00790086000000012
0.009097960000000183
0.010295060000000134
-0.01364692999999989
-0.004070113333333181
0.005506703333333474
0.015083520000000128
-0.01364692999999989
0.015083520000000128
0.010295110000000163
0.0055067000000000865
0.0007182900000001213
-0.004070119999999844
-0.008858529999999865
0.005506660000000108
-0.006464334999999877
0.004309592500000181
0.015083520000000128
0.007102836666666779
-0.0008778466666665707
-0.008858529999999865
0.019871920000000154
0.010295090000000173
0.0007182600000000816
-0.0024740033333332523
-0.005666266666666586
-0.008858529999999865
-0.002473999999999865
0.003910530000000079
0.010295060000000134
0.0073023112500001375
0.004309562500000141
0.0013168137500001453
-0.0016759349999998507
-0.004668683749999847
-0.007661432499999843
-0.010654181249999894
-0.01364692999999989
0.005506660000000108
-0.001675904999999922
-0.0016759399999999314
0.0007182600000000816
0.0031124600000000946
0.005506660000000108
0.00790086000000012
0.010295060000000134
-0.0016759349999998507
-0.01364692999999989
0.005506660000000108
0.015083520000000128
0.019871920000000154
0.013487366666666833
0.007102813333333402
0.0007182600000000816
-0.004070134999999864
-0.008858529999999865
0.005506660000000108
-0.004070139999999944
-0.004070139999999944
-0.004070139999999944
-0.004070139999999944
-0.004070139999999944
-0.006464334999999877
-0.008858529999999865
-0.00981620999999988
-0.010773889999999897
-0.011731569999999858
-0.012689249999999874
-0.01364692999999989
-0.011252729999999878
-0.008858529999999865
0.005506660000000108
-0.0016759349999998507
0.010295060000000134
0.005506660000000108
0.0007182600000000816
0.0015888781818182984
0.0024594963636364042
0.003330114545454621
0.004200732727272838
0.005071350909091055
0.0059419690909091605
0.006812587272727377
0.007683205454545594
0.008553823636363811
0.009424441818181917
0.010295060000000134
0.0067037600000000586
0.0031124600000000946
0.010295060000000134
-0.004070139999999944
0.005506660000000108
-0.0016759399999999314
-0.0010773899999999559
-0.00047883999999986937
0.00011971000000010612
0.0007182600000000816
-0.004070139999999944
0.005506660000000108
-0.004070139999999944
-0.0016759399999999314
0.0007182600000000816
0.00790089000000005
0.015083520000000128
0.019871920000000043
0.02466032000000007
0.0174776900000001
0.010295060000000134
0.008698926666666829
0.0071027933333334126
0.005506660000000108
0.0007182600000000816
-0.0003078249999999283
-0.0013339099999999382
-0.002359994999999948
-0.003386079999999847
-0.004412164999999857
-0.005438249999999867
-0.006464334999999877
0.0031124600000000946
0.0016759400000000424
0.00023942000000010122
-0.001197099999999951
-0.002633619999999892
-0.004070139999999944
-0.011252729999999878
-0.01205079666666653
-0.012848863333333238
-0.01364692999999989
0.0007182600000000816
-0.0016759399999999314
-0.004070139999999944
0.0007182600000000816
0.005506660000000108
0.005506660000000108
0.005506660000000108
