0.005506660000000108
0.005506660000000108
0.005506660000000108
0.005506660000000108
0.005506660000000108
0.005506660000000108
-0.0016759349999998507
-0.008858529999999865
0.005506660000000108
-0.004070134999999864
-0.01364692999999989
-0.010454666666666557
-0.007262403333333278
-0.004070139999999944
-0.004070139999999944
-0.0008778733333332234
0.0023143933333333866
0.005506660000000108
-0.0008778699999999473
-0.007262399999999891
-0.01364692999999989
0.0007182600000000816
0.0011172933333334356
0.0015163266666667896
0.0019153600000000326
0.0023143933333333866
0.0027134266666667406
0.0031124600000000946
0.0035114933333334486
0.003910526666666803
0.004309560000000157
0.0047085933333334
0.005107626666666754
0.005506660000000108
0.0007182600000000816
-0.004070139999999944
-0.0016759399999999314
0.0007182600000000816
0.005506660000000108
-0.004070139999999944
0.010295060000000134
0.005506660000000108
0.0007182600000000816
-0.004070139999999944
0.0007182600000000816
-0.0016759399999999314
-0.004070139999999944
-0.006464334999999877
-0.008858529999999865
-0.008858529999999865
-0.018435329999999917
-0.010454666666666557
-0.0024740033333332523
0.005506660000000108
0.003910526666666803
0.0023143933333333866
0.0007182600000000816
0.0031124600000000946
0.005506660000000108
0.0007182600000000816
-0.0024740033333332523
-0.005666266666666586
-0.008858529999999865
-0.00407013333333317
0.0007182633333334687
0.005506660000000108
0.00790086000000012
0.0067037600000000586
0.005506660000000108
0.004309560000000157
0.0031124600000000946
0.0019153600000000326
0.0007182600000000816
-0.004070139999999944
-0.007262403333333278
-0.010454666666666557
-0.01364692999999989
0.0007182600000000816
0.0007182600000000816
0.0007182600000000816
0.0007182600000000816
0.0007182600000000816
0.0007182600000000816
0.0031124600000000946
0.005506660000000108
0.00790086000000012
0.010295060000000134
0.005506660000000108
0.0031124600000000946
0.0007182600000000816
0.010295060000000134
0.012689290000000075
0.015083520000000128
-0.004070139999999944
-0.0008778733333332234
0.0023143933333333866
0.005506660000000108
0.005506660000000108
0.003910526666666803
0.0023143933333333866
0.0007182600000000816
0.0007182600000000816
0.0007182600000000816
0.0007182600000000816
-0.0028730374999998975
-0.006464334999999877
-0.0034715862499998806
-0.00047883749999988456
0.0025139112500001115
0.005506660000000108
0.0007182600000000816
-0.004070134999999864
-0.008858529999999865
-0.0016759349999998507
0.005506660000000108
0.0007182600000000816
0.0010865984615385793
0.001454936923076966
0.0018232753846154637
0.0021916138461539614
0.002559952307692348
0.0029282907692308457
0.0032966292307693434
0.003664967692307841
0.004033306153846228
0.0044016446153847255
0.004769983076923223
0.00513832153846161
0.005506660000000108
-0.004070139999999944
0.012689290000000075
0.012689290000000075
0.012090732500000034
0.011492175000000104
0.010893617500000174
0.010295060000000134
0.0007182650000001622
0.005506660000000108
-0.004070139999999944
-0.004070139999999944
-0.007262403333333278
-0.010454666666666557
-0.01364692999999989
-0.007661432499999843
-0.0016759349999998507
0.004309562500000141
0.010295060000000134
0.005506660000000108
-0.004070139999999944
0.0007182600000000816
0.0007182600000000816
0.0007182600000000816
0.0007182600000000816
0.005506660000000108
0.0023143933333333866
-0.0008778733333332234
-0.004070139999999944
-0.008858529999999865
-0.006464334999999877
-0.004070139999999944
-0.004070139999999944
-0.004070139999999944
-0.004070139999999944
-0.004070139999999944
-0.006464334999999877
-0.008858529999999865
-0.006464332499999892
-0.004070134999999864
-0.0016759374999999466
0.0007182600000000816
0.005506660000000108
0.005506660000000108
0.005506660000000108
0.010295060000000134
0.010295060000000134
0.010295060000000134
0.0007182650000001622
-0.008858529999999865
0.0007182650000001622
0.010295060000000134
0.0031124600000000946
-0.004070139999999944
-0.0031995218181817275
-0.0023289036363636217
-0.001458285454545405
-0.0005876672727271881
0.0002829509090910287
0.0011535690909091345
0.0020241872727273513
0.002894805454545568
0.003765423636363785
0.004636041818181891
0.005506660000000108
-0.0016759349999998507
0.005506660000000108
-0.011252729999999878
0.005506660000000108
-0.008858529999999865
-0.007262399999999891
-0.005666269999999973
-0.004070139999999944
-0.0024740066666666394
-0.0008778733333332234
0.0007182600000000816
-0.0008778733333332234
-0.0024740066666666394
-0.004070139999999944
-0.004070139999999944
-0.004070139999999944
-0.004070139999999944
-0.0054382528571428335
-0.0068063657142856115
-0.0081744785714285
-0.009542591428571334
-0.010910704285714168
-0.012278817142857057
-0.01364692999999989
0.005506660000000108
0.010295060000000134
0.015083520000000128
-0.004070139999999944
-0.011252734999999903
-0.018435329999999917
0.010295060000000134
0.006874775714285852
0.003454491428571571
3.4207142857289874e-05
-0.0033860771428569914
-0.006806361428571273
-0.01022664571428561
-0.01364692999999989
-0.011252732499999918
-0.00885853499999989
-0.0064643374999999725
-0.004070139999999944
0.0031124750000001145
0.010295090000000173
0.005506660000000108
-0.01364692999999989
-0.008858531666666558
-0.00407013333333317
0.0007182650000001622
0.005506662500000092
0.010295060000000134
0.012689290000000075
0.015083520000000128
0.015083520000000128
0.015083520000000128
0.010295060000000134
0.00790086000000012
0.005506660000000108
0.0031124600000000946
0.0007182600000000816
0.015083520000000128
0.003112495000000104
-0.008858529999999865
-0.00806046499999985
-0.007262399999999891
-0.006464334999999877
0.005506683333333484
0.017477701666666734
0.029448720000000095
0.01588156833333343
0.002314416666666763
-0.011252734999999903
-0.009457086249999913
-0.0076614374999999235
-0.005865788749999878
-0.004070139999999944
0.02466032000000007
0.007102836666666779
-0.010454646666666567
-0.028012129999999913
0.019871920000000154
-0.018435329999999917
0.00790089500000013
0.03423712000000012
-0.001675919999999942
-0.037588959999999894
-0.00885851999999987
0.019871920000000154
0.015083508000000134
0.010295096000000115
0.005506684000000095
0.0007182720000000753
-0.004070139999999944
0.010295060000000134
-0.01364692999999989
-0.008858524999999895
-0.004070119999999844
0.0007182850000001517
0.005506690000000147
0.010295095000000143
0.0007182600000000816
-0.0001267511764705409
-0.0009717623529410524
-0.001816773529411675
-0.0026617847058822974
-0.003506795882352809
-0.0043518070588234314
-0.005196818235294054
-0.0060418294117645654
-0.006886840588235188
-0.0077318517647058105
-0.008576862941176377
-0.009421874117646944
-0.010266885294117567
-0.011111896470588134
-0.011956907647058701
-0.012801918823529324
-0.01364692999999989
0.0023144200000001502
0.018275770000000136
0.03423712000000012
0.0174776900000001
0.0007182600000000816
0.015083520000000128
0.010295060000000134
0.003112495000000104
0.012689290000000075
0.010295090000000173
0.01747769500000007
-0.006464334999999877
-0.015243066666666527
-0.024021798333333233
-0.03280052999999988
0.019871920000000154
0.015615558888888992
0.01135919777777794
0.007102836666666779
0.0028464755555557275
-0.0014098855555554346
-0.005666246666666597
-0.009922607777777648
-0.01417896888888881
-0.018435329999999917
0.019871920000000154
-0.028012129999999913
0.04381392000000006
0.031044845000000043
0.018275770000000136
0.005506695000000117
-0.007262379999999902
-0.02003145499999992
-0.03280052999999988
0.019871920000000154
0.02466029500000011
-0.03280052999999988
0.019871920000000154
-0.018435329999999917
-0.006943159999999948
0.0045490100000000755
0.0160411800000001
0.027533350000000123
0.03902552000000015
0.026256433333333495
0.013487346666666733
0.0007182600000000816
0.005506695000000117
0.04860232000000009
0.015083520000000128
0.016679653333333433
0.01827578666666685
0.019871920000000154
-0.008858529999999865
-0.001675917499999846
0.005506695000000117
0.012689307500000191
0.019871920000000154
0.015083520000000128
0.018674820000000092
0.022266120000000167
0.02585742000000013
0.029448720000000095
0.019871920000000043
0.015083490000000088
0.010295060000000134
-0.0016759349999998507
-0.01364692999999989
-0.005666266666666586
0.0023143966666667737
0.010295060000000134
0.00811851545454556
0.005941970909090988
0.003765426363636526
0.001588881818181953
-0.0005876627272726198
-0.0027642072727271927
-0.0049407518181816545
-0.007117296363636227
-0.0092938409090908
-0.011470385454545373
-0.01364692999999989
-0.006464334999999877
-0.0016759349999998507
0.0007182600000000816
-0.013646934999999916
-0.028012129999999913
-0.017477639999999905
-0.006943149999999898
0.003591340000000054
0.014125830000000117
0.02466032000000007
-0.004070139999999944
0.029448720000000095
0.00790089000000005
0.011891233333333417
0.015881576666666786
0.019871920000000154
-0.008858529999999865
0.005506695000000117
0.019871920000000154
-0.004070104999999935
-0.028012129999999913
0.015083520000000128
0.011891247777777947
0.008698975555555655
0.005506703333333474
0.0023144311111111815
-0.0008778411111109996
-0.004070113333333181
-0.007262385555555473
-0.010454657777777654
-0.01364692999999989
0.0007182600000000816
-0.018435329999999917
0.010295090000000173
0.003112492500000119
-0.004070104999999935
-0.001675910833333294
0.0007182833333334582
0.0031124775000000993
0.00550667166666674
0.007900865833333492
0.010295060000000134
0.0007182600000000816
-0.008858529999999865
0.019871920000000154
-0.028012129999999913
-0.02003145499999992
-0.012050779999999872
-0.004070104999999935
0.003910570000000169
0.011891245000000161
0.019871920000000154
-0.00885853499999989
-0.008858529999999865
-0.00526723249999983
-0.0016759349999998507
0.0019153625000001284
0.005506660000000108
-0.004070139999999944
0.005506660000000108
0.015083520000000128
0.008698966666666808
0.002314413333333376
-0.004070139999999944
0.015083520000000128
0.0007182950000000909
-0.01364692999999989
-0.0024739799999998757
0.008698970000000084
0.019871920000000154
0.0007182950000000909
-0.018435329999999917
-0.012050799999999917
-0.005666269999999973
0.0007182600000000816
0.0007182600000000816
-0.00047883999999986937
-0.0016759399999999314
-0.0028730399999999934
-0.004070139999999944
0.015083520000000128
-0.008858529999999865
-0.004070123333333231
0.0007182833333334582
0.005506690000000147
0.0031124750000001145
0.0007182600000000816
0.0015163266666667896
0.0023143933333333866
0.0031124600000000946
0.003910526666666803
0.0047085933333334
0.005506660000000108
-0.004070134999999864
-0.01364692999999989
-0.00885853499999989
-0.004070139999999944
0.0007182600000000816
0.005506660000000108
0.00790086000000012
0.010295060000000134
0.005506660000000108
0.0007182600000000816
0.0031124600000000946
0.005506660000000108
0.003910526666666803
0.0023143933333333866
0.0007182600000000816
0.005506660000000108
0.005506660000000108
0.005506660000000108
-0.004070134999999864
-0.01364692999999989
-0.011731570999999885
-0.00981621199999988
-0.007900852999999874
-0.005985493999999925
-0.004070134999999864
-0.002154775999999914
-0.000239416999999853
0.0016759420000000969
0.0035913010000001577
0.005506660000000108
0.0007182600000000816
0.0031124600000000946
0.010295060000000134
-0.004070139999999944
0.0031124750000001145
0.010295090000000173
0.0055066750000001274
0.0007182600000000816
0.0007182600000000816
0.0007182600000000816
0.0007182600000000816
-0.008858529999999865
-0.006464334999999877
-0.004070139999999944
-0.0016759399999999314
0.0007182600000000816
0.0031124600000000946
0.005506660000000108
0.0007182600000000816
0.0007182600000000816
-0.006464334999999877
-0.01364692999999989
-0.00885853499999989
-0.004070139999999944
0.0031124600000000946
0.010295060000000134
0.007102795000000106
0.003910530000000079
0.0007182650000001622
-0.002473999999999865
-0.005666264999999893
-0.008858529999999865
-0.008858529999999865
-0.00526723249999983
-0.0016759349999998507
0.0019153625000001284
0.005506660000000108
0.005506660000000108
0.005506660000000108
0.010295060000000134
