-0.00031922683333329704
-0.001117295166666643
-0.0019153634999999614
-0.00670376349999996
-0.009097963499999973
-0.004309563499999947
-0.021068973499999977
-0.013886368499999968
-0.00670376349999996
-0.006703764333333306
-0.006703765166666625
-0.006703765999999972
-0.006703766833333319
-0.006703767666666638
-0.006703768499999985
-0.011492163499999958
-0.00670376349999996
-0.004309563499999947
-0.0019153634999999614
-0.0019153634999999614
-0.0019153634999999614
0.000478841500000049
0.0028730465000000316
-0.004309558499999977
-0.011492163499999958
-0.011492163499999958
-0.011492163499999958
-0.011492163499999958
0.01723825650000002
0.00766144650000003
-0.0019153634999999614
-0.00670376349999996
-0.011492163499999958
-0.00670376349999996
-0.0019153634999999614
-0.004309563499999947
-0.00670376349999996
-0.009097963499999973
-0.011492163499999958
-0.013886373499999966
-0.016280583499999973
-0.009896040166666648
-0.003511496833333294
0.0028730465000000316
-0.001915358499999964
-0.00670376349999996
-0.00031922683333329704
0.0060653098333333655
0.012449846500000028
0.02202665650000002
-0.011492163499999958
-0.011492163499999958
-0.011492163499999958
-0.004309558499999977
0.0028730465000000316
0.0028730465000000316
0.0028730465000000316
0.001276912055555579
-0.0003192223888888457
-0.0019153568333332982
-0.0035114912777777507
-0.0051076257222221755
-0.006703760166666628
-0.00829989461111108
-0.009896029055555505
-0.011492163499999958
-0.021068973499999977
-0.00670376349999996
-0.004309558499999977
0.00766144650000003
-0.016280583499999973
-0.012689278499999956
-0.009097973499999967
-0.005506668499999978
-0.0019153634999999614
-0.0019153634999999614
0.00766144650000003
0.0012769098333333673
-0.005107626833333295
-0.011492163499999958
0.00766144650000003
-0.004309568499999972
-0.016280583499999973
-0.011492163499999958
-0.008299896833333292
-0.005107630166666627
-0.0019153634999999614
-0.00670376349999996
-0.011492163499999958
-0.013886373499999966
-0.016280583499999973
-0.013886378499999963
-0.01149217349999998
-0.00909796849999997
-0.00670376349999996
-0.01628056849999998
-0.025857373499999975
0.000478841500000049
-0.0031124609999999553
-0.00670376349999996
-0.0035114934999999625
-0.00031922349999996547
0.0028730465000000316
0.000478841500000049
-0.0019153634999999614
-0.005107630166666627
-0.008299896833333292
-0.011492163499999958
-0.013088303499999954
-0.014684443499999977
-0.016280583499999973
-0.0019153634999999614
0.000478841500000049
0.0028730465000000316
-0.011492163499999958
-0.006703760999999975
-0.001915358499999964
0.0028730440000000468
0.00766144650000003
0.0028730415000000342
-0.0019153634999999614
-0.00670376349999996
-0.011492163499999958
-0.011492163499999958
-0.011492163499999958
-0.011492163499999958
-0.011492163499999958
-0.011492163499999958
-0.00670376349999996
0.012449846500000028
0.007661443166666698
0.0028730398333333684
-0.0019153634999999614
-0.011492163499999958
-0.00670376349999996
-0.016280583499999973
-0.014285414333333302
-0.01229024516666663
-0.010295075999999959
-0.008299906833333315
-0.006304737666666643
-0.004309568499999972
-0.0023143993333333
-0.0003192301666666286
0.0016759390000000152
0.0036711081666666867
0.005666277333333358
0.00766144650000003
0.005267244000000032
0.0028730415000000342
0.000478841500000049
-0.009097963499999973
-0.00670376349999996
-0.01149217349999998
-0.016280583499999973
-0.0019153634999999614
-0.00287304349999995
-0.003830723499999966
-0.004788403499999955
-0.005746083499999971
-0.00670376349999996
-0.0019153634999999614
-0.011492163499999958
-0.00849941224999995
-0.005506660999999968
-0.0025139097499999596
0.000478841500000049
0.00347159275000003
0.0064643440000000385
0.00945709525000002
0.012449846500000028
0.0028730415000000342
-0.00670376349999996
-0.016280583499999973
0.005267246500000045
-0.001915358499999964
-0.005107626833333295
-0.008299895166666627
-0.011492163499999958
0.00766144650000003
0.010055646500000015
0.012449846500000028
0.000478841500000049
-0.011492163499999958
-0.004309558499999977
0.0028730465000000316
-0.004309558499999977
-0.011492163499999958
-0.011492163499999958
-0.011492163499999958
-0.008299896833333292
-0.005107630166666627
-0.0019153634999999614
-0.025857373499999975
-0.011492163499999986
0.0028730465000000316
0.01723825650000002
-0.001915358499999964
-0.021068973499999977
-0.01628056849999998
-0.011492163499999958
-0.011492163499999958
-0.011492163499999958
-0.014684433499999955
-0.01787670349999998
-0.021068973499999977
0.02202665650000002
0.01149217050000001
0.0009576845000000278
-0.009576801499999982
-0.020111287499999964
-0.030645773499999973
-0.0019153634999999614
-0.04501100349999998
-0.040222603499999954
0.01723825650000002
0.004469179833333364
-0.00829989683333332
-0.021068973499999977
-0.019153612499999972
-0.017238251499999968
-0.015322890499999964
-0.01340752949999996
-0.011492168499999955
-0.009576807499999979
-0.007661446499999974
-0.00574608549999997
-0.0038307244999999657
-0.0019153634999999614
-0.017477668499999932
-0.03303997349999993
0.036391866500000036
-0.035434173499999944
0.00047883650000002387
0.005267236500000022
-0.011492176833333312
-0.028251590166666618
-0.04501100349999998
0.02202665650000002
0.014365208500000032
0.006703760500000017
-0.0009576874999999707
-0.008619135499999986
-0.016280583499999973
0.012449846500000028
0.009029557928571463
0.005609269357142871
0.002188980785714306
-0.0012313077857142585
-0.004651596357142823
-0.008071884928571416
-0.01149217349999998
0.0028730465000000316
0.036391866500000036
0.012449846500000028
0.0038307225000000222
-0.0047884014999999835
-0.013407525499999962
-0.022026649499999967
-0.030645773499999973
0.02202665650000002
0.00766144650000003
-0.00670376349999996
0.03160346650000004
0.0028730465000000316
-0.01388636349999997
-0.030645773499999973
-0.00829989349999996
0.014045986500000024
0.036391866500000036
-0.0019153634999999614
0.019632451500000037
0.041180266500000035
0.036391864000000024
0.03160346150000004
0.02681505900000003
0.02202665650000002
-0.0019153634999999614
0.01723825650000002
0.01005565150000004
0.0028730465000000316
0.018834389833333354
0.034795733166666704
0.050757076500000026
-0.00670376349999996
0.0012769098333333673
0.009257583166666694
0.01723825650000002
0.02202665650000002
0.026815056500000017
0.017238249833333358
0.007661443166666698
-0.0019153634999999614
0.01723825650000002
-0.001915358499999964
-0.021068973499999977
0.00047884150000002124
0.02202665650000002
0.01484405150000001
0.00766144650000003
0.00766144650000003
0.01484405150000001
0.02202665650000002
-0.01149217349999998
-0.04501100349999998
-0.025857387499999968
-0.006703771499999983
0.012449844500000029
0.031603460500000013
0.050757076500000026
0.02202665650000002
-0.00670376349999996
-0.004309560999999962
-0.001915358499999964
0.0004788440000000338
0.0028730465000000316
-0.009097973499999967
0.036391866500000036
-0.016280583499999973
-0.009097973499999967
-0.0019153634999999614
-0.0009576814999999739
5.000000413701855e-10
0.0009576825000000289
0.001915364500000044
0.0028730465000000316
-0.01149217349999998
-0.018674773499999964
-0.025857373499999975
-0.013886368499999968
-0.0019153634999999614
-0.008299900166666624
-0.014684436833333314
-0.021068973499999977
-0.054587803499999976
-0.006703768499999985
0.041180266500000035
0.005267246500000045
-0.030645773499999973
-0.022665103499999978
-0.014684433499999955
-0.00670376349999996
-0.01149217349999998
-0.016280583499999973
-0.03543419349999999
-0.054587803499999976
0.036391866500000036
0.009257576500000031
-0.017876713499999974
-0.04501100349999998
-0.01867477849999999
0.00766144650000003
-0.011492163499999958
-0.025857376833333306
-0.04022259016666663
-0.054587803499999976
-0.0392649115
-0.023942019499999967
-0.00861912749999999
0.0067037645000000146
0.02202665650000002
-0.05937620349999995
0.026815056500000017
0.022026653166666688
0.017238249833333358
0.012449846500000028
0.007661443166666698
0.0028730398333333684
-0.0019153634999999614
-0.07374142349999996
0.00047883650000002387
0.01723825650000002
0.012449846500000028
-0.00510763683333329
-0.022665120166666636
-0.040222603499999954
0.055545476500000024
0.03830722650000001
0.02106897650000003
0.00383072650000002
-0.013407523499999963
-0.030645773499999973
0.026815056500000017
0.03160346650000004
-0.030645773499999973
-0.003511490166666631
0.023622793166666683
0.050757076500000026
-0.00670376349999996
-0.0035114934999999625
-0.00031922349999996547
0.0028730465000000316
0.026815061500000015
0.050757076500000026
0.019632456500000034
-0.011492163499999958
0.0028730465000000316
0.01723825650000002
-0.0019153634999999614
-0.00670376349999996
-0.011492163499999958
0.02202665650000002
0.019632456500000006
0.01723825650000002
0.005746084500000026
-0.005746087499999969
-0.017238259499999964
-0.02873043149999993
-0.040222603499999954
-0.02705449099999996
-0.013886378499999963
-0.0007182659999999674
0.012449846500000028
-0.013886378499999963
-0.040222603499999954
-0.0019153634999999614
0.01723825650000002
-0.10726024349999996
0.026815056500000017
0.0012769031666667041
-0.024261250166666637
-0.04979940349999995
-0.05937620849999997
-0.0689530135
-0.07852981849999996
-0.08810662349999998
0.07948749650000003
0.01883438316666669
-0.04181873016666665
-0.10247184349999999
-0.05299167016666667
-0.003511496833333294
0.04596867650000003
-0.016280583499999973
-0.08331822349999995
0.12258312650000003
-0.09289502349999995
-0.06512228349999993
-0.03734954349999997
-0.009576803499999953
0.018195936500000037
0.04596867650000003
0.050757076500000026
-0.06895300349999994
-0.039424516833333256
-0.009896030166666597
0.01963245650000006
0.00766144650000003
0.02202665650000002
0.036391866500000036
0.050757076500000026
0.019632456500000034
-0.011492163499999958
-0.011492163499999958
-0.007661441499999949
-0.0038307194999999683
2.500000040317474e-09
0.003830724500000021
0.00766144650000003
-0.01867477849999996
0.011252744000000037
0.041180266500000035
0.031204425666666702
0.02122858483333337
0.011252744000000037
0.0012769031666667041
-0.008698937666666628
-0.01867477849999999
-0.028650619333333294
-0.038626460166666654
-0.04860230099999996
-0.05857814183333332
-0.06855398266666662
-0.07852982349999998
0.04596867650000003
-0.05937620349999995
-0.021068978499999946
0.012449841500000058
-0.03782839099999996
-0.08810662349999998
-0.024261243499999974
0.03958413650000003
0.10342951650000003
-0.12641384349999996
-0.03782838349999995
0.050757076500000026
0.036391866500000036
0.02202665650000002
0.00766144650000003
-0.03224191683333333
-0.07214528016666666
-0.11204864349999999
0.10342951650000003
-0.08331822349999995
-0.018674773499999964
0.04596867650000003
0.043574471500000045
0.041180266500000035
-0.02825156849999999
-0.09768340349999999
-0.07693365905555555
-0.05618391461111111
-0.03543417016666667
-0.0146844257222222
0.0060653187222222404
0.02681506316666671
0.04756480761111115
0.06831455205555559
0.08906429650000003
-0.040222603499999954
0.03160346650000004
0.01005563650000002
0.01723825650000002
0.01604115400000003
0.01484405150000001
0.01364694900000002
0.012449846500000028
-0.0019153634999999614
0.055545476500000024
0.0028730465000000316
0.0007448653888889323
-0.0013833157222221948
-0.003511496833333294
-0.005639677944444421
-0.0077678590555555205
-0.009896040166666648
-0.012024221277777747
-0.014152402388888874
-0.016280583499999973
0.00047883650000002387
-0.0019153634999999614
-0.009097960999999988
-0.016280558499999986
0.0009576905000000246
0.018195939500000036
0.03543418850000002
0.05267243750000003
0.06991068650000004
-0.04740520349999994
0.03280055850000005
0.11300632050000003
-0.006703761499999961
-0.12641384349999996
0.06033387650000002
0.012449851500000053
-0.035434173499999944
-0.07134720849999993
-0.10726024349999996
-0.032241923499999936
0.042776396500000036
0.11779471650000004
-0.10247184349999999
-0.01867477849999999
0.06512228650000004
0.04979939650000004
0.03447650650000003
0.019153616500000026
0.003830726500000048
-0.011492163499999958
-0.04341485683333329
-0.0753375501666666
-0.10726024349999996
-0.09768343635714283
-0.08810662921428569
-0.07852982207142856
-0.06895301492857137
-0.05937620778571423
-0.049799400642857095
-0.04022259349999996
-0.030645786357142824
-0.021068979214285688
-0.011492172071428552
-0.0019153649285713892
0.007661442214285746
0.017238249357142882
0.026815056500000045
0.03639186364285718
0.045968670785714316
0.05554547792857145
0.06512228507142859
0.07469909221428575
0.08427589935714289
0.09385270650000002
-0.021068973499999977
-0.00031923349999993245
-0.001915366833333293
0.006065313166666725
-0.01149216683333329
-0.016280569055555527
-0.021068971277777737
-0.025857373499999975
-0.019871870999999985
-0.013886368499999968
-0.007900865999999951
-0.0019153634999999614
-0.013886373499999993
0.016041151500000017
0.04596867650000003
0.01005565150000004
-0.025857373499999975
0.012449846500000028
0.007661443166666698
0.0028730398333333684
-0.0019153634999999614
-0.003830723499999966
-0.005746083499999971
-0.007661443499999948
-0.009576803499999953
-0.011492163499999958
0.00766144650000003
-0.001915358499999964
-0.008299896833333292
-0.014684435166666648
-0.021068973499999977
-0.00670376349999996
0.010055646500000015
0.026815056500000017
0.00766144650000003
-0.011492163499999958
-0.00670376349999996
-0.0019153634999999614
0.0028730398333333684
0.007661443166666698
0.012449846500000028
0.008459511500000017
0.004469176500000033
0.000478841500000049
-0.0035114934999999625
-0.007501828499999974
-0.011492163499999958
0.0028730465000000316
-0.009097963499999973
0.0028730465000000316
-0.009097963499999973
-0.021068973499999977
-0.01628056849999998
-0.011492163499999958
-0.006703760166666628
-0.0019153568333332982
0.0028730465000000316
0.000478841500000049
-0.0019153634999999614
-0.009097973499999967
-0.016280583499999973
-0.006703773499999982
0.002873036500000037
0.012449846500000028
-0.004309563499999974
-0.021068973499999977
-0.016280583499999973
-0.011492163499999958
-0.02106896849999995
-0.030645773499999973
-0.023463170999999977
-0.01628056849999998
-0.009097965999999957
-0.0019153634999999614
-0.0019153634999999614
-0.0009576814999999739
5.000000413701855e-10
0.0009576825000000289
0.001915364500000044
0.0028730465000000316
-0.016280583499999973
0.005267246500000045
0.0016759415000000555
-0.0019153634999999614
-0.0019153634999999614
-0.0019153634999999614
-0.0012313049285714028
-0.0005472463571428166
0.00013681221428574197
0.0008208707857143283
0.0015049293571428868
0.002188987928571473
0.0028730465000000316
-0.016280583499999973
-0.009097963499999973
-0.008978253499999977
-0.008858543499999982
-0.00873883349999996
-0.008619123499999964
-0.00849941349999997
-0.008379703499999974
-0.008259993499999979
-0.008140283499999956
-0.008020573499999961
-0.007900863499999966
-0.007781153499999971
-0.007661443499999976
-0.007541733499999953
-0.007422023499999958
-0.007302313499999963
-0.007182603499999968
-0.007062893499999973
-0.00694318349999995
-0.006823473499999955
-0.00670376349999996
-0.021068973499999977
-0.011492163499999958
-0.0019153634999999614
-0.004309558499999977
0.0028730465000000316
-0.00670376349999996
-0.009097973499999967
0.0028730465000000316
-0.009097963499999973
-0.006703768499999985
-0.011492163499999958
-0.013886373499999966
-0.016280583499999973
-0.016280583499999973
-0.016280583499999973
-0.01867477849999999
-0.021068973499999977
0.00766144650000003
0.0012769098333333673
-0.005107626833333295
