-0.0004788490000000589
0.0014365229999999674
0.0033518949999998826
0.005267266999999909
0.007182638999999935
0.002394238999999909
0.007182638999999935
-0.007182621000000111
-0.004788421000000098
-0.002394221000000085
-0.002394221000000085
-0.002394221000000085
-0.002394221000000085
-0.002394221000000085
0.007182638999999935
-0.0023941910000000455
-0.011971021000000137
-0.008778754333333416
-0.005586487666666806
-0.002394221000000085
-0.011971021000000137
-0.007182621000000111
0.0047884089999998825
0.016759438999999876
0.0023942089999998695
-0.011971021000000137
-0.011013341000000176
-0.010055661000000105
-0.009097981000000144
-0.008140301000000072
-0.007182621000000111
-0.004788421000000098
-0.002394221000000085
-0.009576821000000124
-0.007781171000000087
-0.00598552100000016
-0.004189871000000123
-0.002394221000000085
8.99999985648492e-09
0.002394238999999909
-0.002394221000000085
-0.011971021000000137
-0.0047883910000001695
0.002394238999999909
-0.0023941910000000455
-0.007182621000000111
-0.0023942010000000957
0.0023942189999999197
0.007182638999999935
0.007182638999999935
0.007182638999999935
0.007182638999999935
0.007182638999999935
0.007182638999999935
0.007182638999999935
0.002394238999999909
0.002394238999999909
-0.002394221000000085
-0.002394221000000085
-0.007182621000000111
-0.007182621000000111
0.0023942089999998695
0.01197103899999985
0.0047884089999998825
-0.002394221000000085
-0.003192287666666793
-0.00399035433333339
-0.004788421000000098
-0.005586487666666806
-0.006384554333333403
-0.007182621000000111
-0.002394221000000085
0.002394238999999909
-0.021547811000000083
-0.009576786000000115
0.002394238999999909
0.002394238999999909
-0.0071825910000000714
-0.016759421000000163
-0.0023941910000001565
0.01197103899999985
0.0047884089999998825
-0.002394221000000085
-0.005586487666666806
-0.008778754333333416
-0.011971021000000137
8.99999985648492e-09
0.01197103899999985
0.009918858999999891
0.007866678999999821
0.005814498999999862
0.003762318999999903
0.001710138999999944
-0.00034204100000012616
-0.002394221000000085
0.002394238999999909
8.99999985648492e-09
-0.002394221000000085
-0.004788421000000098
-0.007182621000000111
-0.008778754333333416
-0.010374887666666832
-0.011971021000000137
-0.013567154333333442
-0.015163287666666858
-0.016759421000000163
-0.002394221000000085
-0.021547811000000083
-0.011971021000000137
-0.002394221000000085
-0.007182621000000111
-0.0023941910000000455
0.002394238999999909
0.004788438999999922
0.007182638999999935
0.006384572333333227
0.00558650566666663
0.004788438999999922
0.003990372333333214
0.003192305666666617
0.002394238999999909
8.99999985648492e-09
-0.002394221000000085
-0.02633621100000011
-0.002394221000000085
-0.007182621000000111
-0.007182621000000111
-0.007182621000000111
-0.007182621000000111
-0.003990334333333401
-0.0007980476666668013
0.002394238999999909
-0.011971021000000137
-0.011013341000000176
-0.010055661000000105
-0.009097981000000144
-0.008140301000000072
-0.007182621000000111
-0.004788406000000078
-0.0023941910000000455
2.399999998736746e-08
0.002394238999999909
0.002394238999999909
0.002394238999999909
-0.0047883910000001695
-0.011971021000000137
-0.0047883910000001695
0.002394238999999909
-0.0007980476666668013
-0.003990334333333401
-0.007182621000000111
-0.01436521600000007
-0.021547811000000083
0.002394238999999909
0.002394238999999909
0.002394238999999909
0.002394238999999909
0.002394238999999909
0.002394238999999909
0.002394238999999909
0.002394238999999909
0.002394238999999909
0.002394238999999909
0.002394238999999909
0.002394238999999909
-0.0023941910000000455
-0.007182621000000111
-0.004309569000000124
-0.001436517000000137
0.001436534999999961
0.004309586999999948
0.007182638999999935
-0.0023941910000000455
-0.011971021000000137
0.01197103899999985
-0.007182621000000111
-0.007182621000000111
-0.007182621000000111
-0.002394221000000085
-0.002394221000000085
-0.002394221000000085
0.002394238999999909
-0.002394221000000085
0.007182638999999935
0.0035913239999999513
8.99999985648492e-09
-0.0035913060000001273
-0.007182621000000111
8.99999985648492e-09
0.007182638999999824
-0.002394221000000085
-0.002394221000000085
-0.002394221000000085
0.0047884089999998825
0.01197103899999985
0.01197103899999985
0.01197103899999985
0.01197103899999985
0.01197103899999985
0.01197103899999985
0.01197103899999985
0.01197103899999985
0.01197103899999985
0.01197103899999985
0.007182638999999935
-0.011971021000000137
-0.002394221000000085
0.01197103899999985
0.007182638999999935
0.007182638999999935
0.005985535249999896
0.004788431499999968
0.0035913277499999285
0.0023942239999998893
0.0011971202499999611
1.649999992192619e-08
-0.0011970872500001173
-0.0023941910000000455
-0.0035912947500000847
-0.004788398500000124
-0.005985502250000163
-0.007182606000000091
-0.00837970975000013
-0.00957681350000017
-0.010773917250000098
-0.011971021000000137
-0.016759421000000163
-0.007182621000000111
0.002394238999999909
0.002394238999999909
-0.016759421000000163
-0.007182621000000111
-0.011971021000000137
-0.002394221000000085
-0.011971021000000137
-0.007182621000000111
0.002394238999999909
-0.002394221000000085
-0.007182621000000111
-0.005267249000000085
-0.0033518770000000586
-0.0014365050000001434
0.0004788669999998829
0.002394238999999909
-0.007182621000000111
-0.007182621000000111
-0.002394221000000085
-0.002394221000000085
-0.002394221000000085
-0.003591321000000036
-0.004788421000000098
-0.00598552100000016
-0.007182621000000111
-0.0023941910000000455
0.002394238999999909
0.002394238999999909
0.002394238999999909
0.002394238999999909
0.002394238999999909
0.002394238999999909
0.014365238999999863
-0.010773886000000177
-0.035913011000000106
-0.011970986000000128
0.01197103899999985
0.008978281499999907
0.005985523999999853
0.0029927664999997994
8.99999985648492e-09
-0.0029927485000000864
-0.00598550600000014
-0.008978263500000194
-0.011971021000000137
1.3999999937119867e-08
-0.009576821000000124
-0.00598552100000016
-0.002394221000000085
-0.019153616000000095
-0.035913011000000106
-0.011970986000000128
0.01197103899999985
0.002394238999999909
-0.0011970760000000746
-0.0047883910000001695
-0.008379706000000153
-0.011971021000000137
0.04548983899999992
0.03232173274999994
0.019153626499999854
0.005985520249999876
-0.007182586000000102
-0.002394173500000152
0.002394238999999909
-0.016759421000000163
0.009576808999999908
0.03591303899999987
-0.002394186000000076
-0.04070141100000013
-0.027704318142857287
-0.014707225285714443
-0.0017101324285715425
0.011286960428571358
0.024284053285714258
0.03728114614285705
0.05027823899999995
0.009576813999999878
-0.031124611000000135
-0.016759416000000082
-0.002394221000000085
-0.011970986000000128
0.040701438999999895
0.007182613999999865
-0.02633621100000011
0.021547838999999902
0.018355572333333292
0.015163305666666571
0.01197103899999985
0.00877877233333324
0.00558650566666663
0.002394238999999909
-0.021547811000000083
0.031124638999999843
0.016759428999999826
0.0023942189999998087
-0.011970991000000097
-0.026336201000000115
-0.04070141100000013
0.04548983899999992
-0.009576786000000115
-0.009576786000000115
-0.009576786000000115
-0.009576786000000115
-0.008080407875000084
-0.006584029750000164
-0.005087651625000134
-0.003591273500000103
-0.002094895375000072
-0.0005985172500000413
0.0008978608749998784
0.002394238999999909
-0.04070141100000013
0.004788413999999852
0.03591303899999987
0.004788413999999852
-0.02633621100000011
0.016759438999999876
0.016759438999999876
0.016759438999999876
0.008379723999999866
8.99999985648492e-09
-0.008379706000000153
-0.016759421000000163
0.01197103899999985
0.009975870249999907
0.007980701499999854
0.0059855327499998
0.0039903639999998575
0.001995195249999915
2.649999986115148e-08
-0.0019951422500001925
-0.003990311000000135
-0.005985479750000078
-0.007980648500000131
-0.009975817250000185
-0.011970986000000128
-0.004788396000000139
1.3999999826097564e-08
-0.0012675051176471719
-0.002535024235294281
-0.00380254335294139
-0.005070062470588388
-0.006337581588235386
-0.007605100705882495
-0.008872619823529604
-0.010140138941176602
-0.0114076580588236
-0.012675177176470709
-0.013942696294117818
-0.015210215411764816
-0.016477734529411814
-0.017745253647058923
-0.019012772764706032
-0.02028029188235303
-0.021547811000000083
0.009576838999999948
0.009576808999999908
-0.007182586000000102
-0.004788386000000089
0.0023942089999998695
-0.021547811000000083
-0.0035913010000000467
0.014365208999999934
-0.0011971060000001144
-0.016759421000000163
-0.0023941910000001565
0.01197103899999985
-0.0454898110000001
-0.0320822810000001
-0.018674751000000045
-0.0052672210000001
0.008140308999999846
0.021547838999999902
-0.031124611000000135
0.021547838999999902
0.009097988999999918
-0.003351861000000067
-0.015801711000000163
-0.028251561000000147
-0.04070141100000013
0.021547838999999902
0.009097988999999918
-0.003351861000000067
-0.015801711000000163
-0.028251561000000147
-0.04070141100000013
0.031124638999999843
-0.011971021000000137
-0.0023942060000001764
0.0071826089999998954
0.016759423999999967
0.026336238999999928
-0.021547811000000083
0.007182638999999935
-0.011970986000000128
-0.00558644433333344
0.0007980973333332475
0.007182638999999935
-0.02633621100000011
0.016759438999999876
0.0023942229999999176
-0.011970993000000152
-0.02633620900000011
-0.04070142500000007
-0.05506664100000008
0.04548983899999992
1.3999999937119867e-08
-0.0454898110000001
-0.015163261000000094
0.015163288999999969
0.04548983899999992
-0.031124611000000135
-0.004788386000000089
0.021547838999999902
0.009576808999999908
-0.002394221000000085
-0.016759421000000163
0.026336238999999928
0.011971028999999911
-0.0023941810000001063
-0.016759391000000123
-0.031124601000000085
-0.0454898110000001
0.016759438999999876
-0.011970986000000128
-0.04070141100000013
0.031124638999999843
0.007182608999999784
-0.016759421000000163
0.03591303899999987
0.01197100899999981
-0.011971021000000137
-0.007182621000000111
-0.002394221000000085
-0.0017101552857143876
-0.00102608957142869
-0.0003420238571429923
0.0003420418571428163
0.001026107571428514
0.0017101732857142116
0.002394238999999909
0.0071826089999998954
-0.016759401000000063
-0.04070141100000013
-0.009576786000000115
0.021547838999999902
-0.016759421000000163
0.016759438999999876
0.00558648566666653
-0.005586467666666817
-0.016759421000000163
0.002394238999999909
-0.0011970760000000746
-0.0047883910000001695
-0.008379706000000153
-0.011971021000000137
-0.011971021000000137
-0.011971021000000137
-0.011971021000000137
-0.011971021000000137
-0.011971021000000137
-0.011971021000000137
0.031124638999999843
-0.009576786000000115
-0.016759421000000163
-0.002394221000000085
-0.002793252388888945
-0.0031922837777779156
-0.0035913151666667753
-0.003990346555555635
-0.004389377944444495
-0.004788409333333465
-0.005187440722222325
-0.005586472111111185
-0.0059855035000000445
-0.006384534888889015
-0.006783566277777875
-0.007182597666666735
-0.007581629055555705
-0.007980660444444565
-0.008379691833333425
-0.008778723222222284
-0.009177754611111255
-0.009576786000000115
-0.004788386000000089
0.009576808999999908
0.0023942089999999805
0.00239421399999995
-0.05027824100000011
-0.02753332100000011
-0.004788401000000109
0.01795651899999995
0.040701438999999895
-0.021547811000000083
-0.019153616000000095
-0.016759421000000163
-0.011970986000000128
0.008778755666666527
0.029528497333333292
0.05027823899999995
0.03232172649999998
0.014365213999999904
-0.003591298500000062
-0.021547811000000083
0.026336238999999928
0.016759418999999887
0.007182598999999956
-0.002394221000000085
-0.02633621100000011
0.026336238999999928
0.018674786999999915
0.011013334999999902
0.003351882999999889
-0.004309569000000124
-0.011971021000000137
8.99999985648492e-09
-0.0029927485000000864
-0.00598550600000014
-0.008978263500000194
-0.011971021000000137
-0.007182621000000111
-0.002394221000000085
8.99999985648492e-09
-0.0035913060000001273
-0.007182621000000111
-0.003990334333333401
-0.0007980476666668013
0.002394238999999909
0.007182638999999935
0.01197103899999985
0.016759438999999876
0.021547838999999902
0.011172952333333264
0.0007980656666665142
-0.009576821000000124
-0.010374887666666832
-0.01117295433333343
-0.011971021000000137
-0.007182606000000091
-0.0023941910000000455
-0.0007980476666666902
0.000798095666666554
0.002394238999999909
-0.007182621000000111
-0.002394221000000085
-0.004788421000000098
-0.007182621000000111
-0.0023941910000000455
0.002394238999999909
0.003990372333333214
0.00558650566666663
0.007182638999999935
0.008379738999999886
0.009576838999999948
0.010773938999999899
0.01197103899999985
0.0023942089999998695
-0.007182621000000111
-0.007182621000000111
-0.007182621000000111
-0.004788421000000098
-0.002394221000000085
0.01197103899999985
0.010534512999999857
0.009097986999999863
0.0076614609999998695
0.006224934999999876
0.0047884089999998825
0.003351882999999889
0.0019153569999998954
0.00047883099999990186
-0.0009576950000000917
-0.002394221000000085
0.0047884089999998825
0.01197103899999985
0.002394238999999909
-0.002394221000000085
0.002394238999999909
0.01197103899999985
-0.002394221000000085
-0.0011971060000001144
8.99999985648492e-09
0.0011971239999999383
0.002394238999999909
0.002394238999999909
-0.0011970760000000746
-0.0047883910000001695
-0.008379706000000153
-0.011971021000000137
-0.002394221000000085
-0.011971021000000137
-0.007182621000000111
0.007182638999999935
0.002394238999999909
-0.007182621000000111
-0.004788421000000098
-0.002394221000000085
-0.011971016000000057
-0.021547811000000083
-0.01436521600000007
-0.007182621000000111
-0.005267249000000085
-0.0033518770000000586
-0.0014365050000001434
0.0004788669999998829
0.002394238999999909
-0.002394221000000085
-0.001436535000000072
-0.0004788490000000589
0.0004788369999999542
0.0014365229999999674
0.0023942089999999805
0.0033518949999998826
0.004309580999999896
0.005267266999999909
0.006224952999999922
0.007182638999999935
-0.016759421000000163
-0.007182621000000111
-0.007182621000000111
0.009576838999999948
0.008379738999999997
0.007182638999999935
0.005985538999999873
0.004788438999999922
0.003591338999999971
0.002394238999999909
8.99999985648492e-09
-0.002394221000000085
8.99999985648492e-09
-0.002394221000000085
-0.002394221000000085
0.002394238999999909
-0.002394221000000085
-0.004788421000000098
-0.007182621000000111
-0.009576821000000124
-0.011971021000000137
0.0023942089999999805
0.003591316499999997
0.004788424000000013
0.005985531499999919
0.007182638999999935
0.007182638999999935
-0.007182621000000111
-0.0023941910000000455
0.002394238999999909
-0.0023941910000000455
-0.007182621000000111
-0.004788406000000078
-0.0023941910000000455
2.3999999876345157e-08
