-0.015322850000000443
-0.0225053500000012
-0.02968785000000196
-0.010533850000001621
-0.010533850000001621
-0.010533850000001621
-0.015322350000001705
-0.02011085000000179
-0.01851485000000075
-0.016918850000001484
-0.015322850000000443
-0.015322850000000443
-0.015322850000000443
-0.015322850000000443
-0.015322850000000443
-0.015322850000000443
-0.015322850000000443
-0.015322850000000443
-0.020111350000000527
-0.024899850000000612
-0.005745850000000274
-0.008618850000001288
-0.011491850000000525
-0.014364850000001539
-0.017237850000000776
-0.02011085000000179
-0.005745850000000274
-0.000957850000000704
-0.02011085000000179
0.008619149999999465
0.003831149999998118
0.006225149999998791
0.008619149999999465
0.004788549999998892
0.0009579499999983199
-0.002872650000000476
-0.006703250000001049
-0.010533850000001621
-0.010533850000001621
-0.010533850000001621
-0.010533850000001621
-0.010533850000001621
-0.010533850000001621
-0.010533850000001621
-0.010533850000001621
-0.010533850000001621
-0.01149165000000174
-0.01244945000000186
-0.013407250000000204
-0.014365050000000323
-0.015322850000000443
-0.020111350000000527
-0.024899850000000612
-0.012928850000001546
-0.000957850000000704
-0.0057461833333345425
-0.010534516666666605
-0.015322850000000443
0.001436649999998707
0.018196149999999633
-0.000957850000000704
-0.015322850000000443
-0.015322350000001705
-0.010534350000000359
-0.02011085000000179
-0.015322350000001705
-0.016519475000002615
-0.017716600000001748
-0.01891372500000088
-0.02011085000000179
-0.015322850000000443
-0.02968785000000196
-0.024899350000001874
-0.02011085000000179
-0.024899350000001874
-0.02968785000000196
-0.02011085000000179
-0.013726516666668687
-0.007342183333333807
-0.000957850000000704
-0.007342183333333807
-0.013726516666668687
-0.02011085000000179
-0.000957850000000704
-0.0057461833333345425
-0.010534516666666605
-0.015322850000000443
-0.015322850000000443
-0.0033518500000013773
0.008619149999999465
0.0038306499999993804
-0.000957850000000704
-0.015322850000000443
-0.013886349999999936
-0.012449850000001206
-0.011013350000000699
-0.009576850000000192
-0.008140350000001462
-0.006703850000000955
-0.005267350000000448
-0.0038308499999999412
-0.002394350000001211
-0.000957850000000704
-0.010534350000000359
-0.02011085000000179
-0.000957850000000704
-0.02011085000000179
-0.000957850000000704
-0.02011085000000179
-0.005745850000000274
-0.015322850000000443
0.008619149999999465
0.008619149999999465
0.008619149999999465
0.008619149999999465
0.008619149999999465
0.008619149999999465
-0.008140350000001462
-0.024899850000000612
-0.028091850000000917
-0.03128385000000122
-0.03447585000000153
-0.024899850000000612
-0.024899850000000612
-0.024899850000000612
-0.024899850000000612
-0.024899850000000612
-0.024899850000000612
-0.024899850000000612
-0.024899850000000612
-0.024899850000000612
-0.024899850000000612
-0.024899850000000612
-0.023303683333333325
-0.021707516666667814
-0.020111350000000527
-0.01851518333333324
-0.01691901666666773
-0.015322850000000443
-0.010533850000001621
0.001436649999998707
0.006225149999998791
-0.01372651666666691
-0.014258627777778088
-0.014790738888889265
-0.015322850000000443
-0.010533850000001621
-0.004149350000002272
0.0022351499999988533
0.008619649999998202
0.003831149999998118
-0.00095735000000019
-0.005745850000000274
-0.03926485000000035
-0.03208234999999959
-0.024899850000000612
-0.010533850000001621
-0.010533850000001621
-0.010533850000001621
-0.008139850000000948
-0.005745850000000274
-0.00095735000000019
0.003831149999998118
0.0033957863636349117
0.0029604227272717054
0.0025250590909067228
0.0020896954545435165
0.0016543318181803102
0.0012189681818171039
0.0007836045454538976
0.0003482409090906913
-8.712272727429138e-05
-0.0005224863636374977
-0.000957850000000704
-0.000957850000000704
-0.010534350000000359
-0.010533850000001621
-0.02011085000000179
-0.02011085000000179
-0.02011085000000179
-0.010533850000001621
-0.007341850000001315
-0.00414985000000101
-0.000957850000000704
-0.0038308499999999412
-0.006703850000000955
-0.009576850000000192
-0.012449850000001206
-0.015322850000000443
-0.012928350000001032
-0.005745850000000274
-0.017716850000001116
-0.02968785000000196
-0.02968785000000196
-0.02968785000000196
-0.02968785000000196
-0.02729368333333504
-0.02489951666666812
-0.0225053500000012
-0.02011118333333428
-0.017717016666667362
-0.015322850000000443
-0.0033513500000026397
-0.0025535166666692533
-0.0017556833333340904
-0.000957850000000704
-0.0033513500000026397
-0.010533850000001621
-0.012130183333335154
-0.01372651666666691
-0.015322850000000443
-0.016519850000001668
-0.017716850000001116
-0.018913850000000565
-0.02011085000000179
-0.02011085000000179
-0.02011085000000179
-0.02011085000000179
-0.02011085000000179
-0.02011085000000179
-0.02011085000000179
-0.02011085000000179
-0.02011085000000179
-0.005745850000000274
-0.017716850000001116
-0.00933735000000091
-0.000957850000000704
-0.005745850000000274
-0.010533850000001621
-0.0124492500000013
-0.014364650000000978
-0.016280050000002433
-0.01819545000000211
-0.02011085000000179
-0.0033513500000026397
-0.007541225000002427
-0.011731100000002215
-0.015920975000002002
-0.02011085000000179
-0.053629850000001866
-0.11587885000000142
-0.08236035000000186
-0.04884185000000052
-0.041658850000001024
-0.03447585000000153
-0.04584835000000176
-0.05722085000000199
-0.06859335000000222
-0.07996585000000067
-0.0913383500000009
-0.10271085000000113
-0.11408335000000136
-0.1254558500000016
0.008619149999999465
-0.053629850000001866
-0.07757185000000177
0.1091761499999997
0.013408149999998287
0.013408149999998287
0.11875214999999884
0.06703754999999845
0.015322949999998059
-0.03639165000000055
-0.08810625000000094
-0.13982085000000133
-0.017716850000001116
0.1043871499999991
-0.16376285000000124
-0.03926485000000035
-0.020111350000000527
-0.000957850000000704
-0.11587885000000142
0.0301671499999987
0.17621314999999882
0.08842581666666582
0.0006384833333310524
-0.08714885000000194
0.08523414999999801
0.03256164999999811
-0.02011085000000179
-0.07278335000000169
-0.1254558500000016
-0.0679948500000016
-0.026495516666667385
0.01500381666666506
0.05650314999999928
0.034157483333332905
0.011811816666664754
-0.010533850000001621
0.20015514999999873
-0.11587885000000142
-0.06560085000000093
-0.015322850000000443
-0.10630234999999999
-0.1972818500000013
-0.14556705000000214
-0.09385225000000119
-0.04213745000000202
0.00957734999999893
0.0612921499999981
0.06847464999999886
0.07565714999999962
0.1043871499999991
0.08906434999999924
0.07374154999999938
0.05841874999999774
0.043095949999997885
0.027773149999998026
-0.1733398500000014
-0.04884185000000052
-0.10630185000000125
0.21930914999999906
0.11236814999999822
0.005427149999999159
-0.10151385000000168
-0.07597585000000073
-0.05043785000000156
-0.024899850000000612
-0.10390835000000109
-0.18291685000000157
-0.058418350000000174
0.06608014999999945
0.1043871499999991
0.14269414999999874
0.14508864999999815
0.14748314999999934
0.05171514999999971
-0.0440528500000017
-0.09353318333333505
-0.1430135166666684
-0.19249385000000174
-0.03926485000000035
-0.06320685000000026
0.056503149999997504
0.027772749999996904
-0.0009576500000019195
-0.02968805000000252
-0.05841845000000134
-0.08714885000000194
-0.11188885000000148
-0.13662885000000102
-0.16136885000000234
-0.18610885000000188
-0.21084885000000142
-0.23558885000000096
0.07086814999999902
0.08523414999999801
0.17621314999999882
0.12066774999999907
0.06512234999999933
0.009576949999997808
-0.04596845000000194
-0.10151385000000168
-0.1493978500000015
-0.02968785000000196
0.027773149999998026
0.2336741499999988
-0.10151385000000168
-0.07757185000000177
-0.25953085000000087
-0.1805223500000004
-0.1015138499999999
-0.0225053500000012
0.05650314999999928
0.08523414999999801
0.1079788999999991
0.13072364999999841
0.15346839999999773
0.17621314999999882
-0.03926485000000035
-0.05243285000000064
-0.06560085000000093
-0.07876885000000122
-0.09193685000000151
-0.04644735000000111
0.17621314999999882
0.025378649999998615
-0.1254558500000016
-0.10247145000000124
-0.07948705000000089
-0.05650265000000232
-0.03351825000000197
-0.010533850000001621
-0.10869685000000118
-0.014125850000000995
0.08044514999999919
0.14030014999999807
0.20015514999999873
0.14748264999999883
0.09481014999999893
-0.06320685000000026
-0.10869635000000066
-0.15418585000000107
-0.1532282500000015
-0.15227065000000195
-0.15131305000000062
-0.15035545000000106
-0.1493978500000015
0.11875214999999884
0.08112900714285587
0.0435058642857129
0.005882721428569937
-0.03174042142857303
-0.069363564285716
-0.10698670714285896
-0.14460985000000193
-0.024899350000001874
0.04213814999999954
0.14508864999999815
0.128329149999999
0.11156964999999808
0.09481014999999893
0.06727689999999953
0.039743649999998354
0.012210399999998955
-0.015322850000000443
-0.07757185000000177
-0.13982085000000133
-0.15897485000000167
0.07086814999999902
-0.07996635000000119
-0.2308008500000014
-0.0440528500000017
-0.19009935000000056
-0.3361458500000012
-0.13742685000000066
0.0612921499999981
0.05171527499999762
0.04213839999999891
0.032561524999998426
0.02298464999999794
0.013407774999999234
0.003830899999998749
-0.005745974999999959
-0.015322850000000443
0.24803914999999854
0.037350149999998195
0.1091761499999997
0.06608014999999945
0.19536714999999916
0.20015514999999873
0.13790614999999917
0.07565714999999784
0.013408149999998287
-0.009336850000002173
-0.032081850000000856
-0.054826850000001315
-0.07757185000000177
-0.1493978500000015
-0.22122385000000122
0.04213814999999954
-0.10390785000000058
-0.2499538500000007
-0.0440528500000017
-0.326568850000001
-0.19568585000000027
-0.0648028500000013
0.06608014999999945
-0.03926485000000035
-0.0033518500000013773
0.03256114999999937
0.06847415000000012
0.1043871499999991
0.14030014999999807
0.17621314999999882
0.1075794833333319
0.03894581666666497
-0.02968785000000196
0.05171514999999971
0.022984149999999204
0.03096481666666584
0.038945483333332476
0.04692614999999911
0.1043871499999991
0.16184814999999908
-0.16855185000000183
-0.06320685000000026
-0.2786848500000012
0.05171514999999971
0.043335400000000135
0.03495565000000056
0.02657589999999921
0.018196149999999633
0.009816400000000058
0.001436649999998707
-0.006943100000000868
-0.015322850000000443
0.14269414999999874
-0.015322850000000443
-0.0440528500000017
-0.005745850000000274
-0.005745850000000274
0.185790149999999
0.15618914999999944
0.12658814999999812
0.09698714999999858
0.06738614999999903
0.03778514999999949
0.00818414999999817
-0.021416850000001375
-0.05101785000000092
-0.08061885000000046
-0.11021985000000178
-0.13982085000000133
-0.000957850000000704
-0.26431985000000147
0.1091761499999997
0.022984149999999204
0.14748314999999934
-0.005745850000000274
-0.13503285000000176
-0.11827335000000261
-0.10151385000000168
-0.08475435000000076
-0.0679948500000016
-0.051235350000002455
-0.03447585000000153
-0.0536295166666676
-0.07278318333333544
-0.09193685000000151
0.0006388166666653206
0.09321448333333215
0.185790149999999
-0.05841785000000144
-0.03447635000000204
-0.0440528500000017
0.027773149999998026
-0.02011085000000179
0.021787649999998493
0.06368614999999878
0.10558464999999906
0.14748314999999934
-0.0440528500000017
-0.04046160000000221
-0.03687035000000094
-0.03327910000000145
-0.02968785000000196
-0.005745850000000274
0.018196149999999633
-0.008139850000000948
-0.03447585000000153
0.02298464999999794
0.08044514999999919
0.07431598999999878
0.06818682999999837
0.06205766999999973
0.05592850999999932
0.04979934999999891
0.0436701899999985
0.037541029999999864
0.03141186999999945
0.025282709999999042
0.01915354999999863
0.013024389999999997
0.006895229999999586
0.0007660699999991749
-0.005363090000001236
-0.01149224999999987
-0.01762141000000028
-0.023750570000000693
-0.029879730000001103
-0.03600888999999974
-0.04213805000000015
-0.04826721000000056
-0.05439637000000097
-0.060525529999999605
-0.06665469000000002
-0.07278385000000043
-0.03926485000000035
-0.005745850000000274
-0.02968785000000196
-0.010534350000000359
-0.02011085000000179
-0.00095735000000019
-0.07757185000000177
-0.000957850000000704
-0.02011085000000179
0.018196149999999633
0.001436649999998707
-0.015322850000000443
-0.005745850000000274
0.003831149999998118
-0.02011085000000179
-0.0440528500000017
-0.02968785000000196
-0.010533850000001621
-0.023303183333334587
-0.00494751666666815
0.013408149999998287
-0.015322850000000443
-0.008140350000001462
-0.000957850000000704
0.0038308166666656263
0.008619483333331956
0.013408149999998287
-0.024899850000000612
-0.02011118333333428
-0.015322516666667951
-0.010533850000001621
-0.02011085000000179
-0.010534350000000359
-0.000957850000000704
-0.005745850000000274
-0.010533850000001621
0.0022351499999988533
0.015004149999997551
0.027773149999998026
-0.024899850000000612
-0.022026750000000206
-0.019153650000001576
-0.01628055000000117
-0.013407450000000765
-0.010534350000000359
-0.007661250000001729
-0.004788150000001323
-0.0019150500000009174
0.0009580499999977121
0.003831149999998118
-0.010533850000001621
-0.005745850000000274
-0.000957850000000704
-0.017716850000001116
-0.010533850000001621
-0.01412535000000048
-0.017716850000001116
-0.02190660000000122
-0.026096350000001323
-0.030286100000001426
-0.03447585000000153
-0.024899350000001874
-0.015322850000000443
-0.010533850000001621
-0.00893785000000058
-0.007341850000001315
-0.005745850000000274
0.001436649999998707
-0.0021546000000007837
-0.005745850000000274
-0.010534350000000359
-0.015322850000000443
-0.010534516666666605
-0.0057461833333345425
-0.000957850000000704
-0.00414985000000101
-0.007341850000001315
-0.010533850000001621
-0.005745850000000274
-0.000957850000000704
-0.007342183333333807
-0.013726516666668687
-0.02011085000000179
-0.008140350000001462
-0.008738725000000613
-0.009337100000001541
-0.00993547500000247
-0.010533850000001621
0.003831149999998118
0.0028733499999979983
0.0019155499999978787
0.0009577499999995354
-5.000000058430487e-08
