0.0033515500000014242
0.0033515500000014242
0.0033515500000014242
0.0033515500000014242
0.0033515500000014242
0.0033515500000014242
0.0033515500000014242
0.0033515500000014242
0.0033515500000014242
0.0033515500000014242
0.0033515500000014242
0.012928550000001593
-0.01580178333333393
0.0009575500000007509
0.009337050000000957
0.017716550000001163
0.018195450000000335
0.018674350000001283
0.019153250000000455
0.019632150000001403
0.020111050000000574
0.020589949999999746
0.021068850000000694
0.021547749999999866
0.022026650000000814
0.022505549999999985
0.0009575500000007509
-0.020590449999998484
-0.020590449999998484
-0.0062254499999987445
0.0033515500000014242
0.0033515500000014242
0.0033515500000014242
0.0033515500000014242
0.0033515500000014242
0.0033515500000014242
0.0033515500000014242
0.0033515500000014242
0.0033515500000014242
0.0033515500000014242
0.0033515500000014242
0.0033515500000014242
0.0033515500000014242
0.0033515500000014242
0.012928550000001593
0.00015955000000111852
-0.0158019499999984
-0.01580144999999966
-0.011013449999998315
-0.010276757692306404
-0.009540065384614493
-0.008803373076922583
-0.008066680769228896
-0.007329988461536985
-0.006593296153845074
-0.005856603846153163
-0.005119911538461253
-0.004383219230769342
-0.0036465269230756547
-0.002909834615383744
-0.0021731423076918333
-0.0014364499999999225
0.0045488000000002415
0.010534050000002182
-0.013407449999998988
-0.008619449999999418
-0.01580144999999966
-0.014205338888888974
-0.012609227777778287
-0.011013116666665823
-0.009417005555555136
-0.007820894444444448
-0.006224783333333761
-0.004628672222221297
-0.00303256111111061
-0.0014364499999999225
0.0033515500000014242
-0.018195949999999073
-0.0062254499999987445
0.005745550000002098
0.017716550000001163
0.015322550000002266
0.012928550000001593
0.011622640909092041
0.01031673181818249
0.009010822727274714
0.007704913636365163
0.006399004545455611
0.005093095454546059
0.0037871863636365077
0.002481277272726956
0.0011753681818191808
-0.00013054090909037086
-0.0014364499999999225
-0.02537844999999983
-0.018195949999999073
0.004947883333334957
0.008938216666669163
0.012928550000001593
0.012928550000001593
0.012928550000001593
0.012928550000001593
0.012928550000001593
0.012928550000001593
0.012928550000001593
0.012928550000001593
0.012928550000001593
0.012928550000001593
0.012928550000001593
0.012928550000001593
0.012928550000001593
-0.011013449999998315
-0.013407450000000765
0.010534050000002182
0.008140550000000246
-0.05410944999999856
-0.05889784999999925
-0.06368624999999817
-0.06847464999999886
-0.07326304999999778
-0.07805144999999847
-0.08283984999999916
-0.08762824999999808
-0.09241664999999877
-0.09720504999999768
-0.10199344999999838
-0.030167449999998652
0.056024050000001324
0.06560104999999972
-0.04453244999999839
-0.06368544999999948
-0.06607994999999889
-0.0684744499999983
-0.06320714999999844
-0.05793984999999857
-0.05267254999999871
-0.047405249999998844
-0.04213794999999898
-0.03687064999999912
-0.03160334999999925
-0.02633604999999939
-0.021068749999999525
-0.01580144999999966
0.021308300000001168
0.058418050000002
-0.015802116666664645
-0.03974344999999957
-0.03974344999999957
-0.03974344999999957
-0.034635849999999024
-0.029528250000000256
-0.02442064999999971
-0.019313049999999166
-0.014205450000000397
-0.009097849999999852
-0.003990249999999307
0.0011173500000012382
0.006224950000000007
0.011332550000000552
-0.00861895000000068
0.008140550000000246
0.003352050000000162
-0.0014364499999999225
-0.0062249499999982305
-0.011013449999998315
-0.010534649999998535
-0.010055849999998756
-0.009577049999998977
-0.009098249999999197
-0.008619449999999418
-0.008140649999997862
-0.007661849999998083
-0.007183049999998303
-0.006704249999998524
-0.0062254499999987445
-0.008020824999999121
-0.009816199999999498
0.017716550000001163
0.0033515500000014242
-0.0062249499999982305
-0.01580144999999966
-0.020589850000000354
-0.02537824999999927
-0.03016664999999996
-0.03495504999999888
-0.03974344999999957
-0.018195949999999073
-0.011332649999998168
-0.004469349999999039
0.0023939500000018654
0.009257250000000994
0.0161205500000019
0.0264955500000017
0.0368705500000015
0.025697550000002067
0.014524550000000858
0.0033515500000014242
-0.013407949999999502
-0.030167449999998652
-0.02879930714285628
-0.02743116428571213
-0.026063021428569755
-0.02469487857142738
-0.023326735714285007
-0.021958592857140857
-0.020590449999998484
-0.004629116666665212
-0.0006387833333310056
0.0033515500000014242
0.0009575500000007509
-0.0014364499999999225
-0.0062254499999987445
-0.011013783333332583
-0.015802116666664645
-0.020590449999998484
-0.018794824999998738
-0.016999199999998993
-0.015203574999999248
-0.013407949999999502
-0.01161232499999798
-0.009816699999998235
-0.00802107499999849
-0.0062254499999987445
0.005746050000000835
0.0009575500000007509
-0.007421949999999455
-0.01580144999999966
-0.0014364499999999225
-0.0030327833333334553
-0.004629116666665212
-0.0062254499999987445
-0.008619574999999102
-0.01101369999999946
-0.013407824999999818
-0.0158019499999984
-0.018196074999998757
-0.020590199999999115
-0.022984324999999473
-0.02537844999999983
-0.011013449999998315
0.0033515500000014242
0.009337050000000957
0.015322550000002266
-0.0014364499999999225
0.001755883333332875
0.004948216666667449
0.008140550000000246
-0.020590449999998484
-0.02478032499999827
-0.02897019999999806
-0.033160074999997846
-0.037349949999997634
-0.0415398249999992
-0.045729699999998985
-0.04991957499999877
-0.05410944999999856
-0.030167199999999283
-0.0062249499999982305
0.01053455000000092
0.0033515500000014242
-0.008619449999999418
-0.020590449999998484
0.0009575500000007509
0.022505549999999985
0.018587731818181297
0.014669913636364385
0.010752095454545696
0.006834277272727007
0.002916459090910095
-0.0010013590909085934
-0.004919177272725506
-0.008836995454544194
-0.012754813636362883
-0.016672631818179795
-0.020590449999998484
0.11827305000000088
0.07517755000000115
0.07038955000000158
0.05363005000000065
0.0368705500000015
-0.37493145000000005
-0.3334320055555562
-0.29193256111111054
-0.2504331166666667
-0.2089336722222228
-0.16743422777777717
-0.1259347833333333
-0.08443533888888943
-0.04293589444444379
-0.0014364499999999225
-0.17381944999999988
-0.13311795000000082
-0.04453245000000017
0.04405305000000048
0.09433155000000149
0.20446455000000086
0.12306155000000096
0.04165855000000107
0.040788004545454726
0.03991745909091016
0.03904691363636381
0.03817636818181924
0.0373058227272729
0.03643527727272833
0.03556473181818198
0.034694186363637414
0.03382364090909107
0.0329530954545465
0.032082550000000154
0.008140050000001509
-0.06208978333333448
0.022505549999999985
0.048841550000000566
0.07517755000000115
0.054587450000001425
0.0339973500000017
0.013407250000000204
-0.007182849999999519
-0.02777294999999924
-0.048363049999998964
-0.06895314999999869
-0.08954325000000019
-0.11013334999999991
-0.13072344999999963
-0.06488294999999944
0.0009575500000007509
0.05123555000000124
-0.1403004499999998
-0.06368594999999821
0.012928550000001593
0.018085319230770835
0.023242088461540078
0.02839885769230932
0.03355562692307856
0.038712396153847806
0.04386916538461705
0.049025934615384514
0.05418270384615376
0.059339473076923
0.06449624230769224
0.06965301153846148
0.07480978076923073
0.07996654999999997
-0.1594534499999991
-0.018994116666666727
0.05602404999999955
-0.03974395000000008
-0.0445323428571438
-0.049320735714285746
-0.05410912857142769
-0.05889752142857141
-0.06368591428571513
-0.06847430714285707
-0.07326269999999901
-0.07805109285714273
-0.08283948571428645
-0.0876278785714284
-0.09241627142857034
-0.09720466428571406
-0.10199305714285778
-0.10678144999999972
-0.24803919999999913
-0.38929694999999853
-0.12593494999999955
0.22042588333333413
0.10630205000000181
0.09060677222222324
0.07491149444444645
0.059216216666667876
0.043520938888889305
0.02782566111111251
0.012130383333333938
-0.003564894444444633
-0.019260172222221428
-0.03495545
0.012928549999999817
-0.1434924500000001
-0.23500411666666565
-0.326515783333333
-0.4180274499999985
-0.0062254499999987445
-0.02298478333333165
-0.03974411666666633
-0.05650344999999923
-0.07326278333333214
-0.09002211666666504
-0.10678144999999795
-0.12354078333333263
-0.14030011666666553
-0.15705944999999844
-0.17381878333333312
-0.19057811666666602
-0.20733744999999892
0.08954255000000089
0.2140410500000005
0.12944621666666833
0.07038955000000158
0.08991155000000184
0.1094335500000021
0.12895555000000236
0.14847755000000085
0.1679995500000011
0.18752155000000137
0.20704355000000163
0.2265655500000019
0.24608755000000215
0.26560955000000064
0.2851315500000009
0.30465355000000116
0.3241755500000014
-0.05889744999999991
0.07517755000000115
-0.280361199999998
-0.2405148071428549
-0.20066841428571358
-0.1608220214285705
-0.12097562857142741
-0.08112923571428432
-0.04128284285714301
-0.0014364499999999225
0.1549842166666675
0.1246578833333345
0.09433155000000149
0.04165855000000107
0.006543883333334222
-0.028570783333332628
-0.06368544999999948
0.18531055000000052
-0.0038309499999993335
-0.19297244999999918
-0.17488294999999887
-0.15679344999999856
-0.13870394999999824
-0.1206144499999997
-0.10252494999999939
-0.08443544999999908
0.13263855000000113
0.0895430500000014
0.04644755000000167
0.003352050000000162
-0.03974344999999957
-0.07805144999999847
-0.17860744999999945
-0.05171494999999915
0.07517755000000115
0.03527421666666797
-0.004629116666665212
-0.04453244999999839
-0.08443578333333157
-0.12433911666666653
-0.1642424499999997
-0.2041457833333329
-0.24404911666666607
-0.28395244999999925
0.1697488000000007
0.16555867500000154
0.1613685500000006
0.28347355000000185
0.4055785500000013
0.2499550500000023
0.09433155000000149
0.15179205000000096
0.20925255000000043
0.1936903000000001
0.17812804999999976
0.1625658000000012
0.14700355000000087
0.13144130000000054
0.11587905000000198
0.10031680000000165
0.08475455000000132
-0.08603178333333261
-0.20254944999999935
-0.13311744999999853
-0.06368544999999948
-0.10678144999999972
-0.14987744999999997
-0.05889744999999991
0.032082550000000154
-0.027772449999998727
-0.08762744999999938
-0.05219334999999958
-0.01675924999999978
0.01867485000000002
0.05410894999999982
0.0895430500000014
0.1249771500000012
0.160411250000001
0.1958453500000008
0.2312794500000006
0.2667135500000004
0.08475455000000132
0.08236055000000064
0.05602455000000006
0.0368705500000015
0.041659050000001585
0.04644755000000167
0.044395407142857835
0.042343264285715776
0.04029112142857194
0.03823897857142988
0.03618683571428605
0.03413469285714399
0.032082550000000154
0.008140216666667754
-0.022984616666665403
-0.05410944999999856
-0.02777294999999924
-0.0014364499999999225
-0.01819595000000085
-0.03495545
-0.0158019499999984
0.0033515500000014242
0.002393850000000697
0.0014361500000017458
0.00047845000000101834
-0.0004792499999979327
-0.0014369499999986601
-0.0023946499999993875
-0.0033523499999983386
-0.004310049999999066
-0.005267749999998017
-0.0062254499999987445
-0.0038309499999993335
-0.0014364499999981462
-0.022984449999999157
0.003352050000000162
-0.022984199999999788
-0.04932044999999974
-0.046853722727272284
-0.04438699545454483
-0.04192026818181738
-0.039453540909089924
-0.03698681363636247
-0.03452008636363679
-0.03205335909090934
-0.029586631818181885
-0.027119904545454432
-0.024653177272726978
-0.022186449999999525
0.01452488333333335
0.014205616666666643
0.013886349999999936
0.013567083333335006
0.0132478166666683
0.012928550000001593
-0.018196449999999587
-0.018435849999999476
-0.018675249999999366
-0.018914649999999256
-0.019154049999999145
-0.019393449999999035
-0.019632849999998925
-0.019872249999998814
-0.020111649999998704
-0.020351049999998594
-0.020590449999998484
0.0009575500000007509
-0.022186449999999525
-0.0062254499999987445
-0.008619449999999418
-0.011013449999998315
-0.011013449999998315
-0.011013449999998315
-0.011013449999998315
-0.011013449999998315
-0.011013449999998315
-0.011013449999998315
-0.011013449999998315
-0.011013449999998315
-0.011013449999998315
-0.011013449999998315
-0.011013449999998315
-0.012609783333331848
-0.020590449999998484
-0.02537844999999983
-0.022984449999999157
-0.020590449999998484
-0.02059039444444366
-0.02059033888888706
-0.020590283333332238
-0.020590227777777415
-0.020590172222220815
-0.020590116666665992
-0.02059006111111117
-0.02059000555555457
-0.020589949999999746
-0.015801783333332153
-0.012609672222220425
-0.009417561111110473
-0.0062254499999987445
-0.013407949999999502
-0.020590449999998484
-0.02777294999999924
-0.03495545
-0.03311375769230729
-0.03127206538461458
-0.029430373076921867
-0.027588680769230933
-0.025746988461538223
-0.023905296153845512
-0.0220636038461528
-0.02022191153846009
-0.01838021923076738
-0.016538526923076446
-0.014696834615383736
-0.012855142307691025
-0.011013449999998315
-0.0062254499999987445
-0.018195949999999073
0.0033515500000014242
-0.014205783333331112
-0.015934922222220038
-0.017664061111108964
-0.01939319999999789
-0.021122338888886816
-0.02285147777777574
-0.024580616666666444
-0.02630975555555537
-0.028038894444444296
-0.02976803333333322
-0.03149717222222215
-0.03322631111111107
-0.03495545
-0.01580144999999966
0.015322550000002266
-0.0014367833333324143
-0.011013449999998315
-0.009816366666665743
-0.008619283333331396
-0.007422199999998824
-0.006225116666664476
-0.005028033333331905
