-0.0062254499999987445
-0.007593449999998114
-0.00896144999999926
-0.01032944999999863
-0.011697449999999776
-0.013065449999999146
-0.014433450000000292
-0.01580144999999966
-0.01580144999999966
-0.02537844999999983
-0.030167449999998652
-0.0014364499999999225
-0.013407450000000765
-0.02537844999999983
0.008140550000000246
0.006544383333332959
0.004948216666667449
0.003352050000000162
0.001755883333332875
0.0001597166666673644
-0.0014364499999999225
-0.0014369499999986601
-0.006225116666666253
-0.011013283333332069
-0.01580144999999966
-0.011013449999998315
-0.0014364499999999225
-0.0038309499999993335
-0.0062254499999987445
-0.008619449999999418
-0.011013449999998315
-0.007821116666665517
-0.00462878333333272
-0.0014364499999999225
-0.003232074999999668
-0.005027699999999413
-0.0068233249999991585
-0.00861895000000068
-0.010414575000000426
-0.012210200000000171
-0.014005824999999916
-0.01580144999999966
-0.01939294999999852
-0.022984449999999157
0.0033515500000014242
0.008140050000001509
0.012928550000001593
0.008140049999999732
-0.0014366999999992913
-0.011013449999998315
-0.015003783333332521
-0.01899411666666495
-0.022984449999999157
-0.026974783333333363
-0.030965116666665793
-0.03495545
-0.03495545
-0.02418169999999975
-0.013407949999999502
-0.014205783333332889
-0.015003616666666275
-0.01580144999999966
-0.0014364499999999225
-0.0014364499999999225
-0.0014364499999999225
-6.83071428575488e-05
0.0012998357142866013
0.002667978571428975
0.004036121428571349
0.005404264285713722
0.0067724071428578725
0.008140550000000246
0.008140550000000246
-0.011013449999998315
-0.0062254499999987445
-0.011013449999998315
-0.0038309499999993335
0.0033515500000014242
-0.03974344999999957
-0.037349449999998896
-0.03495545
-0.0317631166666672
-0.028570783333332628
-0.02537844999999983
-0.01963244999999958
-0.013886449999999328
-0.008140449999999078
-0.0023944499999988267
0.0033515500000014242
0.005746050000000835
0.008140550000000246
-0.0002392000000011052
-0.00861895000000068
-0.02537844999999983
-0.022984449999999157
-0.020590449999998484
-0.01580144999999966
-0.01197084999999909
-0.008140249999998517
-0.004309649999999721
-0.0004790499999991482
0.0033515500000014242
-0.0014364499999999225
0.012928550000001593
0.00694305000000206
0.0009575500000007509
-0.005027949999998782
-0.011013449999998315
-0.018195949999999073
-0.02537844999999983
-0.02537844999999983
-0.02537844999999983
-0.01580144999999966
-0.013407449999998988
-0.011013449999998315
-0.010215449999998683
-0.00941744999999905
-0.008619449999999418
-0.00782144999999801
-0.007023449999998377
-0.0062254499999987445
-0.010215616666664928
-0.014205783333331112
-0.00981644999999709
-0.005427116666664844
-0.001037783333332598
0.0033515500000014242
-0.011013449999998315
-0.0062249499999982305
-0.0014364499999999225
0.012928550000001593
0.015322550000002266
0.017716550000001163
0.009097550000001675
0.0004785500000004106
-0.008140449999999078
-0.016759450000000342
-0.02537844999999983
-0.020590449999998484
-0.020590449999998484
0.0033515500000014242
0.008140050000001509
0.012928550000001593
0.005746050000000835
-0.0014364499999999225
0.0009575500000007509
0.0033515500000014242
-0.0014369499999986601
-0.0062254499999987445
-0.008140649999999638
-0.010055849999998756
-0.01197104999999965
-0.013886249999998768
-0.01580144999999966
-0.02537844999999983
-0.020589949999999746
-0.01580144999999966
-0.0062254499999987445
-0.011013449999998315
-0.006225116666664476
-0.0014367833333324143
0.0033515500000014242
-0.01580144999999966
-0.01739761666666695
-0.01899378333333246
-0.020589949999999746
-0.022186116666667033
-0.023782283333332543
-0.02537844999999983
0.0033515500000014242
-0.02537844999999983
-0.02633624999999995
-0.02729405000000007
-0.028251849999998413
-0.029209649999998533
-0.030167449999998652
-0.01580144999999966
-0.008619449999999418
0.008140550000000246
0.003351883333333916
-0.0014367833333324143
-0.0062254499999987445
-0.007422199999998824
-0.00861895000000068
-0.010414575000000426
-0.012210200000000171
-0.014005824999999916
-0.01580144999999966
-0.0062254499999987445
-0.007183049999998303
-0.008140649999997862
-0.009098249999999197
-0.010055849999998756
-0.011013449999998315
-0.01580144999999966
-0.013407449999998988
-0.011013449999998315
-0.0062254499999987445
-0.0014364499999999225
-0.002633533333332494
-0.0038306166666668418
-0.005027699999999413
-0.006224783333333761
-0.0074218666666663324
-0.00861895000000068
-0.009816033333333252
-0.011013116666665823
-0.012210200000000171
-0.013407283333332742
-0.01460436666666709
-0.01580144999999966
-0.0014364499999999225
-0.017397783333333194
-0.011013449999998315
-0.0014364499999999225
-0.0004788500000003637
0.00047875000000097145
0.0014363500000005303
0.0023939500000018654
0.0033515500000014242
-0.005028199999999927
-0.013407949999999502
0.012928550000001593
0.008140050000001509
0.0033515500000014242
0.002753050000000812
0.0021545500000019757
0.0015560500000013633
0.0009575500000007509
-0.001436649999998707
-0.0038308499999999412
-0.006225049999999399
-0.008619249999998857
-0.011013449999998315
-0.013407649999999549
-0.015801849999999007
-0.018196049999998465
-0.0205902499999997
-0.022984449999999157
-0.028570783333332628
0.022505549999999985
0.005746050000000835
-0.011013449999998315
-0.009816449999998866
-0.008619449999999418
-0.007422449999998193
-0.0062254499999987445
-0.02537844999999983
-0.01580144999999966
-0.009815950000000129
-0.003830450000000596
0.0021550500000007133
0.008140550000000246
-0.0038306999999999647
-0.0158019499999984
-0.008619200000000049
-0.0014364499999999225
0.022505549999999985
0.018914300000000495
0.015323050000001004
0.011731799999999737
0.008140550000000246
0.027293550000001332
0.02346295000000076
0.019632350000000187
0.01580175000000139
0.011971150000000819
0.008140550000000246
0.1948875500000007
0.13862379999999952
0.08236005000000013
0.23319455000000033
0.1398210500000001
0.04644755000000167
-0.011013449999998315
-0.0684744499999983
-0.06703794999999779
-0.06560144999999906
-0.06416494999999856
-0.06272844999999805
-0.06129194999999932
-0.05985544999999881
-0.058418949999998304
-0.0569824499999978
-0.05554594999999907
-0.05410944999999856
0.15179221666666898
0.12073600714285959
0.0896797976190502
0.05862358809524082
0.027567378571429657
-0.003488830952379729
-0.034545040476189115
-0.0656012499999985
-0.09816234999999907
-0.13072344999999963
-0.03974395000000008
0.05123555000000124
-0.026575824999998332
-0.10438719999999968
-0.18219857499999925
-0.2600099499999988
-0.16424211666666544
-0.06847428333333205
0.027293550000001332
-0.10199344999999838
-0.049320949999998476
0.0033515500000014242
0.0009575500000007509
-0.0014364499999999225
-0.0014364499999999225
-0.0014364499999999225
0.13024455000000046
0.26192555000000084
0.1485998833333344
0.03527421666666797
-0.07805144999999847
0.08475455000000132
0.09433155000000149
0.10390855000000165
0.12705242500000224
0.15019630000000106
0.17334017500000165
0.19648405000000224
0.21962792500000106
0.24277180000000165
-0.09241644999999998
0.10869655000000122
0.022505549999999985
-0.06368544999999948
0.015323050000001004
0.09433155000000149
-0.09481044999999888
-0.28395244999999925
-0.13311794999999904
0.017716550000001163
-0.01580211666666642
-0.04932078333333223
-0.08283944999999981
0.008140550000000246
-0.014433450000000292
-0.037007449999999054
-0.05958144999999959
-0.08215545000000013
-0.10472945000000067
-0.12730344999999943
-0.14987744999999997
-0.20254944999999935
-0.17302094999999973
-0.14349244999999833
-0.1139639499999987
-0.10199345000000015
-0.09788902142857125
-0.09378459285714236
-0.08968016428571346
-0.08557573571428634
-0.08147130714285744
-0.07736687857142854
-0.07326244999999965
0.015323050000001004
-0.0062254499999987445
-0.03495545
-0.06368544999999948
-0.07964678333333275
-0.09560811666666602
-0.11156944999999929
-0.12753078333333256
-0.14349211666666584
-0.1594534499999991
-0.17541478333333238
-0.19137611666666565
-0.20733744999999892
0.04165855000000107
-0.11635794999999938
0.12785055000000156
0.10178032777777979
0.07571010555555802
0.04963988333333447
0.023569661111112694
-0.0025005611111090786
-0.02857078333333085
-0.0546410055555544
-0.08071122777777617
-0.10678144999999795
-0.011013449999998315
0.042856050000001034
0.09672555000000038
0.1505950500000015
0.20446455000000086
-0.02777294999999924
0.016519800000001084
0.06081255000000141
0.10390805000000114
0.14700355000000087
0.1948875500000007
0.04405305000000048
-0.10678144999999972
-0.03335944999999896
0.04006255000000003
0.1134845500000008
-0.05889744999999991
-0.05034673571428527
-0.04179602142857064
-0.033245307142856007
-0.02469459285714315
-0.016143878571428516
-0.007593164285713883
0.0009575500000007509
-0.01580144999999966
0.07996654999999997
0.2715020500000005
0.11109080000000127
-0.04932044999999974
-0.007421949999999455
0.03447655000000083
0.07637505000000111
0.11827355000000139
-0.02537844999999983
0.027293550000001332
0.005746050000000835
-0.01580144999999966
-0.02537844999999983
-0.03495545
0.022505549999999985
0.07996654999999997
0.13024455000000046
0.18052255000000095
0.1757342166666671
0.17094588333333505
0.1661575500000012
-0.03495545
0.003351883333333916
0.041659216666666055
0.07996654999999997
0.027293550000001332
0.028889883333334865
0.03048621666666662
0.032082550000000154
0.008140550000000246
-0.0014364499999999225
-0.011013449999998315
-0.020590449999998484
-0.006225116666666253
0.008140216666667754
0.022505549999999985
-0.011013449999998315
-0.030167449999998652
-0.027294349999998246
-0.02442124999999784
-0.02154814999999921
-0.018675049999998805
-0.0158019499999984
-0.006225116666664476
0.00335171666666767
0.012928550000001593
0.008140050000001509
0.0033515500000014242
-0.0014369499999986601
-0.0062254499999987445
-0.011013449999998315
-0.01580144999999966
-0.0062249499999982305
0.0033515500000014242
-0.0023944499999988267
-0.008140449999999078
-0.013886449999999328
-0.01963244999999958
-0.02537844999999983
-0.022984449999999157
-0.020590449999998484
-0.011013449999998315
-0.0062249499999982305
-0.0014364499999999225
0.006544216666666713
0.01452488333333335
0.022505549999999985
0.0177170499999999
0.012928550000001593
0.008140550000000246
0.005746216666667081
0.003351883333333916
0.0009575500000007509
-0.0014367833333324143
-0.0038311166666655794
-0.0062254499999987445
-0.007422449999998193
-0.008619449999999418
-0.01460494999999895
-0.020590449999998484
-0.019792283333332605
-0.01899411666666495
-0.018195949999999073
-0.0062254499999987445
-0.004629116666665212
-0.0030327833333334553
-0.0014364499999999225
0.017716550000001163
0.005745550000002098
-0.0062254499999987445
-0.020590449999998484
-0.014205783333332889
-0.007821116666665517
-0.0014364499999999225
-0.0034316166666670256
-0.005426783333332352
-0.007421949999999455
-0.009417116666666558
-0.011412283333333662
-0.013407450000000765
-0.015402616666666091
-0.017397783333333194
-0.012290116666665796
-0.007182450000000173
-0.0020747833333327748
0.0030328833333328475
0.008140550000000246
0.005745550000002098
-0.01580144999999966
-0.015269449999999907
-0.014737450000000152
-0.01420544999999862
-0.013673449999998866
-0.01314144999999911
-0.012609449999999356
-0.012077449999997825
-0.01154544999999807
-0.011013449999998315
0.0021548000000013445
0.008140550000000246
-0.0014364499999981462
-0.011013449999998315
-0.013407616666665234
-0.015801783333332153
-0.018195949999999073
-0.020590116666665992
-0.02298428333333291
-0.02537844999999983
0.0033515500000014242
0.003352050000000162
0.005746300000000204
0.008140550000000246
0.017716550000001163
0.010534050000002182
0.0033515500000014242
-0.0014369499999986601
-0.0062254499999987445
-0.006909449999998429
-0.007593449999998114
-0.008277449999997799
-0.00896144999999926
-0.009645449999998945
-0.01032944999999863
-0.011013449999998315
-0.012609449999999356
-0.014205450000000397
0.008140550000000246
0.01053455000000092
0.012928550000001593
0.015322550000002266
0.017716550000001163
0.010534050000002182
0.0033515500000014242
0.0021544250000022913
0.000957300000001382
-0.00023982499999952722
-0.0014369499999986601
-0.002634074999997793
-0.0038311999999987023
-0.005028324999999612
-0.0062254499999987445
-0.016999199999998993
-0.02777294999999924
-0.0014364499999999225
-0.0014369499999986601
-0.0014367833333324143
-0.0014366166666661684
