-0.009097963000000042
0.01005565199999997
0.0028730470000000174
-0.010295068000000018
-0.023463183000000054
-0.004309563000000072
0.014844056999999966
0.0068633836666666115
-0.0011172896666666876
-0.009097963000000042
-0.005506660500000038
-0.0019153580000000336
0.0016759444999999706
0.005267246999999975
0.005905699666666653
0.006544152333333331
0.007182604999999953
0.007821057666666631
0.008459510333333309
0.011651783666666637
0.014844056999999966
0.010055646999999945
0.00526723699999998
0.004070139500000014
0.0028730419999999923
0.0016759444999999706
0.00047884700000000446
0.0004788436666666729
0.0004788403333332858
0.0004788369999999542
0.002873036999999967
0.00526723699999998
0.010055656999999996
0.00526723699999998
0.010055646999999945
0.014844056999999966
0.014844056999999966
0.014844056999999966
0.014844056999999966
0.007661446999999932
0.0004788369999999542
0.005267246999999975
0.010055656999999996
0.006863383666666667
0.003671110333333283
0.0004788369999999542
-0.0011172963333333508
-0.0027134296666667113
-0.004309563000000016
0.014844056999999966
0.014844056999999966
0.014844056999999966
0.012449857000000009
0.010055656999999996
0.010055656999999996
0.010055656999999996
0.010055656999999996
0.008991565888888886
0.007927474777777777
0.006863383666666667
0.0057992925555555574
0.004735201444444392
0.003671110333333283
0.0026070192222221733
0.0015429281111110638
0.0004788369999999542
0.0004788369999999542
0.0004788369999999542
0.0004788369999999542
-0.009097963000000042
-0.004309563000000072
0.0004788369999999542
-0.0019153630000000588
-0.0015163296666667048
-0.0011172963333334063
-0.0007182630000000523
-0.0003192296666666983
7.980366666660021e-05
0.0004788369999999542
0.019632456999999992
0.018568368111111122
0.017504279222222197
0.016440190333333327
0.015376101444444457
0.014312012555555531
0.013247923666666661
0.012183834777777791
0.011119745888888866
0.010055656999999996
0.007661446999999988
0.006863376999999948
0.007547435095238031
0.008231493190476169
0.008915551285714252
0.009599609380952334
0.010283667476190417
0.010967725571428555
0.011651783666666637
0.019632456999999992
0.0004788369999999542
0.005267246999999975
0.010055656999999996
0.007661446999999988
0.00526723699999998
0.012449846999999958
0.019632456999999992
0.014844051999999996
0.010055646999999945
0.00526724199999995
0.0004788369999999542
0.0004788369999999542
0.0012769058888888463
0.0020749747777777383
0.0028730436666666304
0.0036711125555555224
0.0044691814444444145
0.0052672503333333065
0.010055656999999996
0.014844057000000022
0.019632456999999992
0.010055646999999945
0.0004788369999999542
0.0004788369999999542
0.0004788369999999542
0.0004788369999999542
0.0004788369999999542
0.0004788369999999542
0.0004788369999999542
0.007661446999999932
0.014844056999999966
0.00526723699999998
0.00047884700000000446
0.0028730419999999923
0.00526723699999998
0.002873036999999967
0.0004788369999999542
0.007661446999999932
0.014844056999999966
0.010055646999999945
0.00526723699999998
0.00885854199999997
0.012449846999999958
0.016041152000000003
0.019632456999999992
0.00526723699999998
0.010055656999999996
0.008459516999999972
0.006863377000000004
0.00526723699999998
0.014844056999999966
0.010055650333333277
0.005267243666666643
0.0004788369999999542
-0.004309563000000016
0.0004788369999999542
0.00526723699999998
0.0059512969999999665
0.006635357000000008
0.007319416999999995
0.008003476999999981
0.008687536999999967
0.00937159700000001
0.010055656999999996
0.011252757000000002
0.012449857000000009
0.01364695699999996
0.014844056999999966
-0.004309563000000016
0.002873036999999967
-0.004309563000000016
0.0028730470000000174
0.010055656999999996
0.008991565888888886
0.007927474777777777
0.006863383666666667
0.0057992925555555574
0.004735201444444392
0.003671110333333283
0.0026070192222221733
0.0015429281111110638
0.0004788369999999542
-0.0011172896666667431
0.010055656999999996
0.010055656999999996
0.024420856999999963
0.01803631699999997
0.011651776999999974
0.00526723699999998
0.010055656999999996
0.008687539857142823
0.007319422714285706
0.0059513055714285334
0.004583188428571416
0.003215071285714244
0.0018469541428571268
0.0004788369999999542
0.0016759369999999607
0.002873036999999967
0.00526723699999998
-0.0019153630000000588
-0.009097963000000042
0.0004788369999999542
0.0004788369999999542
0.002873036999999967
0.00526723699999998
0.002531008428571402
-0.0002052201428571765
-0.002941448714285755
-0.005677677285714278
-0.008413905857142856
-0.011150134428571434
-0.013886363000000013
-0.009097958999999989
-0.0043095550000000205
0.0004788490000000034
0.005267252999999972
0.010055656999999996
0.010055646999999945
0.0036711170000000015
0.009257587000000012
0.014844056999999966
0.011423768428571401
0.008003479857142837
0.004583191285714272
0.0011629027142856518
-0.002257385857142913
-0.0056776744285714775
-0.009097963000000042
0.010055656999999996
0.0028730470000000174
0.004070148666666662
0.005267250333333362
0.0064643520000000065
0.007661453666666651
0.008858555333333351
0.010055656999999996
-0.004309563000000016
0.010055646999999945
0.01244985033333329
0.014844053666666635
0.01723825699999998
0.015376099222222217
0.0135139414444444
0.011651783666666637
0.009789625888888875
0.007927468111111058
0.006065310333333296
0.004203152555555534
0.0023409947777777163
0.0004788369999999542
0.0004788369999999542
0.012449846999999958
0.005267246999999975
0.00526724199999995
0.00526723699999998
0.006065306999999964
0.006863377000000004
0.007661446999999988
0.008459516999999972
0.009257587000000012
0.010055656999999996
0.010055656999999996
-0.023463183000000054
0.014844056999999966
0.019632456999999992
0.014844051999999996
0.010055646999999945
0.00526724199999995
0.0004788369999999542
0.002873036999999967
0.00526723699999998
0.008858541166666623
0.01244984533333332
0.016041149499999963
0.01963245366666666
0.023223757833333303
0.026815061999999945
0.030406366166666643
0.033997670333333285
0.03758897449999998
0.041180278666666625
0.04477158283333327
0.048362886999999966
-0.0014365070000000313
-0.004309563000000016
-0.01628057300000002
-0.028251583000000025
-0.029847716333333385
-0.03144384966666669
-0.03303998300000005
-0.004309559666666685
0.024420863666666626
0.053151286999999964
-0.01867474300000005
-0.003112435500000066
0.012449871999999973
0.028012179500000012
0.043574486999999995
-0.09050082300000001
-0.03144384633333336
0.02761313033333329
0.08667010699999997
0.04836287699999997
-0.02106897299999999
-0.09050082300000001
-0.06792692014285717
-0.04535301728571428
-0.022779114428571445
-0.00020521157142860957
0.02236869128571428
0.04494259414285712
0.06751649699999998
-0.06177040300000003
0.01723825699999998
0.011971012999999975
0.0067037689999999706
0.0014365249999999663
-0.003830719000000038
-0.009097963000000042
-0.05219360300000003
-0.03303998300000005
0.053151286999999964
0.03399767299999995
0.014844058999999965
-0.004309555000000076
-0.02346316900000006
-0.04261678300000005
0.022026661999999975
0.08667010699999997
0.047165779500000005
0.007661452000000013
-0.08571244300000003
0.12018892699999997
-0.056982003
-0.036870705000000004
-0.016759407000000004
0.0033518909999999957
0.023463188999999995
0.043574486999999995
0.023822322000000007
0.004070156999999963
-0.01568200800000008
-0.03543417300000007
-0.02585736633333341
-0.016280559666666694
-0.0067037530000000345
0.12497733699999997
0.007661456999999983
-0.10965442300000006
-0.025857368000000047
0.05793968699999996
-0.03303998300000005
-0.039424523000000045
-0.04580906300000004
-0.05219360300000003
-0.018674775500000018
0.014844051999999941
0.048362879499999956
0.08188170699999997
-0.10965442300000006
0.11540052699999997
-0.05219360300000003
-0.046806649250000054
-0.04141969550000002
-0.03603274175000004
-0.030645788000000063
-0.02525883425000003
-0.01987188050000005
-0.014484926750000016
-0.009097973000000037
-0.0037110192500000583
0.001675934499999976
0.007062888249999955
0.012449841999999989
0.017836795749999967
0.023223749499999946
0.028610703249999925
0.03399765699999996
0.055545476999999954
0.07709329699999998
0.01005565199999997
-0.030645783000000038
-0.01628057300000002
0.12976573699999996
0.010055656999999996
-0.006703756333333366
-0.023463169666666672
-0.040222583000000034
-0.022505489000000045
-0.004788395000000056
0.012928698999999932
0.030645792999999977
0.048362886999999966
-0.040222578000000064
-0.12880804300000004
0.09145850699999997
0.06991069199999997
0.04836287699999997
0.026815061999999945
0.005267246999999975
-0.016280567999999995
-0.03782838300000002
0.05554548199999998
0.024420861999999932
0.020590136999999953
0.016759411999999974
0.012928686999999939
0.00909796199999996
0.00526723699999998
0.016041149499999963
0.026815061999999945
-0.05817909050000003
-0.143173243
0.048362886999999966
0.043574471999999975
0.038786056999999985
-0.05219359300000004
-0.143173243
-0.013886358000000043
0.11540052699999997
0.09325416074999998
0.07110779449999999
0.04896142824999994
0.026815061999999945
0.0046686957499999515
-0.017477670500000042
-0.039624036750000036
-0.06177040300000003
-0.053789729666666675
-0.045809056333333376
-0.03782838300000002
0.010055647000000001
0.04118027199999996
-0.06655880300000006
0.01005565199999997
0.08667010699999997
0.07589620199999997
0.065122297
0.054348391999999995
0.043574486999999995
0.028411208666666687
0.013247930333333324
-0.001915348000000039
-0.017078626333333347
-0.032241904666666654
-0.04740518300000002
0.013247923666666661
0.07390103033333328
0.13455413699999996
-0.006703763000000029
0.04596867699999996
0.038786056999999985
0.06033388199999998
0.08188170699999997
0.06341215128571426
0.044942595571428545
0.026473039857142833
0.00800348414285712
-0.010466071571428592
-0.028935627285714305
-0.04740518300000002
-0.036232243
-0.025059303000000033
-0.013886363000000013
-0.0027134229999999926
0.008459516999999972
0.019632456999999992
0.017238262000000004
0.004868217833333355
-0.00750182633333335
-0.0198718705
-0.03224191466666665
-0.044611958833333354
-0.056982003
-0.005905696333333321
-0.005639674111111104
-0.005373651888888886
-0.005107629666666669
-0.004841607444444451
-0.004575585222222234
-0.004309563000000016
0.024420856999999963
0.027613123666666628
0.030805390333333293
0.03399765699999996
-0.006703763000000029
-0.04740518300000002
-0.013886359666666681
0.019632463666666655
0.053151286999999964
0.0004788369999999542
-0.01149217300000005
-0.023463183000000054
0.00526723699999998
0.03399765699999996
0.010055646999999945
-0.013886363000000013
0.0028730470000000174
0.019632456999999992
0.01364695199999999
0.007661446999999988
0.0016759419999999858
-0.004309563000000016
-0.023463183000000054
0.024420856999999963
0.018674772999999978
0.012928688999999993
0.007182604999999953
0.0014365209999999684
-0.004309563000000016
0.012449846999999958
-0.01867474300000005
-0.007900843000000046
0.0028730569999999567
0.01364695699999996
0.024420856999999963
0.02202665699999995
0.019632456999999992
-0.004309563000000016
0.03399765699999996
0.02741360699999995
0.020829556999999943
0.014245506999999935
0.007661456999999983
0.0010774069999999747
-0.005506643000000033
-0.012090693000000041
-0.01867474300000005
0.010055656999999996
0.01005564366666667
0.0004788369999999542
0.007661446999999932
0.014844056999999966
0.007661446999999932
0.0004788369999999542
0.0004788369999999542
0.0004788369999999542
0.0004788369999999542
0.0004788369999999542
0.0004788369999999542
0.0004788369999999542
0.0004788369999999542
0.0004788369999999542
0.0004788369999999542
0.002873041999999937
0.005267246999999975
0.013247916999999998
0.009257576999999961
0.00526723699999998
0.002873036999999967
0.0004788369999999542
0.0020749703333333147
0.0036711036666666197
0.00526723699999998
0.006224920999999994
0.0071826050000000086
0.008140288999999967
0.009097972999999981
0.010055656999999996
0.00526723699999998
0.006065306999999964
0.006863376999999948
0.007661446999999932
0.0020749769999999224
-0.003511493000000032
-0.009097963000000042
0.0028730470000000174
0.005267250333333362
0.007661453666666651
0.010055656999999996
0.009097972999999981
0.008140288999999967
0.0071826050000000086
0.006224920999999994
0.00526723699999998
0.007661446999999988
0.010055656999999996
0.005267246999999975
0.0004788369999999542
0.010055656999999996
0.0004788369999999542
0.007661446999999932
0.014844056999999966
0.010055646999999945
0.00526723699999998
0.005001214777777763
0.004735192555555545
0.004469170333333328
0.00420314811111111
0.003937125888888837
0.0036711036666666197
0.003405081444444402
0.0031390592222221847
0.002873036999999967
0.0026070147777777497
0.002340992555555532
0.0020749703333333147
0.0018089481111110972
0.0015429258888888242
0.0012769036666666067
0.0010108814444443892
0.0007448592222221717
0.0004788369999999542
0.00526723699999998
0.009097968999999984
0.00526723699999998
