0.0
-0.004788400000000026
-0.009576800000000052
-0.019153599999999993
-0.01675940000000009
-0.014365200000000078
-0.013168100000000016
-0.011971000000000065
-0.010773900000000114
-0.009576800000000052
-0.00837969999999999
-0.007182600000000039
-0.005985500000000088
-0.004788400000000026
0.007182619999999917
0.007182600000000039
0.001197100000000062
-0.004788400000000026
-0.009576800000000052
-0.014365200000000078
-0.004788400000000026
0.004788400000000026
0.004788400000000026
0.004788400000000026
0.004788400000000026
0.002394200000000013
0.0
0.0
0.0
0.0
0.0
0.0
0.0
0.0
0.007182600000000039
0.004788400000000026
0.002394200000000013
0.0
0.004788399999999915
0.009576799999999941
0.009576799999999941
0.009576799999999941
0.005746079999999987
0.0019153599999999216
-0.0019153600000000326
-0.005746080000000098
-0.009576800000000052
0.0
-0.0019153600000000326
-0.003830720000000065
-0.005746079999999987
-0.007661440000000019
-0.009576800000000052
0.0
0.009576799999999941
0.0
-0.007182600000000039
-0.014365200000000078
0.0023942199999998914
0.019153639999999972
0.0183555666666666
0.01755749333333334
0.01675941999999997
0.015961346666666598
0.015163273333333338
0.014365199999999967
0.009576799999999941
0.019153639999999972
0.009576820000000041
0.0
0.002394200000000013
0.004788400000000026
0.0
-0.004788400000000026
0.004788399999999915
0.014365199999999967
0.010773900000000003
0.007182600000000039
0.003591299999999964
0.0
0.0
0.0
0.0
0.0
-0.001596133333333305
-0.003192266666666721
-0.004788400000000026
0.004788400000000026
-0.001596133333333305
-0.007980666666666747
-0.014365200000000078
0.0023942199999998914
0.019153639999999972
0.007980693333333289
-0.0031922533333333947
-0.014365200000000078
0.019153639999999972
-0.019153599999999993
-0.011172933333333357
-0.00319226666666661
0.004788400000000026
0.007182600000000039
0.009576799999999941
0.005985499999999977
0.002394200000000013
-0.001197100000000062
-0.004788400000000026
0.009576799999999941
0.004788399999999915
0.0
-0.004788400000000026
-0.002394200000000013
0.0
0.002394200000000013
0.004788400000000026
0.001596133333333305
-0.001596133333333305
-0.004788400000000026
0.011971019999999943
0.028730440000000024
0.011971019999999943
-0.004788400000000026
0.007182600000000039
0.004788399999999915
-1.1102230246251565e-16
-0.004788400000000026
-0.0007980600000000448
0.0031922799999999363
0.007182619999999917
0.01117296000000001
0.01516329999999999
0.019153639999999972
-0.014365200000000078
-0.014365200000000078
0.009576799999999941
0.009576799999999941
0.012769079999999988
0.015961359999999924
0.019153639999999972
0.004788400000000026
-0.009576800000000052
-0.006156514285714287
-0.002736228571428634
0.0006840571428571307
0.004104342857142784
0.007524628571428549
0.010944914285714202
0.014365199999999967
-0.009576800000000052
0.004788400000000026
0.004788410000000076
0.0047884200000000154
1.0000000050247593e-08
-0.004788400000000026
0.009576799999999941
0.007980666666666636
0.006384533333333331
0.004788400000000026
-0.009576800000000052
-0.004788400000000026
-1.1102230246251565e-16
0.004788399999999915
0.009576799999999941
-0.004788400000000026
0.009576820000000041
0.023942039999999998
0.009576826666666705
-0.0047883866666667
-0.019153599999999993
0.014365199999999967
0.0
-0.003192266666666721
-0.006384533333333331
-0.009576800000000052
-0.007182593333333376
-0.0047883866666667
-0.0023941800000000235
0.0028730639999999807
0.008140307999999985
0.01340755199999999
0.018674795999999994
0.023942039999999998
0.009576820000000041
-0.004788400000000026
0.0
0.004788399999999915
0.009576799999999941
0.0
0.014365199999999967
0.009576799999999941
0.004788400000000026
0.0
0.002052171428571392
0.004104342857142895
0.006156514285714287
0.00820868571428568
0.010260857142857072
0.012313028571428575
0.014365199999999967
0.004788399999999915
-0.004788400000000026
0.019153639999999972
0.00638453333333322
-0.006384533333333331
-0.019153599999999993
-0.009576800000000052
0.0
0.009576799999999941
-0.004788400000000026
-0.004788400000000026
-0.004788400000000026
-0.003591299999999964
-0.002394200000000013
-0.001197100000000062
0.0
0.002394200000000013
0.004788400000000026
0.01675941999999997
0.028730440000000024
-0.009576800000000052
0.0
0.0
0.0
0.002394200000000013
0.004788400000000026
0.007182600000000039
0.009576799999999941
0.011970999999999954
0.014365199999999967
-0.004788400000000026
0.028730440000000024
0.02250551200000006
0.016280583999999987
0.010055656000000024
0.00383072799999995
-0.002394200000000013
-0.0022533647058823325
-0.002112529411764763
-0.0019716941176470826
-0.001830858823529402
-0.0016900235294117216
-0.0015491882352941522
-0.0014083529411764717
-0.0012675176470587912
-0.0011266823529412218
-0.0009858470588235413
-0.0008450117647058608
-0.0007041764705882914
-0.0005633411764706109
-0.0004225058823529304
-0.00028167058823524993
-0.00014083529411768048
0.0
0.0
0.0
0.0
0.0
0.0
0.0
0.0
0.0
0.0
0.0
0.0
0.0
0.0
0.0
0.0023942200000000025
0.002394200000000013
0.004788400000000026
-0.007980666666666747
0.009576820000000041
0.001596133333333305
1.9999999989472883e-08
0.002394209999999952
0.004788399999999915
0.00319226666666661
0.001596133333333305
-1.1102230246251565e-16
-0.001596133333333416
-0.003192266666666721
-0.004788400000000026
0.009576799999999941
-0.02394200000000002
-0.013168090000000077
-0.0023941800000000235
0.00837973000000003
0.019153639999999972
-0.002394200000000013
-0.004788400000000026
-0.007182600000000039
-0.004489124999999983
-0.0017956500000000375
0.0008978249999999077
0.003591299999999964
0.00628477500000002
0.008978249999999965
0.01167172499999991
0.014365199999999967
0.00837969999999999
0.002394200000000013
-0.007182600000000039
0.014365199999999967
0.004788399999999915
-0.004788400000000026
0.007182619999999917
0.019153639999999972
-0.03351880000000007
-0.024540545000000136
-0.01556229000000009
-0.006584035000000044
0.0023942199999998914
-0.0015961200000000897
-0.005586460000000071
-0.009576800000000052
-0.002394200000000013
0.004788400000000026
-0.004788400000000026
-0.014365200000000078
0.0047884200000000154
0.023942039999999998
0.01983769142857139
0.015733342857142896
0.01162899428571429
0.007524645714285683
0.003420297142857076
-0.0006840514285714194
-0.004788400000000026
0.0
0.014365199999999967
-0.03351880000000007
0.009576799999999941
-0.004788400000000026
-0.019153599999999993
-0.012769059999999999
-0.006384520000000005
1.9999999989472883e-08
0.006384559999999984
0.012769099999999978
0.019153639999999972
-0.009576800000000052
-1.1102230246251565e-16
-0.02394200000000002
-0.011970990000000015
1.9999999989472883e-08
0.011971029999999994
0.023942039999999998
-0.009576800000000052
0.009576799999999941
0.004788399999999915
0.0
-0.02394200000000002
-0.009576786666666726
0.004788426666666679
0.019153639999999972
0.0023942199999998914
-0.014365200000000078
-0.010882723636363667
-0.007400247272727367
-0.003917770909090956
-0.0004352945454545454
0.0030471818181817545
0.006529658181818165
0.010012134545454465
0.013494610909090876
0.016977087272727287
0.020459563636363587
0.023942039999999998
-0.0035912900000000247
0.012569575
0.028730440000000024
-0.009576800000000052
-0.008892742857142921
-0.00820868571428579
-0.00752462857142866
-0.006840571428571418
-0.006156514285714287
-0.005472457142857157
-0.004788400000000026
0.009576799999999941
-0.007980666666666636
-0.004788399999999915
-0.001596133333333305
0.001596133333333305
0.004788400000000026
0.0
0.0004353090909090529
0.0008706181818182168
0.0013059272727272697
0.0017412363636363226
0.0021765454545454865
0.0026118545454545394
0.0030471636363637034
0.0034824727272727563
0.003917781818181809
0.004353090909090973
0.004788400000000026
0.011971019999999943
0.001596133333333305
-0.002128177777777851
-0.005852488888888896
-0.009576800000000052
0.004788400000000026
-0.009576800000000052
-0.002394200000000013
0.004788400000000026
0.006384536666666718
0.007980673333333299
0.009576809999999991
0.011172946666666683
0.012769083333333375
0.014365220000000067
0.01596135666666665
0.01755749333333334
0.019153630000000033
0.020749766666666614
0.022345903333333306
0.023942039999999998
-0.002394200000000013
0.00319226666666661
0.004788400000000026
0.009576799999999941
0.0067037599999999475
0.003830719999999954
0.0009576799999999608
-0.0019153600000000326
-0.004788400000000026
0.009576799999999941
-0.004788400000000026
-0.009576800000000052
0.002394200000000013
0.014365199999999967
0.002394200000000013
-0.009576800000000052
0.002394200000000013
0.014365199999999967
-0.004788400000000026
0.007182619999999917
0.019153639999999972
0.014365233333333283
0.009576826666666594
0.0047884200000000154
1.3333333326315255e-08
-0.004788393333333363
-0.009576800000000052
-0.004788400000000026
0.009576799999999941
-0.019153599999999993
0.0023942200000000025
0.023942039999999998
0.013567160000000023
0.0031922799999999363
-0.007182600000000039
-0.003192266666666721
0.000798066666666708
0.004788400000000026
0.0041898500000000505
0.003591299999999964
0.0029927499999999885
0.002394200000000013
0.001197100000000062
0.0
-0.0019153600000000326
-0.003830720000000065
-0.005746079999999987
-0.007661440000000019
-0.009576800000000052
-0.004788400000000026
-0.014365200000000078
-0.004788400000000026
0.004788400000000026
0.004788400000000026
0.004788400000000026
0.004788400000000026
0.005985499999999977
0.007182600000000039
0.00837969999999999
0.009576799999999941
0.009576799999999941
0.007182600000000039
0.004788400000000026
0.0
-0.014365200000000078
-0.01675940000000009
-0.019153599999999993
-0.009576799999999941
0.0
-0.000399033333333354
-0.000798066666666708
-0.001197100000000062
-0.001596133333333305
-0.001995166666666659
-0.002394200000000013
-0.002793233333333367
-0.003192266666666721
-0.003591299999999964
-0.003990333333333318
-0.004389366666666672
-0.004788400000000026
-0.002394200000000013
0.0
