0.019632465000000043
0.010055660000000022
0.00047885500000000025
0.010055645000000002
0.010055645000000002
0.007661444999999989
0.0052672450000000315
0.0076614450000000445
0.010055645000000002
0.012449845000000015
0.014844045000000028
0.019632465000000043
0.014844060000000048
0.010055655000000052
0.005267250000000057
0.00047884500000006103
0.0016759450000000675
0.002873045000000074
0.004070145000000025
0.0052672450000000315
0.006464345000000038
0.007661444999999989
0.008858544999999995
0.010055645000000002
0.01723825499999998
0.01324791833333333
0.009257581666666681
0.0052672450000000315
0.0068633783333333365
0.008459511666666697
0.010055645000000002
0.0028730450000000185
-0.004309554999999965
0.0004788450000000055
0.0028730450000000185
0.0052672450000000315
0.00047884500000006103
0.001504930714285757
0.002531016428571453
0.003557102142857149
0.004583187857142901
0.005609273571428597
0.006635359285714293
0.007661444999999989
-0.001915354999999952
0.00047884500000006103
0.0028730450000000185
0.0052672450000000315
0.010055645000000002
0.007661444999999989
0.0052672450000000315
0.0052672450000000315
0.0052672450000000315
0.0052672450000000315
0.0052672450000000315
0.0052672450000000315
0.0052672450000000315
0.014844045000000028
0.012449845000000015
0.010055645000000002
0.0076614450000000445
0.0052672450000000315
0.0052672450000000315
0.0052672450000000315
0.002074978333333366
-0.0011172883333332995
-0.004309554999999965
0.010055645000000002
0.008858544999999995
0.007661444999999989
0.0004788450000000055
0.003671111666666671
0.0068633783333333365
0.010055645000000002
0.010055645000000002
0.010055645000000002
0.010055645000000002
0.010055645000000002
0.010055645000000002
0.014844045000000028
0.016041148333333366
0.017238251666666704
0.018435355000000042
0.01963245833333338
0.02082956166666672
0.022026665000000056
0.010055645000000002
0.0052672450000000315
0.0052672450000000315
0.0052672450000000315
0.0052672450000000315
0.0052672450000000315
0.0052672450000000315
0.014844045000000028
0.008459511666666697
0.002074978333333366
-0.004309554999999965
0.0004788450000000055
-0.004309554999999965
-0.000718255000000001
0.0028730450000000185
0.006464345000000038
0.010055645000000002
0.010055645000000002
0.0052672450000000315
0.0052672450000000315
0.0052672450000000315
0.0052672450000000315
0.0016759500000000371
-0.0019153450000000127
-0.005506640000000007
-0.009097935000000001
0.014844045000000028
0.0004788450000000055
0.0052672450000000315
0.010055645000000002
0.014844045000000028
0.00885855000000002
0.0028730550000000132
-0.003112439999999994
-0.009097935000000001
0.014844045000000028
0.010055645000000002
0.012449849999999985
0.014844055000000023
0.01723826000000006
0.019632465000000043
0.007661455000000039
-0.004309554999999965
0.0052672450000000315
0.014844045000000028
0.010055645000000002
0.019632465000000043
0.017891226818181838
0.016149988636363688
0.014408750454545483
0.012667512272727277
0.010926274090909127
0.009185035909090922
0.007443797727272772
0.005702559545454566
0.003961321363636361
0.002220083181818211
0.0004788450000000055
0.005267244999999976
0.010055645000000002
0.010055645000000002
0.014844045000000028
0.00047885500000000025
0.019632465000000043
0.0004788450000000055
0.019632465000000043
0.010055645000000002
0.010055645000000002
0.010055645000000002
0.010055645000000002
-0.004309554999999965
0.0036711183333333897
0.011651791666666689
0.019632465000000043
-0.009097935000000001
-0.004309545000000026
0.0004788450000000055
-0.004309554999999965
0.0052672450000000315
0.014844045000000028
0.007661444999999989
0.0004788450000000055
0.0004788450000000055
0.0004788450000000055
0.0028730450000000185
0.0052672450000000315
0.01005565166666672
0.014844058333333354
0.019632465000000043
0.0004788450000000055
0.01244985500000001
0.024420865000000014
0.01803632500000002
0.011651785000000026
0.0052672450000000315
0.010055645000000002
0.007661444999999989
0.0052672450000000315
0.0052672450000000315
0.0052672450000000315
-0.0019153450000000127
-0.009097935000000001
-0.007501808333333304
-0.005905681666666662
-0.004309554999999965
0.019632465000000043
0.0184353633333334
0.0172382616666667
0.01604116
0.014844058333333354
0.01364695666666671
0.01244985500000001
0.018435360000000012
0.024420865000000014
0.020829560000000025
0.01723825499999998
0.013646949999999991
0.010055645000000002
0.0028730450000000185
0.0052672450000000315
0.0028730450000000185
0.00047884500000006103
-0.001915354999999952
-0.004309554999999965
-0.004309554999999965
-0.004309554999999965
-0.004309554999999965
0.007661444999999989
0.01604115500000003
0.024420865000000014
0.024420865000000014
0.024420865000000014
0.024420865000000014
0.024420865000000014
0.024420865000000014
0.024420865000000014
0.024420865000000014
0.024420865000000014
0.024420865000000014
0.024420865000000014
0.019632465000000043
0.00047883833333334236
0.0004788450000000055
0.04357446500000001
0.029209255000000045
0.014844045000000028
0.01440873590909092
0.013973426818181867
0.013538117727272758
0.01310280863636365
0.012667499545454541
0.012232190454545488
0.01179688136363638
0.011361572272727272
0.010926263181818163
0.01049095409090911
0.010055645000000002
0.0036711116666667265
0.0004788350000000108
0.0004788450000000055
-0.004309561666666684
-0.009097968333333317
-0.013886375000000006
0.014844045000000028
-0.011492164999999943
-0.03782837499999997
0.00047884500000006103
0.038786065000000036
0.02442085833333335
0.01005565166666672
-0.004309554999999965
-0.011492164999999943
-0.018674774999999977
-0.012928690999999992
-0.0071826070000000075
-0.0014365229999999674
0.004309561000000017
0.010055645000000002
0.017238255000000036
0.012449852500000025
0.00766145000000007
0.002873047500000059
-0.001915354999999952
-0.005506644999999977
-0.009097935000000001
-0.004309540000000001
0.00047885500000000025
0.005267250000000001
0.010055645000000002
0.010055645000000002
0.013475933571428567
0.01689622214285713
0.020316510714285696
0.023736799285714316
0.02715708785714288
0.030577376428571446
0.03399766500000001
0.022505496999999985
0.011013329000000016
-0.0004788390000000087
-0.011971006999999978
-0.023463175000000003
0.0028730450000000185
0.0028730450000000185
0.0004788450000000055
0.0052672472222222155
0.010055649444444426
0.014844051666666691
0.0196324538888889
0.02442085611111111
0.02920925833333332
0.03399766055555553
0.0387860627777778
0.04357446500000001
-0.033039975
0.005267255000000026
0.019632465000000043
-0.013886375000000006
-0.011492170000000024
-0.009097964999999986
-0.0067037599999999475
-0.004309554999999965
0.06751649500000001
0.057141623333333336
0.04676675166666666
0.03639188000000004
0.02601700833333337
0.015642136666666695
0.005267265000000021
0.014844055000000023
-0.009097935000000001
-0.011492155000000004
-0.013886375000000006
-0.011492170000000024
-0.009097964999999986
-0.0067037599999999475
-0.004309554999999965
0.0011629050000000474
0.006635365000000004
0.012107825000000016
0.01758028500000003
0.02305274500000004
0.028525204999999998
0.03399766500000001
-0.001915354999999952
-0.00362550071428569
-0.005335646428571372
-0.00704579214285711
-0.008755937857142848
-0.010466083571428586
-0.012176229285714268
-0.013886375000000006
-0.013886375000000006
-0.013886375000000006
-0.013886375000000006
-0.013886375000000006
-0.013886375000000006
-0.013886375000000006
-0.013886375000000006
-0.013886375000000006
-0.013886375000000006
-0.013886375000000006
0.024420865000000014
0.011971017000000028
-0.0004788309999999574
-0.012928678999999943
-0.025378526999999984
-0.03782837499999997
0.06751649500000001
0.00047885500000000025
0.007661444999999989
0.0052672450000000315
0.01723825750000002
0.029209270000000065
0.041180282500000054
0.05315129500000004
0.019632460000000018
-0.013886375000000006
-0.0073023174999999885
-0.0007182599999999706
0.005566521250000012
0.011851302499999994
0.01813608375000003
0.024420865000000014
-0.009097935000000001
-0.003910503333333315
0.001276928333333316
0.006464360000000002
0.011651791666666689
0.01683922333333332
0.022026655000000006
0.0028730450000000185
-0.00790086499999998
-0.018674774999999977
0.0004788450000000055
0.010055655000000052
0.019632465000000043
0.010055655000000052
0.0004788450000000055
0.007661444999999989
0.014844045000000028
0.014844045000000028
0.014844045000000028
0.014844045000000028
0.02920926500000004
0.012449855000000065
-0.004309554999999965
0.007661455000000039
0.019632465000000043
0.007661455000000039
-0.004309554999999965
0.00047884500000006103
0.0052672450000000315
0.006165071250000043
0.007062897500000054
0.007960723750000065
0.00885855000000002
0.009756376250000032
0.010654202500000043
0.011552028750000054
0.012449855000000065
0.0052672450000000315
0.0004788450000000055
0.010055651666666665
0.01963245833333338
0.02920926500000004
0.007661464999999978
-0.0007182350000000115
-0.009097935000000001
0.005267265000000021
0.019632465000000043
-0.004309554999999965
-0.004309554999999965
-0.004309554999999965
0.00047884500000006103
0.0052672450000000315
0.010055645000000002
0.014844045000000028
0.014844045000000028
0.010853715000000042
0.006863385
0.0028730550000000132
-0.0011172749999999732
-0.005107605000000015
-0.009097935000000001
0.007661444999999989
0.0004788450000000055
0.014844045000000028
0.0004788350000000108
-0.013886375000000006
-0.007729855000000008
-0.001573335000000009
0.00458318499999999
0.010739705000000044
0.016896225000000042
0.02305274500000004
0.02920926500000004
-0.018674774999999977
0.0052672450000000315
0.004469178333333379
0.003671111666666671
0.0028730450000000185
0.014844045000000028
0.012449845000000015
0.010055645000000002
0.010055645000000002
0.014844049999999998
0.019632454999999993
0.024420860000000044
0.02920926500000004
0.0004788450000000055
0.0004788450000000055
0.0004788450000000055
0.0004788450000000055
0.0004788450000000055
0.007661444999999989
0.014844045000000028
0.007661444999999989
0.0004788450000000055
0.014844045000000028
0.007661444999999989
0.0004788450000000055
0.003351884999999999
0.006224924999999992
0.009097965000000041
0.011971005000000035
0.014844045000000028
0.01292868500000005
0.011013325000000018
0.009097965000000041
0.0071826050000000086
0.0052672450000000315
0.009257581666666681
0.013247918333333386
0.017238255000000036
0.0028730450000000185
0.004070145000000025
0.0052672450000000315
0.006224925000000048
0.0071826050000000086
0.008140285000000025
0.009097964999999986
0.010055645000000002
0.010055645000000002
0.010055645000000002
0.0052672450000000315
0.003671111666666671
0.002074978333333366
0.0004788450000000055
0.0028730450000000185
0.0052672450000000315
-0.004309554999999965
-0.001915354999999952
0.0004788450000000055
0.005267244999999976
0.010055645000000002
0.008459511666666697
0.0068633783333333365
0.005267244999999976
0.003671111666666671
0.002074978333333366
0.0004788450000000055
0.0028730450000000185
0.014844045000000028
0.011651778333333362
