-0.00586579399999998
-0.0034715939999999668
-0.0010773939999999538
-0.0034715939999999668
-0.00586579399999998
-0.003950429999999949
-0.0020350659999999743
-0.0001197019999999438
0.0017956620000000312
0.0037110260000000617
-0.0010773939999999538
-0.00039333399999996743
0.0002907260000000744
0.0009747860000000608
0.0016588460000000471
0.0023429060000000335
0.0030269660000000753
0.0037110260000000617
0.004908121000000043
-0.00047883649999996836
-0.00586579399999998
-0.0034715939999999668
-0.0010773939999999538
-0.0010773939999999538
-0.0010773939999999538
-0.0010773939999999538
-0.00586579399999998
0.00371101266666668
0.013287819333333395
0.022864626000000055
0.0037110260000000617
0.006105226000000075
0.008499426000000032
0.006105226000000075
0.0037110260000000617
0.001316816000000054
-0.0010773939999999538
-0.0010773939999999538
-0.0010773939999999538
-0.0010773939999999538
-0.0010773939999999538
-0.0010773939999999538
-0.0010773939999999538
0.01089361600000005
0.022864626000000055
-0.01065419399999995
0.008499426000000032
0.006105226000000075
0.0037110260000000617
-0.00586579399999998
-0.00586579399999998
-0.00586579399999998
-0.00586579399999998
-0.00586579399999998
-0.00586579399999998
-0.00586579399999998
-0.00586579399999998
0.0037110260000000617
0.003112473500000046
0.00251392100000003
0.0019153685000000698
0.001316816000000054
0.0007182635000000381
0.00011971100000007784
-0.00047884149999993797
-0.0010773939999999538
-0.0034715939999999668
-0.00586579399999998
0.000518752666666733
-0.0034715839999999165
-0.005865787333333261
-0.008259990666666606
-0.01065419399999995
-0.0010773939999999538
0.001316816000000054
0.0037110260000000617
0.0037110260000000617
0.0029129560000000776
0.002114886000000038
0.001316816000000054
0.0005187460000000699
-0.0002793239999999697
-0.0010773939999999538
0.0037110260000000617
-0.01065419399999995
-0.007461927333333285
-0.004269660666666619
-0.0010773939999999538
-0.0010773939999999538
-0.00027932622222215375
0.0005187415555555908
0.0013168093333333908
0.0021148771111111353
0.0029129448888889353
0.00371101266666668
0.00450908044444448
0.005307148222222224
0.006105216000000024
-0.0010773939999999538
0.006105216000000024
0.013287826000000058
0.001316816000000054
0.01807622600000003
0.006105216000000024
-0.00586579399999998
-0.009457093999999944
-0.013048393999999963
-0.016639693999999983
-0.020230993999999947
-0.0010773939999999538
-0.0026735273333332588
-0.004269660666666619
-0.00586579399999998
-0.007461927333333285
-0.00905806066666659
-0.01065419399999995
0.0053071526666667035
0.006371243777777813
0.007435334888888923
0.008499426000000032
-0.0010773939999999538
-0.004070143999999942
-0.007062893999999931
-0.010055643999999975
-0.013048393999999963
-0.007062893999999931
-0.0010773939999999538
-0.004269660666666619
-0.007461927333333285
-0.01065419399999995
-0.009457093999999944
-0.008259993999999993
-0.00586579399999998
-0.0034715939999999668
-0.0010773939999999538
-0.0010773939999999538
0.0005187460000000699
0.002114886000000038
0.0037110260000000617
0.006105226000000075
0.008499426000000088
0.010893626000000045
0.013287826000000058
0.0037110260000000617
-0.00586579399999998
0.0013168159999999984
0.008499426000000032
-0.01065419399999995
-0.00586579399999998
-0.0010773939999999538
0.001316816000000054
0.0037110260000000617
-0.0034715839999999165
-0.01065419399999995
-0.008738833999999973
-0.0068234739999999405
-0.0049081139999999635
-0.002992753999999931
-0.0010773939999999538
0.008499426000000032
0.0013168159999999984
-0.00586579399999998
-0.001077383999999959
0.0037110260000000617
0.0037110260000000617
0.0037110260000000617
-0.0034715839999999165
-0.01065419399999995
-0.008259993999999993
-0.00586579399999998
-0.005181736857142849
-0.004497679714285663
-0.003813622571428532
-0.0031295654285714014
-0.0024455082857142707
-0.0017614511428570845
-0.0010773939999999538
-0.00586579399999998
-0.01065419399999995
0.0037110260000000617
0.002274504000000066
0.0008379820000000704
-0.0005985399999999252
-0.002035061999999921
-0.0034715839999999165
-0.00586579399999998
-0.00586579399999998
-0.00586579399999998
-0.00586579399999998
-0.0049081119999999645
-0.003950429999999949
-0.0029927479999999895
-0.0020350659999999743
-0.001077383999999959
-0.0010773939999999538
-0.0018754606666666063
-0.0026735273333333143
-0.0034715939999999668
-0.004269660666666619
-0.005067727333333327
-0.00586579399999998
0.0005187526666666775
0.0069032893333333956
0.013287826000000058
0.011492173500000036
0.009696521000000069
0.007900868500000047
0.006105216000000024
0.004309563500000058
0.0025139110000000353
0.0007182585000000685
-0.0010773939999999538
0.006105226000000075
0.008898459333333386
0.011691692666666698
0.0058391971111111385
-1.3298444444420632e-05
-0.00586579399999998
-0.01065419399999995
-0.008738831999999974
-0.006823469999999943
-0.004908107999999967
-0.002992745999999935
-0.001077383999999959
-0.00047883399999992804
0.00011971600000004745
0.0007182660000000229
0.001316816000000054
0.00251392100000003
0.0037110260000000617
-0.0034715839999999165
-0.01065419399999995
-0.008259993999999993
-0.00586579399999998
-0.013048393999999963
-0.020230993999999947
-0.025019373999999983
-0.020230977999999955
-0.015442581999999982
-0.010654185999999954
-0.005865789999999982
-0.0010773939999999538
0.01807622600000003
0.003711026000000006
-0.01065417399999996
-0.025019373999999983
0.008499426000000032
0.002114886000000038
-0.004269653999999956
-0.01065419399999995
0.006105216000000024
0.022864626000000055
0.015682026000000016
0.008499426000000032
0.0037110210000000365
-0.001077383999999959
-0.005865788999999955
-0.01065419399999995
-0.009628107571428512
-0.00860202114285713
-0.0075759347142856925
-0.006549848285714255
-0.005523761857142817
-0.004497675428571435
-0.003471588999999997
-0.0010773939999999538
0.027653026000000025
0.0148839526666667
0.002114879333333375
-0.01065419399999995
-0.008259993999999993
-0.00586579399999998
-0.007062893999999986
-0.008259993999999993
-0.009457093999999944
-0.01065419399999995
-0.011851293999999957
-0.013048393999999963
0.022864626000000055
0.014883959333333363
0.006903292666666727
-0.0010773739999999643
-0.009058040666666656
-0.01703870733333329
-0.025019373999999983
-0.013048393999999963
0.03722985600000006
0.021268506000000076
0.005307156000000035
-0.01065419399999995
0.013287826000000058
0.01739217314285718
0.02149652028571436
0.025600867428571483
0.029705214571428606
0.03380956171428573
0.03791390885714291
0.04201825600000003
-0.01544260066666664
-0.0034715873333333036
0.008499426000000032
0.025258841000000032
0.04201825600000003
0.030047243500000043
0.018076230999999998
0.006105218500000009
-0.00586579399999998
-0.008259993999999993
-0.01065419399999995
0.0037110260000000617
0.00011972100000007257
-0.0034715839999999165
-0.007062888999999961
-0.01065419399999995
-0.0010773939999999538
-0.00027932358333326857
0.0005187468333333611
0.0013168172500000463
0.002114887666666676
0.0029129580833333613
0.0037110285000000465
0.004509098916666676
0.005307169333333361
0.008499426000000032
0.00251392100000003
-0.003471583999999972
-0.009457088999999974
-0.015442593999999976
-0.025019403999999967
-0.02005998614285709
-0.015100568285714266
-0.010141150428571388
-0.00518173257142851
-0.00022231471428563188
0.004737103142857191
0.009696521000000069
0.0037110260000000617
0.00011972100000007257
-0.0034715839999999165
-0.007062888999999961
-0.01065419399999995
-0.020230993999999947
-0.025019373999999983
0.006105241000000039
0.03722985600000006
0.018076231000000054
-0.0010773939999999538
-0.0010773939999999538
-0.0010773939999999538
-0.0010773939999999538
-0.00586579399999998
-0.008259993999999993
-0.01065419399999995
-0.008259993999999937
-0.00586579399999998
-0.0034715939999999668
-0.0010773939999999538
-0.01065419399999995
-0.007661441499999921
-0.004668688999999948
-0.0016759364999999748
0.001316816000000054
0.004309568500000083
0.007302321000000056
0.0028131922500000406
-0.0016759364999999748
-0.006165065249999935
-0.01065419399999995
-0.00586579399999998
0.0008379700000000212
0.007541734000000022
0.014245498000000023
0.020949262000000024
0.027653026000000025
0.001316816000000054
0.00038573766666671894
-0.0005453406666666161
-0.001476418999999951
-0.002407497333333286
-0.003338575666666621
-0.004269653999999956
-0.004588881999999961
-0.0049081099999999656
-0.00522733799999997
-0.005546565999999975
-0.00586579399999998
0.022864626000000055
0.01967235711111115
0.016480088222222244
0.013287819333333395
0.01009555044444449
0.006903281555555585
0.00371101266666668
0.0005187437777778303
-0.0026735251111110747
-0.00586579399999998
-0.004269660666666619
-0.0026735273333333143
-0.0010773939999999538
0.0084994226666667
-0.01065419399999995
-0.01065419399999995
-0.009457093999999944
-0.008259993999999937
-0.007062893999999931
-0.00586579399999998
-0.004668693999999973
-0.0034715939999999668
-0.0022744939999999603
-0.0010773939999999538
-0.004429274999999955
-0.007781155999999956
-0.011133037000000012
-0.014484918000000013
-0.017836799000000014
0.05159505600000003
0.01927333600000003
-0.013048383999999968
0.01807622600000003
0.0053071526666667035
-0.007461920666666622
-0.020230993999999947
-0.00586579399999998
-0.008259993999999993
-0.01065419399999995
0.008499426000000032
0.014883959333333363
0.021268492666666694
0.027653026000000025
-0.0010773939999999538
-0.0034715939999999668
-0.00586579399999998
0.0037110160000000114
0.013287826000000058
0.006903292666666727
0.0005187593333333962
-0.00586577399999999
-0.012250307333333321
-0.018634840666666652
-0.025019373999999983
0.0037110160000000114
0.0005187460000000144
-0.0026735239999999827
-0.00586579399999998
0.01807622600000003
-0.01065419399999995
0.001316816000000054
0.013287826000000058
0.008499426000000088
0.0037110260000000617
0.00011972600000004219
-0.0034715739999999773
-0.007062873999999941
-0.01065417399999996
-0.01424547399999998
-0.017836773999999944
-0.021428073999999964
-0.025019373999999983
0.00371102266666673
-0.001077385666666597
-0.00586579399999998
-0.020230993999999947
-0.0026735206666665956
0.0148839526666667
0.03244142600000005
0.008499416000000037
-0.015442593999999976
0.008499416000000037
0.03244142600000005
0.020949266000000022
0.009457106000000048
-0.0020350539999999806
-0.013527213999999954
-0.025019373999999983
0.006105241000000039
0.006105236000000069
0.006105231000000044
0.006105226000000075
0.0025139160000000604
-0.0010773939999999538
0.001316816000000054
0.0037110260000000617
-0.001077383999999959
-0.00586579399999998
0.0013168159999999984
0.008499426000000032
0.0053071526666667035
0.002114879333333375
-0.0010773939999999538
0.0037110160000000114
0.008499426000000032
0.0037110160000000114
-0.0010773939999999538
-0.0034715939999999668
-0.00586579399999998
-0.00586579399999998
-0.00586579399999998
-0.00586579399999998
-0.00586579399999998
-0.007062893999999986
-0.008259993999999993
0.0037110260000000617
0.006105226000000075
0.008499426000000088
0.010893626000000045
0.013287826000000058
-0.0010773939999999538
0.001316816000000054
0.0037110260000000617
0.0037110260000000617
0.0037110260000000617
0.0037110260000000617
-0.001077383999999959
-0.00586579399999998
-0.0034715939999999668
-0.0010773939999999538
-0.0018754606666666063
-0.0026735273333333143
-0.0034715939999999668
-0.004269660666666619
-0.005067727333333327
-0.00586579399999998
-0.00586579399999998
-0.002673520666666651
0.000518752666666733
0.0037110260000000617
0.003112473500000046
0.00251392100000003
0.0019153685000000698
0.001316816000000054
