-0.01795651700000006
0.02035070299999997
0.025139102999999996
-0.017956517000000005
-0.061052137000000006
-0.019552643666666703
0.021946849666666657
0.06344634299999999
0.013168102999999987
-0.03711013700000004
0.0011971029999999772
0.029927522999999956
0.05865794299999999
0.02992752300000001
0.0011971029999999772
-0.027533317
0.049081122999999977
0.010773902999999974
-0.027533317
-0.016998830999999992
-0.0064643449999999825
0.004070140999999972
0.014604626999999981
0.02513911299999999
0.014194191571428538
0.0032492701428571413
-0.007695651285714311
-0.018640572714285708
-0.02958549414285716
-0.04053041557142861
-0.05147533700000001
0.06344634299999999
0.005985503000000003
0.008379707999999986
0.00023942699999995876
-0.007900854000000013
-0.01604113500000004
-0.02418141600000001
-0.03232169700000004
-0.003591289500000039
0.02513911799999996
0.005985500499999963
-0.013168117000000035
-0.0011971070000000306
0.010773902999999974
-0.02274491700000003
0.0011971029999999772
0.00359130299999999
0.005985503000000003
0.00359130299999999
0.0011971029999999772
0.005985502999999948
0.010773902999999974
0.005985503000000003
0.0011971029999999772
-0.0035912969999999933
0.00359130299999999
0.010773902999999974
0.005985502999999948
0.0011971029999999772
0.00039903633333332467
-0.0003990303333333278
-0.0011970969999999803
-0.0047884069999999945
-0.008379717000000009
-0.0011971070000000306
0.005985503000000003
0.004389369666666643
0.0027932363333333377
0.0011971029999999772
-0.0019951703333333515
-0.00518744366666668
-0.008379717000000009
-0.0011971070000000306
0.005985503000000003
0.0011971029999999772
0.005985503000000003
0.010773902999999974
0.015562303
0.009177769666666669
0.0027932363333333377
-0.0035912969999999933
0.0011971029999999772
0.0023942029999999836
0.00359130299999999
0.004788402999999997
0.005985503000000003
-0.0035912969999999933
-0.0003990303333333278
0.0027932363333333377
0.005985503000000003
-0.0035913070000000435
-0.013168117000000035
0.005985503000000003
0.0011971029999999772
0.00359130299999999
0.005985503000000003
0.005985503000000003
0.005985503000000003
0.005985503000000003
0.005985503000000003
0.0011971029999999772
0.029927533000000006
0.02684927157142858
0.023771010142857152
0.020692748714285725
0.017614487285714242
0.014536225857142815
0.011457964428571388
0.00837970299999996
0.005985503000000003
0.00359130299999999
0.0011971029999999772
0.005985502999999948
0.010773902999999974
0.010773902999999974
0.010773902999999974
0.005985502999999948
0.0011971029999999772
0.0011971029999999772
0.0011971029999999772
0.0011971029999999772
0.005985502999999948
0.010773902999999974
0.025139102999999996
0.005985493000000008
-0.013168117000000035
0.0035912929999999954
0.02035070299999997
0.010773902999999974
0.00837970299999996
0.005985503000000003
0.009177769666666669
0.012370036333333334
0.015562303
0.015562303
0.015562303
0.015562303
0.015562303
0.0011971029999999772
0.005985503000000003
0.00837970299999996
0.010773902999999974
0.00359130299999999
-0.0035912969999999933
-0.0035912969999999933
-0.0035912969999999933
-0.008379717000000009
-0.0035913070000000435
0.0011971029999999772
0.0027932363333333377
0.004389369666666643
0.005985503000000003
0.010773902999999974
0.015562303
-0.0035912969999999933
-0.0019951636666666883
-0.0003990303333333278
0.0011971029999999772
0.015562303
0.013168102999999987
0.010773902999999974
0.005985502999999948
0.0011971029999999772
-0.0011970969999999803
-0.0035912969999999933
-0.005187437000000017
-0.006783576999999985
-0.008379717000000009
-0.00518744366666668
-0.0019951703333333515
0.0011971029999999772
-0.013168117000000035
-0.0035913070000000435
0.005985503000000003
0.010773902999999974
0.015562303
0.00837970299999996
0.0011971029999999772
0.005985503000000003
0.0011971030000000327
-0.0035912969999999933
-0.0011970969999999803
0.0011971029999999772
-0.0011971020000000054
-0.0035913070000000435
-0.005985512000000026
-0.008379717000000009
-0.0035912969999999933
-0.008379707000000014
-0.013168117000000035
-0.0035913070000000435
0.005985503000000003
0.004389369666666643
0.0027932363333333377
0.0011971029999999772
0.015562303
0.0035912929999999954
-0.008379717000000009
-0.0035912969999999933
-0.0015961303333333343
0.00039903633333332467
0.0023942029999999836
0.004389369666666643
0.006384536333333302
0.00837970299999996
0.0011971029999999772
-0.0035912969999999933
-0.0003990303333333278
0.0027932363333333377
0.005985503000000003
0.005985503000000003
0.00837970299999996
0.010773902999999974
0.00837970299999996
0.005985503000000003
0.0027932363333333377
-0.0003990303333333278
-0.0035912969999999933
-0.0003990303333333278
0.0027932363333333377
0.005985503000000003
-0.0035912969999999933
-0.013168117000000035
-0.0035913070000000435
0.005985503000000003
0.005985503000000003
0.005985503000000003
-0.0035913070000000435
-0.013168117000000035
-0.006783577000000041
-0.000399036999999991
0.005985503000000003
0.0011971029999999772
0.0031124629999999542
0.005027822999999987
0.006943182999999964
0.008858542999999997
0.010773902999999974
0.00359130299999999
-0.0035912969999999933
0.005985503000000003
0.0011971029999999772
-0.013168117000000035
-0.003591310333333375
0.00598549633333334
0.015562303
-0.008379717000000009
-0.0035913070000000435
0.0011971029999999772
0.0011971029999999772
0.0011971029999999772
0.005985503000000003
0.010773902999999974
0.015562303
0.012370036333333334
0.009177769666666669
0.005985503000000003
0.00837970299999996
0.010773902999999974
-0.0035912969999999933
0.0011971029999999772
0.00359130299999999
0.005985503000000003
0.00359130299999999
0.0011971029999999772
-0.0003990303333333278
-0.0019951636666666883
-0.0035912969999999933
0.00359130299999999
0.010773902999999974
-0.0035912969999999933
-0.0019951636666666883
-0.0003990303333333278
0.0011971029999999772
-0.017956517000000005
0.013168107999999956
0.04429273299999997
-0.07062895699999999
-0.04189853700000001
-0.01316811699999998
0.015562303
0.02035070299999997
0.005985494999999952
-0.00837971300000001
-0.02274492100000003
-0.03711012899999999
-0.05147533700000001
0.10175357299999999
0.04309562799999997
-0.015562317000000048
0.03471591966666665
0.08499415633333329
0.135272393
0.03950432799999998
-0.056263737000000036
0.06344634299999999
0.08738836299999997
0.11133038299999998
0.045888869666666665
-0.019552643666666703
-0.08499415700000001
-0.038307224500000014
0.008379707999999986
0.055066640499999986
0.10175357299999999
0.025139102999999996
0.0035912929999999954
-0.017956517000000005
-0.039504327000000006
-0.061052137000000006
-0.027533315333333364
0.005985506333333335
0.03950432799999998
-0.07062895699999999
0.06344634299999999
-0.027533317
-0.11851297700000002
-0.07302314700000001
-0.027533317
-0.04030239366666666
-0.05307147033333337
-0.06584054700000003
-0.03471592200000001
-0.0035912969999999933
-0.0011970969999999803
0.0011971029999999772
-0.08499416200000004
-0.171185427
-0.07302316199999997
0.025139102999999996
0.009177763000000005
-0.006783577000000041
-0.02274491700000003
-0.067436677
-0.11212843700000003
-0.156820197
0.06823475299999998
0.027533317999999973
-0.013168117000000035
-0.05865794699999999
-0.104147777
0.07302315299999998
0.022744918000000003
-0.027533317
-0.046686936999999984
-0.06584055700000002
-0.0163603836666667
0.03311978966666662
0.08259996299999997
-0.008379717000000009
-0.020350707000000023
-0.03232169700000004
0.01396619299999996
0.06025408299999996
0.10654197299999998
0.044292728
-0.017956517000000005
0.015562303
0.070628943
0.12569558299999997
0.07781154966666665
0.029927516333333293
-0.017956517000000005
0.010773907999999999
0.039504332999999975
0.12569558299999997
0.10494583633333332
0.08419608966666664
0.06344634299999996
0.04269659633333331
0.021946849666666657
0.0011971029999999772
0.07302315299999998
0.11611878299999998
-0.013168117000000035
0.08259996299999997
0.09935937299999997
0.11611878299999998
0.09876082049999999
0.08140285799999997
0.06404489549999998
0.046686932999999986
0.029328970499999996
0.011971008000000005
-0.005386954500000041
-0.02274491700000003
0.08978256299999998
0.06224924299999998
0.03471592299999998
0.07302315299999998
0.017956507999999982
-0.03711013700000004
0.029927517999999986
0.09696517299999999
0.08020575799999999
0.06344634299999999
0.010773902999999974
-0.04189853700000001
-0.001995173666666683
0.03790818966666665
0.07781155299999998
0.05147532799999999
0.025139102999999996
-0.013168117000000035
-0.05147533700000001
0.07302315299999998
0.049081127999999974
0.025139102999999996
-0.010773917000000022
-0.04668693700000004
0.013168107999999956
0.07302315299999998
0.049081127999999974
0.025139102999999996
-0.017956517000000005
-0.061052137000000006
-0.03711012033333333
-0.013168103666666708
0.010773912999999968
0.034715929666666645
0.05865794633333332
0.08259996299999997
0.025139102999999996
-0.056263737000000036
0.08259996299999997
0.029927533000000006
-0.010773902000000002
-0.05147533700000001
0.010773907999999999
0.07302315299999998
0.065840548
0.05865794299999999
0.00837970299999996
-0.04189853700000001
-0.01955265700000003
0.0027932230000000113
0.025139102999999996
0.05865794299999999
0.01875458299999999
-0.021148777000000007
-0.061052137000000006
-0.027533317
0.005985507999999973
0.039504332999999975
-0.0011971020000000054
-0.04189853700000001
-0.05147533700000001
-0.061052137000000006
-0.03232172366666669
-0.0035913103333333196
0.025139102999999996
0.015562303
0.005985503000000003
-0.061052137000000006
-0.022744916999999976
0.015562303
0.03471592299999998
0.05386954299999999
0.0011971029999999772
-0.05147533700000001
-0.02992752700000001
-0.008379717000000009
0.00530143728571425
0.018982591571428564
0.03266374585714282
0.04634490014285714
0.060026054428571396
0.07370720871428568
0.08738836299999997
0.00359130299999999
0.03471593299999998
0.02833138966666665
0.021946846333333325
0.015562303
-0.008379717000000009
-0.04189853700000001
-0.008379717000000009
-0.0011971070000000306
0.005985503000000003
-0.027533317
-0.061052137000000006
-0.041898521999999994
-0.022744907000000036
-0.0035912920000000237
0.015562322999999989
-0.005985497000000006
-0.027533317
-0.015562306999999997
-0.0035912969999999933
0.039504333
0.08259996299999997
0.049081133
0.015562303
0.0011970929999999824
-0.013168117000000035
0.0035912929999999954
0.02035070299999997
0.013168102999999987
0.005985503000000003
0.005985503000000003
0.005985503000000003
0.005985503000000003
-0.061052137000000006
-0.04828306366666668
-0.035513990333333356
-0.02274491700000003
0.05386954299999999
0.01875458299999999
-0.01636037699999998
-0.05147533700000001
-0.017956517000000005
0.03232172299999997
0.08259996299999997
0.029927522999999956
-0.02274491700000003
-0.019552650333333366
-0.0163603836666667
-0.013168117000000035
0.039504332999999975
0.02513911799999996
0.010773902999999974
-0.0035913070000000435
-0.017956517000000005
-0.020350717000000018
-0.02274491700000003
-0.0059855070000000565
0.010773902999999974
0.0011970929999999824
-0.008379717000000009
-0.03232172700000002
-0.056263737000000036
-0.046686932000000014
-0.03711012699999999
-0.027533322000000027
-0.017956517000000005
0.05386954299999999
0.013168112999999981
-0.027533317
-0.013168117000000035
0.017956502999999957
0.049081122999999977
0.02035070299999997
-0.008379717000000009
0.0011970929999999824
0.010773902999999974
0.00359130299999999
-0.0035912969999999933
-0.0045489810000000075
-0.005506665000000022
-0.00646434899999998
-0.0074220329999999946
-0.008379717000000009
0.03471593299999998
-0.001197102000000061
-0.03711013700000004
0.005985503000000003
0.029927533000000006
0.027533325499999983
0.02513911799999996
0.022744910499999993
0.02035070299999997
-0.027533317
0.05386954299999999
0.025139122999999985
-0.0035912969999999933
-0.0019951636666666883
-0.0003990303333333278
0.0011971029999999772
0.015562303
-0.005985507000000001
-0.027533317
0.0035913080000000153
0.03471593299999998
0.010773907999999943
-0.013168117000000035
0.0035912929999999954
0.02035070299999997
-0.008379717000000009
0.0011970896666666508
0.01077389633333331
0.02035070299999997
0.015562303
0.010773902999999974
0.005985503000000003
0.005985503000000003
0.005985503000000003
0.005386952999999972
0.004788402999999997
0.004189853000000021
0.00359130299999999
0.0011971029999999772
-0.013168117000000035
-0.006783577000000041
-0.000399036999999991
0.005985503000000003
0.005985503000000003
0.005985503000000003
0.003591300999999991
0.0011970989999999793
-0.0011971029999999772
-0.003591304999999989
-0.005985507000000001
0.010773902999999974
0.00359130299999999
-0.0035912969999999933
0.0011971030000000327
0.005985503000000003
-0.0035912969999999933
-0.005985507000000001
-0.008379717000000009
-0.006783576999999985
-0.005187437000000017
-0.0035912969999999933
-0.005985507000000001
-0.008379717000000009
-0.008379717000000009
-0.008379717000000009
0.0011970929999999824
0.010773902999999974
0.00837970299999996
0.005985503000000003
0.00837970299999996
0.010773902999999974
0.015562303
0.00837970299999996
0.0011971029999999772
0.0011971029999999772
0.0011971029999999772
0.0011971029999999772
0.00359130299999999
0.005985503000000003
0.00837970299999996
0.010773902999999974
0.012370036333333334
0.013966169666666639
0.015562303
0.0011971029999999772
0.0027932363333333377
0.004389369666666643
0.005985503000000003
0.005985503000000003
0.005985503000000003
0.005985503000000003
0.005985503000000003
0.0011971030000000327
-0.0035912969999999933
0.0011971030000000327
0.005985503000000003
0.004070143000000026
0.0021547829999999935
0.00023942300000001637
-0.0016759370000000162
-0.0035912969999999933
