-0.023702599999998242
-0.0246601999999978
-0.025617799999999136
-0.026575399999998695
-0.02753300000000003
-0.02849059999999959
-0.023702599999998242
-0.01891459999999867
-0.021308599999999345
-0.022505599999998793
-0.023702599999998242
-0.023702599999998242
-0.023702599999998242
-0.022106599999998977
-0.020510599999997936
-0.01891459999999867
-0.009337599999998503
-0.009337599999998503
-0.009337599999998503
-0.009337599999998503
-0.009337599999998503
-0.009337599999998503
-0.009337599999998503
-0.014126099999998587
-0.01891459999999867
-0.01891459999999867
-0.03327959999999841
-0.009337599999998503
-0.009337599999998503
-0.009337599999998503
-0.009337599999998503
-0.009337599999998503
-0.009337599999998503
-0.009337599999998503
-0.011731599999999176
-0.03327959999999841
-0.03259545714285572
-0.03191131428571303
-0.031227171428570344
-0.030543028571427655
-0.029858885714284966
-0.029174742857142277
-0.02849059999999959
-0.024899350000000098
-0.021308100000000607
-0.01771684999999934
-0.01412559999999985
-0.023702599999998242
-0.03327959999999841
-0.02609709999999943
-0.01891459999999867
-0.014126099999998587
-0.009337599999998503
-0.00774126666666497
-0.0061449333333332135
-0.004548599999999681
-0.023702599999998242
-0.01412559999999985
-0.023702599999998242
-0.023702599999998242
-0.023702599999998242
-0.02489972499999915
-0.026096849999998284
-0.027293974999997417
-0.028491099999998326
-0.023702599999998242
-0.03327959999999841
-0.01891459999999867
-0.02178759999999791
-0.024660599999998922
-0.02753359999999816
-0.030406599999999173
-0.03327959999999841
-0.009337599999998503
-0.009337599999998503
-0.006943099999999092
-0.004548599999999681
-0.018914099999998157
-0.03327959999999841
-0.023702599999998242
-0.01412559999999985
-0.017317933333332647
-0.020510266666665444
-0.023702599999998242
-0.023702599999998242
-0.022744899999997514
-0.021787199999998563
-0.020829499999999612
-0.019871799999998885
-0.018914099999998157
-0.017956399999999206
-0.016998700000000255
-0.016040999999999528
-0.0150832999999988
-0.01412559999999985
-0.01652009999999926
-0.020510266666665444
-0.03327959999999841
-0.021308599999999345
-0.009337599999998503
-0.010295199999998061
-0.011252799999999397
-0.012210399999998955
-0.01316800000000029
-0.01412559999999985
-0.009337099999999765
-0.009337349999999134
-0.009337599999998503
-0.01652009999999926
-0.023702599999998242
-0.018914099999998157
-0.01412559999999985
-0.014724225000000146
-0.015322849999998667
-0.015921474999998964
-0.01652009999999926
-0.017118724999999557
-0.017717349999999854
-0.018315974999998375
-0.01891459999999867
-0.018914099999998157
-0.02849059999999959
-0.029448300000000316
-0.030405999999999267
-0.031363699999999994
-0.032321399999998945
-0.03327909999999967
-0.0342368000000004
-0.03519449999999935
-0.03615220000000008
-0.03710989999999903
-0.03806759999999976
-0.030885599999999513
-0.006943099999999092
-0.023702599999998242
-0.022505599999998793
-0.021308599999999345
-0.02011159999999812
-0.01891459999999867
-0.01891459999999867
-0.02849059999999959
-0.03327909999999967
-0.03806759999999976
-0.03327959999999841
-0.03168326666666488
-0.03008693333333312
-0.02849059999999959
-0.02849059999999959
-0.023702599999998242
-0.01891459999999867
-0.016786377777776806
-0.014658155555554941
-0.0125299333333313
-0.010401711111109435
-0.00827348888888757
-0.006145266666665705
-0.004017044444442064
-0.001888822222220199
0.00023940000000166606
-0.004549100000000195
-0.01891459999999867
-0.023702599999998242
-0.02849059999999959
-0.01891459999999867
-0.01891459999999867
-0.01891459999999867
-0.01891459999999867
-0.01891459999999867
-0.01891459999999867
-0.01891459999999867
-0.01891459999999867
-0.01891459999999867
-0.01891459999999867
-0.04285659999999858
-0.02849059999999959
-0.01412559999999985
-0.023702599999998242
0.0050274000000012364
-0.014126099999998587
-0.03327959999999841
-0.04046209999999917
-0.047644599999999926
-0.057221600000000095
-0.06679859999999849
-0.07062919999999906
-0.07445979999999963
-0.07829039999999843
-0.082120999999999
-0.08595159999999957
-0.06679859999999849
-0.08595159999999957
-0.07637509999999814
-0.06679859999999849
-0.023702599999998242
-0.018914099999998157
-0.01412559999999985
-0.003750766666666294
0.006624066666669037
0.016998900000002592
0.027772816666669087
0.03854673333333558
0.049320650000002075
0.06009456666666857
0.07086848333333506
0.08164240000000156
-0.062009599999999665
-0.03327926666666592
-0.004548933333332172
0.024181400000001574
-0.06200959999999789
-0.06839426666666526
-0.07477893333333085
-0.08116359999999823
-0.035673599999999084
0.009816400000000058
0.01939290000000149
0.028969400000001144
0.019392600000001536
0.009815800000001929
0.00023900000000054433
-0.009337799999999064
-0.01891459999999867
0.06727740000000004
-0.08595159999999957
0.0050274000000012364
-0.1338355999999994
-0.06919210000000042
-0.004548599999999681
-0.007341849999999539
-0.010135099999999397
-0.012928349999999256
-0.015721599999999114
-0.018514849999998972
-0.021308100000000607
-0.024101350000000465
-0.026894600000000324
-0.029687850000000182
-0.03248110000000004
-0.0352743499999999
-0.03806759999999976
-0.009337599999998503
0.024181400000001574
-0.01891459999999867
-0.02130809999999883
-0.022205912499998703
-0.023103724999998576
-0.02400153749999845
-0.024899350000000098
-0.02579716249999997
-0.026694974999999843
-0.027592787499999716
-0.02849059999999959
-0.002155099999997745
0.019393400000000227
-0.004549100000000195
-0.06679859999999849
-0.05722159999999832
-0.07318293333333159
-0.08914426666666664
-0.10510559999999991
0.014604400000001405
0.014604400000001405
-0.018914099999998157
-0.052432599999999496
0.11516140000000163
0.06967140000000249
0.024181400000001574
-0.021308599999999345
-0.06679859999999849
0.024181400000001574
0.0038306500000011567
-0.016520099999997484
-0.0368708499999979
-0.05722159999999832
-0.07757234999999696
-0.09792309999999738
-0.06200959999999789
-0.01891393333333191
0.024181733333334066
0.06727740000000004
-0.023702599999998242
0.08643040000000113
0.1965634000000005
0.08962273333333393
-0.017317933333332647
-0.12425859999999922
-0.016519599999998746
0.09121940000000173
-0.14820059999999913
-0.13657174285714113
-0.12494288571428491
-0.11331402857142692
-0.1016851714285707
-0.0900563142857127
-0.07842745714285648
-0.06679859999999849
-0.07398109999999924
-0.05003893333333309
-0.02609676666666516
-0.0021545999999990073
0.011557581818182783
0.025269763636364573
0.03898194545454636
0.05269412727272815
0.06640630909090994
0.08011849090909173
0.09383067272727352
0.10754285454545531
0.1212550363636371
0.1349672181818189
0.14867940000000068
0.07046906666666786
-0.007741266666666746
-0.08595159999999957
0.1438914000000011
0.09983810000000126
0.05578480000000141
0.01173150000000156
-0.03232179999999829
-0.07637509999999814
-0.10510559999999991
-0.10031709999999983
-0.09552859999999974
-0.09074009999999966
-0.08595159999999957
-0.08116309999999949
-0.0763745999999994
-0.05362985000000009
-0.030885100000000776
-0.003351849999999601
0.024181400000001574
0.07685390000000147
0.05291189999999979
-0.007741183333331847
-0.06839426666666526
-0.01891459999999867
-0.050837266666665215
-0.08275993333333176
-0.1146825999999983
-0.1146825999999983
-0.09792309999999738
-0.08116359999999823
-0.12425859999999922
-0.09393226666666621
-0.06360593333333142
-0.03327959999999841
-0.08595159999999957
-0.028491099999998326
0.028969400000001144
-0.010933933333332035
-0.050837266666665215
-0.0907405999999984
0.1199494000000012
-0.0021545999999990073
-0.12425859999999922
0.016998900000000816
0.15825640000000085
-0.12904759999999982
0.03854639999999954
0.20614040000000067
0.1235406500000007
0.040940900000000724
-0.04165884999999925
-0.12425859999999922
-0.062009399999999104
0.00023980000000101143
0.06248900000000113
0.12473820000000124
0.18698740000000136
-0.16735459999999946
0.1774104000000012
-0.04285659999999858
0.13431440000000094
0.0804449000000016
0.02657540000000047
-0.027294099999998878
-0.08116359999999823
0.009816400000000058
-0.08116359999999823
-0.04285609999999984
-0.004548599999999681
-0.0763745999999994
-0.06200948888888824
-0.04764437777777708
-0.03327926666666592
-0.018914155555554757
-0.004549044444443595
0.009816066666667567
0.02418117777777873
0.03854628888888989
0.05291140000000105
0.009816400000000058
-0.018914099999998157
-0.014126100000000363
-0.04764493333333242
-0.08116376666666625
-0.1146825999999983
-0.04046209999999739
0.03375840000000174
0.01870911428571631
0.0036598285714291023
-0.01138945714285633
-0.02643874285714176
-0.04148802857142719
-0.0565373142857144
-0.07158659999999983
0.03854640000000131
-0.03806759999999976
-0.022106266666666485
-0.0061449333333332135
0.009816400000000058
-0.009337599999998503
-0.014125933333332341
-0.018914266666664403
-0.023702599999998242
-0.009337599999998503
-0.04285659999999858
-0.011731599999999176
0.019393400000000227
0.007422150000000016
-0.004549100000000195
-0.07158659999999983
-0.052432933333333764
-0.03327926666666592
-0.01412559999999985
-0.02849059999999959
-0.018914099999998157
-0.009337599999998503
-0.0125299333333313
-0.015722266666665874
-0.01891459999999867
-0.009337599999998503
-0.008379799999998383
-0.007421999999998263
-0.00646419999999992
-0.0055063999999998
-0.004548599999999681
-0.015322599999999298
-0.02609660000000069
-0.03687060000000031
-0.047644599999999926
-0.04525059999999925
-0.04285659999999858
-0.03327959999999841
-0.023702599999998242
-0.018914266666664403
-0.014125933333332341
-0.009337599999998503
-0.009337599999998503
-0.010534599999997951
-0.011731599999999176
-0.012928600000000401
-0.01412559999999985
-0.01412559999999985
-0.017717100000000485
-0.021308599999999345
-0.03208259999999896
-0.04285659999999858
-0.028491099999998326
-0.01412559999999985
-0.018914099999998157
-0.023702599999998242
-0.028491099999998326
-0.03327959999999841
-0.02968834999999892
-0.02609709999999943
-0.022505849999998162
-0.01891459999999867
-0.02849059999999959
-0.02849059999999959
-0.02849059999999959
-0.02849059999999959
-0.02849059999999959
-0.02849059999999959
-0.016519600000000523
-0.004548599999999681
-0.011731599999999176
-0.01891459999999867
-0.023702599999998242
-0.02849059999999959
-0.030405999999999267
-0.032321399999998945
-0.0342368000000004
-0.03615220000000008
-0.03806759999999976
-0.03806759999999976
-0.03806759999999976
-0.03806759999999976
-0.023702599999998242
-0.023702599999998242
-0.028491099999998326
-0.03327959999999841
-0.01652009999999926
0.00023940000000166606
-0.0021545999999990073
-0.004548599999999681
-0.011731599999999176
-0.01891459999999867
-0.021308599999999345
-0.023702599999998242
-0.026096599999998915
-0.02849059999999959
-0.03327909999999967
-0.03806759999999976
-0.03647143333333247
-0.03487526666666696
-0.03327909999999967
-0.031682933333332386
-0.030086766666666875
-0.02849059999999959
-0.023702599999998242
-0.023702599999998242
-0.02849059999999959
-0.01891459999999867
-0.016999199999998993
-0.015083799999999314
-0.01316839999999786
-0.011252999999998181
-0.009337599999998503
0.0050274000000012364
-0.01891459999999867
-0.019256599999998514
-0.019598599999998356
-0.0199405999999982
-0.020282599999999817
-0.02062459999999966
-0.020966599999999502
-0.021308599999999345
-0.023702599999998242
-0.02849059999999959
