-0.004668690000000031
-0.004668690000000031
-0.004668690000000031
-0.004668690000000031
-0.004668690000000031
-0.004668690000000031
-0.014245489999999972
0.0001197099999999951
-0.002274490000000018
-0.004668690000000031
-0.004668690000000031
-0.004668690000000031
-0.007062889999999933
-0.009457089999999946
-0.004668690000000031
0.0001197099999999951
-0.0012484042857142663
-0.0026165185714285277
-0.003984632857142789
-0.005352747142857162
-0.006720861428571423
-0.008088975714285684
-0.009457089999999946
-0.009457089999999946
-0.009457089999999946
-0.004668690000000031
-0.005386953000000028
-0.006105216000000024
-0.006823479000000021
-0.007541742000000018
-0.008260005000000015
-0.008978268000000011
-0.009696531000000008
-0.010414794000000005
-0.011133057000000002
-0.011851319999999999
-0.012569582999999995
-0.013287845999999992
-0.014006108999999989
-0.014724371999999986
-0.015442634999999982
-0.01616089799999998
-0.016879160999999976
-0.017597423999999973
-0.01831568699999997
-0.019033949999999966
-0.019033949999999966
-0.019033949999999966
-0.015442634999999982
-0.011851319999999999
-0.008260005000000015
-0.004668690000000031
-0.006105209999999972
-0.007541730000000024
-0.008978249999999965
-0.010414770000000018
-0.011851289999999959
-0.002274489999999907
-0.004668690000000031
-0.00466871000000002
-0.004668690000000031
-0.004668690000000031
-0.011851319999999999
-0.0142455199999999
-0.009457109999999935
-0.00466869999999997
0.0001197099999999951
-0.003072556666666615
-0.006264823333333336
-0.009457089999999946
-0.009457089999999946
0.002513910000000008
0.014484909999999962
-0.014245489999999972
-0.016639720000000024
-0.019033949999999966
-0.0070629199999999726
0.004908110000000021
-0.009457089999999946
-0.00466868999999992
0.0001197099999999951
0.004908110000000021
-0.0017956620000000312
-0.008499433999999972
-0.015203206000000025
-0.021906977999999966
-0.028610750000000018
-0.016639720000000024
-0.004668690000000031
-0.009457089999999946
-0.004668690000000031
0.0001197099999999951
-0.004668690000000031
-0.009457089999999946
-0.004668690000000031
0.0001197099999999951
-0.004668690000000031
-0.009457089999999946
-0.012649376666666656
-0.015841663333333256
-0.019033949999999966
-0.015841663333333256
-0.012649376666666656
-0.009457089999999946
-0.004668690000000031
0.0001197099999999951
0.004908110000000021
0.009696510000000047
-0.011851289999999959
-0.01304838999999991
-0.014245489999999972
-0.00786095666666664
-0.0014764233333333099
0.004908110000000021
0.002513910000000008
0.0001197099999999951
-0.004668690000000031
-0.009457089999999946
-0.008259989999999995
-0.007062889999999933
-0.005865789999999982
-0.004668690000000031
-0.011851319999999999
-0.009457114000000044
-0.007062907999999979
-0.0046687020000000246
-0.0022744959999999592
0.0001197099999999951
-0.004668690000000031
-0.009457089999999946
-0.004668690000000031
0.0001197099999999951
-0.0017956500000000375
-0.003711009999999959
-0.005626369999999992
-0.007541729999999913
-0.009457089999999946
-0.007062889999999933
-0.004668690000000031
0.004908110000000021
-0.0070629199999999726
-0.019033949999999966
0.009696510000000047
-0.009457089999999946
0.009696510000000047
-0.002274489999999907
-0.014245489999999972
-0.014245489999999972
-0.014245489999999972
-0.014245489999999972
-0.011372449999999978
-0.008499409999999985
-0.005626369999999992
-0.0027533299999999983
0.0001197099999999951
-0.009457089999999946
-0.004668690000000031
0.0001197099999999951
0.004908110000000021
-0.0070629199999999726
-0.019033949999999966
-0.009457119999999986
0.0001197099999999951
-0.011851319999999999
-0.023822349999999992
-0.017836834999999995
-0.011851319999999999
-0.005865805000000002
0.0001197099999999951
-0.003072556666666726
-0.006264823333333336
-0.009457090000000057
-0.004668690000000031
-0.004668690000000031
-0.004668690000000031
-0.007062889999999933
-0.009457089999999946
-0.0142455199999999
-0.019033949999999966
-0.0142455199999999
-0.009457089999999946
-0.006464339999999957
-0.003471589999999969
-0.0004788399999999804
0.002513910000000008
0.0001197099999999951
-0.002274490000000018
-0.004668690000000031
-0.004668690000000031
-0.004668690000000031
-0.014245489999999972
-0.01287737571428571
-0.011509261428571449
-0.010141147142857188
-0.008773032857142815
-0.007404918571428554
-0.006036804285714292
-0.004668690000000031
-0.005865789999999982
-0.007062889999999933
-0.011851289999999959
-0.009457089999999946
-0.007062890000000044
-0.004668690000000031
-0.007062889999999933
-0.009457089999999946
-0.004668690000000031
-0.004668690000000031
-0.004668690000000031
-0.004668690000000031
-0.004668690000000031
-0.004668690000000031
-0.004668690000000031
-0.0014764233333333099
0.0017158433333333
0.004908110000000021
-0.014245489999999972
-0.014245489999999972
-0.014245489999999972
-0.013287810000000011
-0.01233012999999994
-0.011372449999999978
-0.010414769999999907
-0.009457089999999946
-0.008659023333333349
-0.00786095666666664
-0.007062889999999933
-0.006264823333333336
-0.005466756666666739
-0.004668690000000031
-0.014245489999999972
-0.014245489999999972
-0.019033949999999966
-0.009457135000000005
0.00011967999999995538
0.009696495000000027
0.019273309999999988
-0.023822349999999992
0.0001197099999999951
-0.016639720000000024
-0.033399150000000044
0.009696499999999997
0.05279215000000004
-0.009457109999999935
-0.07170636999999996
-0.050956621666666646
-0.030206873333333273
-0.009457124999999955
0.008898414166666702
0.02725395333333336
0.045609492500000015
0.06396503166666667
0.08232057083333333
0.10067610999999999
-0.08128315999999997
0.06236894999999998
0.02166751499999997
-0.019033919999999926
0.00011969000000000563
0.01927330000000005
0.03842690999999998
0.028251551250000007
0.018076192500000032
0.007900833749999947
-0.0022745250000000272
-0.01454480812500003
-0.026815091250000034
-0.03908537437500004
-0.05135565750000004
-0.06362594062499999
-0.07589622374999999
-0.088166506875
-0.10043679
-0.04217789000000005
0.01608100999999995
-0.019033949999999966
-0.033399150000000044
0.016879100000000036
0.06715735
0.05645385941176473
0.04575036882352945
0.03504687823529418
0.02434338764705879
0.013639897058823514
0.0029364064705882376
-0.007767084117647038
-0.018470574705882314
-0.02917406529411759
-0.03987755588235292
-0.0505810464705882
-0.06128453705882353
-0.0719880276470588
-0.08269151823529408
-0.09339500882352936
-0.10409849941176463
-0.11480198999999996
0.11025300999999998
-0.11959038999999999
-0.004668690000000031
0.11025300999999998
-0.09085995999999996
0.03842690999999998
-0.016639720000000024
0.03363850333333329
-0.016639700000000035
-0.03998317250000005
-0.06332664500000001
-0.08667011749999998
-0.11001359
-0.09724451296296294
-0.08447543592592593
-0.07170635888888888
-0.05893728185185182
-0.04616820481481482
-0.03339912777777776
-0.020630050740740757
-0.007860973703703644
0.004908103333333358
-0.019033905000000018
0.11504141000000001
-0.12916720999999998
0.12461821000000006
0.002513910000000008
-0.11959038999999999
-0.06811505749999996
-0.016639724999999994
0.03483560750000003
0.08631094000000006
-0.06212953999999998
-0.019033914999999957
0.024061710000000014
0.014484910000000073
0.004908110000000021
-0.007062902499999968
-0.019033914999999957
-0.031004927499999946
-0.04297593999999999
0.06715735
-0.11480198999999996
0.11025300999999998
-0.016639700000000035
-0.14353241
0.009696499999999997
0.16292541000000005
0.00011969000000000563
-0.16268602999999998
-0.009457109999999935
0.14377181000000006
0.071945755
0.00011970000000005587
-0.071706355
-0.14353241
-0.120388465
-0.09724452
-0.074100575
-0.05095662999999995
-0.027812684999999893
-0.004668739999999949
0.009696510000000047
-0.04297593999999999
0.009696504999999966
0.06236894999999998
-0.019033920000000037
-0.10043679
-0.06292762333333335
-0.025418456666666644
0.01209071000000006
0.049599876666666654
0.08710904333333336
0.12461821000000006
-0.16747443
0.17250221
0.11663750333333334
0.06077279666666657
0.004908089999999921
-0.18662805
-0.06691796333333333
0.052792123333333385
0.17250221
-0.15310919
-0.07769184000000001
-0.002274490000000018
0.07314286000000003
0.14856020999999997
0.059176676666666705
-0.03020685666666667
-0.11959038999999999
0.01209066999999997
0.022266039999999987
0.032441410000000004
0.04261678000000002
0.05279215000000004
-0.0070629199999999726
-0.01105326333333334
-0.015043606666666598
-0.019033949999999966
-0.009457089999999946
-0.00873883299999989
-0.008020575999999946
-0.0073023190000000016
-0.006584061999999946
-0.005865804999999891
-0.005147547999999946
-0.004429291000000002
-0.0037110339999999464
-0.002992776999999891
-0.0022745199999999466
-0.007062889999999933
-0.023822349999999992
0.024061710000000014
0.0025138800000000794
-0.019033949999999966
0.014484909999999962
0.013287810000000011
0.012090709999999949
0.010893609999999998
0.009696510000000047
0.008499409999999985
0.007302310000000034
0.006105209999999972
0.004908110000000021
0.009696510000000047
-0.04297593999999999
0.009696510000000047
-0.019033914999999957
-0.047764340000000016
0.019273309999999988
0.0033119566666666156
-0.012649396666666646
-0.028610750000000018
-0.019033937999999972
-0.009457126000000038
0.00011968600000000773
0.009696497999999942
0.019273309999999988
0.002513910000000008
-0.014245489999999972
0.009696510000000047
-0.009457089999999946
-0.007062889999999933
-0.004668690000000031
0.0001197099999999951
-0.014245489999999972
-0.003072556666666615
0.008100376666666631
0.019273309999999988
0.002513910000000008
-0.014245489999999972
-0.00786095666666664
-0.0014764233333333099
0.004908110000000021
0.002513910000000008
0.0001197099999999951
-0.002274490000000018
-0.004668690000000031
-0.007062890000000044
-0.009457090000000057
0.002513910000000008
-0.004668690000000031
-0.004668690000000031
-0.004668690000000031
-0.004668690000000031
0.0001197099999999951
0.004908110000000021
0.0017158433333333
-0.0014764233333333099
-0.004668690000000031
-0.003870623333333323
-0.003072556666666726
-0.002274490000000018
-0.0014764233333333099
-0.0006783566666667129
0.0001197099999999951
-0.019033949999999966
-0.002274489999999907
-0.009457089999999946
-0.004668690000000031
-0.007062889999999933
-0.009457089999999946
-0.009457089999999946
-0.009457089999999946
-0.009457089999999946
-0.009457089999999946
-0.009457089999999946
-0.009457089999999946
-0.009457089999999946
-0.009457089999999946
-0.009457089999999946
-0.009457089999999946
-0.011851289999999959
-0.014245489999999972
-0.010654190000000008
-0.007062889999999933
-0.003471589999999969
0.0001197099999999951
0.0001197099999999951
-0.009457089999999946
-0.007062889999999933
-0.004668690000000031
-0.002274490000000018
0.0001197099999999951
-0.004668690000000031
-0.009457089999999946
-0.014245489999999972
0.0001197099999999951
0.0001197099999999951
0.0001197099999999951
0.006504243333333326
0.012888776666666657
0.019273309999999988
-0.014245489999999972
-0.002274489999999907
0.009696510000000047
0.006105209999999972
0.002513910000000008
-0.0010773899999999559
-0.004668690000000031
-0.002274490000000018
0.0001197099999999951
-0.004668690000000031
-0.004668690000000031
-0.004668690000000031
-0.004668690000000031
-0.002274490000000018
0.0001197099999999951
-0.0008379699999999657
-0.0017956500000000375
-0.0027533299999999983
-0.00371101000000007
-0.004668690000000031
0.0001197099999999951
0.001316809999999946
0.002513910000000008
0.00371101000000007
0.004908110000000021
0.0001197099999999951
-0.004668690000000031
-0.007062889999999933
-0.009457089999999946
-0.009457089999999946
-0.009457089999999946
-0.009457089999999946
-0.009457089999999946
-0.009457089999999946
-0.007062889999999933
-0.004668690000000031
-0.004668690000000031
-0.004668690000000031
-0.004668690000000031
-0.004668690000000031
-0.007062889999999933
-0.009457089999999946
-0.00786095666666664
-0.006264823333333336
-0.004668690000000031
0.0001197099999999951
0.004908110000000021
0.004908110000000021
-0.009457089999999946
-0.004668690000000031
-0.0014764233333333099
0.0017158433333333
0.004908110000000021
-0.0017956620000000312
-0.008499433999999972
-0.015203206000000025
-0.021906977999999966
-0.028610750000000018
-0.019033929999999977
-0.009457110000000046
0.0001197099999999951
0.004908110000000021
0.0001197099999999951
