-0.03886603333333305
-0.042058366666667624
-0.04525070000000042
-0.03088470000000143
-0.026096366666667592
-0.02130803333333553
-0.01651970000000169
-0.01771695000000051
-0.018914200000001102
-0.020111450000001696
-0.021308700000000513
-0.016520033333334183
-0.011731366666667853
-0.006942700000001523
-0.006942700000001523
-0.006942700000001523
-0.010534075000000698
-0.01412545000000165
-0.017716825000000824
-0.0213082
-0.014125700000001018
-0.01612086666666812
-0.018116033333333448
-0.02011120000000055
-0.022106366666667654
-0.02410153333333298
-0.026096700000000084
-0.01651970000000169
-0.018116033333335224
-0.022106366666667654
-0.026096700000000084
-0.02450070000000082
-0.022904699999999778
-0.021308700000000513
-0.01652020000000043
-0.011731700000000345
-0.011731700000000345
-0.011731700000000345
-0.018116033333333448
-0.024500366666668327
-0.03088470000000143
-0.03088470000000143
-0.006942700000001523
-0.018115700000000956
-0.029288700000002166
-0.0404617000000016
-0.04285620000000101
-0.04525070000000042
-0.038067700000000926
-0.03088470000000143
-0.0404617000000016
-0.05003870000000177
-0.011731700000000345
-0.014125700000001018
-0.01651970000000169
-0.01720384285714438
-0.01788798571428707
-0.018572128571429758
-0.019256271428572447
-0.019940414285715136
-0.020624557142857824
-0.021308700000000513
-0.006942700000001523
-0.03327920000000084
-0.030885033333333922
-0.028490866666667003
-0.026096700000000084
-0.021308700000000513
-0.0404617000000016
-0.03327920000000084
-0.026096700000000084
-0.025139100000000525
-0.024181500000000966
-0.02322389999999963
-0.022266300000000072
-0.021308700000000513
-0.011731700000000345
-0.009337200000000934
-0.006942700000001523
-0.014125700000001018
-0.021308700000000513
-0.01652020000000043
-0.011731700000000345
-0.021308700000000513
-0.021308700000000513
-0.021308700000000513
-0.01652020000000043
-0.011731700000000345
-0.014604699999999582
-0.017477700000000596
-0.020350699999999833
-0.023223700000000846
-0.026096700000000084
-0.03088470000000143
-0.002154700000000176
-0.004548700000000849
-0.006942700000001523
-0.011731200000001607
-0.01651970000000169
-0.015987700000001936
-0.015455700000002182
-0.01492370000000065
-0.014391700000000895
-0.01385970000000114
-0.013327700000001386
-0.012795699999999854
-0.0122637000000001
-0.011731700000000345
-0.016519949999999284
-0.0213082
-0.026096700000000084
-0.028490700000000757
-0.006942700000001523
-0.014125700000001018
-0.021308700000000513
-0.014125700000001018
-0.006942700000001523
-0.004548700000000849
-0.002154700000000176
-0.004548700000000849
-0.006942700000001523
-0.00853886666666881
-0.01013503333333432
-0.011731200000001607
-0.013327366666668894
-0.014923533333334404
-0.01651970000000169
-0.01651970000000169
-0.002154700000000176
-0.021308700000000513
-0.006942700000001523
-0.011731200000001607
-0.01651970000000169
-0.0213082
-0.026096700000000084
-0.0213082
-0.01651970000000169
-0.01925598571428644
-0.021992271428572963
-0.02472855714285771
-0.027464842857144234
-0.03020112857142898
-0.032937414285715505
-0.03567370000000025
-0.018914200000001102
-0.021308700000000513
-0.026096700000000084
-0.023702700000001187
-0.021308700000000513
-0.021308700000000513
-0.021308700000000513
-0.030885200000000168
-0.0404617000000016
-0.0372693666666688
-0.03407703333333423
-0.03088470000000143
-0.048841200000001805
-0.06679770000000218
-0.08475420000000078
-0.10271070000000115
0.0026332999999993945
-0.08834570000000141
-0.05482670000000134
-0.0213082
0.012210299999999563
-0.0213082
-0.05482670000000134
-0.062009700000000834
-0.06919270000000033
-0.04525070000000042
-0.021308700000000513
-0.04844270000000073
-0.07557670000000094
-0.10271070000000115
-0.08834570000000141
-0.07398070000000168
-0.06600003333333504
-0.058019366666668404
-0.05003870000000177
-0.045250200000001684
-0.0404617000000016
-0.002154700000000176
-0.03088470000000143
-0.03088470000000143
-0.03088470000000143
0.00023979999999923507
0.0313642999999999
0.021787466666665978
0.012210633333333831
0.0026337999999999084
-0.006943033333334014
-0.01651986666666616
-0.026096700000000084
-0.01173119999999983
-0.016519699999999915
-0.0213082
-0.0117314499999992
-0.002154700000000176
-0.028490700000000757
-0.05482670000000134
-0.03407703333333423
-0.013327366666668894
0.0074222999999982164
-0.008539033333335055
-0.024500366666668327
-0.0404617000000016
-0.04525070000000042
-0.01971236666666698
0.00582596666666646
0.0313642999999999
0.01620096666666626
0.0010376333333326215
-0.014125700000001018
-0.02928903333333288
-0.04445236666666652
-0.05961570000000016
-0.046447700000001646
-0.033279700000001355
-0.02370220000000245
-0.006942700000001523
-0.012928200000001056
-0.018913700000002365
-0.024899200000001898
-0.03088470000000143
0.05530629999999981
0.016998799999999648
-0.021308700000000513
-0.05961570000000016
-0.0213082
0.016999299999998385
-0.003750700000001217
-0.02450070000000082
-0.04525070000000042
-0.042058366666667624
-0.03886603333333305
-0.03567370000000025
-0.04114612857142852
-0.04661855714285856
-0.05209098571428683
-0.0575634142857151
-0.06303584285714336
-0.06850827142857341
-0.07398070000000168
-0.023702700000001187
0.026575299999999302
-0.07876919999999998
-0.045250200000001684
-0.011731200000001607
-0.0069429500000008915
-0.002154700000000176
0.0010376333333326215
0.004229966666665419
0.0074222999999982164
-0.02370220000000245
-0.05482670000000134
-0.029687700000000206
-0.004548700000000849
0.020590299999998507
0.04572929999999964
0.016998799999999648
-0.011731700000000345
-0.027693033333333616
-0.04365436666666689
-0.05961570000000016
-0.03886603333333305
-0.018116366666667716
0.0026332999999993945
-0.016519699999999915
-0.03088470000000143
-0.04525070000000042
-0.018116366666667716
0.009017966666666766
0.03615229999999947
-0.07398070000000168
-0.062009700000000834
-0.05003870000000177
-0.021308200000001776
0.0074222999999982164
-0.01651970000000169
-0.0404617000000016
-0.02370220000000245
-0.006942700000001523
-0.006942700000001523
-0.006942700000001523
-0.016519699999999915
-0.026096700000000084
-0.010534449999999751
0.005027800000000582
0.020590049999999138
0.03615229999999947
0.03136392499999907
0.026575550000000447
0.021787175000000047
0.016998799999999648
0.012210424999999248
0.007422049999998848
0.002633675000000224
-0.002154700000000176
-0.03088470000000143
0.0313642999999999
-0.0404617000000016
-0.011731700000000345
-0.01651970000000169
-0.06919270000000033
-0.058019700000000896
-0.046846699999999686
-0.03567370000000025
-0.02450070000000082
-0.01332769999999961
-0.002154700000000176
-0.011731450000000976
-0.0213082
-0.0308849500000008
-0.0404617000000016
-0.05961570000000016
-0.027692700000001125
0.0026332999999993945
-0.06919270000000033
-0.0739806999999999
-0.07876870000000125
-0.05722095000000138
-0.035673200000001515
-0.01412545000000165
0.0074222999999982164
-0.01492370000000065
-0.03726970000000129
-0.05961570000000016
-0.0404617000000016
-0.02370220000000245
-0.026695075000002788
-0.02968795000000135
-0.03268082499999991
-0.03567370000000025
0.0074222999999982164
0.002633799999998132
-0.002154700000000176
-0.005347033333332973
-0.008539366666667547
-0.011731700000000345
0.016999299999998385
0.0038310499999987258
-0.009337200000000934
-0.022505450000000593
-0.03567370000000025
0.012210299999999563
0.026575299999999302
-0.04525070000000042
-0.02928936666666715
-0.013328033333333877
0.0026332999999993945
0.0050277999999988054
0.0074222999999982164
0.005028049999998174
0.002633799999998132
0.00023954999999986626
-0.002154700000000176
0.01460480000000075
0.0313642999999999
0.028969799999998713
0.026575299999999302
-0.021308700000000513
0.0074222999999982164
0.0074222999999982164
-0.013327366666668894
-0.03407703333333423
-0.05482670000000134
-0.028490700000000757
-0.002154700000000176
-0.006943033333334014
-0.011731366666667853
-0.01651970000000169
-0.01939270000000093
-0.022265700000001942
-0.02513870000000118
-0.028011700000002193
-0.03088470000000143
-0.02928870000000039
-0.027692700000001125
-0.026096700000000084
-0.009337200000000934
0.0074222999999982164
-0.001555950000001971
-0.010534200000002159
-0.019512450000002346
-0.028490700000002533
-0.037468950000000945
-0.04644720000000113
-0.05542545000000132
-0.06440370000000151
-0.03088470000000143
-0.01652020000000043
-0.01332769999999961
-0.011731700000000345
-0.018435500000000715
-0.025139300000001086
-0.03184309999999968
-0.03854690000000005
-0.04525070000000042
0.00023930000000049745
-0.016520033333334183
-0.03327936666666709
-0.05003870000000177
-0.035673450000000884
-0.021308200000001776
-0.006942950000002668
0.0074222999999982164
-0.0404617000000016
-0.002154700000000176
0.00023930000000049745
0.0026332999999993945
-0.06440370000000151
-0.053629825000001574
-0.04285595000000164
-0.03208207500000171
-0.0213082
-0.010534325000000067
0.00023954999999986626
0.011013424999999799
0.021787299999999732
-0.08834570000000141
0.05051729999999921
-0.06440370000000151
0.012210299999999563
0.0074222999999982164
-0.05482670000000134
-0.03088470000000143
-0.006942700000001523
0.016999299999998385
0.04094129999999829
0.0074222999999982164
-0.026096700000000084
-0.045250200000001684
-0.06440370000000151
-0.0372693666666688
-0.01013503333333432
0.016999299999998385
-0.006942700000001523
-0.03088470000000143
-0.05482670000000134
0.0074222999999982164
-0.010135366666668588
-0.027693033333333616
-0.04525070000000042
-0.002154700000000176
-0.0013567000000005436
-0.0005587000000009112
0.00023930000000049745
0.0010373000000001298
0.0018352999999997621
0.0026332999999993945
-0.03088470000000143
-0.026096700000000084
-0.020624271428571817
-0.01515184285714355
-0.009679414285715282
-0.0042069857142852385
0.0012654428571430287
0.006737871428571296
0.012210299999999563
-0.05961570000000016
-0.03447644999999966
-0.009337200000000934
0.04094129999999829
-0.03088470000000143
0.0313642999999999
0.007422299999999993
-0.01651970000000169
-0.0404617000000016
-0.002154700000000176
-0.018116033333333448
-0.034077366666668496
-0.05003870000000177
-0.021308200000001776
0.0074222999999982164
-0.0005583666666684195
-0.008539033333335055
-0.01651970000000169
-0.024500366666668327
-0.03248103333333496
-0.0404617000000016
-0.01651970000000169
-0.014125700000001018
-0.01651970000000169
-0.01651970000000169
-0.01651970000000169
-0.01651970000000169
-0.01651970000000169
-0.01651970000000169
-0.01651970000000169
-0.01651970000000169
-0.04525070000000042
0.0074222999999982164
-0.003750700000001217
-0.01492370000000065
-0.026096700000000084
-0.011731700000000345
-0.026096700000000084
-0.011731700000000345
-0.018435500000000715
-0.025139300000001086
-0.03184309999999968
-0.03854690000000005
-0.04525070000000042
-0.01651970000000169
-0.014604300000002013
-0.012688900000002334
-0.01077350000000088
-0.008858100000001201
-0.006942700000001523
-0.009337699999999671
-0.006942700000001523
-0.014125700000001018
-0.021308700000000513
