-0.024061949999998333
-0.021069199999999455
-0.0180764499999988
-0.015083699999998146
-0.012090949999999268
-0.009098199999998613
-0.013886699999998697
0.010055799999999948
-0.01867519999999878
-0.019273699999999394
-0.01987219999999823
-0.020470699999998843
-0.021069199999999455
-0.02166769999999829
-0.022266199999998904
-0.02286469999999774
-0.023463199999998352
-0.0282511999999997
-0.03782819999999987
-0.011492199999999286
0.010055799999999948
0.00047880000000155576
-0.0019151999999991176
-0.004309199999999791
-0.011492199999999286
-0.01867519999999878
-0.01867519999999878
-0.01867519999999878
-0.01867519999999878
-0.01867519999999878
-0.01867519999999878
-0.023463199999998352
-0.018674699999998268
-0.013886199999998183
-0.009097699999999875
-0.004309199999999791
-0.009097699999999875
-0.01388619999999996
-0.004309199999999791
-0.004309199999999791
-0.009098199999998613
-0.01388619999999996
-0.01388619999999996
-0.01388619999999996
-0.01388619999999996
-0.015083449999998777
-0.01628069999999937
-0.017477949999999964
-0.01867519999999878
-0.02585769999999954
-0.03304019999999852
-0.023463199999998352
-0.01388619999999996
-0.004309199999999791
-0.01388619999999996
-0.009098199999998613
-0.01388619999999996
-0.0282511999999997
-0.023463199999998352
-0.01867519999999878
-0.013886699999998697
-0.009098199999998613
-0.004309699999998529
0.00047880000000155576
0.002872800000002229
0.005266800000001126
0.0022740500000004715
-0.0007186999999984067
-0.0037114499999990613
-0.00670419999999794
-0.009696949999998594
-0.012689699999999249
-0.015682449999998127
-0.01867519999999878
-0.023463199999998352
-0.023463199999998352
-0.023463199999998352
-0.021867199999999087
-0.020271199999998046
-0.01867519999999878
-0.01867519999999878
-0.009098199999998613
-0.007502033333331326
-0.0059058666666658155
-0.004309699999998529
-0.009896199999998245
-0.015482699999999738
-0.021069199999999455
-0.02346320000000013
-0.025857199999999025
-0.0282511999999997
-0.01867519999999878
-0.028251699999998436
-0.03782819999999987
-0.026655200000000434
-0.015482199999999224
-0.004309199999999791
-0.01867519999999878
-0.011492199999999286
-0.004309199999999791
-0.013886199999998183
-0.023463199999998352
-0.011492199999999286
0.00047880000000155576
-0.011492199999999286
-0.023463199999998352
-0.023463199999998352
-0.023463199999998352
-0.01628069999999937
-0.009098199999998613
-0.00750186666666508
-0.005905533333333324
-0.004309199999999791
-0.005107366666665669
-0.005905533333333324
-0.006703699999999202
-0.01987194999999886
-0.03304019999999852
-0.03304019999999852
-0.03304019999999852
-0.03304019999999852
-0.03304019999999852
-0.023463199999998352
-0.01388619999999996
-0.006703699999999202
0.00047880000000155576
0.0020749666666688427
0.003671133333334353
0.005267299999999864
0.006863466666667151
0.008459633333334438
0.010055799999999948
0.010055799999999948
-0.023463199999998352
-0.021867199999999087
-0.020271199999998046
-0.01867519999999878
-0.03304019999999852
-0.01867519999999878
-0.01867519999999878
-0.011492199999999286
-0.004309199999999791
-0.01867519999999878
-0.015083699999998146
-0.011492199999999286
-0.007900700000000427
-0.004309199999999791
-0.009098199999998613
-0.0106943666666659
-0.01229053333333141
-0.013886699999998697
-0.015482866666665984
-0.017079033333331495
-0.01867519999999878
-0.004309199999999791
-0.01628069999999937
-0.01867519999999878
-0.020271199999998046
-0.021867199999999087
-0.023463199999998352
-0.02394199999999813
-0.02442079999999791
-0.024899599999999467
-0.025378399999999246
-0.025857199999999025
-0.026335999999998805
-0.026814799999998584
-0.02729360000000014
-0.02777239999999992
-0.0282511999999997
-0.01867519999999878
-0.018674699999998268
0.005266800000001126
0.01005530000000121
0.0038988000000017564
-0.002257699999999474
-0.008414199999998928
-0.014570699999998382
-0.020727199999997836
-0.026883699999999067
-0.03304019999999852
-0.03304019999999852
-0.01867519999999878
-0.03064569999999911
-0.004309199999999791
0.0004791333333340475
0.00526746666666611
0.010055799999999948
-0.01388619999999996
-0.012290199999998919
-0.010694199999999654
-0.009098199999998613
-0.01628069999999937
-0.023463199999998352
-0.025857199999999025
-0.0282511999999997
-0.0282511999999997
-0.02729360000000014
-0.026335999999998805
-0.025378399999999246
-0.02442079999999791
-0.023463199999998352
-0.009098199999998613
-0.013886533333332451
-0.018674866666664514
-0.023463199999998352
-0.009098199999998613
-0.010694199999999654
-0.012290199999998919
-0.01388619999999996
-0.012290199999998919
-0.010694199999999654
-0.009098199999998613
-0.004309199999999791
-0.00271319999999875
-0.0011171999999994853
0.00047880000000155576
-0.01388619999999996
-0.009098199999998613
-0.009098199999998613
-0.009098199999998613
-0.013886699999998697
-0.01867519999999878
-0.021867199999999087
-0.025059199999999393
-0.0282511999999997
-0.02984753333333323
-0.03144386666666499
-0.03304019999999852
-0.01388619999999996
0.005266800000001126
0.0028728000000004528
0.0004787999999997794
-0.0019151999999991176
-0.004309199999999791
-0.004309199999999791
-0.004309199999999791
-0.009097699999999875
-0.01388619999999996
-0.01388619999999996
-0.01388619999999996
-0.019871699999999493
-0.025857200000000802
-0.031842700000000335
-0.03782819999999987
-0.01867519999999878
-0.023463199999998352
-0.006703699999999202
0.010055799999999948
-0.011491949999999918
-0.03303969999999978
-0.05458744999999965
-0.07613519999999951
0.043574800000000025
0.01771740000000044
-0.008139999999999148
-0.03399740000000051
-0.0598548000000001
-0.08571219999999968
-0.047405200000000036
-0.08092419999999834
0.043574800000000025
0.022824800000000423
0.0020748000000008204
-0.01867519999999878
0.05315080000000094
0.04437213333333467
0.035593466666668405
0.02681480000000036
0.018036133333334092
0.009257466666667824
0.00047880000000155576
-0.0665591999999986
-0.03304019999999852
-0.10965419999999959
0.005266800000001126
-0.00670419999999794
-0.01867519999999878
-0.030646199999999624
-0.04261719999999869
0.029208800000001034
0.10103480000000076
0.010055799999999948
0.00526746666666611
0.0004791333333340475
-0.004309199999999791
-0.023463199999998352
-0.11923119999999976
-0.05698219999999843
-0.06416479999999858
-0.07134739999999873
-0.07852999999999888
-0.08571259999999903
-0.09289519999999918
-0.10007779999999933
-0.10726039999999948
-0.11444299999999963
-0.12162559999999978
-0.12880819999999993
0.12497680000000067
-0.009098199999998613
0.04836280000000137
-0.03782819999999987
-0.09528919999999985
-0.031443866666666764
0.0324014666666681
0.09624680000000119
0.017238300000000706
-0.061770199999999775
-0.025059199999999393
0.01165180000000099
0.04836280000000137
0.019632800000000117
-0.025857200000000802
-0.07134719999999994
-0.06464339999999957
-0.0579395999999992
-0.05123580000000061
-0.04453200000000024
-0.03782819999999987
-0.031124399999999497
-0.024420599999999126
-0.017716800000000532
-0.011013000000000162
-0.004309199999999791
-0.061770199999999775
-0.11923119999999976
0.09145880000000162
0.02681480000000036
-0.01867519999999878
-0.0282511999999997
-0.06017386666666624
-0.09209653333333279
-0.12401919999999933
-0.05219319999999961
0.019632800000000117
-0.04261669999999995
-0.10486620000000002
0.15370780000000117
-0.03782819999999987
0.007661300000000537
0.05315080000000094
0.04357413333333504
0.033997466666667364
0.024420800000001464
-0.10965419999999959
-0.08451519999999846
-0.0593761999999991
-0.034237199999999746
-0.009098199999998613
-0.14317319999999967
-0.011492199999999286
0.1201888000000011
-0.08571219999999968
0.01963230000000138
0.12497680000000067
0.07549680000000158
0.026016800000000728
-0.023463199999998352
-0.02944869999999966
-0.035434199999999194
-0.04141969999999873
-0.047405200000000036
-0.025857200000000802
-0.004309199999999791
-0.024260866666665493
-0.04421253333333297
-0.06416420000000045
-0.08411586666666615
-0.10406753333333185
-0.12401919999999933
-0.023463199999998352
0.07709280000000085
-0.12401919999999933
0.005267299999999864
0.13455380000000083
-0.0905011999999985
0.043574800000000025
0.029209300000001548
0.014843800000001295
-0.08571219999999968
0.05315080000000094
-0.056982200000000205
-0.16711519999999958
-0.10007769999999994
-0.03304019999999852
0.03399730000000112
0.10103480000000076
-0.11444319999999841
0.11540080000000152
-0.08571219999999968
-0.03303969999999978
0.019632800000000117
0.024421133333333955
0.029209466666667794
0.03399780000000163
-0.12880819999999993
0.043574800000000025
-0.021866866666666596
-0.08730853333333322
-0.15275019999999984
0.07709280000000085
-0.00909820000000039
-0.09528919999999985
0.014843800000001295
0.12497680000000067
0.06272780000000111
0.00047880000000155576
-0.0027135333333312417
-0.0059058666666658155
-0.009098199999998613
0.09145880000000162
0.0036714666666686213
-0.08411586666666615
-0.17190319999999915
-0.11324544999999908
-0.05458769999999902
0.0040700500000010464
0.06272780000000111
-0.1862691999999999
0.06272780000000111
-0.10007719999999942
-0.006703699999999202
0.08666980000000102
0.06272780000000111
0.0387858000000012
0.014843800000001295
-0.009098199999998613
0.041180300000000614
0.09145880000000162
0.04596896666666872
0.0004791333333340475
-0.04501069999999885
-0.09050053333333175
-0.13599036666666642
-0.18148019999999931
-0.16551886666666604
-0.14955753333333277
-0.1335961999999995
-0.11763486666666623
-0.10167353333333295
-0.08571219999999968
-0.06975086666666641
-0.05378953333333136
-0.03782819999999809
-0.02186686666666482
-0.005905533333331547
0.010055800000001724
0.026017133333334996
0.04197846666666827
0.05793980000000154
-0.18148019999999931
0.05793980000000154
-0.11923119999999976
0.09624680000000119
-0.006703699999999202
0.05793980000000154
-0.1383852000000001
0.08188180000000145
-0.19584519999999905
0.12497680000000067
-0.1623272
0.09624680000000119
-0.07134719999999994
-0.047405200000000036
-0.023463199999998352
0.00047880000000155576
0.0028733000000009667
0.08666980000000102
0.06452342500000086
0.04237705000000069
0.02023067500000053
-0.0019156999999978552
-0.024062074999998018
-0.04620844999999818
-0.06835482499999834
-0.0905011999999985
-0.027054699999998988
0.03639180000000053
0.09983830000000182
0.16328480000000134
-0.05219370000000012
-0.14317319999999967
-0.040222199999998764
-0.02984742222222181
-0.019472644444443077
-0.009097866666666121
0.0012769111111126108
0.011651688888889566
0.0220264666666683
0.032401244444445254
0.042776022222223986
0.05315080000000094
-0.00670419999999794
-0.0665591999999986
-0.03304019999999852
0.00047880000000155576
0.02202680000000079
0.043574800000000025
0.013248133333332746
-0.017078533333332757
-0.047405200000000036
0.12497680000000067
0.06871330000000064
0.012449800000000621
-0.04261669999999995
-0.1575381999999994
-0.11563969999999912
-0.07374120000000062
-0.031842700000000335
0.010055799999999948
-0.007045628571429319
-0.02414705714285681
-0.041248485714286076
-0.05834991428571357
-0.07545134285714283
-0.09255277142857032
-0.10965419999999959
0.00047880000000155576
-0.021068700000000717
0.02202680000000079
0.09624680000000119
-0.10007719999999942
-0.00271319999999875
0.09465080000000015
0.19201480000000082
-0.011492199999999286
-0.2149991999999994
-0.1750958666666662
-0.13519253333333303
-0.09528919999999985
-0.055385866666664896
-0.015482533333331716
0.024420800000001464
-0.018674799999999436
-0.06177039999999856
-0.10486599999999946
-0.14796159999999858
-0.19105719999999948
-0.035434199999999194
-0.021867199999999087
-0.00830019999999898
0.005266800000001126
-0.09528919999999985
-0.056982200000000205
-0.01867519999999878
0.005266800000001126
-0.009098199999998613
-0.02346320000000013
-0.03782819999999987
0.08188180000000145
0.010055799999999948
-0.061770199999999775
0.01963230000000138
0.10103480000000076
0.0004787999999997794
-0.10007719999999942
0.017238300000000706
0.13455380000000083
0.0028728000000004528
-0.12880819999999993
0.0004787999999997794
0.12976580000000126
0.045170800000001066
-0.03942419999999913
-0.12401919999999933
0.1201888000000011
-0.013886199999998183
-0.14796119999999924
-0.08331794999999964
-0.018674699999998268
0.04596855000000133
0.11061180000000093
0.029209133333333526
-0.0521935333333321
-0.1335961999999995
0.10103480000000076
-0.12401919999999933
-0.055385533333332404
0.013248133333334522
0.08188180000000145
-0.11444319999999841
0.07709280000000085
-0.01628069999999937
-0.10965419999999959
-0.04022269999999928
0.029208800000001034
-0.037828699999998605
-0.10486620000000002
-0.05378986666666563
-0.002713533333333018
0.04836280000000137
-0.08571219999999968
-0.01628069999999937
0.05315080000000094
-0.004309700000000305
-0.061770199999999775
-0.013886199999998183
0.03399780000000163
-0.01628069999999937
-0.0665591999999986
-0.044213199999997954
-0.021867199999999087
0.00047880000000155576
-0.03782819999999987
-0.03303986666666603
-0.02825153333333219
-0.023463199999998352
-0.02944869999999966
-0.035434199999999194
-0.04141969999999873
-0.047405200000000036
-0.047405200000000036
-0.047405200000000036
-0.023463199999998352
-0.023463199999998352
-0.023463199999998352
-0.023463199999998352
-0.023463199999998352
-0.03304019999999852
-0.018674699999998268
-0.0282511999999997
-0.03064544999999974
-0.03303969999999978
-0.035433949999999825
-0.03782819999999987
-0.04261719999999869
-0.035434199999999194
-0.0282511999999997
-0.031124399999999497
-0.033997599999999295
-0.03687079999999909
-0.03974399999999889
-0.04261719999999869
-0.03782819999999987
-0.03304019999999852
-0.028251866666664682
-0.02346353333333262
-0.01867519999999878
-0.01388619999999996
-0.01484400000000008
-0.0158018000000002
-0.016759599999998542
-0.017717399999998662
-0.01867519999999878
-0.023463199999998352
-0.0282511999999997
-0.01867519999999878
-0.028251699999998436
-0.03782819999999987
-0.01388619999999996
-0.0282511999999997
-0.03064544999999974
-0.03303969999999978
-0.035433949999999825
-0.03782819999999987
-0.04022244999999991
-0.04261669999999995
-0.045010949999999994
-0.047405200000000036
-0.03064569999999911
-0.027293799999998924
-0.02394189999999874
-0.02059000000000033
-0.017238100000000145
-0.01388619999999996
-0.01867519999999878
-0.023463199999998352
-0.027054449999997843
-0.03064569999999911
-0.03303986666666603
-0.03543403333333295
-0.03782819999999987
-0.03463586666666707
-0.031443533333332496
-0.0282511999999997
-0.0282511999999997
-0.026655199999998658
-0.025059199999999393
-0.023463199999998352
-0.017078533333332757
-0.010693866666665386
-0.004309199999999791
-0.023463199999998352
-0.02825153333333219
-0.03303986666666603
-0.03782819999999987
-0.01388619999999996
-0.019632399999998995
-0.025378599999999807
-0.031124799999998842
-0.036870999999999654
-0.04261719999999869
-0.0282511999999997
-0.027453200000000066
-0.026655199999998658
-0.025857199999999025
-0.025059199999999393
-0.024261199999997984
-0.023463199999998352
-0.01388619999999996
-0.0282511999999997
-0.0282511999999997
-0.0282511999999997
-0.029448450000000292
-0.03064569999999911
-0.03184294999999793
-0.03304019999999852
-0.03144386666666499
-0.02984753333333323
-0.0282511999999997
-0.023463199999998352
-0.01867519999999878
-0.01867519999999878
-0.01867519999999878
-0.009098199999998613
-0.009098199999998613
-0.009098199999998613
-0.009098199999998613
-0.0282511999999997
-0.021068700000000717
-0.01388619999999996
-0.01388619999999996
-0.01388619999999996
-0.016280450000000002
-0.018674699999998268
-0.02106894999999831
-0.023463199999998352
-0.01867519999999878
-0.01388619999999996
-0.016280450000000002
-0.018674699999998268
-0.02106894999999831
-0.023463199999998352
-0.05219319999999961
-0.03782819999999987
-0.04022269999999928
-0.04261719999999869
-0.03663169999999916
-0.030646199999999624
-0.024660699999998315
-0.01867519999999878
-0.009098199999998613
-0.008300033333332735
-0.00750186666666508
-0.006703699999999202
-0.005905533333333324
-0.005107366666665669
-0.004309199999999791
-0.018674699999998268
-0.028251449999999068
-0.03782819999999987
-0.039424311111110555
-0.04102042222222124
