-0.001675939500000001
-0.0007182615000000114
0.00023941650000000592
0.0011970944999999955
0.002154772500000013
0.0031124505000000025
-0.011252739499999997
-0.011252739499999997
-0.011252739499999997
-0.011252739499999997
-0.006464339499999999
0.007900870500000018
-0.006464339499999999
-0.011252739499999997
-0.008858539499999984
-0.006464339499999999
-0.008379699500000004
-0.010295059499999981
-0.012210419499999958
-0.01412577949999999
-0.016041139499999968
-0.006464339499999999
-0.001675939500000001
-0.005267239499999993
-0.008858539499999984
-0.012449839500000004
-0.016041139499999968
-0.016041139499999968
-0.001675939500000001
-0.004070139500000014
-0.006464339499999999
-0.016041139499999968
-0.004070134499999989
0.007900870500000018
0.00550666800000002
0.0031124654999999946
0.0007182629999999968
-0.001675939500000001
-0.006464339499999999
-0.011252739499999997
-0.011252739499999997
-0.014445016166666658
-0.017637292833333318
-0.020829569499999978
-0.001675939500000001
-0.0029818667727272707
-0.0042877940454545405
-0.00559372131818181
-0.00689964859090908
-0.00820557586363635
-0.00951150313636362
-0.010817430409090889
-0.012123357681818159
-0.013429284954545428
-0.014735212227272698
-0.016041139499999968
-0.008858539499999984
-0.001675939500000001
0.0031124505000000025
-0.011252739499999997
0.0031124505000000025
0.0037965105000000166
0.004480570500000003
0.005164630500000017
0.005848690500000003
0.0065327505000000174
0.007216810500000004
0.007900870500000018
-0.011252739499999997
0.0031124505000000025
0.012689270500000016
-0.006464339499999999
-0.011252739499999997
0.0031124505000000025
0.012689270500000016
0.008858548500000007
0.005027826499999999
0.001197104500000018
-0.0026336174999999906
-0.006464339499999999
0.007900870500000018
0.007900870500000018
0.007900870500000018
0.0031124505000000025
-0.001675939500000001
-0.020829569499999978
-0.016041159499999957
-0.011252749499999992
-0.006464339499999999
-0.0016759444999999984
-0.004070141999999999
-0.006464339499999999
0.0031124505000000025
0.0031124505000000025
0.0031124505000000025
0.0031124505000000025
-0.001675939500000001
-0.001675939500000001
-0.001675939500000001
-0.001675939500000001
0.0031124654999999946
0.007900870500000018
0.006304730500000022
0.004708590499999998
0.0031124505000000025
-0.016041139499999968
-0.004070134499999989
0.007900870500000018
0.0049081167500000245
0.0019153630000000033
-0.0010773907499999902
-0.004070144499999984
-0.0076614419999999905
-0.011252739499999997
-0.006464339499999999
-0.001675939500000001
-0.0048682061666666665
-0.008060472833333332
-0.011252739499999997
-0.001675939500000001
-7.980949999999987e-05
0.0015163205000000013
0.0031124505000000025
-7.981283333333145e-05
-0.0032720761666666653
-0.006464339499999999
0.0031124505000000025
-0.001675939500000001
-0.008858539499999984
-0.016041139499999968
-0.012449839500000004
-0.008858539499999984
-0.005267239499999993
-0.001675939500000001
-0.006464339499999999
-0.003591297500000007
-0.0007182554999999868
0.0021547865000000055
0.005027828500000026
0.007900870500000018
0.022266080500000007
0.0031124505000000025
-0.006464339499999999
-0.006464339499999999
-0.016041139499999968
-0.008858539499999984
-0.001675939500000001
-7.980949999999987e-05
0.0015163205000000013
0.0031124505000000025
0.0020483627222222245
0.0009842749444444465
-7.981283333333145e-05
-0.0011439006111111094
-0.0022079883888888874
-0.0032720761666666653
-0.004336163944444443
-0.005400251722222221
-0.006464339499999999
-0.001675939500000001
-0.006464339499999999
0.0031124505000000025
-0.011252739499999997
-0.013646954499999975
0.012689270500000016
0.01149217050000001
0.010295070500000003
0.009097970500000024
0.007900870500000018
0.0031124505000000025
0.012689270500000016
0.0031124654999999946
-0.006464339499999999
-0.008858539499999984
-0.011252739499999997
-0.008858539499999984
-0.006464339499999999
-0.006464339499999999
-0.006464339499999999
-0.0032720761666666653
-7.981283333333145e-05
0.0031124505000000025
0.012689270500000016
0.010773906500000013
0.00885854250000001
0.006943178500000008
0.005027814500000005
0.0031124505000000025
-0.016041139499999968
-0.016041139499999968
-0.008858539499999984
-0.001675939500000001
-0.011252739499999997
-0.011252739499999997
-0.011252739499999997
-0.008858539499999984
-0.006464339499999999
-0.013646954499999975
-0.020829569499999978
-0.014445026166666652
-0.008060482833333327
-0.001675939500000001
-0.006464339499999999
-0.0016759444999999984
0.0031124505000000025
0.000718253000000002
-0.0016759444999999984
-0.004070141999999999
-0.006464339499999999
-0.001675939500000001
-0.001675939500000001
-0.001675939500000001
0.0031124505000000025
-7.981283333333145e-05
-0.0032720761666666653
-0.006464339499999999
-0.008858539499999984
-0.011252739499999997
-0.008858539499999984
-0.006464339499999999
-0.004070139500000014
-0.001675939500000001
-0.006464339499999999
0.017477670500000014
-0.016041139499999968
0.015083475499999999
0.04620809049999999
0.015083475499999999
-0.016041139499999968
-0.0119367952142857
-0.007832450928571405
-0.0037281066428571097
0.0003762376428571579
0.004480581928571453
0.00858492621428572
0.012689270500000016
-0.030406369499999975
-0.016041154499999988
0.022266080500000007
0.01588153716666668
0.009496993833333328
0.0031124505000000025
-0.006464339499999999
0.012689270500000016
0.031842880500000004
-0.011252754499999962
-0.05434838949999998
-0.032002502833333335
-0.009656616166666632
0.012689270500000016
-7.980949999999987e-05
-0.012848889500000016
-0.025617969500000004
0.017477670500000014
0.012689270500000016
0.007900870500000018
0.017477670500000014
0.017477670500000014
-0.006464349499999994
-0.030406369499999975
-0.05434838949999998
0.017477670500000014
0.0031124571666666656
-0.011252756166666655
-0.025617969500000004
-0.016041159500000013
-0.006464349499999994
0.003112460500000025
0.012689270500000016
0.0031124505000000025
-0.004070154500000006
-0.011252759499999987
-0.018435364499999995
-0.025617969500000004
0.0031124505000000025
-0.05434838949999998
0.031842880500000004
0.023862208277777797
0.015881536055555562
0.007900863833333355
-7.980838888888009e-05
-0.008060480611111087
-0.016041152833333294
-0.0240218250555555
-0.032002497277777764
-0.03998316949999997
-0.006464344499999997
0.027054480500000005
0.007900870500000018
-0.016041139499999968
0.027054480500000005
-0.05913678950000001
0.031842880500000004
-0.03998316949999997
0.022266080500000007
0.031842880500000004
0.0031124555
-0.025617969500000004
-0.019765475055555537
-0.013912980611111125
-0.008060486166666658
-0.002207991722222219
0.0036445027222222204
0.00949699716666666
0.015349491611111099
0.021201986055555566
0.027054480500000005
-0.0016759428333333326
-0.0304063661666667
-0.05913678950000001
-0.013646954499999975
0.031842880500000004
0.00949699716666666
-0.012848886166666684
-0.0351947695
0.012689270500000016
-0.020829559499999983
0.041419690499999995
-0.07350198949999998
-0.004070139500000014
0.0011971044999999902
0.0064643484999999945
0.011731592499999999
0.016998836500000003
0.022266080500000007
0.022266080500000007
-0.020829569499999978
-0.0016759494999999958
0.017477670500000014
-0.0687135895
-0.04118026949999998
-0.013646949500000005
0.013886370499999995
0.041419690499999995
0.017477673
-0.006464344499999997
-7.980616666666829e-05
0.006304732166666688
0.012689270500000016
-0.025617969500000004
-0.008060486166666658
0.00949699716666666
0.027054480500000005
-0.08307880950000002
-0.016041154499999988
0.050996500500000014
-0.011252744499999967
-0.07350198949999998
-0.06432421616666667
-0.05514644283333331
-0.0459686695
-0.03679089616666664
-0.027613122833333337
-0.018435349499999976
-0.00925757616666667
-7.980283333330895e-05
0.009097970499999997
0.018275743833333358
0.027453517166666663
0.0366312905
0.027054484500000003
0.01747767850000001
0.007900872499999989
-0.0016759335000000042
-0.011252739499999997
-0.011252739499999997
-0.011252739499999997
-0.011252739499999997
0.010295070500000003
0.031842880500000004
-0.0016759428333333326
-0.03519476616666667
-0.0687135895
0.00790086550000002
0.08451532050000002
-0.1118092295
0.05578490050000001
-0.025617969500000004
0.027054480500000005
-0.05434838949999998
0.0797269105
-0.023223759499999996
-0.07829036950000001
0.0366312905
-0.001675939500000001
-0.011252739499999997
0.012689273833333348
0.036631287166666665
0.06057330050000001
-0.09265560950000001
0.005506660499999982
0.1036689305
0.000718260500000012
-0.10223240950000001
-0.030406359500000035
0.041419690499999995
-0.006464349499999994
-0.05434838949999998
-0.030406369499999975
-0.006464349499999994
0.017477670500000014
0.031842880500000004
-7.980949999999987e-05
-0.0320024995
-0.06392518949999998
0.015083465500000004
0.09409212050000001
-0.1118092295
-0.011252754499999962
0.08930372050000002
-0.1118092295
-0.030406364500000005
0.050996500500000014
0.031842883000000016
0.012689265499999991
-0.0064643520000000065
-0.025617969500000004
-0.016041139499999968
0.029448685500000016
0.0749385105
0.02545834383333334
-0.024021822833333317
-0.07350198949999998
0.1036689305
-0.001675939500000001
-0.10702080949999998
-0.0415792995
0.02386221050000001
0.08930372050000002
-0.10223240950000001
-0.07829039283333333
-0.054348376166666656
-0.030406359500000035
-0.006464342833333359
0.017477673833333318
0.041419690499999995
-0.001675939500000001
-0.03998316949999997
-0.0200314895
-7.980949999997211e-05
0.0198718705
0.03982355050000003
0.0597752305
0.0797269105
-0.08307880950000002
0.1132457405
-0.12138602949999999
0.08451532050000002
-0.08307880950000002
0.022266080500000007
0.020350718500000003
0.0184353565
0.016519994500000024
0.01460463250000002
0.012689270500000016
-0.011252749499999992
-0.0351947695
0.0797269105
-0.09265560950000001
-0.028810229500000006
0.0350351505
0.09888053050000001
-0.12138602949999999
0.0797269105
0.06057329716666665
0.04141968383333333
0.022266070500000013
0.0031124571666666656
-0.01604115616666668
-0.0351947695
-0.05434838283333332
-0.07350199616666664
-0.09265560950000001
0.050996500500000014
0.02466028050000002
-0.001675939500000001
-0.025617969500000004
0.0701501105
-0.07350198949999998
0.1036689305
-0.10223240950000001
0.08930372050000002
0.04381388800000002
-0.0016759444999999984
-0.04716577700000002
-0.09265560950000001
-0.07144982235714287
-0.05024403521428572
-0.029038248071428574
-0.007832460928571428
0.013373326214285719
0.034579113357142865
0.05578490050000001
0.02545834383333334
-0.00486821283333333
-0.0351947695
-0.016041159500000013
0.0031124505000000025
0.017477665500000017
0.031842880500000004
-0.04955996949999997
-7.980283333330895e-05
0.04940036383333335
0.09888053050000001
0.057700262500000016
0.016519994500000024
-0.024660273499999996
-0.06584054149999996
-0.10702080949999998
-0.0383870295
0.030246750500000003
0.09888053050000001
0.05219359550000002
0.00550666050000001
-0.0411802745
-0.08786720949999999
-0.0351947695
0.017477670499999987
0.0701501105
-0.004868212833333302
0.017477665500000017
-0.004070144499999984
-0.02082954949999999
-0.03200249616666667
-0.0431754428333333
-0.05434838949999998
0.007900870500000018
0.017477670500000014
-0.0447715695
-0.020829553499999987
0.003112462499999996
0.027054478500000007
0.05099649449999999
0.0749385105
-0.013646949500000005
-0.10223240950000001
-0.00885854949999998
0.018674770499999993
0.04620809049999999
0.005506660499999982
-0.0351947695
-0.02561795950000001
-0.016041149500000018
-0.006464339499999999
0.031842880500000004
-0.004070144499999984
-0.03998316949999997
-7.980949999997211e-05
0.03982355050000003
0.0797269105
0.03423708049999999
-0.011252749499999992
-0.0567425795
-0.10223240950000001
0.007900860499999995
0.024660275499999995
0.041419690499999995
0.000718260500000012
-0.03998316949999997
-0.03359863616666664
-0.02721410283333331
-0.020829569499999978
0.050996500500000014
0.006304730499999994
-0.0383870395
-0.08307880950000002
0.007900860499999995
0.09888053050000001
0.05961562250000002
0.020350714500000006
-0.01891419350000001
-0.0581791015
-0.09744400949999998
0.09409212050000001
-0.08786720949999999
-0.03758896950000001
0.012689270500000016
0.007900860499999995
0.0031124505000000025
-7.981283333333145e-05
-0.0032720761666666653
-0.006464339499999999
-0.006943179500000007
-0.007422019499999988
-0.007900859499999996
-0.008379699500000004
-0.008858539499999984
-0.00933737950000002
-0.0098162195
-0.010295059499999981
-0.010773899500000017
-0.011252739499999997
0.050996500500000014
0.003112460499999997
-0.05913678950000001
0.031842880500000004
-0.025617969500000004
-0.009656619500000019
0.006304730499999994
0.022266080500000007
-0.004070144499999984
-0.030406369499999975
-0.006464349499999966
0.017477670500000014
-0.006464339499999999
-0.006464339499999999
-0.006464339499999999
-0.006464339499999999
0.017477670500000014
-0.020829569499999978
0.012689270500000016
0.0007182655000000093
-0.011252739499999997
-0.008060472833333332
-0.0048682061666666665
-0.001675939500000001
-0.011252739499999997
-0.004070144499999984
0.0031124505000000025
-0.011252739499999997
-0.009656606166666637
-0.008060472833333332
-0.006464339499999999
-0.001675939500000001
0.0031124654999999946
0.007900870500000018
0.0007182655000000093
-0.006464339499999999
-0.004070141999999999
-0.0016759444999999984
0.000718253000000002
0.0031124505000000025
-0.004070144499999984
-0.011252739499999997
0.0031124505000000025
-0.003272079499999997
-0.009656609499999969
-0.016041139499999968
0.0031124505000000025
0.0031124505000000025
-0.0016759461666666642
-0.006464342833333331
-0.011252739499999997
-0.001675934499999976
0.007900870500000018
-0.00885854949999998
-0.025617969500000004
-0.01723825950000002
-0.00885854949999998
-0.00047883949999999453
0.007900870500000018
0.003112468000000035
-0.001675934499999976
-0.0024740044999999877
-0.003272074499999972
-0.004070144499999984
-0.0076614419999999905
-0.011252739499999997
-0.004070144499999984
0.0031124505000000025
-0.0016759461666666642
-0.006464342833333331
-0.011252739499999997
-0.0076614419999999905
-0.004070144499999984
-0.00047884700000000446
0.0031124505000000025
-7.981283333333145e-05
-0.0032720761666666653
-0.006464339499999999
-0.006464339499999999
-0.006464339499999999
-0.002873036999999995
0.0007182655000000093
0.004309568000000014
0.007900870500000018
0.003112467166666688
-0.0016759361666666694
-0.006464339499999999
-0.006464339499999999
0.0031124505000000025
0.0031124505000000025
0.0031124654999999946
0.001516330499999996
-7.98045000000025e-05
-0.001675939500000001
-0.001675939500000001
-0.011252739499999997
-0.009656606166666637
-0.008060472833333332
-0.006464339499999999
-0.016041139499999968
-0.012848872833333302
-0.009656606166666637
-0.006464339499999999
0.012689270500000016
0.011093136055555564
0.009497001611111111
0.007900867166666686
0.006304732722222234
0.004708598277777781
0.0031124638333333288
0.001516329388888904
-7.980505555554851e-05
-0.001675939500000001
-0.001675939500000001
-0.006464339499999999
0.007900870500000018
0.007900870500000018
0.0031124505000000025
0.005164624785714278
0.007216799071428581
0.009268973357142857
0.01132114764285716
0.013373321928571436
0.015425496214285739
0.017477670500000014
-0.001675939500000001
0.007900870500000018
0.012689270500000016
-0.011252739499999997
-0.001675934499999976
0.007900870500000018
0.017477670500000014
-0.001675939500000001
-0.001675939500000001
0.0031124654999999946
0.007900870500000018
-0.006464339499999999
-0.007422019499999988
-0.008379699500000004
-0.00933737950000002
-0.010295059499999981
