-0.005785992166666698
-0.005785992166666698
-0.0033917821666666903
-0.0009975721666666826
-0.010574392166666724
-0.010574392166666724
-0.010574392166666724
-0.010574392166666724
-0.005785992166666698
-0.0065840588333333505
-0.0073821255000000585
-0.008180192166666711
-0.008978258833333363
-0.009776325500000072
-0.010574392166666724
-0.005785992166666698
-0.015362792166666694
-0.015362792166666694
-0.0033917821666666903
0.008579227833333314
0.003790827833333288
0.0005985544999999592
-0.0025937188333333694
-0.005785992166666698
-0.0033917821666666903
-0.0009975721666666826
-0.003391777166666665
-0.005785982166666703
-0.008180187166666741
-0.010574392166666724
-0.011053232166666704
-0.01153207216666674
-0.01201091216666672
-0.012489752166666701
-0.012968592166666737
-0.013447432166666717
-0.013926272166666698
-0.014405112166666678
-0.014883952166666714
-0.015362792166666694
-0.010574385500000005
-0.005785978833333372
-0.0009975721666666826
-0.010574392166666724
-0.008180192166666711
-0.005785992166666698
-0.012968592166666737
-0.02015119216666672
-0.01536279216666675
-0.010574392166666724
-0.005785982166666703
-0.0009975721666666826
-0.0009975721666666826
-0.0009975721666666826
-0.0033917821666666903
-0.005785992166666698
-0.005785992166666698
-0.005785992166666698
-0.005785992166666698
-0.005785992166666698
-0.0033917821666666903
-0.0009975721666666826
-0.0033917821666666903
-0.005785992166666698
-0.012968592166666737
-0.02015119216666672
-0.008180182166666716
0.003790827833333288
-0.015362792166666694
-0.0009975721666666826
-0.015362792166666694
-0.02015119216666672
-0.010574392166666724
-0.009616712166666708
-0.008659032166666691
-0.007701352166666731
-0.006743672166666714
-0.005785992166666698
-0.005785992166666698
0.0013966178333332802
-0.002194687166666709
-0.005785992166666698
-0.005785992166666698
-0.005785992166666698
-0.005785992166666698
-0.005785992166666698
-0.005785992166666698
-0.005785992166666698
-0.0025937188333333694
0.0005985544999999592
0.003790827833333288
0.008579227833333314
0.0013966178333332802
-0.005785992166666698
-0.0025937188333333694
0.0005985544999999592
0.003790827833333288
-0.010574392166666724
-0.010574392166666724
-0.008180192166666711
-0.005785992166666698
-0.010574392166666724
-0.015362792166666694
-0.02015119216666672
-0.017974644893939462
-0.015798097621212148
-0.01362155034848489
-0.011445003075757632
-0.009268455803030373
-0.007091908530303059
-0.004915361257575801
-0.0027388139848485427
-0.0005622667121212843
0.0016142805606060295
0.003790827833333288
0.002194694499999983
0.0005985611666666224
-0.0009975721666666826
-0.010574392166666724
-0.005785992166666698
-0.005785992166666698
-0.005785992166666698
-0.00818018216666666
-0.010574392166666724
-0.010574392166666724
-0.008778739666666702
-0.006983087166666735
-0.005187434666666713
-0.003391782166666746
-0.0015961296666667235
0.0001995228333332988
0.0019951753333332656
0.003790827833333288
-0.010574392166666724
-0.008180192166666711
-0.0033917871666667154
0.0013966178333332802
-0.0025937188333333694
-0.0065840555000000744
-0.010574392166666724
-0.010574392166666724
-0.012170525500000029
-0.01376665883333339
-0.015362792166666694
-0.012170525500000029
-0.008978258833333363
-0.005785992166666698
-0.003990339666666676
-0.002194687166666709
-0.00039903466666674214
0.0013966178333332802
-0.015362792166666694
0.01815602783333331
-0.0009975721666666826
-0.0025937121666667062
-0.004189852166666674
-0.005785992166666698
-0.003990339666666676
-0.002194687166666709
-0.00039903466666668663
0.0013966178333332802
0.0031922703333333025
0.004987922833333325
0.0067835753333332915
0.008579227833333314
-0.005785992166666698
-0.0009975721666666826
0.003790827833333288
-0.010574382166666674
-0.005785977166666678
-0.0009975721666666826
-0.0033917821666666903
-0.005785992166666698
-0.0033917821666666903
-0.0009975721666666826
0.0018754678333333108
0.004748507833333304
0.0076215478333332976
0.010494587833333291
0.013367627833333284
0.003790827833333288
-0.0057859721666667085
-0.0009975721666666826
-0.012968582166666687
-0.02493959216666669
-0.005785982166666703
0.013367627833333284
0.00857922383333326
0.003790819833333292
-0.0009975841666667318
-0.0057859881666667
-0.010574392166666724
0.003790817833333293
-0.0009975846666667176
-0.005785987166666728
-0.010574389666666684
-0.015362792166666694
-0.0009975721666666826
0.013367627833333284
-0.01536279216666675
-0.04409321216666673
-0.017756992166666707
0.008579227833333314
-0.0009975721666666826
-0.010574382166666674
-0.02015119216666672
-0.003391782166666746
0.013367627833333284
0.008579225333333274
0.0037908228333332628
-0.0009975796666666925
-0.005785982166666703
-0.010574384666666714
-0.01536278716666667
-0.02015118966666668
-0.02493959216666669
-0.0009975721666666826
0.003790832833333313
0.008579227833333314
0.020550242833333343
0.03252125783333332
-0.029727972166666727
-0.0057859721666667085
0.01815602783333331
0.008579227833333314
-0.0009975721666666826
-0.008659020166666698
-0.016320468166666713
-0.023981916166666672
-0.03164336416666669
-0.0393048121666667
0.01815602783333331
-0.02015119216666672
-0.022545392166666678
-0.02493959216666669
0.03730965783333329
0.0013966228333332498
-0.03451641216666673
-0.017756992166666707
-0.0009975721666666826
0.0037908278333333434
0.008579227833333314
-3.9900166666717585e-05
-0.008659028166666694
-0.017278156166666725
-0.0258972841666667
-0.03451641216666673
-0.02015119216666672
-0.016639694833333385
-0.01312819750000005
-0.009616700166666714
-0.0061052028333333785
-0.002593705500000043
-0.0009975721666666826
-0.015362772166666705
-0.029727972166666727
-0.0137666388333334
0.002194694499999983
0.01815602783333331
0.01655989449999995
0.014963761166666645
0.013367627833333284
0.009377291166666635
0.00538695449999993
0.0013966178333332802
-0.015362792166666694
-0.019353128833333344
-0.02334346550000005
-0.0273338021666667
-0.03132413883333335
-0.03531447550000005
-0.0393048121666667
-0.0033917821666666903
-0.029727972166666727
-0.02015117216666673
-0.010574372166666735
-0.0009975721666666826
0.008579227833333314
-0.010574392166666724
-0.010095550166666745
-0.00961670816666671
-0.00913786616666673
-0.008659024166666696
-0.008180182166666716
-0.005785992166666698
-0.03451641216666673
-0.027932354666666714
-0.021348297166666697
-0.014764239666666734
-0.008180182166666716
-0.021348297166666697
-0.03451641216666673
-0.0258972841666667
-0.017278156166666725
-0.008659028166666694
-3.9900166666717585e-05
0.008579227833333314
0.003790827833333288
-0.04409321216666673
-0.010574392166666724
-0.003391782166666746
0.003790827833333288
-0.010574382166666674
-0.02493959216666669
0.003790827833333288
-0.005785982166666703
-0.015362792166666694
-0.020151185500000057
-0.024939578833333365
-0.029727972166666727
-0.012968572166666748
0.003790827833333288
-0.0009975821666667328
-0.005785992166666698
-0.04409321216666673
-0.01536279216666675
0.013367627833333284
0.010175361166666619
0.006983094499999953
0.003790827833333288
-0.02015119216666672
-0.010574382166666674
-0.0009975721666666826
-3.9892166666666284e-05
0.0009177878333332945
0.0018754678333333108
0.0028331478333332716
0.003790827833333288
-0.029727972166666727
-0.02254537466666673
-0.01536277716666673
-0.008180179666666731
-0.0009975821666667328
-0.0393048121666667
-0.015362792166666694
-0.005785985500000035
0.0037908211666666247
0.013367627833333284
-0.012968592166666737
-0.0393048121666667
-0.005785992166666698
0.0009177718333333029
0.007621535833333304
0.014325299833333305
0.021029063833333306
0.027732827833333307
0.010973417833333332
-0.005785992166666698
-0.0009975821666667328
-0.003790817166666738
-0.006584052166666743
-0.009377287166666692
-0.012170522166666697
-0.014963757166666702
-0.017756992166666707
0.027732827833333307
0.008579227833333314
0.002833143833333329
-0.002912940166666711
-0.008659024166666696
-0.014405108166666736
-0.02015119216666672
0.02294442783333328
0.025338627833333294
0.027732827833333307
0.020892253547619033
0.014051679261904704
0.00721110497619043
0.0003705306904761563
-0.0064700435952381175
-0.013310617880952447
-0.02015119216666672
0.020550242833333343
-0.03451641216666673
-0.028131872166666738
-0.021747332166666744
-0.01536279216666675
-0.0089782521666667
-0.0025937121666667062
0.003790827833333288
-0.010574377166666704
0.020550242833333288
-0.006983084666666695
-0.03451641216666673
-0.033210483075757635
-0.03190455398484854
-0.03059862489393944
-0.029292695803030344
-0.027986766712121247
-0.026680837621212206
-0.02537490853030311
-0.02406897943939401
-0.022763050348484914
-0.021457121257575817
-0.02015119216666672
0.027732827833333307
-0.0009975721666666826
-0.029727972166666727
-0.012968592166666737
-0.04409321216666667
0.027732827833333307
0.003790817833333293
-0.02015119216666672
-0.032920265500000045
-0.04568933883333337
-0.058458412166666696
0.003790827833333288
0.003790827833333288
0.003790827833333288
0.003790827833333288
0.003790827833333288
0.003790827833333288
-0.06803523216666668
0.006185017833333306
-0.021348297166666697
-0.0488816121666667
-0.02015119216666672
0.003790817833333293
0.027732827833333307
-0.0009975721666666826
-0.029727972166666727
-0.02015117216666673
-0.010574372166666679
-0.0009975721666666826
0.03252125783333332
0.008579232833333339
-0.015362792166666694
-0.01376665883333339
-0.012170525500000029
-0.010574392166666724
-0.010574392166666724
-0.0009975821666667328
0.008579227833333314
-0.0009975821666667328
-0.010574392166666724
-0.009616712166666708
-0.008659032166666691
-0.007701352166666731
-0.006743672166666714
-0.005785992166666698
0.02294442783333328
-0.0033917721666666956
-0.029727972166666727
-0.02254537216666669
-0.015362772166666705
-0.008180172166666722
-0.0009975721666666826
-0.010574382166666674
-0.02015119216666672
-0.009377287166666692
0.0013966178333332802
0.013367627833333284
-0.010574392166666724
0.003790827833333288
0.002194694499999983
0.0005985611666666224
-0.0009975721666666826
-0.005785977166666678
-0.010574382166666674
-0.015362787166666725
-0.02015119216666672
-0.010574392166666724
-0.0009975721666666826
-0.010574382166666674
-0.02015119216666672
-0.01536279216666675
-0.010574392166666724
-0.009890335023809593
-0.009206277880952407
-0.008522220738095276
-0.007838163595238146
-0.007154106452381015
-0.006470049309523829
-0.005785992166666698
0.006185027833333301
-0.0003990271666666767
-0.00698308216666671
-0.013567137166666743
-0.02015119216666672
-0.010574392166666724
-0.012170525500000029
-0.01376665883333339
-0.015362792166666694
-0.015362792166666694
-0.005785992166666698
-0.029727972166666727
-0.005785992166666698
-0.010574392166666724
-0.01376665883333339
-0.016958925500000055
-0.02015119216666672
-0.011771487166666705
-0.003391782166666746
0.004987922833333269
0.013367627833333284
0.003790827833333288
-0.010574392166666724
-0.0009975821666667328
0.008579227833333314
-0.010574392166666724
-0.017756992166666707
