-0.010973283333333583
-0.01815578333333434
-0.02533878333333206
-0.015762283333332405
-0.012569949999999608
-0.009377616666665034
-0.0061852833333322366
-0.013367783333332994
-0.020550283333331976
-0.020550283333331976
-0.020550283333331976
-0.020550283333331976
-0.025338283333333322
-0.030127283333332144
-0.030127283333332144
-0.030127283333332144
-0.030127283333332144
-0.030127283333332144
-0.030127283333332144
-0.020550283333331976
-0.019592683333332417
-0.018635083333332858
-0.017677483333331523
-0.016719883333331964
-0.015762283333332405
-0.025338283333333322
-0.01895395000000022
-0.01256961666666534
-0.0061852833333322366
-0.001396949999998398
0.003391383333333664
0.008179716666667503
-0.0061852833333322366
-0.01256961666666534
-0.01895395000000022
-0.025338283333333322
-0.030126783333333407
-0.030126949999999653
-0.0301271166666659
-0.030127283333332144
-0.0061852833333322366
-0.010973533333332952
-0.01576178333333189
-0.020550033333332607
-0.025338283333333322
-0.020550283333331976
-0.0061852833333322366
0.003391716666667932
0.0025937166666683
0.0017957166666668911
0.0009977166666672588
0.00019971666666762644
-0.0005982833333337823
-0.0013962833333334146
-0.0061852833333322366
-0.05406928333333205
-0.04640788333333212
-0.03874648333333219
-0.031085083333332264
-0.023423683333332335
-0.015762283333332405
-0.025338283333333322
-0.03970428333333231
-0.03491578333333223
-0.030127283333332144
-0.02533878333333206
-0.020550283333331976
-0.010973283333333583
-0.01815628333333308
0.003391716666667932
-0.0025937833333316007
-0.00857928333333291
-0.014564783333332443
-0.020550283333331976
-0.015762283333332405
-0.014165949999998872
-0.012569616666667116
-0.010973283333333583
-0.04449228333333366
-0.030127283333332144
-0.020550283333331976
-0.010973283333333583
-0.010973283333333583
-0.010973283333333583
-0.010973283333333583
-0.010973283333333583
-0.010973283333333583
-0.010973283333333583
-0.010973283333333583
-0.010973283333333583
-0.010973283333333583
-0.010973283333333583
-0.020550283333331976
-0.00857928333333291
-0.015762283333332405
-0.010973283333333583
-0.010973283333333583
-0.010973283333333583
-0.010973283333333583
-0.010973283333333583
-0.03491528333333349
-0.03491528333333349
-0.03252109583333329
-0.03012690833333309
-0.02773272083333289
-0.02533853333333269
-0.02294434583333249
-0.02055015833333229
-0.01815597083333209
-0.01576178333333189
-0.01815628333333308
0.008179716666667503
0.003391716666666156
-0.0013962833333334146
-0.013367283333334257
-0.025338283333333322
-0.04449228333333366
-0.06364628333333222
-0.050876949999999255
-0.03810761666666629
-0.025338283333333322
-0.017357616666666686
-0.00937695000000005
-0.0013962833333334146
-0.01416561666666638
-0.026934949999999347
-0.03970428333333231
0.008179716666667503
0.005785616666667437
0.0033915166666673713
0.0009974166666673057
-0.00139668333333276
-0.0037907833333328256
-0.03970428333333231
-0.016959283333331854
0.0057857166666686055
-0.004133140476188402
-0.014051997619045409
-0.023970854761902416
-0.0338897119047612
-0.04380856904761821
-0.053727426190475214
-0.06364628333333222
-0.06316738333333305
-0.0626884833333321
-0.06220958333333293
-0.06173068333333198
-0.06125178333333281
-0.06077288333333364
-0.06029398333333269
-0.05981508333333352
-0.05933618333333257
-0.0588572833333334
-0.015762283333332405
-0.058857783333332137
0.0009977166666672588
-0.013367783333332994
0.009376966666668096
0.03212171666666741
-0.00857928333333291
-0.002992949999999439
0.0025933833333340317
0.008179716666667503
0.0017952166666681535
-0.004589283333332972
-0.010973783333332321
-0.01735828333333167
-0.023742783333332795
-0.030127283333332144
-0.03491528333333349
-0.017357949999999178
0.00019938333333335834
0.01775671666666767
-0.06364628333333222
-0.06843428333333357
-0.05885748333333396
-0.049280683333332576
-0.03970388333333297
-0.030127083333331584
-0.020550283333331976
-0.056463283333332726
-0.0013962833333334146
0.003391716666666156
0.008179716666667503
-0.020550283333331976
-0.04928028333333323
-0.03874588333333229
-0.02821148333333312
-0.017677083333332178
-0.007142683333333011
0.003391716666667932
0.04169871666666758
0.003391716666667932
0.015362716666668774
0.02733371666666784
0.03451621666666682
0.04169871666666758
0.0268547166666675
0.01201071666666742
-0.002833283333332659
-0.01767728333333274
-0.03252128333333282
-0.02354303333333263
-0.014564783333332443
-0.005586533333332255
0.003391716666667932
-0.0827992833333333
-0.07801128333333196
-0.046886783333331294
-0.015762283333332405
-0.07801128333333196
-0.07801128333333196
-0.07801128333333196
-0.039703783333333575
-0.0013962833333334146
-0.013367283333334257
-0.025338283333333322
-0.0588572833333334
-0.09237628333333348
-0.062049616666666196
-0.031722950000000694
-0.0013962833333334146
0.010574716666667427
0.022545716666666493
-0.01815578333333434
-0.0588572833333334
-0.02533878333333206
0.008179716666667503
0.022545216666667756
0.03691071666666801
-0.0061852833333322366
-0.0013967833333321522
0.003391716666667932
0.03691071666666801
0.07042971666666631
0.06085271666666614
0.05127571666666597
0.04169871666666758
0.03212171666666741
0.003391716666667932
0.05127571666666775
0.04840271666666851
0.0455297166666675
0.04265671666666826
0.039783716666667246
0.03691071666666801
-0.020550283333331976
0.0009977166666672588
0.022545716666666493
-0.03252128333333282
-0.08758828333333213
-0.07801128333333196
-0.06843428333333179
-0.0588572833333334
-0.04928028333333323
-0.04449199761904765
-0.03970371190476207
-0.034915426190476495
-0.03012714047618914
-0.025338854761903562
-0.020550569047617984
-0.015762283333332405
-0.07322228333333314
-0.08758828333333213
-0.0061852833333322366
-0.06843428333333357
-0.09477028333333237
-0.12110628333333295
-0.015762283333332405
-0.022944783333333163
-0.030127283333332144
-0.09237628333333348
-0.0061852833333322366
-0.009377616666665034
-0.012569949999999608
-0.015762283333332405
-0.03331961666666672
-0.050876949999999255
-0.06843428333333357
0.022545716666666493
0.02972821666666725
0.03691071666666801
-0.015762283333332405
-0.013227224509803293
-0.01069216568627418
-0.00815710686274329
-0.005622048039214178
-0.0030869892156850653
-0.0005519303921559526
0.00198312843137316
0.004518187254902273
0.007053246078433162
0.009588304901962275
0.012123363725491387
0.0146584225490205
0.017193481372549613
0.019728540196078725
0.022263599019609615
0.024798657843138727
0.02733371666666784
0.05606371666666732
0.0009972166666685212
0.0464877166666664
-0.010973283333331807
0.06564071666666749
0.02733371666666784
0.008179716666667503
0.00897788333333338
0.009776050000001035
0.010574216666666914
0.011372383333332792
0.012170550000000446
0.012968716666666324
-0.022944283333334425
-0.0588572833333334
0.005786216666667343
-0.05406928333333205
-0.04654456904761872
-0.039019854761903616
-0.031495140476190286
-0.02397042619047518
-0.01644571190476185
-0.008920997619046744
-0.0013962833333334146
0.008179716666667503
-0.05406928333333383
-0.04608861666666719
-0.03810794999999878
-0.030127283333332144
-0.04928028333333323
-0.04987890833333353
-0.05047753333333205
-0.051076158333332344
-0.05167478333333264
-0.057360970833332914
-0.06304715833333319
-0.06873334583333346
-0.07441953333333373
-0.08010572083333223
-0.0857919083333325
-0.09147809583333277
-0.09716428333333305
-0.076813783333332
-0.056463283333332726
-0.08758828333333213
-0.022944283333334425
-0.10674128333333321
-0.054068783333333315
-0.0013962833333334146
-0.01815578333333434
-0.03491528333333349
-0.03970371190476207
-0.044492140476190656
-0.04928056904761924
-0.05406899761904782
-0.0588574261904764
-0.06364585476190499
-0.06843428333333357
0.020151216666667082
-0.0037907833333328256
0.026136466666667246
0.05606371666666732
0.028929716666667105
0.0017957166666668911
-0.025338283333333322
-0.013367283333334257
-0.0013962833333334146
0.05606371666666732
0.03212171666666741
0.008179716666667503
-0.002594033333332746
-0.013367783333332994
-0.024141533333333243
-0.03491528333333349
0.03691071666666801
0.02015121666666886
0.003391716666667932
-0.04209828333333121
-0.08758828333333213
-0.07992668333333164
-0.07226508333333292
-0.06460348333333243
-0.05694188333333372
-0.04928028333333323
-0.027732783333332733
-0.03651161666666525
-0.04529044999999954
-0.05406928333333205
-0.03730994999999915
-0.020550616666664467
-0.003791283333331563
-0.0082375690476173
-0.012683854761903035
-0.01713014047618877
-0.021576426190476283
-0.02602271190476202
-0.030468997619047755
-0.03491528333333349
0.01057421666666869
-0.010973283333333583
-0.020550283333331976
-0.03331928333333245
-0.046088283333332924
-0.0588572833333334
-0.052273283333333254
-0.04568928333333311
-0.03910528333333296
-0.03252128333333282
-0.025937283333332672
-0.019353283333332527
-0.012769283333332382
-0.0061852833333322366
-0.03252128333333282
-0.01576178333333189
-0.013367533333333625
-0.010973283333333583
-0.030127283333332144
-0.027733116666665225
-0.025338949999998306
-0.022944783333333163
-0.020550616666666244
-0.018156449999999325
-0.015762283333332405
-0.013367783333332994
-0.04449228333333366
-0.020550283333331976
-0.027732783333332733
-0.03491528333333349
-0.01815578333333434
-0.0013962833333334146
-0.013367283333334257
-0.025338283333333322
-0.020550283333331976
-0.015762283333332405
-0.018156408333332763
-0.020550533333331344
-0.022944658333331702
-0.02533878333333206
-0.02853094999999861
-0.03172311666666694
-0.03491528333333349
-0.020550283333331976
-0.0061852833333322366
-0.009377616666665034
-0.012569949999999608
-0.015762283333332405
0.008179716666667503
-0.03970428333333231
-0.027733283333333247
-0.015762283333332405
-0.010973616666666075
-0.006184949999999745
-0.0013962833333334146
-0.030127283333332144
-0.025937408333332357
-0.02174753333333257
-0.017557658333332782
-0.013367783333332994
-0.016959033333332485
-0.020550283333331976
-0.020550283333331976
-0.020550283333331976
-0.020550283333331976
-0.020550283333331976
-0.020550283333331976
-0.025338283333333322
-0.020550283333331976
-0.015762283333332405
-0.01815628333333308
-0.020550283333331976
-0.020550283333331976
-0.020550283333331976
-0.020550283333331976
-0.020550283333331976
-0.01815628333333308
-0.015762283333332405
-0.013367783333332994
-0.010973283333333583
-0.013367783333332994
-0.015762283333332405
-0.01735828333333167
-0.01895428333333271
-0.020550283333331976
-0.015762283333332405
-0.020550616666666244
-0.025338949999998306
-0.030127283333332144
-0.030127283333332144
-0.023543158333332315
-0.016959033333332485
-0.010374908333332655
-0.0037907833333328256
-0.002593533333332232
-0.0013962833333334146
-0.0020804261904761034
-0.0027645690476187923
-0.003448711904761481
-0.00413285476190417
-0.004816997619046859
-0.005501140476189548
-0.0061852833333322366
