-0.01133824714285725
-0.013390418571428753
-0.015442590000000145
-0.008259990000000106
-0.001077390000000067
-0.015442590000000145
-0.013048390000000132
-0.010654190000000119
-0.008259990000000217
-0.005865790000000204
-0.003471590000000191
-0.004269656666666899
-0.005067723333333496
-0.005865790000000204
0.018076209999999815
0.009696509999999825
0.001316809999999835
-0.007062890000000155
-0.015442590000000145
-0.005865790000000204
-0.015442590000000145
-0.013048390000000132
-0.010654190000000119
-0.005865790000000093
-0.001077390000000067
0.003711009999999848
0.008499409999999874
-0.001077390000000178
0.001316809999999835
0.003711009999999848
-0.015442590000000145
-0.01484404000000017
-0.014245490000000194
-0.013646940000000107
-0.013048390000000132
-0.012449840000000156
-0.01185129000000007
-0.011252740000000094
-0.010654190000000119
-0.005865790000000093
-0.001077390000000178
0.003711009999999848
0.002114876666666543
0.0005187433333331271
-0.001077390000000178
-0.010654190000000119
-0.010654190000000119
-0.010654190000000119
-0.001077390000000067
0.008499409999999874
-0.003471590000000191
-0.015442590000000145
-0.013646940000000107
-0.01185129000000018
-0.010055640000000143
-0.008259990000000217
-0.006464340000000179
-0.004668690000000142
-0.0028730400000002154
-0.001077390000000178
-0.002673523333333483
-0.004269656666666899
-0.005865790000000204
-0.001077390000000178
0.003711009999999848
0.008499409999999874
0.010095543333333179
0.011691676666666595
0.0132878099999999
0.008499409999999874
0.003711009999999848
0.001316809999999835
-0.001077390000000178
-0.001077390000000178
-0.001077390000000178
-0.003471590000000191
-0.005865790000000204
-0.005865790000000204
-0.005865790000000204
-0.005865790000000204
-0.005865790000000204
-0.010654190000000119
-0.010654190000000119
-0.005865790000000093
-0.010654190000000119
0.001316809999999835
-0.002673523333333483
-0.006663856666666801
-0.010654190000000119
0.008499409999999874
0.003711009999999848
-0.001077390000000178
-0.005865790000000204
0.008499409999999874
-0.025019390000000197
-0.005865790000000204
-0.008259990000000217
-0.010654190000000119
-0.010654190000000119
-0.010654190000000119
-0.010654190000000119
0.018076209999999815
0.003711009999999848
-0.010654190000000119
-0.008259990000000217
-0.005865790000000204
-0.007461923333333509
-0.009058056666666814
-0.010654190000000119
-0.012250323333333535
-0.01384645666666684
-0.015442590000000145
0.008499409999999874
0.0005187433333332381
-0.007461923333333509
-0.015442590000000145
-0.001077390000000178
-0.002673523333333483
-0.004269656666666899
-0.005865790000000204
-0.001077390000000178
-0.003471590000000191
-0.005865790000000204
-0.001077390000000178
-0.008259990000000217
-0.015442590000000145
-0.010654190000000119
-0.005865790000000204
-0.008259990000000217
-0.010654190000000119
-0.003471590000000191
0.003711009999999848
0.0005187433333331271
-0.002673523333333483
-0.005865790000000204
-0.003471590000000191
-0.001077390000000178
0.001316809999999835
0.003711009999999848
-0.001077390000000178
-0.0024455042857144393
-0.0038136185714287008
-0.005181732857142962
-0.006549847142857335
-0.007917961428571596
-0.009286075714285857
-0.010654190000000119
-0.001077390000000178
0.008499409999999874
0.008499409999999874
-0.005865790000000204
-0.010654190000000119
-0.005865790000000204
-0.001077390000000178
-0.00227449000000024
-0.003471590000000191
-0.004668690000000142
-0.005865790000000204
-0.008259990000000217
-0.010654190000000119
-0.005865790000000204
-0.005865790000000204
-0.010654190000000119
-0.009217670000000178
-0.0077811500000001255
-0.006344630000000073
-0.004908110000000132
-0.003471590000000191
-0.0020350700000001387
-0.0005985500000000865
0.0008379699999998547
0.002274489999999796
0.003711009999999848
0.001316809999999835
-0.001077390000000178
-0.003471590000000191
-0.005865790000000204
-0.005865790000000204
-0.003471590000000191
-0.001077390000000178
-0.004269656666666788
-0.007461923333333509
-0.010654190000000119
-0.010654190000000119
-0.010654190000000119
-0.003471590000000191
0.003711009999999848
-0.001077390000000178
-0.005865790000000204
-0.010654190000000119
-0.015442590000000145
-0.008259990000000217
-0.001077390000000178
-0.001077390000000178
-0.001077390000000178
-0.003471590000000191
-0.010654190000000119
-0.010654190000000119
-0.001077390000000178
-0.00011971000000021714
0.0008379699999998547
0.0017956499999998154
0.0027533299999998873
0.003711009999999848
-0.002673523333333483
-0.009058056666666814
-0.015442590000000145
-0.015442590000000145
-0.015442590000000145
-0.015442590000000145
-0.015442590000000145
-0.015442590000000145
-0.015442590000000145
-0.015442590000000145
-0.015442590000000145
-0.015442590000000145
-0.015442590000000145
0.018076209999999815
-0.010654190000000119
-0.005865790000000204
-0.015442590000000145
-0.005865790000000204
-0.010654190000000119
-0.001077390000000178
-0.001077390000000178
-0.001077390000000178
-0.001077390000000178
-0.001077390000000178
-0.001077390000000178
-0.001077390000000178
-0.001077390000000178
-0.001077390000000178
-0.001077390000000178
-0.003950430000000171
-0.006823470000000165
-0.009696510000000158
-0.012569550000000151
-0.015442590000000145
-0.01384645666666684
-0.012250323333333424
-0.010654190000000119
-0.010654190000000119
-0.003471590000000191
0.003711009999999848
0.002114876666666543
0.0005187433333331271
-0.001077390000000178
-0.004269656666666788
-0.007461923333333509
-0.010654190000000119
-0.007062890000000155
-0.003471590000000191
-0.001077390000000178
-0.010654190000000119
-0.01185129000000007
-0.013048390000000132
-0.014245490000000194
-0.015442590000000145
-0.016639690000000096
-0.017836790000000158
-0.01903389000000022
-0.02023099000000017
0.003711009999999848
-0.010654190000000119
-0.008259990000000217
-0.005865790000000204
-0.007461923333333509
-0.009058056666666814
-0.010654190000000119
-0.010654190000000119
0.003711009999999848
0.003711009999999848
0.003711009999999848
0.003711009999999848
0.003711009999999848
0.003711009999999848
0.003711009999999848
0.003711009999999848
0.003711009999999848
0.008499409999999874
0.0132878099999999
0.006903276666666569
0.0005187433333331271
-0.005865790000000204
-0.02023099000000017
-0.010654182000000123
-0.0010773740000001863
0.008499433999999861
0.018076241999999798
0.027653049999999846
-0.008259990000000106
-0.004269656666666788
-0.0002793233333334699
0.003711009999999848
-0.010654190000000119
0.008499429999999863
0.027653049999999846
0.005307149999999816
-0.017038750000000102
-0.03938465000000013
-0.02023099000000017
0.008499409999999874
0.0019153524999998561
-0.004668705000000051
-0.011252762500000069
-0.017836820000000086
-0.02661556333333348
-0.035394306666666764
-0.04417305000000016
-0.03300009666666681
-0.021827143333333465
-0.010654190000000119
0.018076209999999815
0.00849940833333318
-0.001077393333333454
-0.010654195000000088
-0.018634860000000142
-0.026615525000000084
-0.03459619000000014
-0.02023099000000017
-0.005865790000000204
0.010893629999999765
0.027653049999999846
-0.008260000000000156
-0.04417305000000016
-0.03028667400000018
-0.016400298000000202
-0.002513922000000113
0.011372453999999865
0.025258829999999843
0.021268489999999862
0.01727814999999988
0.0132878099999999
0.0132878099999999
0.008499409999999874
0.03244144999999987
0.025258829999999843
0.018076209999999815
0.01967234333333312
0.021268476666666536
0.02286460999999984
0.010893609999999887
-0.001077390000000178
0.008499409999999763
0.018076209999999815
0.008499409999999763
-0.001077390000000178
0.010893609999999887
0.02286460999999984
0.02166750999999989
0.020470409999999828
0.019273309999999766
0.018076209999999815
0.003711009999999848
0.01568202999999979
0.027653049999999846
0.003711009999999848
0.018076209999999815
0.021268489999999862
0.0244607699999998
0.027653049999999846
0.008499409999999874
0.009097964999999819
0.009696519999999875
0.01029507499999982
0.010893629999999765
0.012090719999999777
0.0132878099999999
0.014883943333333205
0.01648007666666651
0.018076209999999815
0.008499409999999874
0.006105209999999861
0.003711009999999848
0.010893609999999887
0.018076209999999815
0.006105209999999861
-0.005865790000000204
-0.005865790000000204
-0.005865790000000204
-0.005865790000000204
-0.005865790000000204
-0.005865790000000204
-0.005865790000000204
-0.005865790000000204
-0.005865790000000204
-0.005865790000000204
-0.001077390000000178
0.003711009999999848
-0.02980779000000011
0.027653049999999846
-0.04417305000000016
-0.010654220000000159
0.02286460999999984
0.003711009999999848
-0.015442590000000145
-0.03459619000000014
-0.02023099000000017
-0.015442590000000145
-0.010654190000000119
-0.005865790000000093
-0.001077390000000178
0.003711009999999848
0.008499409999999874
0.0132878099999999
-0.0022745050000001488
-0.017836820000000086
-0.033399135000000135
-0.048961450000000184
0.027653049999999846
0.001316809999999835
-0.004269656666666788
-0.009856123333333522
-0.015442590000000145
0.003711009999999848
-0.005865790000000204
0.027653049999999846
-0.0034715700000000904
-0.03459619000000014
0.008499409999999874
-0.001077390000000178
-0.02980779000000011
-0.015442590000000145
-0.010654190000000119
-0.014245490000000194
-0.017836790000000158
-0.021428090000000122
-0.025019390000000197
-0.03300007666666682
-0.04098076333333356
-0.048961450000000184
-0.03619236333333353
-0.02342327666666677
-0.010654190000000119
-0.014245490000000194
-0.017836790000000158
-0.021428090000000122
-0.025019390000000197
-0.025019390000000197
-0.025019390000000197
-0.025019390000000197
-0.025019390000000197
-0.025019390000000197
-0.025019390000000197
-0.025019390000000197
-0.025019390000000197
-0.03459619000000014
-0.001077390000000178
-0.010654190000000119
-0.007233904285714354
-0.0038136185714287008
-0.0003933328571429362
0.0030269528571427173
0.006447238571428482
0.009867524285714135
0.0132878099999999
-0.02023099000000017
-0.025019390000000197
-0.022146350000000203
-0.01927331000000021
-0.016400270000000106
-0.013527230000000112
-0.010654190000000119
0.003711009999999848
0.018076209999999815
-0.025019390000000197
0.027653049999999846
-0.015442590000000145
0.018076209999999815
0.013287809999999789
0.008499409999999763
0.003711009999999848
-0.001077390000000178
-0.005865790000000204
-0.010654190000000119
-0.015442590000000145
-0.02023099000000017
-0.001077390000000178
-0.005865790000000093
-0.03938465000000013
-0.00347160000000013
0.03244144999999987
-0.02980779000000011
-0.001077390000000178
0.002114876666666543
0.005307143333333153
0.008499409999999763
0.011691676666666484
0.014883943333333205
0.018076209999999815
-0.008259990000000217
-0.025019390000000197
-0.01927331000000021
-0.013527230000000223
-0.0077811500000001255
-0.0020350700000001387
0.003711009999999848
-0.015442590000000145
-0.010654190000000119
-0.002274490000000129
0.006105209999999861
0.014484909999999851
0.02286460999999984
-0.02980779000000011
0.0037110299999998375
0.0372298499999999
0.022066569999999897
0.006903289999999784
-0.008259990000000217
-0.004668690000000142
-0.001077390000000178
-0.0014457284615386756
-0.0018140669230770623
-0.00218240538461556
-0.0025507438461540577
-0.0029190823076924444
-0.003287420769230942
-0.0036557592307694398
-0.0040240976923079375
-0.004392436153846324
-0.004760774615384822
-0.0051291130769233195
-0.005497451538461706
-0.005865790000000204
0.01328782999999989
0.008499409999999874
-0.02023099000000017
0.005307143333333264
0.009563498888888744
0.013819854444444335
0.018076209999999815
-0.010654190000000119
-0.0077811500000001255
-0.004908110000000132
-0.0020350700000001387
0.0008379699999998547
0.003711009999999848
-0.001077390000000178
-0.0029927500000002105
-0.004908110000000132
-0.006823470000000165
-0.008738830000000086
-0.010654190000000119
0.001316809999999835
-0.001077390000000178
-0.007461923333333509
-0.01384645666666684
-0.02023099000000017
-0.02023099000000017
-0.02023099000000017
-0.013048390000000243
-0.005865790000000204
-0.010654190000000119
-0.015442590000000145
-0.001077390000000178
-0.013048390000000243
-0.025019390000000197
-0.010654190000000119
0.003711009999999848
0.003711009999999848
0.003711009999999848
0.003711009999999848
0.001316809999999835
-0.001077390000000178
-0.003471590000000191
-0.005865790000000204
-0.005865790000000204
-0.005865790000000204
-0.005865790000000204
-0.005865790000000204
-0.001077390000000178
-0.015442590000000145
0.003711009999999848
0.003711009999999848
0.003711009999999848
0.003711009999999848
0.008499409999999874
0.007701343333333166
0.006903276666666569
0.006105209999999861
0.005307143333333153
0.004509076666666556
0.003711009999999848
0.00011970999999988408
-0.003471590000000191
-0.005865790000000204
-0.00227449000000024
0.001316809999999835
0.00490810999999991
0.008499409999999874
-0.001077390000000178
-0.005865790000000204
0.008499409999999874
0.006584049999999841
0.004668689999999809
0.0027533299999998873
0.0008379699999998547
-0.001077390000000178
0.003711009999999848
-0.005865790000000204
-0.005865790000000204
-0.005865790000000204
-0.005865790000000204
-0.005865790000000204
-0.005865790000000204
-0.005865790000000204
-0.005865790000000204
-0.005865790000000204
-0.005865790000000204
-0.005865790000000204
-0.015442590000000145
-0.010654190000000119
-0.010654190000000119
-0.010654190000000119
-0.010654190000000119
-0.005865790000000204
-0.005865790000000204
-0.001077390000000178
-0.004668690000000142
-0.008259990000000217
-0.01185129000000018
-0.015442590000000145
0.003711009999999848
-0.001077390000000178
-0.005865790000000204
0.0132878099999999
0.003711009999999848
0.0005187433333331271
-0.002673523333333483
-0.005865790000000204
-0.008259990000000217
-0.010654190000000119
0.001316809999999835
