-0.005027824000000014
-0.004592514909090961
-0.004157205818181797
-0.0037218967272727443
-0.0032865876363636914
-0.0028512785454545275
-0.0024159694545454746
-0.0019806603636363107
-0.0015453512727272578
-0.001110042181818205
-0.000674733090909041
-0.0002394239999999881
-0.014604623999999955
-0.0002394239999999881
-0.009816223999999929
-0.0002394239999999881
0.009337376000000064
0.00550665600000011
0.0016759360000000445
-0.0021547839999999097
-0.005985503999999975
-0.009816223999999929
-0.008220090666666624
-0.006623957333333208
-0.005027823999999903
-0.003830723999999952
-0.002633624000000001
-0.001436523999999939
-0.0002394239999999881
0.004548976000000038
-0.009816223999999929
0.004548976000000038
0.018914176000000005
0.012529642666666674
0.006145109333333343
-0.0002394239999999881
-0.001835557333333293
-0.003431690666666598
-0.005027823999999903
-0.006623957333333319
-0.008220090666666624
-0.009816223999999929
-0.005027824000000014
-0.00981622400000004
-0.014604623999999955
-0.01939302399999998
-0.00023942399999987707
-0.009816223999999929
-0.009816223999999929
-0.009816223999999929
-0.00834287015384605
-0.0068695163076922805
-0.005396162461538401
-0.003922808615384521
-0.0024494547692307522
-0.0009761009230768725
0.0004972529230770073
0.001970606769230887
0.003443960615384656
0.004917314461538536
0.006390668307692415
0.007864022153846184
0.009337376000000064
-0.014604623999999955
-0.012210423999999942
-0.008220090666666624
-0.004229757333333306
-0.0002394239999999881
0.0002926204444444469
0.0008246648888888819
0.0013567093333333169
0.0018887537777777519
0.002420798222222298
0.002952842666666733
0.003484887111111168
0.004016931555555603
0.004548976000000038
0.004548976000000038
-0.005027824000000014
-0.003830723999999952
-0.002633624000000001
-0.00143652400000005
-0.0002394239999999881
0.002154776000000025
0.0014365160000000543
0.0007182559999999727
-3.999999997894577e-09
-0.0007182639999999685
-0.00143652400000005
-0.0021547840000000207
-0.0028730439999999913
-0.003591303999999962
-0.0043095640000000435
-0.005027824000000014
0.009337376000000064
-0.012210424000000053
0.014125775999999979
0.01113302599999999
0.008140276000000002
0.005147526000000013
0.002154776000000025
0.0014365160000000543
0.0007182559999999727
-3.999999997894577e-09
-0.0007182639999999685
-0.00143652400000005
-0.0021547840000000207
-0.0028730439999999913
-0.003591303999999962
-0.0043095640000000435
-0.005027824000000014
-0.005027824000000014
-0.005027823999999903
-0.008220090666666624
-0.007422024000000027
-0.006623957333333319
-0.005825890666666611
-0.005027824000000014
-0.014604623999999955
-0.012808973999999917
-0.011013323999999991
-0.009217673999999954
-0.007422024000000027
-0.0056263739999999896
-0.003830723999999952
-0.0020350740000000256
-0.0002394239999999881
-0.014604623999999955
-0.002633624000000001
-0.008619123999999978
-0.014604623999999955
-0.005027824000000014
-0.001835557333333293
0.0013567093333333169
0.004548976000000038
0.003864918857142907
0.0031808617142857765
0.0024968045714286458
0.001812747428571404
0.0011286902857142733
0.0004446331428571426
-0.0002394239999999881
-0.00023942399999987707
-0.009816223999999929
-0.009816223999999929
-0.009816223999999929
-0.014604623999999955
-0.0002394239999999881
-0.002633624000000001
-0.005027824000000014
-0.003830723999999952
-0.002633624000000001
-0.00143652400000005
-0.0002394239999999881
0.0009576760000000739
0.002154776000000025
0.003351875999999976
0.004548976000000038
-0.0002394239999999881
-0.006623957333333319
-0.005825890666666611
-0.005027824000000014
-0.007422024000000027
-0.009816223999999929
-0.005027823999999903
-0.0002394239999999881
-0.0007714684444444231
-0.001303512888888858
-0.001835557333333293
-0.002367601777777728
-0.002899646222222274
-0.003431690666666709
-0.003963735111111144
-0.004495779555555579
-0.005027824000000014
-0.016998823999999968
-0.009816223999999929
-0.008020573999999892
-0.006224923999999965
-0.004429274000000039
-0.002633624000000001
-0.0002394239999999881
-0.002633624000000001
-0.005027823999999903
-0.006224923999999854
-0.007422023999999916
-0.008619123999999978
-0.009816223999999929
-0.01101332399999988
-0.012210423999999942
-0.013407524000000004
-0.014604623999999955
-0.009816223999999929
-0.016998823999999968
-0.011412357333333345
-0.005825890666666611
-0.0002394239999999881
0.0013567093333333169
0.002952842666666733
0.004548976000000038
0.003591296000000077
0.0026336160000000053
0.0016759360000000445
0.0007182559999999727
-0.0002394239999999881
-0.0011971039999999489
-0.0021547840000000207
-0.0031124639999999815
-0.004070144000000053
-0.005027824000000014
-0.012210423999999942
0.009337376000000064
0.002952842666666733
-0.003431690666666598
-0.009816223999999929
-0.009816223999999929
-0.005027823999999903
-0.0002394239999999881
-0.0013276967272727314
-0.0024159694545454746
-0.003504242181818218
-0.004592514909090961
-0.005680787636363704
-0.006769060363636337
-0.00785733309090908
-0.008945605818181823
-0.010033878545454566
-0.01112215127272731
-0.012210424000000053
0.004548976000000038
-0.003431690666666598
-0.001436523999999939
0.0005586426666667199
0.002553809333333379
0.004548976000000038
0.005233033142857169
0.005917090285714299
0.00660114742857143
0.007285204571428672
0.007969261714285802
0.008653318857142933
0.009337376000000064
-0.0002394239999999881
-0.009816223999999929
-0.007422023999999916
-0.005027823999999903
-0.002633624000000001
-0.0002394239999999881
-0.028969823999999922
-0.024979490666666604
-0.020989157333333286
-0.016998823999999968
-0.01300849066666665
-0.009018157333333221
-0.005027823999999903
-0.001037490666666585
0.002952842666666733
0.006943176000000051
-0.014604653999999995
-0.012210447333333319
-0.009816240666666642
-0.007422033999999966
-0.009816223999999929
0.006943176000000051
0.02370257600000003
-0.007422053999999956
-0.03854668399999994
-0.0328005979999999
-0.027054511999999975
-0.021308425999999936
-0.015562340000000008
-0.009816253999999969
-0.00407016799999993
0.0016759179999999985
0.007422004000000038
0.013168089999999966
0.018914176000000005
0.004548996000000027
-0.014604623999999955
0.014125775999999979
0.010933509333333369
0.007741242666666648
0.004548976000000038
0.001812747428571515
-0.0009234811428571188
-0.0036597097142856416
-0.0063959382857142755
-0.009132166857142798
-0.011868395428571432
-0.014604623999999955
0.04764461600000003
-0.05291188400000002
-0.021787253999999923
0.009337376000000064
-0.014604653999999995
0.004548961000000018
0.02370257600000003
-0.014604653999999995
-0.05291188400000002
-0.04764463799999996
-0.042377392000000014
-0.037110146000000066
-0.03184290000000001
-0.02657565399999995
-0.021308408
-0.016041162000000053
-0.010773915999999994
-0.005506669999999936
-0.0002394239999999881
-0.03375822399999995
-0.04333508399999997
-0.021787248999999953
-0.007422024000000027
-0.017796910666666665
-0.028171797333333304
-0.03854668399999994
0.009337376000000064
0.001556218500000095
-0.006224938999999985
-0.014006096499999954
-0.021787253999999923
-0.029568411500000003
-0.03734956899999997
-0.04513072650000005
-0.05291188400000002
0.02370257600000003
-0.0385466539999999
0.028491016000000036
-0.05291188400000002
-0.021787253999999923
0.009337376000000064
-0.014604653999999995
-0.03854668399999994
-0.03758899799999993
-0.036631311999999916
-0.0356736259999999
-0.03471593999999989
-0.033758253999999877
-0.032800567999999974
-0.03184288199999996
-0.030885195999999948
-0.029927509999999935
-0.028969823999999922
-0.031364049000000005
0.00694319600000004
-0.028969823999999922
-0.00023940399999999862
0.028491016000000036
-0.028969823999999922
-0.02364937955555546
-0.018328935111111
-0.01300849066666665
-0.007688046222222189
-0.002367601777777728
0.002952842666666733
0.008273287111111083
0.013593731555555544
0.018914176000000005
-0.028969823999999922
-0.0026336039999999006
-0.024181427333333283
-0.045729250666666665
-0.06727707399999999
0.002154776000000025
-0.024181424000000007
0.004548996000000027
0.03327941600000006
0.024234649333333413
0.015189882666666765
0.006145116000000006
-0.002899650666666642
-0.01194441733333329
-0.02098918399999994
-0.030033950666666698
-0.039078717333333346
-0.048123483999999994
-0.01939305400000002
-0.024181424000000007
-0.016998828999999938
-0.008858547999999966
-0.0007182669999999947
0.007422014000000088
0.01556229500000006
0.02370257600000003
-0.03375822399999995
-0.024181424000000007
-0.014604617333333292
-0.005027810666666688
0.004548996000000027
0.014125802666666742
0.023702609333333347
0.03327941600000006
-0.03375824899999991
-0.028969824000000033
-0.00023940399999999862
0.028491016000000036
-0.00981623399999998
-0.048123483999999994
-0.041206899555555565
-0.034290315111111136
-0.027373730666666596
-0.020457146222222167
-0.013540561777777738
-0.0066239773333333085
0.0002926071111111206
0.007209191555555661
0.01412577600000009
-0.024181424000000007
0.004548996000000027
-0.062488673999999966
0.028491016000000036
0.004548982666666701
-0.019393050666666634
-0.04333508399999997
-0.03854668399999994
0.02370257600000003
0.013527219750000041
0.003351863500000052
-0.006823492749999938
-0.016998848999999927
-0.027174205249999916
-0.037349561499999906
-0.047524917749999895
-0.05770027399999994
-0.02777273899999988
0.0021547960000001254
-0.007422053999999956
-0.032561163999999976
-0.05770027399999994
0.03806781600000009
0.0021547960000001254
-0.03375822399999995
-0.03375822399999995
-0.03375822399999995
-0.03375822399999995
-0.03375822399999995
-0.03375822399999995
-0.03375822399999995
-0.03375822399999995
-0.03375822399999995
0.042856216
0.004548985999999977
-0.03375824399999994
-0.07206547399999996
0.028491016000000036
-0.031364053999999975
0.028491016000000036
-0.05770027399999994
-0.04865551288888881
-0.03961075177777773
-0.030565990666666654
-0.021521229555555466
-0.012476468444444389
-0.0034317073333333115
0.005613053777777877
0.014657814888888954
0.02370257600000003
-0.012210423999999942
-0.012210433999999992
0.010534491000000035
0.03327941600000006
-0.014604623999999955
-0.021787223999999883
-0.028969823999999922
-0.024660263999999876
-0.02035070399999994
-0.016041143999999896
-0.011731583999999962
-0.007422023999999916
-0.0031124639999998704
0.0011970960000000641
0.00550665600000011
0.009816216000000044
0.01412577600000009
-0.007422028999999997
-0.0034316773333332717
-0.027905742888888807
-0.05237980844444445
-0.07685387399999999
0.01412577600000009
0.002154776000000025
-0.009816223999999929
-0.012210423999999942
-0.014604623999999955
-0.016998823999999968
-0.01939302399999998
-0.021787223999999883
-0.024181423999999896
-0.02657562399999991
-0.028969823999999922
-0.031364023999999935
-0.03375822399999995
0.02370257600000003
-0.021787248999999953
-0.024181424000000007
0.028491016000000036
-0.0018355473333333538
-0.03216211066666663
-0.062488673999999966
-0.05111621275
-0.03974375149999998
-0.02837129024999996
-0.016998828999999938
-0.0056263677499999165
0.0057460934999999935
0.017118554750000015
0.028491016000000036
-0.028969823999999922
-0.016998828999999938
-0.013806560666666634
-0.01061429233333322
-0.007422023999999916
-0.009816223999999929
-0.012210423999999942
-0.014604623999999955
-0.016998823999999968
-0.01939302399999987
-0.021787223999999883
-0.024181423999999896
-0.02657562399999991
-0.028969823999999922
0.01412577600000009
-0.01300851066666664
-0.01487066288888883
-0.016732815111111132
-0.018594967333333323
-0.020457119555555514
-0.022319271777777816
-0.024181424000000007
-0.014604623999999955
0.004548976000000038
0.003351875999999976
0.002154776000000025
0.0009576760000000739
-0.0002394239999999881
-0.00143652400000005
-0.002633624000000001
-0.003830723999999952
-0.005027824000000014
-0.01300849066666665
-0.002367601777777728
0.008273287111111083
0.018914176000000005
-0.009816223999999929
0.002154776000000025
0.003351875999999976
0.004548976000000038
0.004984285090909091
0.005419594181818255
0.005854903272727308
0.0062902123636363605
0.006725521454545524
0.007160830545454577
0.007596139636363741
0.008031448727272794
0.008466757818181847
0.008902066909091011
0.009337376000000064
-0.008220090666666624
0.002154776000000025
-0.013407524000000004
-0.028969823999999922
-0.002633624000000001
0.02370257600000003
0.010933499333333319
-0.0018355773333332825
-0.014604653999999995
-0.027373730666666707
-0.04014280733333331
-0.05291188400000002
-0.007422024000000027
-0.01939302399999998
-0.005027813999999964
0.009337396000000053
0.02370260600000007
0.03806781600000009
-0.007422053999999956
-0.008619138999999887
-0.009816223999999929
-0.008486112888888786
-0.007156001777777754
-0.005825890666666611
-0.004495779555555468
-0.003165668444444436
-0.001835557333333293
-0.0005054462222221501
0.0008246648888888819
0.002154776000000025
-0.014604623999999955
0.00694319600000004
0.028491016000000036
-0.0002394239999999881
-0.009816223999999929
-0.012210423999999942
-0.014604623999999955
-0.014604623999999955
-0.014604623999999955
-0.012552452571428563
-0.01050028114285706
-0.008448109714285668
-0.0063959382857142755
-0.004343766857142883
-0.00229159542857138
-0.0002394239999999881
-0.002633624000000001
0.004548976000000038
-0.005027823999999903
-0.014604623999999955
-0.01939302399999998
-0.016998823999999968
-0.014604623999999955
-0.009816223999999929
-0.005027824000000014
-0.002633624000000001
-0.0002394239999999881
0.002154776000000025
0.004548976000000038
0.006943176000000051
0.009337376000000064
-0.0002394239999999881
-0.007422024000000027
-0.00981622400000004
-0.012210423999999942
-0.014604623999999955
0.01412577600000009
0.004548976000000038
-0.005027824000000014
-0.002633624000000001
-0.0002394239999999881
-0.00229159542857138
-0.004343766857142883
-0.0063959382857142755
-0.008448109714285668
-0.01050028114285706
-0.012552452571428563
-0.014604623999999955
-0.005027823999999903
0.004548976000000038
-0.0002394239999999881
-0.005027824000000014
0.004548976000000038
-0.0002394239999999881
-0.005027824000000014
-0.002633624000000001
-0.0002394239999999881
-0.005027823999999903
-0.009816223999999929
-0.009018157333333221
-0.008220090666666624
-0.007422024000000027
-0.006623957333333319
-0.005825890666666611
-0.005027824000000014
-0.009816223999999929
-0.011412357333333234
-0.01300849066666665
-0.014604623999999955
0.004548976000000038
-0.005027824000000014
-0.009816223999999929
-0.014604623999999955
-0.005027823999999903
0.004548976000000038
0.003351876000000087
0.002154776000000025
0.0009576760000000739
-0.00023942399999987707
-0.001436523999999939
-0.00263362399999989
