-0.00023942399999987707
0.004548976000000038
0.009337376000000064
-0.005027824000000014
0.01412577600000009
0.009337376000000064
-0.0002394239999999881
-0.005027824000000014
0.009337376000000064
0.004548976000000038
-0.0002394239999999881
-0.005027823999999903
-0.009816223999999929
-0.014604623999999955
-0.009816223999999929
-0.005027824000000014
-0.005027824000000014
-0.005027824000000014
-0.005027824000000014
-0.005027824000000014
-0.005027824000000014
-0.005027824000000014
-0.005027824000000014
-0.005027824000000014
-0.006623957333333319
-0.008220090666666624
-0.009816223999999929
-0.0002394239999999881
-0.024181424000000007
-0.005027824000000014
0.004548976000000038
-0.0002394239999999881
0.002154776000000025
0.0013567093333333169
0.0005586426666667199
-0.0002394239999999881
-0.007422024000000027
-0.014604623999999955
-0.012210423999999942
-0.009816223999999929
-0.007422024000000027
-0.005027824000000014
-0.006623957333333319
-0.008220090666666624
-0.009816223999999929
-0.007422024000000027
-0.005027824000000014
-0.009816223999999929
-0.014604623999999955
-0.012210423999999942
-0.009816223999999929
-0.008220090666666624
-0.006623957333333319
-0.005027824000000014
-0.003431690666666709
-0.001835557333333293
-0.0002394239999999881
-0.009816223999999929
0.009337376000000064
0.004548976000000038
-0.0002394239999999881
-0.005027824000000014
-0.009816223999999929
-0.012210423999999942
-0.014604623999999955
-0.002633624000000001
0.009337376000000064
-0.0002394239999999881
-0.009816223999999929
-0.01939302399999998
-0.005027823999999903
0.009337376000000064
-0.00023942399999987707
-0.009816223999999929
-0.006623957333333319
-0.003431690666666598
-0.0002394239999999881
-0.005027824000000014
-0.014604623999999955
-0.01300849066666665
-0.011412357333333345
-0.009816223999999929
-0.008220090666666624
-0.006623957333333319
-0.005027824000000014
0.018914176000000005
-0.0002394239999999881
-0.014604623999999955
-0.011412357333333345
-0.008220090666666624
-0.005027824000000014
-0.002633624000000001
-0.0002394239999999881
-0.0002394239999999881
-0.0002394239999999881
-0.00023942399999987707
-0.00023942399999987707
0.004548976000000038
0.002154776000000025
-0.0002394239999999881
0.004548976000000038
0.009337376000000064
-0.0002394239999999881
-0.009816223999999929
-0.01939302399999998
-0.009816223999999929
-0.0002394239999999881
-0.003431690666666598
-0.006623957333333319
-0.009816223999999929
-0.0002394239999999881
-0.0002394239999999881
-0.0002394239999999881
-0.0002394239999999881
-0.0002394239999999881
-0.009816223999999929
-0.01939302399999998
-0.01939302399999998
-0.014604623999999955
-0.009816223999999929
-0.01300849066666665
-0.01620075733333326
-0.01939302399999998
-0.009816223999999929
-0.0002394239999999881
0.009337375999999953
0.018914176000000005
0.004548976000000038
-0.009816223999999929
-0.01939302399999998
-0.028969823999999922
-0.021787223999999883
-0.014604623999999955
-0.002633624000000001
0.009337376000000064
0.009337376000000064
0.006601147428571541
0.003864918857142907
0.0011286902857143843
-0.0016075382857142495
-0.004343766857142772
-0.007079995428571406
-0.009816223999999929
-0.009816223999999929
-0.0002394239999999881
-0.014604623999999955
-0.028969823999999922
-0.0002394239999999881
-0.009816223999999929
-0.006623957333333319
-0.003431690666666598
-0.0002394239999999881
0.004548976000000038
0.0009576760000000739
-0.002633624000000001
-0.006224923999999965
-0.009816223999999929
-0.0002394239999999881
-0.024181424000000007
-0.02358287400000003
-0.022984324000000056
-0.02238577399999997
-0.021787223999999994
-0.02118867400000002
-0.020590123999999932
-0.019991573999999956
-0.01939302399999998
-0.007422024000000027
-0.0002394239999999881
-0.0002394239999999881
0.002154776000000025
0.004548976000000038
0.006943176000000051
0.009337376000000064
0.007741242666666759
0.006145109333333343
0.004548976000000038
-0.009816223999999929
-0.0002394239999999881
0.004548976000000038
-0.0002394239999999881
-0.005027824000000014
-0.003431690666666709
-0.001835557333333293
-0.0002394239999999881
0.002154776000000025
0.004548976000000038
0.0013567093333333169
-0.001835557333333293
-0.005027824000000014
-0.0002394239999999881
0.004548976000000038
-0.014604623999999955
-0.005027823999999903
0.004548976000000038
0.009337376000000064
0.006943176000000051
0.004548976000000038
0.009337376000000064
0.01412577600000009
0.013441718857142959
0.012757661714285828
0.012073604571428698
0.011389547428571456
0.010705490285714325
0.010021433142857195
0.009337376000000064
0.004548976000000038
0.009337376000000064
-0.0002394239999999881
-0.005027824000000014
-0.004229757333333306
-0.003431690666666709
-0.002633624000000001
-0.001835557333333293
-0.001037490666666696
-0.0002394239999999881
-0.009816223999999929
0.01412577600000009
-0.005027824000000014
-0.014604623999999955
-0.009816223999999929
-0.006943183999999936
-0.004070143999999942
-0.0011971039999999489
0.0016759360000000445
0.004548976000000038
0.009337376000000064
0.003351876000000087
-0.002633624000000001
-0.008619123999999978
-0.014604623999999955
-0.009816223999999929
-0.009816223999999929
-0.009816223999999929
-0.009816223999999929
-0.009816223999999929
-0.009816223999999929
-0.009816223999999929
-0.009816223999999929
-0.009816223999999929
-0.009816223999999929
-0.009816223999999929
-0.009816223999999929
-0.009816223999999929
-0.01939302399999998
-0.012210424000000053
-0.005027824000000014
-0.006224924000000076
-0.007422024000000027
-0.014604623999999955
-0.009816223999999929
-0.005027823999999903
-0.00023942399999987707
0.004548976000000038
0.009337376000000064
-0.014604623999999955
-0.009816223999999929
-0.005027824000000014
-0.008020574000000003
-0.011013323999999991
-0.01400607399999998
-0.016998823999999968
-0.022984323999999945
-0.028969823999999922
0.018914176000000005
0.002154776000000025
-0.014604623999999955
-0.006623957333333319
0.001356709333333428
0.009337376000000064
-0.005027824000000014
-0.007422024000000027
-0.009816223999999929
-0.007422024000000027
-0.005027824000000014
-0.012210424000000053
-0.01939302399999998
-0.016998823999999968
-0.014604623999999955
-0.01939302399999998
-0.024181424000000007
0.01412577600000009
-0.001835557333333293
-0.017796890666666565
-0.03375822399999995
-0.01819591399999998
-0.0026336039999999006
0.012928706000000068
0.028491016000000036
0.017318069333333352
0.006145122666666669
-0.005027824000000014
0.03327941600000006
0.02795896711111112
0.022638518222222292
0.017318069333333352
0.011997620444444523
0.006677171555555583
0.0013567226666667542
-0.003963726222222186
-0.009284175111111015
-0.014604623999999955
0.02210646933333338
0.009337396000000053
-0.009816223999999929
0.001356709333333428
0.012529642666666674
0.02370257600000003
-0.014604623999999955
0.009337396000000053
0.03327941600000006
-0.028969823999999922
-0.014604623999999955
-0.0002394239999999881
-0.012210424000000053
-0.024181424000000007
-0.02138819066666664
-0.018594957333333384
-0.015801724000000017
-0.01300849066666665
-0.010215257333333394
-0.007422024000000027
-0.024181424000000007
-0.021787223999999994
-0.01939302399999998
-0.016998823999999968
-0.014604623999999955
-0.009816223999999929
-0.009816223999999929
-0.01939302399999998
-0.028969823999999922
-0.012210423999999942
0.004548976000000038
-0.048123483999999994
-0.03854666900000003
-0.02896985399999996
-0.01939303899999989
-0.009816223999999929
-0.03854668399999994
-0.01939305400000002
-0.0002394239999999881
-0.04333508399999997
-0.014604653999999995
0.01412577600000009
-0.016998853999999897
-0.048123483999999994
-0.00023943400000003834
0.04764461600000003
0.004548965999999988
-0.03854668399999994
-0.017796930666666655
0.0029528226666667434
0.02370257600000003
-0.03375822399999995
-0.00023940399999999862
0.03327941600000006
0.0257547817142858
0.01823014742857143
0.01070551314285717
0.0031808788571429103
-0.00434375542857135
-0.011868389714285721
-0.01939302399999998
0.03327941600000006
0.0021547960000001254
-0.005626358999999859
-0.013407513999999843
-0.021188668999999938
-0.028969823999999922
0.03327941600000006
0.0021547960000001254
-0.028969823999999922
0.028491016000000036
-0.009816223999999929
-0.00023942399999987707
0.009337376000000064
-0.002633624000000001
-0.014604623999999955
0.004548976000000038
0.02370257600000003
0.004548976000000038
-0.014604623999999955
-0.007422024000000027
-0.0002394239999999881
-0.001835557333333293
-0.003431690666666709
-0.005027824000000014
-0.0002394239999999881
0.004548976000000038
0.009337376000000064
-0.0002394239999999881
-0.003431690666666709
-0.006623957333333319
-0.009816223999999929
-0.01300849066666665
-0.01620075733333337
-0.01939302399999998
-0.009816223999999929
-0.005027824000000014
-0.007422024000000027
-0.009816223999999929
-0.009816223999999929
-0.009816223999999929
-0.011412357333333234
-0.01300849066666665
-0.014604623999999955
-0.01620075733333326
-0.017796890666666676
-0.01939302399999998
0.01412577600000009
-0.009816223999999929
-0.028969823999999922
-0.00023940399999999862
0.028491016000000036
0.006145116000000006
-0.016200783999999913
-0.03854668399999994
-0.028969869714285612
-0.019393055428571393
-0.009816241142857063
-0.00023942685714284373
0.009337387428571486
0.018914201714285817
0.028491016000000036
0.004548996000000027
0.004548996000000027
-0.00981621399999999
-0.024181424000000007
0.0021547960000000144
0.028491016000000036
-0.014604623999999955
0.0013567226666667542
0.017318069333333352
0.03327941600000006
0.015721936000000047
-0.0018355439999999668
-0.01939302399999998
-0.007422024000000027
0.004548976000000038
-0.007422024000000027
-0.01939302399999998
-0.002633624000000001
0.01412577600000009
-0.01939302399999998
-0.0002394239999999881
-0.003431690666666598
-0.006623957333333319
-0.009816223999999929
-0.002633624000000001
0.004548976000000038
-0.003431690666666598
-0.011412357333333345
-0.01939302399999998
-0.01939302399999998
-0.014604623999999955
-0.009816223999999929
-0.005027824000000014
-0.0002394239999999881
-0.031364023999999935
-0.025378523999999958
-0.01939302399999998
-0.012210424000000053
-0.005027824000000014
-0.012210424000000053
-0.01939302399999998
-0.015972738285714216
-0.012552452571428563
-0.009132166857142798
-0.005711881142857145
-0.00229159542857138
0.0011286902857142733
0.004548976000000038
-0.005027823999999903
-0.028969823999999922
-0.0002394239999999881
-0.002633624000000001
-0.005027824000000014
-0.005825890666666611
-0.006623957333333319
-0.007422024000000027
-0.008220090666666624
-0.009018157333333221
-0.009816223999999929
-0.005027824000000014
-0.005027824000000014
-0.005027824000000014
-0.005027824000000014
-0.005027824000000014
-0.005027824000000014
-0.005027824000000014
0.004548976000000038
-0.01939302399999998
-0.005027824000000014
-0.009816223999999929
0.004548976000000038
0.006943176000000051
0.009337376000000064
-0.002633624000000001
-0.014604623999999955
-0.012210423999999942
-0.009816223999999929
-0.007422024000000027
-0.005027824000000014
-0.002633624000000001
-0.0002394239999999881
0.006943176000000051
0.01412577600000009
0.009337376000000064
-0.0002394239999999881
-0.007422024000000027
-0.014604623999999955
-0.005027823999999903
0.004548976000000038
0.002154776000000025
-0.0002394239999999881
0.0013567093333333169
0.002952842666666733
0.004548976000000038
-0.005027823999999903
-0.014604623999999955
-0.00023942399999987707
0.01412577600000009
0.01532287600000004
0.016519976000000103
0.017717076000000054
0.018914176000000005
-0.0002394239999999881
-0.007422024000000027
-0.014604623999999955
-0.014604623999999955
-0.014604623999999955
-0.016998823999999968
-0.01939302399999998
-0.01620075733333326
-0.01300849066666665
-0.009816223999999929
-0.007422023999999916
-0.005027824000000014
-0.002633624000000001
-0.00229159542857138
-0.0019495668571428704
-0.0016075382857142495
-0.0012655097142857397
-0.0009234811428571188
-0.000581452571428609
-0.0002394239999999881
-0.005027824000000014
-0.002633624000000001
-0.0002394239999999881
0.004548976000000038
-0.014604623999999955
-0.014604623999999955
-0.011013323999999991
-0.007422024000000027
-0.003830723999999952
-0.0002394239999999881
0.004548976000000038
-0.005027824000000014
-0.009816223999999929
-0.014604623999999955
-0.012210423999999942
-0.009816223999999929
-0.007422024000000027
-0.005027824000000014
-0.009816223999999929
-0.014604623999999955
-0.009816223999999929
-0.005027824000000014
-0.005027824000000014
-0.00981622400000004
-0.014604623999999955
-0.01939302399999998
-0.009816223999999929
-0.009816223999999929
-0.009816223999999929
-0.005027823999999903
-0.0002394239999999881
-0.005027823999999903
-0.009816223999999929
-0.009816223999999929
-0.009816223999999929
-0.009816223999999929
-0.009132166857142798
-0.008448109714285668
-0.007764052571428537
-0.007079995428571406
-0.0063959382857142755
-0.005711881142857145
-0.005027824000000014
-0.009816223999999929
-0.002633624000000001
-0.003830723999999952
-0.005027824000000014
-0.006224923999999965
-0.007422023999999916
-0.008619123999999978
-0.009816223999999929
-0.028969823999999922
0.009337376000000064
-0.01939302399999998
-0.01300849066666665
-0.006623957333333319
-0.0002394239999999881
-0.0002394239999999881
