-0.009816223999999929
-0.009816223999999929
-0.009816223999999929
-0.009132166857142798
-0.008448109714285668
-0.007764052571428537
-0.007079995428571406
-0.0063959382857142755
-0.005711881142857145
-0.005027824000000014
-0.009816223999999929
-0.002633624000000001
-0.003830723999999952
-0.005027824000000014
-0.006224923999999965
-0.007422023999999916
-0.008619123999999978
-0.009816223999999929
-0.028969823999999922
0.009337376000000064
-0.01939302399999998
-0.01300849066666665
-0.006623957333333319
-0.0002394239999999881
-0.0002394239999999881
-0.0002394239999999881
-0.0002394239999999881
-0.0002394239999999881
-0.0002394239999999881
-0.0002394239999999881
-0.0002394239999999881
-0.0002394239999999881
0.002154776000000025
0.004548976000000038
-0.0002394239999999881
-0.005027824000000014
-0.002633624000000001
-0.0002394239999999881
0.002154776000000025
0.004548976000000038
0.006943176000000051
0.009337376000000064
-0.00023942399999987707
-0.009816223999999929
-0.009816223999999929
-0.009816223999999929
-0.007422024000000027
-0.005027824000000014
0.004548976000000038
0.01412577600000009
0.009337376000000064
0.004548976000000038
0.002154776000000025
-0.0002394239999999881
0.002154776000000025
0.004548976000000038
0.009337376000000064
0.01412577600000009
0.004548976000000038
-0.005027824000000014
-0.003830723999999952
-0.002633624000000001
-0.005027824000000014
0.004548976000000038
-0.005027824000000014
-0.005027824000000014
-0.009816223999999929
-0.016998823999999968
-0.024181424000000007
-0.005027824000000014
-0.005027824000000014
-0.005027824000000014
-0.005027824000000014
-0.0002394239999999881
0.004548976000000038
0.005147526000000013
0.0057460760000001
0.006344626000000075
0.006943176000000051
0.007541726000000026
0.008140276000000002
0.008738826000000088
0.009337376000000064
-0.01939302399999998
-0.007422024000000027
-0.005027824000000014
-0.006224923999999965
-0.007422024000000027
-0.008619123999999978
-0.009816223999999929
-0.0002394239999999881
-0.002633624000000001
-0.005027824000000014
-0.009816223999999929
-0.009816223999999929
-0.009816223999999929
-0.014604623999999955
-0.016998823999999968
-0.01939302399999998
-0.009816223999999929
-0.0002394239999999881
-0.0021547840000000207
-0.004070143999999942
-0.005985503999999975
-0.007900863999999896
-0.009816223999999929
-0.0002394239999999881
-0.014604623999999955
-0.005027824000000014
-0.004429274000000039
-0.003830723999999952
-0.0032321739999999766
-0.002633624000000001
-0.0020350740000000256
-0.00143652400000005
-0.0008379739999999636
-0.0002394239999999881
-0.014604623999999955
-0.009816223999999929
-0.002633624000000001
-0.014604623999999955
-0.008220090666666624
-0.001835557333333293
0.004548976000000038
-0.0002394239999999881
-0.005027824000000014
-0.005027824000000014
-0.005027824000000014
-0.005027824000000014
0.004548976000000038
-0.001835557333333293
-0.008220090666666624
-0.014604623999999955
-0.007422024000000027
-0.0002394239999999881
-0.0002394239999999881
-0.0002394239999999881
-0.0002394239999999881
-0.0002394239999999881
-0.0002394239999999881
-0.0002394239999999881
-0.0002394239999999881
-0.0002394239999999881
-0.006623957333333319
-0.01300849066666665
-0.01939302399999998
-0.01620075733333326
-0.01300849066666665
-0.009816223999999929
-0.007422024000000027
-0.005027824000000014
-0.006224923999999965
-0.007422024000000027
-0.008619123999999978
-0.009816223999999929
-0.009816223999999929
-0.009816223999999929
0.009337376000000064
0.002154776000000025
-0.005027824000000014
-0.005027824000000014
0.004548976000000038
0.002154776000000025
-0.0002394239999999881
0.009337376000000064
0.002154776000000025
-0.005027824000000014
-0.007422024000000027
-0.009816223999999929
-0.012210423999999942
-0.014604623999999955
-0.012210423999999942
-0.009816223999999929
-0.005027823999999903
0.002154776000000025
-0.005027824000000014
-0.006623957333333319
-0.008220090666666624
-0.009816223999999929
-0.007422024000000027
-0.005027824000000014
-0.006224923999999965
-0.007422024000000027
-0.008619123999999978
-0.009816223999999929
-0.009816223999999929
-0.005027823999999903
-0.0002394239999999881
-0.0002394239999999881
-0.0002394239999999881
-0.0002394239999999881
0.009337376000000064
-0.002633624000000001
-0.014604623999999955
-0.007422024000000027
-0.0002394239999999881
-0.007422024000000027
-0.014604623999999955
-0.009816223999999929
-0.005027824000000014
-0.005027824000000014
-0.005027824000000014
-0.006623957333333319
-0.008220090666666624
-0.009816223999999929
-0.007422024000000027
-0.005027824000000014
-0.005027824000000014
-0.005027824000000014
-0.005027824000000014
-0.014604623999999955
-0.005027823999999903
0.004548976000000038
-0.005027823999999903
-0.014604623999999955
-0.016998823999999968
-0.01939302399999998
-0.012210424000000053
-0.005027824000000014
-0.004070144000000053
-0.0031124639999999815
-0.0021547840000000207
-0.0011971039999999489
-0.0002394239999999881
-0.001436523999999939
-0.002633624000000001
-0.003830723999999952
-0.005027823999999903
-0.006224923999999965
-0.007422023999999916
-0.008619123999999978
-0.009816223999999929
-0.005027824000000014
-0.016998823999999968
-0.028969823999999922
-0.0002394239999999881
-0.014604623999999955
-0.014604623999999955
-0.014604623999999955
-0.014604623999999955
-0.0002394239999999881
0.004548976000000038
0.0011286902857142733
-0.00229159542857138
-0.005711881142857145
-0.009132166857142798
-0.012552452571428563
-0.015972738285714216
-0.01939302399999998
-0.014604623999999955
-0.00981622400000004
-0.005027824000000014
-0.009816223999999929
-0.014604623999999955
-0.009816223999999929
-0.005027824000000014
-0.0002394239999999881
0.004548976000000038
-0.024181424000000007
-0.014604623999999955
-0.005027824000000014
0.004548976000000038
-0.024181424000000007
-0.014604623999999955
-0.005027824000000014
0.004548976000000038
0.01412577600000009
0.01412577600000009
0.004548976000000038
-0.005027824000000014
-0.014604623999999955
-0.007422024000000027
-0.005027824000000014
-0.005027823999999903
-0.006224923999999854
-0.007422023999999916
-0.008619123999999978
-0.009816223999999929
0.02370257600000003
-0.0002394239999999881
0.002154776000000025
0.004548976000000038
0.006943176000000051
0.001755742666666671
-0.003431690666666598
-0.008619123999999978
-0.013806557333333358
-0.018993990666666627
-0.024181424000000007
0.004548976000000038
-0.01939302399999998
0.01412577600000009
0.002154776000000025
-0.009816223999999929
-0.002633624000000001
0.004548976000000038
-0.001835557333333293
-0.008220090666666624
-0.014604623999999955
0.009337376000000064
0.005347042666666746
0.001356709333333428
-0.002633624000000001
-0.006623957333333319
-0.010614290666666637
-0.014604623999999955
-0.009816223999999929
-0.005027824000000014
-0.0002394239999999881
-0.007422024000000027
-0.014604623999999955
-0.014604623999999955
-0.014604623999999955
-0.005027823999999903
0.004548976000000038
-0.03375822399999995
-0.012210423999999942
0.009337376000000064
-0.03375822399999995
-0.005027823999999903
0.001356709333333428
0.007741242666666759
0.01412577600000009
-0.00023942399999987707
-0.014604623999999955
-0.024181424000000007
-0.03375822399999995
-0.009816223999999929
-0.028969823999999922
-0.014604623999999955
-0.00023942399999987707
0.01412577600000009
-0.007422023999999916
-0.028969823999999922
-0.00023940399999999862
0.028491016000000036
0.0021547960000000144
-0.024181424000000007
-0.011412357333333345
0.001356709333333428
0.01412577600000009
-0.014604623999999955
-0.012210423999999942
-0.009816223999999929
-0.016998823999999968
-0.024181424000000007
-0.01939302399999998
-0.007422013999999977
0.004548996000000027
0.01652000600000003
0.028491016000000036
0.02330357933333338
0.018116142666666724
0.012928706000000068
0.0077412693333334115
0.0025538326666667555
-0.0026336039999999006
-0.007821040666666668
-0.013008477333333324
-0.01819591399999998
-0.023383350666666636
-0.028570787333333292
-0.03375822399999995
0.018914176000000005
0.002154776000000025
-0.014604623999999955
0.01412577600000009
-0.01939302399999998
-0.007422024000000027
0.004548976000000038
-0.005027824000000014
-0.005027824000000014
-0.0002394239999999881
-0.005027824000000014
0.01412577600000009
-0.014604623999999955
-0.006623957333333319
0.001356709333333428
0.009337376000000064
-0.009816223999999929
-0.028969823999999922
0.009337396000000053
0.00933738933333339
0.009337382666666727
0.009337376000000064
0.002154776000000025
-0.005027824000000014
-0.0002394239999999881
-0.0002394239999999881
-0.0002394239999999881
-0.003431690666666598
-0.006623957333333319
-0.009816223999999929
0.01412577600000009
-0.028969823999999922
-0.007422023999999916
0.01412577600000009
-0.005027823999999903
-0.024181424000000007
-0.02035070399999994
-0.016519983999999988
-0.012689264000000033
-0.008858543999999968
-0.005027823999999903
-0.0011971039999999489
0.0026336160000000053
0.0064643360000000705
0.010295056000000136
0.01412577600000009
-0.024181424000000007
0.002154776000000025
0.0024968045714286458
0.0028388331428571556
0.0031808617142857765
0.0035228902857142863
0.003864918857142907
0.004206947428571417
0.004548976000000038
-0.024181424000000007
-0.0002394239999999881
0.004548976000000038
-0.014604623999999955
-0.005027824000000014
-0.006224923999999965
-0.007422024000000027
-0.008619123999999978
-0.009816223999999929
-0.005027824000000014
-0.014604623999999955
-0.016998823999999968
-0.005027824000000014
-0.003431690666666709
-0.001835557333333293
-0.0002394239999999881
-0.00143652400000005
-0.002633624000000001
-0.003830723999999952
-0.005027824000000014
-0.004070144000000053
-0.0031124639999999815
-0.0021547840000000207
-0.0011971039999999489
-0.0002394239999999881
-0.007422024000000027
-0.008619123999999978
-0.009816223999999929
-0.009816223999999929
-0.014604623999999955
-0.01939302399999998
-0.005027823999999903
0.009337376000000064
0.007741242666666759
0.006145109333333343
0.004548976000000038
-0.014604623999999955
-0.03375822399999995
-0.0002394239999999881
-0.007422024000000027
-0.014604623999999955
-0.01939302399999998
-0.024181424000000007
-0.014604623999999955
-0.014604623999999955
-0.014604623999999955
-0.014604623999999955
-0.01939302399999998
-0.024181424000000007
-0.01300849066666665
-0.001835557333333293
0.009337376000000064
0.009337376000000064
0.011731576000000077
0.01412577600000009
0.002154776000000025
-0.009816223999999929
-0.007422024000000027
-0.005027824000000014
-0.002633624000000001
-0.0002394239999999881
-0.0002394239999999881
-0.0002394239999999881
-0.005027823999999903
-0.009816223999999929
-0.002633624000000001
0.004548976000000038
0.006943176000000051
0.009337376000000064
-0.01939302399999998
-0.01300849066666665
-0.006623957333333319
-0.0002394239999999881
-0.005027824000000014
0.002154776000000025
0.009337376000000064
0.004548976000000038
-0.0002394239999999881
0.002154776000000025
0.004548976000000038
0.003351875999999976
0.002154776000000025
0.0009576760000000739
-0.0002394239999999881
-0.00143652400000005
-0.002633624000000001
-0.003830723999999952
-0.005027824000000014
-0.002633624000000001
-0.0002394239999999881
-0.0002394239999999881
-0.0002394239999999881
-0.0002394239999999881
-0.0002394239999999881
0.006943176000000051
-0.0002394239999999881
-0.007422023999999916
-0.014604623999999955
-0.009816223999999929
0.004548976000000038
0.018914176000000005
0.012330125999999941
0.005746075999999989
-0.0008379739999999636
-0.007422024000000027
-0.008619123999999978
-0.009816223999999929
-0.01939302399999998
-0.014604623999999955
-0.009816223999999929
-0.009816223999999929
-0.009816223999999929
-0.005027823999999903
-0.0002394239999999881
0.004548976000000038
0.004548976000000038
0.0013567093333333169
-0.001835557333333293
-0.005027824000000014
-0.014604623999999955
-0.01300849066666665
-0.011412357333333234
-0.009816223999999929
-0.014604623999999955
-0.016400273999999992
-0.01819592399999992
-0.019991573999999956
-0.021787223999999883
