0.006145111333333342
0.007741244666666702
0.009337378000000007
0.009337378000000007
0.008738828000000032
0.008140278
0.007541728000000025
0.00694317800000005
0.006344628000000019
0.005746078000000043
0.005147528000000012
0.004548978000000037
0.004548978000000037
0.004548978000000037
0.004548978000000037
0.002154778000000024
-0.00023942199999998914
0.002154778000000024
0.004548978000000037
-0.002633622000000002
-0.002633622000000002
-0.00023942199999998914
-0.0018355553333332941
-0.0034316886666666546
-0.00502782199999996
0.004548978000000037
0.0009576780000000173
-0.002633622000000002
-0.006224921999999966
-0.009816221999999986
0.004548978000000037
-0.00502782199999996
-0.00023942199999998914
0.004548978000000037
0.006145111333333342
0.007741244666666702
0.009337378000000007
-0.005027831999999954
-0.01939304199999997
-0.017597390749999997
-0.015801739499999967
-0.014006088249999993
-0.012210436999999963
-0.010414785749999989
-0.008619134499999959
-0.006823483249999984
-0.005027831999999954
-0.00323218074999998
-0.0014365295000000056
0.00035912175000002433
0.0021547729999999987
0.003950424250000029
0.005746075500000003
0.007541726750000033
0.009337378000000007
0.006145111333333342
0.0029528446666666763
-0.00023942199999998914
0.009337378000000007
0.002154778000000024
0.018914208000000043
0.004548978000000037
0.009337393000000027
0.004548978000000037
0.014125778000000033
0.009337378000000063
0.004548978000000037
-0.007422031999999967
-0.01939304199999997
-0.012210431999999993
-0.00502782199999996
-0.007422021999999973
-0.00023942199999998914
0.00694317800000005
0.014125778000000033
0.00694317800000005
0.006145111333333397
0.005347044666666689
0.004548978000000037
-0.00023942199999998914
-0.007422021999999973
-0.014604621999999956
-0.007422021999999973
-0.00023942199999998914
-0.00023942199999998914
-0.00023942199999998914
-0.00023942199999998914
0.014125778000000033
0.009337378000000063
0.004548978000000037
-0.00023942199999998914
-0.00502782199999996
0.009337378000000007
0.009337378000000007
0.009337378000000007
0.009337378000000007
0.009337378000000007
0.009337378000000007
-0.00023942199999998914
-0.00502782199999996
-0.00502782199999996
0.004548978000000037
0.004548978000000037
0.004548978000000037
0.0029528446666666763
0.0013567113333333713
-0.00023942199999998914
-0.0018355553333332941
-0.0034316886666666546
-0.00502782199999996
-0.00662395533333332
-0.008220088666666625
-0.009816221999999986
0.004548978000000037
-0.00981622199999993
0.004548978000000037
0.014125778000000033
0.01572192133333339
0.017318064666666688
0.018914208000000043
-0.00023942199999998914
-0.00023942199999998914
-0.00023942199999998914
-0.00023942199999998914
-0.00023942199999998914
-0.00023942199999998914
-0.00023942199999998914
0.004548978000000037
0.004548978000000037
0.004548978000000037
0.004548978000000037
0.004548978000000037
0.004548978000000037
0.005027818000000017
0.005506658000000053
0.0059854980000000335
0.006464338000000069
0.00694317800000005
0.014125778000000033
0.00694317800000005
-0.00023942199999998914
0.004548978000000037
0.009337378000000063
0.014125778000000033
0.009337378000000007
0.004548978000000037
-0.00023942199999998914
-0.00023942199999998914
-0.00023942199999998914
-0.00023942199999998914
-0.00502782199999996
-0.00502782199999996
-0.00502782199999996
-0.0026336219999999466
-0.00023942199999998914
0.002154778000000024
0.004548978000000037
-0.00023942199999998914
-0.00502782199999996
-0.009816221999999986
0.004548993000000057
0.018914208000000043
0.014125792999999998
0.009337378000000007
-0.00023942199999998914
-0.00023942199999998914
-0.00023942199999998914
-0.005027822000000015
-0.009816221999999986
-0.009816221999999986
-0.009816221999999986
-0.009816221999999986
-0.009816221999999986
-0.009816221999999986
-0.014604621999999956
-0.002633622000000002
0.009337378000000007
0.004548978000000037
0.004548978000000037
0.004548978000000037
0.004548978000000037
0.004548978000000037
0.009337378000000007
0.009337378000000007
0.009337378000000007
0.004548978000000037
-0.00023942199999998914
0.0029528446666666763
0.006145111333333342
0.009337378000000007
-0.00502782199999996
-0.00502782199999996
-0.00502782199999996
-0.00502782199999996
-0.002633622000000002
-0.00023942199999998914
5.98529999999986e-05
0.00035912799999998635
0.0006584030000000296
0.0009576780000000173
0.001256953000000005
0.0015562280000000484
0.001855503000000036
0.002154778000000024
0.01173159300000004
0.012928685500000037
0.014125778000000033
0.014125778000000033
0.014125778000000033
-0.00023942199999998914
0.014125778000000033
0.011465555777777803
0.008805333555555572
0.006145111333333342
0.0034848891111111113
0.0008246668888889364
-0.0018355553333332941
-0.004495777555555525
-0.007155999777777755
-0.009816221999999986
0.004548978000000037
0.002154778000000024
0.0009576780000000173
-0.00023942199999998914
0.009337378000000007
0.002154778000000024
-0.00502782199999996
-0.00023942199999998914
0.004548978000000037
0.009337378000000007
-0.038546641999999964
-0.013008495333333314
0.012529651333333336
0.038067798000000014
-0.057700262
0.0021547829999999935
0.06200982800000002
0.042856211333333366
0.023702594666666688
0.004548978000000037
0.004016933555555602
0.003484889111111167
0.0029528446666666763
0.0024208002222222413
0.0018887557777778063
0.0013567113333333713
0.0008246668888888808
0.00029262244444444585
-0.00023942199999998914
-0.014604632000000006
0.06200982800000002
0.047644616333333334
0.03327940466666668
0.018914193000000024
0.004548981333333313
-0.009816230333333342
-0.024181441999999997
0.05722142800000002
-0.00502783200000001
-0.028969841999999968
0.01891419800000005
-0.024181441999999997
-0.014604635333333338
-0.005027828666666623
0.004548978000000037
0.004548978000000037
0.004548978000000037
0.026096798000000032
0.04764461800000003
0.026096803000000002
0.0045489880000000316
-0.01699882699999994
-0.038546641999999964
0.014125778000000033
0.004548973000000012
-0.005027831999999954
-0.014604636999999976
-0.024181441999999997
0.06200982800000002
-0.002633616999999977
-0.04453214950000001
-0.08643068199999998
-0.002633622000000002
0.081163438
0.04764461133333334
0.014125784666666696
-0.01939304199999997
0.0009576755000000325
0.021308393000000037
0.04165911050000001
0.06200982800000002
-0.07206546199999997
0.06679822800000002
0.030885203000000028
-0.00502782199999996
0.02370259800000002
0.052433018000000026
-0.052911861999999976
-0.002633622000000002
0.04764461800000003
0.03008713800000004
0.012529658000000055
-0.00502782199999996
0.02529873466666671
0.055625291333333354
0.08595184800000003
-0.038546641999999964
-0.020989168666666613
-0.0034316953333333178
0.014125778000000033
0.002154778000000024
-0.009816221999999986
0.04285621800000003
-0.024181441999999997
-0.021787237000000015
-0.019393031999999977
-0.01699882699999994
-0.014604621999999956
-0.015203174499999972
-0.015801726999999988
-0.016400279499999948
-0.016998831999999964
-0.01759738449999998
-0.01819593699999994
-0.018794489499999956
-0.01939304199999997
0.01651999300000001
-0.021787231999999934
-0.009816228666666593
0.0021547746666666923
0.014125778000000033
-0.00023941699999996402
0.0021547805000000086
0.004548978000000037
-0.0038307269999999782
-0.012210431999999993
-0.020590136999999953
-0.028969841999999968
0.052433018000000026
0.031683271333333346
0.010933524666666694
-0.009816221999999986
0.0045489880000000316
0.018914197999999993
0.03327940800000001
0.04764461800000003
-0.043335022
0.009337388000000002
0.03806780800000001
0.06679822800000002
0.056742581000000014
0.04668693400000001
0.03663128700000001
0.02657564000000001
0.01651999300000001
0.00646434600000001
-0.003591300999999991
-0.013646947999999992
-0.023702594999999993
-0.033758241999999994
-0.00502781699999999
0.023702608000000014
0.0021547829999999935
-0.002633622000000002
-0.00502782199999996
-0.014604621999999956
0.016519998000000036
0.04764461800000003
0.028491003000000015
0.009337388000000002
-0.009816226999999955
-0.028969841999999968
-0.00023941866666665756
0.02849100466666668
0.05722142800000002
0.04285621675000001
0.0284910055
0.01412579424999999
-0.00023941700000001953
0.004548998000000026
-0.019393011999999987
-0.043335022
-0.019393011999999987
0.004548998000000026
0.028491008000000012
0.017717100500000027
0.006943193000000014
-0.003830714499999943
-0.014604621999999956
0.021308393000000037
0.006145114666666673
-0.009018163666666634
-0.024181441999999997
0.038067798000000014
0.009337378000000007
-0.01939304199999997
-0.048123462000000006
0.006943183000000019
0.06200982800000002
0.0021547829999999935
-0.057700262
0.06679822800000002
0.028490998000000017
-0.00981623199999998
-0.048123462000000006
-0.007422026999999998
0.03327940800000001
0.0021547829999999935
-0.028969841999999968
0.038067798000000014
0.011731588000000015
-0.014604621999999956
-0.007422021999999973
-0.00023942199999998914
0.004548978000000037
0.009337378000000007
0.014125778000000033
-0.01939304199999997
-0.005027831999999954
0.009337378000000007
0.023702588000000024
0.038067798000000014
0.02529872466666666
0.012529651333333336
-0.00023942199999998914
-0.013008495333333314
-0.02577756866666664
-0.038546641999999964
0.05722142800000002
-0.06248866199999997
0.05722142800000002
0.011731592999999985
-0.014604621999999956
-0.01141235533333329
-0.008220088666666625
-0.00502782199999996
0.000718264000000024
0.006464350000000008
0.012210436000000047
0.01795652200000003
0.023702608000000014
0.004548978000000037
0.009337378000000007
0.009337378000000007
0.002154778000000024
-0.00502782199999996
0.018914208000000043
0.00694319300000007
-0.00502782199999996
-0.002633622000000002
-0.00023942199999998914
0.00035912799999998635
0.0009576780000000173
0.0015562280000000484
0.002154778000000024
0.0027533279999999993
0.0033518780000000303
0.003950428000000061
0.004548978000000037
-0.0014365219999999401
-0.007422021999999973
0.004548978000000037
0.03327940800000001
-0.00023942199999998914
-0.00023942199999998914
-0.00023942199999998914
-0.00023942199999998914
-0.00023942199999998914
0.0013567113333333713
0.0029528446666666763
0.004548978000000037
-0.00023942199999998914
0.002154778000000024
0.004548978000000037
0.0013567113333333713
-0.0018355553333332941
-0.00502782199999996
-0.0018355553333332941
0.0013567113333333713
0.004548978000000037
0.00694317800000005
0.009337378000000007
0.004548978000000037
0.004548978000000037
0.004548978000000037
0.004548978000000037
0.004548978000000037
0.004548978000000037
0.0026336180000000597
0.0007182580000000272
-0.00119710199999995
-0.0031124619999999825
-0.00502782199999996
-0.002633622000000002
-0.00023942199999998914
0.009337393000000027
0.018914208000000043
0.00694319300000007
-0.00502782199999996
0.009337378000000007
-0.007422021999999973
0.009337378000000007
0.009337378000000007
0.009337378000000007
0.009337378000000007
0.009337378000000007
0.006943177999999994
0.004548978000000037
0.002154778000000024
0.0033518780000000303
0.004548978000000037
-0.00023942199999998914
-0.00502782199999996
0.002154778000000024
0.009337378000000007
0.009337378000000007
0.009337378000000007
0.009337378000000007
0.009337378000000007
0.009337378000000007
0.009337378000000007
0.004548978000000037
0.006145111333333397
