0.009576800000000052
1.1102230246251565e-16
0.004788400000000137
0.009576800000000052
1.1102230246251565e-16
-0.009576799999999941
0.0
0.002394200000000013
0.004788400000000026
0.005659018181818243
0.006529636363636349
0.007400254545454565
0.008270872727272782
0.009141490909090999
0.010012109090909105
0.010882727272727322
0.011753345454545538
0.012623963636363755
0.013494581818181861
0.014365200000000078
0.011172933333333357
0.007980666666666747
0.004788400000000026
1.1102230246251565e-16
-0.004788399999999915
0.004788400000000026
-0.004788399999999915
0.009576800000000052
0.007182600000000039
0.004788400000000026
0.002394200000000013
0.0
0.0
-0.004788399999999915
-0.009576799999999941
-0.010773899999999892
-0.011970999999999954
-0.013168100000000016
-0.014365199999999967
-0.010773899999999892
-0.007182599999999928
-0.007980666666666636
-0.008778733333333233
-0.009576799999999941
-0.010374866666666649
-0.011172933333333246
-0.011970999999999954
-0.012769066666666662
-0.013567133333333259
-0.014365199999999967
-0.009576799999999941
-0.007182599999999928
-0.014365199999999967
-0.012769066666666662
-0.011172933333333246
-0.009576799999999941
0.004788400000000026
-0.002394200000000013
-0.009576799999999941
-0.007182599999999928
-0.004788399999999915
-0.002394200000000013
0.0
-0.009576799999999941
0.004788400000000026
1.1102230246251565e-16
-0.004788399999999915
1.1102230246251565e-16
0.004788400000000026
0.001596133333333416
-0.001596133333333305
-0.004788399999999915
0.0
0.003192266666666721
0.006384533333333331
0.009576800000000052
0.0
0.003192266666666721
0.006384533333333331
0.009576800000000052
0.004788400000000026
0.0
0.019153600000000104
0.021547800000000117
0.02394200000000002
0.019153599999999993
0.014365200000000078
0.01675940000000009
0.019153600000000104
0.011971000000000065
0.004788400000000026
0.004788400000000026
0.004788400000000026
0.003591299999999964
0.002394200000000013
0.001197100000000062
0.0
-0.009576799999999941
0.004788400000000026
0.007182600000000039
0.009576800000000052
0.002394200000000013
-0.004788399999999915
-0.00638453333333322
-0.007980666666666636
-0.009576799999999941
0.004788400000000026
-0.002394200000000013
-0.009576799999999941
-0.005985499999999977
-0.002394200000000013
0.001197100000000062
0.004788400000000026
-0.004788399999999915
-0.014365199999999967
-0.011970999999999954
-0.009576799999999941
-0.010944914285714202
-0.012313028571428575
-0.013681142857142836
-0.015049257142857098
-0.01641737142857136
-0.01778548571428573
-0.019153599999999993
-0.00319226666666661
-0.006916577777777766
-0.010640888888888811
-0.014365199999999967
0.0
0.002394200000000013
0.004788400000000026
-0.002394200000000013
-0.009576799999999941
-0.011970999999999954
-0.014365199999999967
-0.009576799999999941
-0.004788400000000026
0.0
-0.019153599999999993
-0.01675939999999998
-0.014365199999999967
-0.015562299999999918
-0.01675939999999998
-0.017956500000000042
-0.019153599999999993
-0.004788399999999915
-0.014365199999999967
-0.013681142857142836
-0.012997085714285705
-0.012313028571428575
-0.011628971428571333
-0.010944914285714202
-0.010260857142857072
-0.009576799999999941
-0.011970999999999954
-0.004788399999999915
0.002394200000000013
0.009576800000000052
0.002394200000000013
0.003591299999999964
0.004788400000000026
0.007182600000000039
0.009576800000000052
0.007182600000000039
0.004788400000000026
0.014365199999999967
0.02394200000000002
0.0
0.009576800000000052
0.019153600000000104
0.007182600000000039
-0.004788399999999915
-0.00638453333333322
-0.007980666666666636
-0.009576799999999941
0.002394200000000013
0.014365200000000078
-0.009576799999999941
0.009576800000000052
0.028730400000000045
0.002394200000000013
-0.023941999999999908
1.1102230246251565e-16
0.02394200000000002
0.002394200000000013
-0.019153599999999993
0.011971020000000054
0.0430956400000001
0.009576820000000041
-0.023941999999999908
-0.017717075999999943
-0.011492151999999867
-0.005267227999999902
0.0009576960000000634
0.0071826200000001394
0.013407544000000104
0.01963246800000007
0.025857392000000035
0.03208231600000011
0.038307240000000076
-0.038307259999999954
0.019153600000000104
0.004788400000000026
-0.02633622999999996
-0.014365219999999956
-0.002394209999999952
0.009576800000000052
-0.001596133333333305
-0.012769066666666551
-0.023941999999999908
-0.012769066666666551
-0.001596133333333305
0.009576800000000052
-0.019153630000000033
-0.047884060000000006
-0.027533332499999896
-0.0071826049999998975
0.05267244000000004
0.0023941900000000738
-0.047884060000000006
-0.03543420799999997
-0.022984355999999928
-0.010534504
0.001915348000000039
0.014365200000000078
-0.028730399999999934
-0.021205771428571385
-0.013681142857142836
-0.006156514285714287
0.0013681142857143724
0.008892742857142921
0.01641737142857147
0.02394200000000002
0.002394200000000013
-0.019153599999999993
0.007182600000000039
0.02394200000000002
0.002394200000000013
0.003917781818181809
0.005441363636363716
0.0069649454545455125
0.008488527272727309
0.010012109090909105
0.011535690909091012
0.013059272727272808
0.014582854545454604
0.0161064363636364
0.017630018181818308
0.019153600000000104
0.004788400000000137
-0.009576799999999941
-0.009576799999999941
0.014365200000000078
0.01675942000000008
-0.009576799999999941
0.05267244000000004
0.03351883000000011
0.014365220000000067
-0.004788389999999976
-0.023941999999999908
0.02394200000000002
-0.04309565999999998
-0.02513914499999992
-0.007182629999999968
0.010773884999999983
0.028730400000000045
-0.04309565999999998
0.019153600000000104
-0.0015961533333332945
-0.022345906666666582
-0.04309565999999998
0.028730400000000045
0.004788400000000026
-0.019153599999999993
-0.0023941899999999627
0.014365220000000067
0.031124629999999986
0.04788404000000002
-0.019153599999999993
0.019153600000000104
0.007182600000000039
-0.004788399999999915
0.002394200000000013
0.009576800000000052
-0.004788399999999915
-0.019153599999999993
1.1102230246251565e-16
0.019153600000000104
0.014365200000000078
0.013726746666666734
0.01308829333333339
0.012449840000000045
0.011811386666666701
0.011172933333333357
0.010534480000000013
0.009896026666666669
0.009257573333333435
0.008619120000000091
0.007980666666666747
0.007342213333333403
0.0067037600000000586
0.006065306666666714
0.00542685333333337
0.004788400000000026
0.0
-0.00319226666666661
0.019153600000000104
0.011172933333333468
0.003192266666666721
-0.004788399999999915
-0.012769066666666551
-0.020749733333333298
-0.028730399999999934
-0.002394199999999902
0.014365213333333404
-0.047884060000000006
-0.004788409999999965
0.038307240000000076
0.0047884200000000154
-0.028730399999999934
0.038307240000000076
0.0071826200000001394
-0.023941999999999908
-0.007182589999999878
0.009576820000000041
0.02633623000000007
0.0430956400000001
-0.004788399999999915
0.014365220000000067
0.03351884000000005
0.007182620000000028
-0.019153599999999993
-0.01586157499999996
-0.01256954999999993
-0.009277525000000009
-0.005985499999999977
-0.0026934749999999452
0.0005985499999999755
0.0038905750000000072
0.007182600000000039
0.001197100000000062
-0.004788399999999915
0.0
-0.0017956500000000375
-0.003591299999999964
-0.0053869500000000015
-0.007182600000000039
-0.008978249999999965
-0.010773900000000003
-0.01256954999999993
-0.014365199999999967
-0.004788399999999915
0.004788400000000026
-0.007182599999999928
0.002394200000000013
0.019153600000000104
0.010534480000000124
0.0019153600000001436
-0.0067037599999999475
-0.015322879999999928
-0.023941999999999908
-0.019752149999999857
-0.015562299999999918
-0.011372449999999978
-0.007182599999999928
-0.0029927499999998775
0.001197100000000062
0.0053869500000000015
0.009576800000000052
-0.014365199999999967
-0.011970999999999954
-0.004788399999999915
-0.009576799999999941
-0.00837969999999999
-0.007182599999999928
-0.005985499999999866
-0.004788399999999915
-0.00319226666666661
-0.001596133333333305
0.0
0.004788400000000026
0.009576800000000052
0.014365200000000078
-0.002394200000000013
-0.0009576799999999608
0.0004788399999999804
0.0019153600000000326
0.0033518799999999738
0.004788400000000026
0.002394200000000013
0.004104342857142895
0.0058144857142857775
0.00752462857142866
0.009234771428571431
0.010944914285714313
0.012655057142857196
0.014365200000000078
-0.019153599999999993
0.002394200000000013
0.019153600000000104
0.0
0.011971000000000065
0.02394200000000002
0.009576800000000052
-0.004788399999999915
-0.004788399999999915
-0.004788399999999915
-0.004788399999999915
1.1102230246251565e-16
0.004788400000000026
0.009576800000000052
0.004788400000000026
1.1102230246251565e-16
-0.004788399999999915
-0.009576799999999941
-0.009576799999999941
-0.004788399999999915
-0.004788399999999915
-0.004788399999999915
-0.009576799999999941
-0.014365199999999967
-0.011970999999999954
-0.009576799999999941
-0.014365199999999967
-0.019153599999999882
-0.023941999999999908
-0.020749733333333298
-0.017557466666666577
-0.014365199999999967
-0.01256954999999993
-0.010773899999999892
-0.008978249999999965
-0.007182599999999928
-0.009576799999999941
-0.009576799999999941
-0.007182599999999928
-0.004788399999999915
-0.002394199999999902
1.1102230246251565e-16
0.002394200000000013
0.004788400000000026
0.007182600000000039
0.009576800000000052
-0.003591299999999964
-0.01675939999999987
0.0
0.0
0.014365200000000078
0.009576800000000052
0.009576800000000052
0.004788400000000026
1.1102230246251565e-16
-0.004788399999999915
-0.002394200000000013
0.0
-0.001197099999999951
-0.002394200000000013
-0.003591299999999964
-0.004788399999999915
0.009576800000000052
0.006384533333333442
0.003192266666666721
1.1102230246251565e-16
-0.001596133333333194
-0.00319226666666661
-0.004788399999999915
0.004788400000000026
0.004788400000000026
0.004788400000000026
0.004788400000000026
0.006384533333333331
0.007980666666666747
0.009576800000000052
0.019153599999999993
0.028730400000000045
0.021547800000000006
0.014365199999999967
0.007182600000000039
0.0
0.0
0.004788400000000026
-0.004788399999999915
-0.004788399999999915
-0.004788399999999915
-0.00638453333333322
-0.007980666666666636
-0.009576799999999941
-0.004788399999999915
0.0
-0.0028730399999999934
-0.005746079999999987
-0.00861911999999998
-0.011492159999999974
-0.014365199999999967
-0.007182600000000039
-0.004788399999999915
-0.002394200000000013
0.0
-0.006384533333333331
-0.012769066666666662
-0.019153599999999993
