-0.021667474999999214
-0.021068974999998602
-0.020470474999999766
-0.019871974999999154
-0.019273475000000317
-0.018674974999999705
-0.018076474999999093
-0.017477975000000257
-0.016879474999999644
-0.01847547499999891
-0.02007147499999995
-0.021667474999999214
-0.021667474999999214
-0.023263475000000255
-0.02485947499999952
-0.02645547500000056
-0.021667474999999214
0.0022745250000006934
-0.0005984750000003203
-0.0034714749999995576
-0.006344475000000571
-0.009217474999999808
-0.012090475000000822
-0.012090475000000822
-0.024061474999999888
-0.016879474999999644
-0.016879474999999644
-0.016879474999999644
-0.007302474999999475
-0.01209097499999956
-0.016879474999999644
-0.016879474999999644
-0.016879474999999644
-0.016879474999999644
-0.016879474999999644
-0.016879474999999644
-0.016879474999999644
-0.016879474999999644
-0.016879474999999644
-0.016879474999999644
-0.016879474999999644
-0.016879474999999644
-0.016879474999999644
-0.0264559749999993
-0.013686475000000087
-0.0025134750000006534
-0.02645547500000056
-0.028849974999999972
-0.031244474999999383
-0.032840475000000424
-0.03443647499999969
-0.03603247500000073
-0.034835474999999505
-0.033638475000000057
-0.03244147500000061
-0.031244474999999383
-0.031244474999999383
0.007062525000000264
0.0010771500000004153
-0.004908224999999433
-0.010893599999999282
-0.01687897499999913
-0.0025134750000006534
-0.014484475000001495
-0.02645547500000056
-0.024061474999999888
-0.021667474999999214
-0.0264559749999993
-0.031244474999999383
-0.029329074999999705
-0.027413675000000026
-0.02549827499999857
-0.023582874999998893
-0.021667474999999214
-0.02645547500000056
-0.007302474999999475
-0.021667474999999214
-0.012090474999999046
-0.0025134750000006534
-0.004907975000000064
-0.007302474999999475
-0.014484975000000233
-0.021667474999999214
-0.019273475000000317
-0.016879474999999644
-0.02166772500000036
-0.0264559749999993
-0.031244225000000014
-0.03603247500000073
-0.03603247500000073
-0.03284014166666793
-0.02964780833333336
-0.02645547500000056
-0.014484975000000233
-0.023263808333332747
-0.03204264166666704
-0.04082147499999955
-0.02645547500000056
-0.01927297500000158
-0.012090475000000822
-0.011132875000001263
-0.010175274999999928
-0.00921767500000037
-0.008260074999999034
-0.007302474999999475
-0.008499474999998924
-0.009696475000000149
-0.010893475000001374
-0.012090475000000822
-0.016879474999999644
-0.031244474999999383
-0.012090475000000822
-0.016879474999999644
-0.019273475000000317
-0.021667474999999214
-0.019273475000000317
-0.016879474999999644
-0.01209097499999956
-0.007302474999999475
-0.010494808333332273
-0.013687141666666847
-0.016879474999999644
-0.02645547500000056
-0.01687897499999913
-0.007302474999999475
-0.014484975000000233
-0.021667474999999214
-0.02645547500000056
-0.024061474999999888
-0.021667474999999214
-0.023263475000000255
-0.02485947499999952
-0.02645547500000056
-0.031243975000000646
-0.03603247500000073
-0.03683064166666661
-0.03762880833333426
-0.03842697500000014
-0.03922514166666602
-0.040023308333333674
-0.04082147499999955
-0.016879474999999644
-0.019273475000000317
-0.021667474999999214
-0.016879474999999644
-0.007302474999999475
-0.009696475000000149
-0.012090475000000822
-0.009696475000000149
-0.007302474999999475
-0.01687897499999913
-0.02645547500000056
-0.025258474999999336
-0.024061474999999888
-0.02286447500000044
-0.021667474999999214
-0.031244474999999383
-0.031244474999999383
-0.031244474999999383
-0.031244474999999383
-0.021667474999999214
-0.0264559749999993
-0.031244474999999383
-0.012090475000000822
-0.021667474999999214
-0.031244474999999383
-0.024061975000000402
-0.016879474999999644
-0.015682225000000827
-0.014484975000000233
-0.01328772499999964
-0.012090475000000822
-0.0025134750000006534
-0.031244474999999383
-0.03244147500000061
-0.033638475000000057
-0.034835474999999505
-0.03603247500000073
-0.04082147499999955
-0.021667474999999214
-0.022625174999999942
-0.023582874999998893
-0.02454057499999962
-0.02549827499999857
-0.0264559749999993
-0.027413675000000026
-0.028371374999998977
-0.029329074999999705
-0.030286774999998656
-0.031244474999999383
-0.024859808333333788
-0.018475141666666417
-0.012090475000000822
-0.00011997499999871764
-0.02645547500000056
-0.031244474999999383
-0.02645547500000056
-0.028849974999999972
-0.031244474999999383
-0.021667474999999214
-0.018794474999999977
-0.015921474999998964
-0.013048474999999726
-0.010175474999998713
-0.007302474999999475
-0.012090475000000822
-0.016879474999999644
-0.016879474999999644
-0.016879474999999644
-0.021667474999999214
-0.012090474999999046
-0.0025134750000006534
-0.004254747727273411
-0.005996020454546169
-0.007737293181818927
-0.009478565909091685
-0.011219838636364443
-0.012961111363635425
-0.014702384090908183
-0.01644365681818094
-0.0181849295454537
-0.019926202272726456
-0.021667474999999214
-0.021667474999999214
-0.02645547500000056
-0.02645547500000056
-0.031244474999999383
-0.03603247500000073
-0.0025134750000006534
-0.012090475000000822
-0.01927297500000158
-0.02645547500000056
-0.021667474999999214
-0.016879474999999644
-0.018794675000000538
-0.020709874999999656
-0.02262507500000055
-0.024540274999999667
-0.02645547500000056
-0.02645547500000056
-0.031244474999999383
-0.02964814166666585
-0.028051808333334094
-0.02645547500000056
-0.0025134750000006534
-0.016879474999999644
-0.016879474999999644
-0.016879474999999644
-0.013687141666666847
-0.010494808333332273
-0.007302474999999475
-0.00810055833333223
-0.008898641666666762
-0.009696724999999518
-0.010494808333332273
-0.011292891666666804
-0.01209097499999956
-0.012889058333332315
-0.013687141666666847
-0.014485224999999602
-0.015283308333332357
-0.01608139166666689
-0.016879474999999644
-0.016879474999999644
-0.007302474999999475
-0.028052141666666586
-0.04082147499999955
-0.019273475000000317
-0.0025141416666674132
0.014245191666667267
0.03100452500000017
-0.06476347499999946
-0.05718180833333264
-0.04960014166666582
-0.04201847500000078
-0.03443680833333396
-0.026855141666667137
-0.019273475000000317
0.09086002499999957
0.032601191666666196
-0.025657641666667175
-0.08391647500000055
-0.007301975000000738
0.06931252499999907
0.08048519166666601
0.09165785833333295
0.1028305249999999
-0.05518647499999929
-0.08870497500000063
-0.12222347500000019
0.06452352500000025
0.093253858333334
0.12198419166666596
0.1507145249999997
0.10522502500000108
0.05973552500000068
0.034425382142858396
0.009115239285714338
-0.016194903571427943
-0.041505046428572
-0.06681518928571428
-0.09212533214285834
-0.11743547500000062
0.04058152500000034
0.07410052500000042
-0.17010797500000052
-0.1449688499999997
-0.11982972500000066
-0.09469060000000162
-0.0695514750000008
-0.2467219750000016
-0.12222372499999956
0.0022745250000006934
-0.0456094750000009
-0.09349347500000071
-0.14616597500000061
-0.19883847500000051
-0.25789547499999976
-0.3169524750000008
-0.37600947500000004
0.06452352500000025
0.013447191666667635
-0.037629141666666754
-0.08870547499999937
-0.12102697499999948
-0.1533484749999996
-0.1856699749999997
-0.21799147499999982
0.007063024999999001
-0.0360327250000001
-0.0791284749999992
-0.033638475000000057
0.011851524999999086
0.027812858333332358
0.04377419166666563
0.0597355249999989
0.07569685833333395
0.09165819166666722
0.1076195250000005
0.2847900249999995
-0.12222347500000019
0.21296402499999978
0.3039435249999993
0.234512024999999
0.16508052500000048
0.08846602500000067
0.011851524999999086
-0.06476297500000072
-0.14137747500000053
0.09804252500000032
0.08846552500000016
-0.04560947499999912
-0.17968447500000018
-0.31375947499999945
-0.16053097499999858
-0.007302474999999475
-0.04082147499999955
-0.14137747500000053
-0.24193347499999973
-0.31615397500000064
-0.3903744749999998
-0.12222397499999893
0.14592652500000014
-0.012090474999999046
-0.170107475
-0.1294064749999997
-0.08870547499999937
-0.053590475000000026
-0.01847547499999891
0.016639525000000432
0.33746352500000043
0.22733012499999994
0.11719672499999945
0.007063325000000731
-0.10307007499999976
-0.21320347500000025
0.1028305249999999
0.29915552499999976
-0.016879474999999644
-0.08631097499999996
-0.15574247500000027
-0.03603247500000073
0.08367752500000059
0.0022745250000006934
-0.07912847500000098
-0.16053147500000087
-0.44783497499999925
-0.26427980833333287
-0.08072464166666649
0.1028305249999999
-0.007302475000001252
-0.11743547500000062
-0.07433947500000038
-0.02645547500000056
0.021428524999999254
0.17705152499999954
0.33267452499999983
0.10522552499999982
-0.12222347500000019
-0.08471447500000018
-0.04720547500000016
-0.009696475000000149
0.027812524999999866
0.06532152499999988
0.1028305249999999
0.1794450249999997
0.2560595249999995
-0.1461654750000001
-0.028849974999999972
-0.10785847500000045
-0.18686697499999916
-0.26587547499999964
-0.21440022500000033
-0.16292497499999925
-0.11144972499999817
-0.05997447499999886
-0.19883847500000051
-0.08710914166666761
0.02462019166666707
0.13634952499999997
0.1754547750000004
0.21456002499999904
0.25366527499999947
0.09923940000000009
-0.05518647499999929
0.08846552500000016
-0.031244474999999383
-0.1509544750000007
-0.31375997499999997
-0.47656547499999924
-0.22278047499999865
0.03100452500000017
-0.00012007499999988624
-0.031244674999999944
-0.062369275
-0.09349387500000006
-0.12461847500000012
-0.15574307500000018
-0.18686767500000023
-0.2179922750000003
-0.24911687500000035
-0.2802414750000004
0.05973552500000068
0.2321175249999996
0.2895785249999996
0.0812830249999994
-0.13658947500000096
-0.16183738409091042
-0.1870852931818181
-0.21233320227272756
-0.23758111136363702
-0.2628290204545465
-0.28807692954545416
-0.3133248386363636
-0.3385727477272731
-0.36382065681818254
-0.3890685659090902
-0.4143164749999997
-0.27425572499999973
-0.13419497499999977
0.03419719166666724
0.06931202500000033
-0.002513725000000022
-0.07433947500000038
-0.09588747499999961
-0.11743547500000062
-0.07074847500000025
-0.024061475000001664
0.022625524999998703
0.06931252499999907
-0.23714547500000016
-0.14776214166666612
-0.058378808333333865
0.03100452500000017
0.03898519166666681
0.04696585833333344
0.05494652500000008
0.06292719166666672
0.07090785833333335
0.07888852499999999
0.08686919166666662
0.09484985833333326
0.1028305249999999
-0.021667474999999214
0.09804252500000032
0.014245524999999759
0.007062525000000264
0.03459602500000081
0.06212952500000135
0.08966302500000012
0.11719652500000066
0.05574535833333272
-0.005705808333333451
-0.0671569750000014
0.007062525000000264
-0.10785847500000045
-0.024061474999999888
0.05973552500000068
0.057820125000001
0.05590472500000132
0.053989324999999866
0.05207392500000019
0.05015852500000051
0.04824312500000083
0.04632772500000115
0.0444123249999997
0.04249692500000002
0.04058152500000034
-0.02645547500000056
-0.01049480833333405
0.04537052499999916
0.053750025000001145
0.06212952500000135
0.03579352500000077
0.03442541785714326
0.03305731071428575
0.03168920357142824
0.030321096428572503
0.028952989285714992
0.02758488214285748
0.02621677499999997
0.02484866785714246
0.023480560714284948
0.022112453571427437
0.020744346428571703
0.019376239285714192
0.01800813214285668
0.01664002499999917
-0.01209097499999956
-0.05039797500000098
0.07170602499999923
-0.021667474999999214
-0.004110141666666678
0.013447191666667635
0.03100452500000017
0.007860691666666142
-0.015283141666666111
-0.03842697500000014
-0.06157080833333417
-0.08471464166666642
-0.10785847500000045
-0.08631097499999996
-0.11743547500000062
0.016639525000000432
0.035793025000000256
0.05494652500000008
0.062129524999999575
0.06931252499999907
0.038187774999999036
0.007063024999999001
-0.024061724999999257
-0.05518647499999929
0.011851524999999086
-0.04082147499999955
-0.08152247499999987
-0.12222347500000019
-0.05279197499999988
0.016639525000000432
-0.01687897499999913
-0.05039747500000047
-0.03603247500000073
-0.021667474999999214
-0.024061474999999888
-0.02645547500000056
-0.0025134750000006534
0.021428524999999254
0.04537052499999916
-0.007301975000000738
-0.05997447500000064
0.016639525000000432
0.019034024999999843
0.021428524999999254
-0.00011947499999998001
-0.021667474999999214
-0.024061474999999888
-0.02645547500000056
-0.020071141666667458
-0.013686808333332579
-0.007302474999999475
-0.012888974999999192
-0.01847547499999891
-0.024061975000000402
-0.02964847500000012
-0.035234974999999835
-0.04082147499999955
-0.05518647499999929
0.016639525000000432
-0.04800397499999853
-0.06596022499999954
-0.08391647500000055
-0.051993808333334
-0.020071141666667458
0.011851524999999086
-0.016879474999999644
-0.007302474999999475
0.0022745250000006934
-0.002513974999999391
-0.007302474999999475
-0.010175474999998713
-0.013048474999999726
-0.015921474999998964
-0.018794474999999977
-0.021667474999999214
-0.021667474999999214
-0.021667474999999214
-0.033638475000000057
-0.0456094750000009
-0.02884997500000175
-0.012090475000000822
-0.007302474999999475
-0.0025134750000006534
-0.012090474999999046
-0.021667474999999214
-0.023035617857141588
-0.024403760714285738
-0.025771903571428112
-0.027140046428570486
-0.02850818928571286
-0.02987633214285701
-0.031244474999999383
-0.027413675000000026
-0.02358287500000067
-0.019752074999999536
-0.01592127500000018
-0.012090475000000822
-0.031244474999999383
-0.02645547500000056
-0.03603247500000073
-0.012090475000000822
-0.012090475000000822
-0.031244474999999383
-0.031244474999999383
-0.031244474999999383
-0.031244474999999383
-0.031244474999999383
-0.028850308333332464
-0.026456141666665545
-0.024061975000000402
-0.021667808333333483
-0.019273641666666563
-0.016879474999999644
-0.009696475000000149
-0.016879474999999644
-0.02645547500000056
-0.023263475000000255
-0.02007147499999995
-0.016879474999999644
-0.031244474999999383
-0.033638724999999425
-0.03603297499999947
-0.03842722499999951
-0.04082147499999955
-0.03603297499999947
-0.031244474999999383
-0.021667474999999214
-0.007302474999999475
-0.008260074999999034
-0.00921767500000037
-0.010175274999999928
-0.011132875000001263
-0.012090475000000822
-0.007302474999999475
-0.012090475000000822
-0.021667474999999214
-0.016879474999999644
-0.020470724999999135
-0.024061975000000402
-0.027653224999999892
-0.031244474999999383
