0.029089550500000005
0.01951273050000002
0.026695335500000028
0.03387794050000004
0.04106054549999999
0.0482431505
0.029089550500000005
0.029089550500000005
0.029089550500000005
0.029089550500000005
0.03387795050000003
0.03228181716666667
0.030685683833333366
0.029089550500000005
0.0274934171666667
0.02589728383333334
0.024301150500000035
0.024301150500000035
0.014724330499999994
0.01951273549999999
0.024301140499999985
0.017916603833333322
0.01153206716666666
0.005147530499999997
0.024301150500000035
0.024301150500000035
0.024301150500000035
0.02270501050000001
0.021108870500000043
0.01951273050000002
0.021906935500000002
0.024301140499999985
0.026695345500000023
0.029089550500000005
0.026695350500000048
0.024301150500000035
0.024301150500000035
0.024301150500000035
0.024301150500000035
0.024301150500000035
0.024301150500000035
0.024301150500000035
0.024301150500000035
0.024301150500000035
0.024301150500000035
0.024301150500000035
0.019512740500000014
0.014724330499999994
0.020310803833333335
0.025897277166666677
0.03148375050000002
0.024301150500000035
0.0386663505
0.03387795050000003
0.03228181494444449
0.030685679388888942
0.029089543833333342
0.027493408277777798
0.025897272722222253
0.02430113716666671
0.02270500161111111
0.021108866055555564
0.01951273050000002
0.035474080500000005
0.05143543049999999
0.0673967805
0.00754173050000001
0.01951273050000002
0.02549823550000002
0.031483740500000024
0.037469245500000026
0.04345475050000003
0.014724330499999994
0.014724330499999994
0.019512740500000014
0.03148374549999999
0.04345475050000003
0.021906940500000027
0.00035913050000002666
0.008738835500000042
0.017118540500000057
0.025498245500000016
0.03387795050000003
0.029089550500000005
0.029089547166666674
0.029089543833333342
0.02908954050000001
0.04584896049999998
0.0626083805
0.04824316550000002
0.03387795050000003
0.03447650050000001
0.03507505050000004
0.03567360050000001
0.03627215049999999
0.027493410499999982
0.01871467050000003
0.009935930500000023
0.021108870500000043
0.03228181050000001
0.04345475050000003
0.03387795050000003
0.01951273050000002
0.02908954050000001
0.0386663505
0.02908954050000001
0.01951273050000002
0.014724330499999994
0.009935930500000023
0.017916603833333378
0.025897277166666677
0.03387795050000003
0.024301140499999985
0.014724330499999994
0.013527230499999987
0.01233013049999998
0.01113303050000003
0.009935930500000023
0.014724330499999994
0.024301150500000035
0.014724330499999994
0.017118530500000007
0.01951273050000002
0.014724330499999994
0.009935930500000023
0.013128197166666689
0.016320463833333354
0.01951273050000002
0.024301150500000035
0.022705013833333343
0.021108877166666706
0.019512740500000014
0.017916603833333322
0.016320467166666686
0.014724330499999994
0.024301150500000035
0.0386663505
0.03627215049999999
0.03387795050000003
0.035474083833333336
0.0370702171666667
0.0386663505
0.0386663505
0.03228181050000001
0.025897270500000014
0.01951273050000002
0.021906940500000027
0.024301150500000035
0.026695350500000048
0.029089550500000005
0.03148375050000002
0.03387795050000003
0.03627215049999999
0.0386663505
0.033877950499999976
0.029089550500000005
0.03148375050000002
0.014724330499999994
0.04345475050000003
0.03387795050000003
0.024301150500000035
0.019512740500000014
0.014724330499999994
0.016519983000000016
0.018315635500000038
0.020111288000000005
0.021906940500000027
0.025498245500000016
0.029089550500000005
0.029089550500000005
0.029089550500000005
0.026695350500000048
0.024301150500000035
0.01951273050000002
0.02430113716666671
0.029089543833333342
0.03387795050000003
0.024301150500000035
0.024301150500000035
0.024301150500000035
0.024301150500000035
0.024301150500000035
0.024301150500000035
0.024301150500000035
0.026695350500000048
0.029089550500000005
0.03148375050000002
0.03387795050000003
0.03627215049999999
0.0386663505
0.0386663505
0.01951273050000002
0.01951273050000002
0.04345475050000003
0.04345475050000003
0.04345475050000003
0.03387795050000003
0.03387795050000003
0.03387795050000003
0.03387795050000003
0.03387795050000003
0.03387795050000003
0.03387795050000003
0.03387795050000003
0.03228181716666667
0.030685683833333366
0.029089550500000005
0.01951273050000002
0.021906940500000027
0.024301150500000035
0.014724330499999994
0.03387795050000003
0.03148375050000002
0.02908955050000006
0.026695350500000048
0.024301150500000035
0.005147530499999997
0.011532070499999991
0.01791661050000004
0.024301150500000035
0.021108877166666706
0.017916603833333322
0.014724330499999994
0.0159214305
0.017118530500000007
0.018315630500000013
0.01951273050000002
0.021906940500000027
0.029089550500000005
0.02430114550000001
0.019512740500000014
0.014724335500000019
0.009935930500000023
0.01951273050000002
0.022705003833333348
0.025897277166666677
0.029089550500000005
0.026695350500000048
0.02489969550000004
0.023104040500000034
0.021308385500000027
0.01951273050000002
0.024301135500000015
0.02908954050000001
0.033877945500000006
0.0386663505
0.029089550500000005
0.0482431505
0.024301150500000035
0.024301150500000035
0.024301150500000035
0.024301150500000035
0.014724330499999994
0.01233013049999998
0.009935930500000023
0.0482431505
0.037708670499999986
0.027174190499999973
0.016639710500000016
0.006105230500000003
-0.00442924950000001
0.014724330499999994
0.018315635499999983
0.02190694049999997
0.025498245500000016
0.029089550500000005
0.023104045500000003
0.017118540500000057
0.005147530500000053
-0.006823479500000007
-0.01879448950000001
0.03387795050000003
0.021906940500000027
0.009935930500000023
0.019512740500000014
0.029089550500000005
0.01233015049999997
-0.00442924950000001
0.005147550499999987
0.014724350499999983
0.024301150500000035
0.03387795050000003
0.009935930500000023
0.053031550500000024
0.021906930500000033
-0.009217689500000015
0.01233013049999998
0.03387795050000003
0.03148375050000002
0.029089550500000005
0.03148375050000002
0.03387795050000003
0.019512740500000014
0.005147530499999997
0.031483755500000044
0.057819980500000034
0.04664703716666668
0.03547409383333339
0.024301150500000035
0.028291485500000046
0.0322818205
0.036272155500000014
0.04944026800000001
0.0626083805
0.053031570500000014
0.04345476050000002
0.03387795050000003
0.0386663505
0.005147530499999997
-0.028371289500000008
0.00035913050000002666
0.029089550500000005
0.019512743833333346
0.009935937166666686
0.00035913050000002666
-0.00442924950000001
-0.009217669500000025
-0.014006089499999985
0.014724330499999994
0.04345475050000003
0.014724330499999994
-0.014006089499999985
-0.014006089499999985
-0.01240995616666668
-0.01081382283333332
-0.009217689500000015
0.04345475050000003
0.033877945500000006
0.024301140499999985
0.014724335500000019
0.005147530499999997
-0.00442924950000001
0.005147540499999992
0.014724330499999994
0.02908954050000001
0.04345475050000003
0.024301140499999985
0.005147530499999997
0.014724340500000044
0.024301150500000035
0.041060565500000035
0.057819980500000034
0.04345476550000005
0.029089550500000005
0.031141721928571453
0.033193893357142845
0.03524606478571429
0.03729823621428574
0.03935040764285719
0.04140257907142858
0.04345475050000003
0.053031550500000024
0.050637365499999976
0.0482431505
0.053031550500000024
0.055425754250000014
0.057819958000000005
0.060214161749999995
0.06260836550000004
0.06500256925000003
0.06739677300000002
0.06979097675000001
0.0721851805
0.005147530499999997
0.0769735705
0.05303156050000002
0.029089550500000005
0.02789245800000001
0.026695365500000012
0.0769735705
0.036272160499999984
-0.00442924950000001
-0.00442924950000001
-0.00442924950000001
0.00035913050000002666
0.00035913050000002666
0.00035913050000002666
-0.006823474499999982
-0.01400607949999999
-0.0211886845
-0.028371289500000008
0.005147530499999997
0.024301140499999985
0.04345475050000003
0.014724330499999994
0.019113700499999997
0.0235030705
0.027892440500000004
0.03228181050000001
0.03667118050000001
0.041060550500000015
0.0626083805
0.00035913050000002666
0.015682018500000006
0.03100490650000004
0.04632779450000002
0.0616506825
0.0769735705
0.014724330499999994
0.00035913050000002666
0.00035913050000002666
0.0338779555
0.0673967805
0.058504030500000026
0.04961128050000002
0.040718530500000016
0.03182578050000001
0.022933030500000007
0.014040280500000002
0.005147530499999997
0.009935930499999968
0.024301150500000035
0.017118540500000057
0.009935930500000023
0.026695340499999998
0.04345475050000003
0.0602141605
0.0769735705
-0.009217689500000015
0.02430114550000001
0.057819980500000034
0.049440273000000035
0.041060565500000035
0.032680858000000035
0.024301150500000035
0.057819980500000034
0.01951274550000004
-0.01879448950000001
0.016320470500000017
0.05143543049999999
0.08655039050000002
0.04345476050000002
0.00035913050000002666
0.005147530499999997
0.00035913050000002666
0.009935930500000023
0.01951273050000002
0.013527235500000012
0.007541740500000005
0.0015562454999999975
-0.00442924950000001
0.009935930500000023
0.0626083805
0.047046067999999996
0.031483755500000044
0.015921443000000035
0.00035913050000002666
0.016320470500000017
0.03228181050000001
0.0482431505
0.042497066500000014
0.03675098250000003
0.03100489849999999
0.025258814500000004
0.01951273050000002
0.017118545500000026
0.045848950499999985
0.03707021049999998
0.028291470500000027
0.01951273050000002
0.009935930500000023
0.015522400500000033
0.021108870500000043
0.026695340499999998
0.03228181050000001
0.03786828050000002
0.04345475050000003
0.00035913050000002666
0.0068576783571429045
0.013356226214285727
0.019854774071428605
0.026353321928571427
0.032851869785714305
0.03935041764285718
0.045848965500000005
0.03387794050000004
0.03866635549999997
0.02310404425000001
0.007541732999999995
-0.008020578250000021
-0.02358288949999998
0.008339800499999994
0.040262490500000025
0.0721851805
-0.014006089499999985
0.01951273050000002
0.014724330499999994
0.017597374499999985
0.020470418499999976
0.023343462500000023
0.026216506500000014
0.029089550500000005
0.02765302850000001
0.026216506500000014
0.02477998450000002
0.023343462500000023
0.02190694049999997
0.020470418499999976
0.01903389649999998
0.017597374499999985
0.01616085249999999
0.014724330499999994
0.023702589250000017
0.03268084800000004
0.04165910675000001
0.05063736550000003
0.009935930500000023
0.019512743000000055
0.019512740500000014
0.02142810249999999
0.023343464500000022
0.025258826499999998
0.02717418850000003
0.029089550500000005
0.02908954050000001
0.033877945500000006
0.0386663505
0.03627215049999999
0.03387795050000003
0.041060550500000015
0.0482431505
0.021906950500000022
-0.00442924950000001
0.0673967805
0.02908954549999998
-0.009217689500000015
0.0027533204999999894
0.014724330499999994
0.026695340499999998
0.0386663505
0.0386663505
0.030685677166666647
0.022705003833333348
0.014724330499999994
0.017118530500000007
0.01951273050000002
0.03627214050000005
0.053031550500000024
0.02908954050000001
0.005147530499999997
0.026695340499999998
0.0482431505
0.045370108500000006
0.042497066500000014
0.03962402450000002
0.03675098250000003
0.03387794050000004
0.022705003833333348
0.011532067166666715
0.00035913050000002666
0.014724337166666712
0.029089543833333342
0.04345475050000003
0.014724330499999994
0.01951273050000002
0.021108870500000043
0.02270501050000001
0.024301150500000035
0.02717419050000003
0.03004723050000002
0.032920270500000015
0.03579331050000001
0.0386663505
0.02908954050000001
0.01951273050000002
0.021428094499999994
0.023343458500000025
0.0252588225
0.02717418650000003
0.029089550500000005
0.0386663505
0.009935930500000023
0.03148375050000002
0.0386663505
0.029089550500000005
0.04345475050000003
0.04026248383333336
0.0370702171666667
0.03387795050000003
0.024301150500000035
0.024301150500000035
0.024301150500000035
0.024301150500000035
0.024301150500000035
0.029089550500000005
0.04345475050000003
0.0370702171666667
0.030685683833333366
0.024301150500000035
0.024301150500000035
0.017118540500000057
0.009935930500000023
0.014724335500000019
0.019512740500000014
0.02430114550000001
0.029089550500000005
0.014724330499999994
0.014724330499999994
0.026695340499999998
0.0386663505
0.03467601383333335
0.030685677166666647
0.026695340499999998
0.022705003833333348
0.018714667166666643
0.014724330499999994
0.024301150500000035
0.026695350500000048
0.02908955050000006
0.024301150500000035
0.024301150500000035
0.024301150500000035
0.024301150500000035
0.0274934171666667
0.030685683833333366
0.03387795050000003
0.03228181716666667
0.030685683833333366
0.029089550500000005
0.029089550500000005
0.029089550500000005
0.026695350500000048
0.024301150500000035
0.02190694383333336
0.019512737166666683
0.017118530500000007
0.023343454500000027
0.029568378499999992
0.03579330250000001
0.04201822649999998
