-0.012090475000000822
-0.016879474999999644
-0.016879474999999644
-0.016879474999999644
-0.016879474999999644
-0.03603247500000073
-0.016879474999999644
-0.012090808333333314
-0.007302141666666984
-0.0025134750000006534
-0.007302141666666984
-0.012090808333333314
-0.016879474999999644
-0.016879474999999644
-0.021667474999999214
-0.02645547500000056
-0.02725364166666644
-0.028051808333334094
-0.028849974999999972
-0.02964814166666585
-0.030446308333333505
-0.031244474999999383
-0.028849974999999972
-0.02645547500000056
-0.02645547500000056
-0.0025134750000006534
-0.007301975000000738
-0.012090475000000822
-0.0025139750000011674
0.007062525000000264
-0.02645547500000056
-0.02964780833333336
-0.03284014166666793
-0.03603247500000073
-0.03603247500000073
-0.03603247500000073
-0.03603247500000073
-0.03603247500000073
-0.03603247500000073
-0.03603247500000073
-0.03603247500000073
-0.03603247500000073
-0.03603247500000073
-0.024061475000001664
-0.021667474999999214
-0.01687897499999913
-0.016879141666665376
-0.016879308333333398
-0.016879474999999644
-0.04082147499999955
-0.03842722499999951
-0.03603297499999947
-0.033638724999999425
-0.031244474999999383
-0.02645547500000056
-0.031244474999999383
-0.0025134750000006534
-0.012090474999999046
-0.021667474999999214
-0.026455808333333053
-0.03124414166666689
-0.03603247500000073
-0.03842697500000014
-0.04082147499999955
-0.03483597500000002
-0.028850475000000486
-0.022864974999999177
-0.016879474999999644
-0.012090475000000822
-0.031244474999999383
-0.024061975000000402
-0.016879474999999644
-0.004908474999998802
0.007062525000000264
-0.016879474999999644
-0.014484975000000233
-0.012090475000000822
-0.01927297500000158
-0.02645547500000056
-0.024061474999999888
-0.021667474999999214
-0.023263475000000255
-0.02485947499999952
-0.02645547500000056
-0.012090474999999046
0.0022745250000006934
-0.021667474999999214
-0.021667474999999214
-0.021667474999999214
-0.024061474999999888
-0.02645547500000056
-0.02645547500000056
-0.02645547500000056
-0.02485947499999952
-0.023263475000000255
-0.021667474999999214
-0.012090475000000822
-0.01414261785714288
-0.016194760714286716
-0.018246903571428774
-0.02029904642857261
-0.022351189285714668
-0.024403332142858503
-0.02645547500000056
-0.01927297500000158
-0.012090475000000822
-0.04082147499999955
-0.031244474999999383
-0.021667474999999214
-0.03603247500000073
-0.021667474999999214
-0.014484975000000233
-0.007302474999999475
-0.01209097499999956
-0.016879474999999644
-0.013687141666666847
-0.010494808333332273
-0.007302474999999475
-0.007302474999999475
-0.007302474999999475
-0.02645547500000056
-0.02645547500000056
-0.02645547500000056
-0.03842647499999963
-0.05039747500000047
-0.04321497499999971
-0.03603247500000073
-0.03284014166666793
-0.02964780833333336
-0.02645547500000056
-0.016879474999999644
-0.0264559749999993
-0.03603247500000073
-0.0264559749999993
-0.016879474999999644
-0.02007147499999995
-0.023263475000000255
-0.02645547500000056
-0.021667474999999214
-0.028849974999999972
-0.03603247500000073
-0.028849974999999972
-0.021667474999999214
-0.021667474999999214
-0.021667474999999214
-0.021667474999999214
-0.021667474999999214
-0.020470474999999766
-0.019273475000000317
-0.018076474999999093
-0.016879474999999644
-0.007302474999999475
-0.009217874999999154
-0.011133274999998832
-0.013048675000000287
-0.014964074999999966
-0.016879474999999644
-0.031244474999999383
-0.012090475000000822
-0.01927297500000158
-0.02645547500000056
-0.01927297500000158
-0.012090475000000822
-0.013686641666668109
-0.01528280833333362
-0.01687897499999913
-0.018475141666666417
-0.020071308333333704
-0.021667474999999214
-0.021667474999999214
-0.04082147499999955
-0.03603247500000073
-0.03028647500000048
-0.024540475000000228
-0.018794474999999977
-0.013048474999999726
-0.007302474999999475
-0.005706141666665943
-0.004109808333334186
-0.0025134750000006534
-0.021667474999999214
-0.023263475000000255
-0.02485947499999952
-0.02645547500000056
-0.02645547500000056
-0.02645547500000056
-0.02645547500000056
-0.02645547500000056
-0.02645547500000056
-0.02645547500000056
-0.02645547500000056
-0.02645547500000056
-0.009696475000000149
-0.02645547500000056
-0.007302474999999475
-0.00011997499999871764
0.007062525000000264
-0.007302474999999475
-0.02166747500000099
-0.03603247500000073
0.016639525000000432
-0.002513974999999391
-0.021667474999999214
-0.019273349999998857
-0.0168792249999985
-0.014485099999999917
-0.01209097499999956
-0.002514225000000536
0.007062525000000264
0.011851025000000348
0.016639525000000432
0.0158415250000008
0.015043524999999391
0.014245524999999759
0.013447525000000127
0.012649524999998718
0.011851524999999086
-0.05518647499999929
0.04058152500000034
0.035793025000000256
0.03100452500000017
-0.06476347499999946
-0.033638475000000057
-0.0025134750000006534
0.002274524999998917
0.007062525000000264
-0.016879474999999644
-0.04082147499999955
-0.06476347499999946
-0.05039747500000047
-0.03922480833333353
-0.028052141666666586
-0.016879474999999644
-0.0456094750000009
-0.08870497500000063
-0.13180047500000036
-0.06955147499999903
-0.007302474999999475
-0.02007147499999995
-0.032840475000000424
-0.0456094750000009
-0.05518647499999929
-0.04800397499999853
-0.04082147499999955
0.016639525000000432
0.07410052500000042
0.04776427500000047
0.021428025000000517
-0.004908224999999433
-0.031244474999999383
0.0262165250000006
0.05973552500000068
0.03339902499999958
0.007062525000000264
0.003770525000000191
0.00047852500000011844
-0.002813474999999954
-0.006105475000000027
-0.0093974750000001
-0.012689475000000172
-0.015981475000000245
-0.019273475000000317
-0.07433947500000038
-0.09189714166666718
-0.10945480833333399
-0.1270124750000008
-0.028849974999999972
-0.022864724999999808
-0.016879474999999644
0.05015852500000051
0.07649452499999931
0.1028305249999999
0.01903352499999933
-0.06476347499999946
-0.028850475000000486
0.007062525000000264
-0.03603297499999947
-0.0791284749999992
-0.11264697499999876
-0.1461654750000001
-0.11264680833333429
-0.07912814166666671
-0.0456094750000009
-0.05997447500000064
-0.07433947500000038
0.0022745250000006934
0.023822524999999928
0.04537052499999916
0.0788890250000005
0.11240752500000006
0.06452352500000025
0.016639525000000432
-0.031244474999999383
0.04537052499999916
-0.01687897499999913
-0.0791284749999992
-0.09668580833333351
-0.11424314166666605
-0.13180047500000036
-0.09987780833333382
-0.06795514166666727
-0.03603247500000073
-0.05997447500000064
0.016639525000000432
0.04297602499999975
0.06931252499999907
0.0597355249999989
0.05015852500000051
0.004668525000001367
-0.04082147499999955
-0.019273475000000317
0.0022745250000006934
-0.01687897499999913
-0.03603247500000073
-0.05518597500000055
-0.07433947500000038
-0.05039747500000047
0.06452352500000025
0.0262165250000006
-0.012090475000000822
-0.006503975000001105
-0.0009174750000013887
0.004669025000000104
0.010255524999999821
0.015842024999999538
0.021428524999999254
-0.02645547500000056
-0.1461654750000001
-0.09588747499999961
-0.07433980833333287
-0.052792141666666126
-0.031244474999999383
-0.02406184999999894
-0.0168792249999985
-0.009696599999999833
-0.002513974999999391
0.004668650000001051
0.011851274999999717
0.01903390000000016
0.0262165250000006
0.0022745250000006934
-0.0025134750000006534
-0.012090475000000822
-0.0073022250000001065
-0.0025139750000011674
0.002274274999999548
0.007062525000000264
0.013156888636363107
0.019251252272727726
0.02534561590909057
0.03143997954545519
0.03753434318181803
0.04362870681818265
0.04972307045454549
0.05581743409091011
0.061911797727272955
0.06800616136363757
0.07410052500000042
0.021428025000000517
-0.03004722499999879
-0.08152247499999987
-0.031244474999999383
-0.08870547499999937
-0.05518647499999929
-0.05039747500000047
-0.11264747499999928
-0.03603247500000073
-0.07433947500000038
-0.056782141666666064
-0.03922480833333353
-0.021667474999999214
0.021428524999999254
0.023822524999999928
0.0262165250000006
0.021428524999999254
0.016639858333332924
0.011851191666666594
0.007062525000000264
0.0262165250000006
0.03818752499999967
0.05015852500000051
0.06212952500000135
0.07410052500000042
0.08846552500000016
0.05494702499999882
0.021428524999999254
0.03818752499999967
0.05494652500000008
0.021428025000000517
-0.012090475000000822
-0.012090475000000822
-0.009696475000000149
-0.007302474999999475
-0.05039797500000098
-0.09349347500000071
-0.08938911785714332
-0.08528476071428592
-0.08118040357142853
-0.07707604642857291
-0.07297168928571551
-0.06886733214285812
-0.06476297500000072
-0.06065861785714333
-0.05655426071428593
-0.052449903571428536
-0.048345546428572916
-0.04424118928571552
-0.040136832142858125
-0.03603247500000073
-0.07912797500000046
-0.12222347500000019
-0.15574247500000027
-0.0791284749999992
-0.0791284749999992
-0.021667474999999214
-0.026455919444444476
-0.03124436388888796
-0.03603280833333322
-0.040821252777776706
-0.04560969722222197
-0.05039814166666545
-0.055186586111110714
-0.0599750305555542
-0.06476347499999946
-0.05039827499999916
-0.03603307499999886
-0.021667875000000336
-0.007302675000000036
0.007062525000000264
-0.014484975000000233
0.05255252500000118
0.023822024999999414
0.023822524999999928
0.021428025000000517
0.0214280750000011
0.02142812499999991
0.021428175000000493
0.0214282249999993
0.021428274999999886
0.02142832500000047
0.021428374999999278
0.021428424999999862
0.02142847499999867
0.021428524999999254
0.03100452500000017
0.05015852500000051
-0.012090474999999046
-0.024061475000001664
-0.028051808333334094
-0.0320421416666683
-0.03603247500000073
-0.007302474999999475
-0.007302474999999475
-0.007302474999999475
-0.004429475000000238
-0.0015564749999992245
0.0013165250000000128
0.0041895250000010265
0.007062525000000264
-0.0264559749999993
-0.031244225000000014
-0.03603247500000073
-0.051993808333334
-0.06795514166666727
-0.08391647500000055
-0.007302474999999475
-0.05518647499999929
-0.04560972500000027
-0.03603297499999947
-0.026456224999998668
-0.016879474999999644
-0.03603247500000073
-0.012090475000000822
-0.021667474999999214
-0.031244474999999383
-0.034436641666665935
-0.037628808333332486
-0.040820975000000814
-0.044013141666667366
-0.04720530833333392
-0.05039747500000047
-0.021667474999999214
-0.01927297500000158
-0.01568172500000209
-0.012090475000000822
-0.021667474999999214
-0.031244474999999383
-0.031244474999999383
-0.031244474999999383
-0.031244474999999383
-0.024859808333333788
-0.018475141666666417
-0.012090475000000822
-0.01687897499999913
-0.021667474999999214
-0.016879141666665376
-0.012090808333333314
-0.007302474999999475
-0.0025134750000006534
-0.012090474999999046
-0.021667474999999214
