0.004788400000000026
0.0
-0.004788400000000026
-0.004788400000000026
-0.004788400000000026
-0.004788400000000026
-0.004788400000000026
-0.009576799999999941
-0.014365199999999967
-0.007182600000000039
0.0
0.004788400000000026
0.009576800000000052
0.004788400000000026
0.0
0.002394200000000013
0.004788400000000026
0.001596133333333305
-0.001596133333333305
-0.004788400000000026
-0.004788400000000026
-0.004788400000000026
0.0
-0.004788400000000026
-0.009576800000000052
-0.007182600000000039
-0.004788400000000026
0.004788400000000026
0.003830720000000065
0.0028730399999999934
0.0019153600000000326
0.0009576799999999608
0.0
0.014365199999999967
0.0
-0.004788400000000026
-0.009576799999999941
-0.014365199999999967
-0.009576799999999941
-0.004788400000000026
0.0
0.0
0.0
0.0
-0.0009576799999999608
-0.0019153600000000326
-0.0028730399999999934
-0.003830720000000065
-0.004788400000000026
0.004788400000000026
0.009576800000000052
0.0
-0.011971000000000065
-0.02394200000000002
-0.017557466666666688
-0.011172933333333357
-0.004788400000000026
0.0
0.004788400000000026
0.011971000000000065
0.019153599999999993
0.0
0.0
0.0
0.002052171428571392
0.004104342857142895
0.006156514285714287
0.00820868571428568
0.010260857142857072
0.012313028571428575
0.014365199999999967
-0.014365199999999967
0.004788400000000026
0.009576799999999941
0.014365199999999967
0.004788399999999915
-0.004788400000000026
-0.014365199999999967
-0.010534480000000013
-0.0067037599999999475
-0.0028730399999999934
0.0009576800000000718
0.004788400000000026
-0.002394200000000013
-0.004788400000000026
-0.007182600000000039
-0.009576800000000052
-0.004788400000000026
0.0
-0.009576800000000052
0.0
0.009576800000000052
0.007980666666666747
0.006384533333333331
0.004788400000000026
0.004788400000000026
0.004788400000000026
0.004788400000000026
-0.009576800000000052
-0.004788400000000026
-0.004788400000000026
-0.004788400000000026
-0.004788400000000026
0.0
-0.006384533333333331
-0.012769066666666662
-0.019153599999999993
-0.004788400000000026
0.004788399999999915
0.014365199999999967
0.004788399999999915
-0.004788400000000026
-0.001197100000000062
0.002394200000000013
0.005985500000000088
0.009576800000000052
0.006384533333333331
0.003192266666666721
0.0
0.004788400000000026
0.009576800000000052
0.002394200000000013
-0.004788400000000026
-0.004788400000000026
-0.004788400000000026
-0.004788400000000026
-0.004788400000000026
0.009576800000000052
0.003192266666666721
-0.003192266666666721
-0.009576800000000052
0.0
0.004788400000000026
0.009576800000000052
0.006384533333333331
0.003192266666666721
0.0
0.0
0.004788400000000026
0.009576800000000052
0.006384533333333331
0.003192266666666721
0.0
0.0
-0.0028730399999999934
-0.005746079999999987
-0.00861911999999998
-0.011492159999999974
-0.014365199999999967
-0.019153599999999993
0.014365199999999967
0.007182600000000039
0.0
-0.019153599999999993
-0.011971000000000065
-0.004788400000000026
-0.007182600000000039
-0.009576800000000052
-0.011971000000000065
-0.014365199999999967
-0.011971000000000065
-0.009576800000000052
-0.011172933333333357
-0.012769066666666662
-0.014365199999999967
0.0
0.002394200000000013
0.004788400000000026
0.0
-0.004788400000000026
-0.004788400000000026
-0.004788400000000026
-0.004788400000000026
-0.004788400000000026
-0.004788400000000026
0.0
0.0
0.0
0.0
-0.004788400000000026
-0.009576799999999941
-0.014365199999999967
-0.006384533333333331
0.001596133333333416
0.009576800000000052
0.004788400000000026
0.0
0.0
0.002394200000000013
0.004788400000000026
-0.004788399999999915
-0.014365199999999967
-0.011970999999999954
-0.009576799999999941
-0.007182600000000039
-0.004788400000000026
-0.005586466666666734
-0.006384533333333331
-0.007182600000000039
-0.007980666666666747
-0.008778733333333344
-0.009576800000000052
0.001596133333333416
-0.009576800000000052
-0.004788400000000026
0.0
-0.001197100000000062
-0.002394200000000013
-0.003591299999999964
-0.004788400000000026
-0.003591299999999964
-0.002394200000000013
-0.001197100000000062
0.0
-0.001596133333333305
-0.003192266666666721
-0.004788400000000026
-0.010773900000000003
-0.01675939999999998
-0.009576800000000052
-0.004788400000000026
-0.002394200000000013
0.0
-0.002394200000000013
-0.004788400000000026
-0.007182600000000039
-0.009576800000000052
-0.009576800000000052
-0.009576800000000052
-0.009576800000000052
-0.009576800000000052
-0.009576800000000052
-0.009576800000000052
0.0
0.0
0.0
0.0
-0.004788400000000026
-0.009576799999999941
-0.014365199999999967
-0.009576800000000052
-0.004788400000000026
0.0
0.004788400000000026
0.003591299999999964
0.002394200000000013
0.001197100000000062
0.0
0.002394200000000013
-0.003591299999999964
-0.009576800000000052
0.0
0.009576800000000052
0.007182600000000039
0.004788400000000026
0.002394200000000013
0.0
-0.004788400000000026
-0.009576800000000052
-0.007980666666666747
-0.006384533333333331
-0.004788400000000026
0.0
0.004788400000000026
0.0
-0.004788400000000026
-0.004788400000000026
-0.004788400000000026
-0.004788400000000026
-0.004788400000000026
-0.004788400000000026
-0.004788400000000026
-0.004788400000000026
0.0
0.004788400000000026
0.011971000000000065
0.019153599999999993
0.010773900000000003
0.002394200000000013
-0.005985499999999977
-0.014365199999999967
0.0
0.009576800000000052
0.007182600000000039
0.004788400000000026
0.019153620000000093
0.03351884000000005
0.0023942200000000025
-0.028730400000000045
-0.007182600000000039
0.014365199999999967
0.028730419999999923
0.04309563999999999
0.02513913000000001
0.007182619999999917
-0.010773890000000064
-0.028730400000000045
0.007182609999999978
0.04309562
0.055066624999999925
0.06703762999999996
0.016759415
-0.03351879999999996
-0.03351879999999996
-0.03351879999999996
-0.0047883800000000365
0.023942039999999998
-0.021547804999999975
-0.06703765
-0.023942023333333284
0.01915360333333338
0.062249230000000044
0.014365203333333354
-0.033518823333333336
-0.08140285000000003
0.06703762999999996
-0.04309565999999998
-0.007182609999999978
0.028730440000000024
0.009576820000000041
-0.009576800000000052
-0.009576800000000052
-0.009576800000000052
0.0
0.009576800000000052
-0.04070143999999998
-0.09097968000000001
-0.04628790666666671
-0.001596133333333305
0.04309563999999999
-0.09576807999999998
-0.007182640000000018
0.0814028
0.019153576666666727
-0.043095646666666654
-0.10534486999999998
0.09576810000000002
0.019153619999999982
-0.05746086000000006
0.019153619999999982
0.09576810000000002
0.03591305
-0.02394200000000002
0.00319227666666666
0.03032655333333334
0.05746083000000002
-0.014365199999999967
-0.019153599999999993
-0.02394200000000002
0.011971019999999943
0.04788404000000002
-0.009576805000000022
-0.06703765
0.06703762999999996
-0.03351883500000008
-0.1340753
-0.031124650000000087
0.07182599999999995
0.0015960999999999892
-0.06863379999999997
-0.13886369999999998
-0.02394200000000002
0.0909797
0.017557500000000004
-0.05586469999999999
-0.12928689999999998
-0.059057000000000026
0.011172900000000041
0.0814028
-0.06703765
0.10534489999999996
0.038307250000000015
-0.028730400000000045
0.05746083000000002
0.03990335333333339
0.022345876666666653
0.004788400000000026
0.011971010000000004
0.019153620000000093
0.02633623000000007
0.03351884000000005
0.032720765000000096
0.03192269000000003
0.031124615000000078
0.04788404000000002
-0.047884060000000006
0.007182585000000019
0.062249230000000044
-0.014365225000000037
-0.09097968000000001
-0.021547819999999995
0.04788404000000002
0.0035913050000000446
-0.04070143000000004
-0.08499416500000001
-0.12928689999999998
0.05746083000000002
-0.13886369999999998
-0.03591303499999998
0.06703762999999996
-0.03351883500000008
-0.1340753
-0.028730449999999963
0.07661439999999997
-0.021547850000000035
-0.11971009999999999
-0.021547850000000035
0.07661439999999997
0.06224920249999999
0.04788400500000001
0.033518807500000025
0.019153609999999932
0.00478841249999995
-0.009576785000000032
-0.07182605000000003
0.0814028
0.014365169999999927
-0.05267246000000003
-0.01596136333333331
0.020749733333333298
0.05746083000000002
0.023942014999999928
-0.009576800000000052
0.019153619999999982
0.04788404000000002
0.019153599999999993
0.02234588000000004
0.025538159999999976
0.028730440000000024
0.035114973333333355
0.041499506666666686
0.04788404000000002
0.019153599999999993
0.038307215000000006
0.05746083000000002
-0.014365199999999967
0.007980676666666686
0.03032655333333334
0.05267242999999999
0.002394184999999993
-0.047884060000000006
-0.01795654499999999
0.011970970000000025
0.04189848499999993
0.07182599999999995
0.03471588749999999
-0.002394225000000083
-0.03950433750000004
-0.07661445
-0.011971010000000004
0.07661439999999997
-0.10055647000000001
-0.019153619999999982
0.062249230000000044
-0.01675942499999994
-0.09576807999999998
-0.05027823499999995
-0.004788389999999976
0.040701455
0.08619129999999997
0.01915364333333336
-0.047884013333333364
-0.11492166999999998
0.06703762999999996
-0.021547819999999995
-0.11013327
-0.07741251333333338
-0.04469175666666669
-0.011971000000000065
0.04189854999999998
0.09576810000000002
-0.12928689999999998
-0.019153599999999993
0.0909797
-0.007182585000000019
-0.10534486999999998
-0.06224924500000001
-0.019153619999999982
0.02394200499999999
0.06703762999999996
-0.10055647000000001
0.0814028
-0.004788440000000005
-0.09097968000000001
-0.009576840000000031
0.07182599999999995
0.012769043333333285
-0.046287913333333375
-0.10534486999999998
-0.019153619999999982
0.06703762999999996
-0.07182605000000003
-0.038307230000000025
-0.004788409999999965
0.028730409999999984
0.062249230000000044
-0.047884060000000006
0.038307239999999965
0.009576820000000041
-0.019153599999999993
0.007182620000000028
0.03351884000000005
0.015961360000000036
-0.0015961199999999787
-0.019153599999999993
0.009576800000000052
0.007182600000000039
0.004788400000000026
0.009576799999999941
0.014365199999999967
0.013168100000000016
0.011971000000000065
0.010773900000000003
0.009576800000000052
0.0
0.028730440000000024
0.014365220000000067
0.0
0.04309563999999999
0.01755749333333334
-0.00798065333333331
-0.03351879999999996
0.011971014999999974
0.05746083000000002
0.004788385000000006
-0.047884060000000006
-0.020350737499999938
0.007182585000000019
0.034715907499999976
0.062249230000000044
0.016759415
-0.006384543333333381
-0.02952850166666665
-0.05267246000000003
0.04788404000000002
0.01436520666666663
-0.019153626666666645
-0.05267246000000003
0.05267242999999999
0.035114948333333285
0.017557466666666688
-1.5000000019860238e-08
-0.017557496666666728
-0.035114978333333324
-0.05267246000000003
0.06703762999999996
-0.04309565999999998
0.062249230000000044
0.025538133333333324
-0.011172963333333286
-0.047884060000000006
0.04788404000000002
-1.0000000050247593e-08
-0.047884060000000006
-1.0000000050247593e-08
0.04788404000000002
-0.06703765
-0.007182609999999978
0.05267242999999999
0.019153599999999993
-0.014365230000000007
-0.047884060000000006
0.038307239999999965
-0.011971005000000035
-0.06224924999999998
-0.002394209999999952
0.05746083000000002
0.011971014999999974
-0.03351879999999996
1.9999999989472883e-08
0.03351884000000005
-0.004788409999999965
-0.04309565999999998
-0.014365230000000007
0.014365199999999967
0.008778733333333344
0.00319226666666661
-0.002394200000000013
-0.007980666666666636
-0.01356713333333337
-0.019153599999999993
-0.009576799999999941
0.0
-0.011971000000000065
0.014365199999999967
0.009576799999999941
0.004788400000000026
0.014365220000000067
0.023942039999999998
0.0023942200000000025
-0.019153599999999993
-0.011492159999999974
-0.003830719999999954
0.003830719999999954
0.011492159999999974
0.019153599999999993
-0.004788400000000026
0.004788400000000026
-0.014365199999999967
-0.007182600000000039
0.0
-0.004788400000000026
-0.009576800000000052
-0.007182600000000039
-0.004788400000000026
0.0
0.004788400000000026
0.004788400000000026
0.004788400000000026
0.004788400000000026
0.004788400000000026
0.004788400000000026
-0.004788400000000026
-0.004788400000000026
-0.004788400000000026
-0.002394200000000013
0.0
-0.004788400000000026
-0.009576800000000052
-0.00837969999999999
-0.007182600000000039
-0.005985500000000088
-0.004788400000000026
-0.004788400000000026
-0.004788400000000026
-0.004788400000000026
-0.009576799999999941
-0.014365199999999967
0.0
-0.004788400000000026
-0.009576800000000052
-0.009576800000000052
-0.009576800000000052
-0.009576800000000052
-0.009576800000000052
-0.009576800000000052
0.002394200000000013
0.014365199999999967
-0.009576800000000052
-0.006384533333333331
-0.003192266666666721
0.0
-0.007980666666666636
-0.015961333333333383
-0.02394200000000002
-0.004788400000000026
-0.004788400000000026
-0.007182600000000039
-0.009576800000000052
-0.004788400000000026
0.0
0.004788400000000026
0.0
0.004788400000000026
0.009576800000000052
0.007182600000000039
0.004788400000000026
0.003591299999999964
0.002394200000000013
0.001197100000000062
0.0
-0.009576800000000052
-0.004788400000000026
-0.001197100000000062
0.002394200000000013
0.005985500000000088
0.009576800000000052
-0.009576800000000052
-0.014365199999999967
0.0
0.014365199999999967
0.011172933333333357
0.007980666666666636
0.004788400000000026
0.004788400000000026
0.004788400000000026
0.004788400000000026
-0.009576800000000052
-0.004788400000000026
0.0
0.004788400000000026
0.004788400000000026
0.004788400000000026
0.0
-0.004788400000000026
0.019153599999999993
0.004788399999999915
-0.009576800000000052
-0.007182600000000039
-0.004788400000000026
-0.003830720000000065
-0.0028730399999999934
-0.0019153600000000326
-0.0009576799999999608
0.0
-0.007182600000000039
-0.006384533333333331
-0.005586466666666734
-0.004788400000000026
0.002394200000000013
0.009576800000000052
