-0.026894599999998547
-0.02849059999999959
-0.030885099999999
-0.03327959999999841
-0.023702599999998242
-0.01412559999999985
-0.004548599999999681
-0.03327959999999841
-0.026894933333332816
-0.020510266666665444
-0.01412559999999985
-0.01412559999999985
-0.015322724999998982
-0.01651984999999989
-0.017716974999999024
-0.018914099999998157
-0.02849059999999959
-0.03327909999999967
-0.03806759999999976
-0.01652009999999926
0.0050274000000012364
-0.0013570999999981126
-0.007741599999999238
-0.014126099999998587
-0.020510599999997936
-0.02689509999999906
-0.03327959999999841
-0.009337599999998503
-0.02849059999999959
-0.022106266666666485
-0.015721933333331606
-0.009337599999998503
-0.018914099999998157
-0.026096849999998284
-0.03327959999999841
-0.030087266666665613
-0.02689493333333104
-0.023702599999998242
-0.02689493333333104
-0.030087266666665613
-0.03327959999999841
-0.03327959999999841
-0.03327959999999841
-0.03327959999999841
-0.03327959999999841
-0.03327959999999841
-0.03327959999999841
-0.028491266666664572
-0.02370293333333251
-0.01891459999999867
-0.009337599999998503
-0.009337599999998503
-0.02849059999999959
-0.02849059999999959
-0.02849059999999959
-0.02849059999999959
-0.02849059999999959
-0.02849059999999959
-0.01891459999999867
-0.01412559999999985
-0.01652009999999926
-0.01891459999999867
-0.01412559999999985
-0.03327959999999841
-0.02849059999999959
-0.02370226666666575
-0.018913933333333688
-0.01412559999999985
-0.01412559999999985
-0.018913933333333688
-0.02370226666666575
-0.02849059999999959
-0.025298599999999283
-0.022106599999998977
-0.01891459999999867
-0.023702599999998242
-0.01412559999999985
-0.017317933333332647
-0.020510266666665444
-0.023702599999998242
-0.03327959999999841
-0.030885099999999
-0.02849059999999959
-0.021308100000000607
-0.01412559999999985
-0.023702599999998242
-0.03327959999999841
-0.03327959999999841
-0.03327959999999841
-0.03327959999999841
-0.03327959999999841
-0.004548599999999681
-0.006942849999999723
-0.009337099999999765
-0.011731349999999807
-0.014125599999998073
-0.016519849999998115
-0.018914099999998157
-0.03327959999999841
-0.009337599999998503
-0.01891459999999867
-0.02609709999999943
-0.03327959999999841
-0.03136419999999873
-0.029448799999999054
-0.0275333999999976
-0.02561799999999792
-0.023702599999998242
-0.026096599999998915
-0.02849059999999959
-0.031682933333332386
-0.03487526666666696
-0.03806759999999976
-0.03806759999999976
-0.014125599999998073
-0.011731599999999176
-0.009337599999998503
-0.006943099999999092
-0.004548599999999681
-0.016519600000000523
-0.02849059999999959
-0.026894599999998547
-0.025298599999999283
-0.023702599999998242
-0.03806759999999976
-0.0356734000000003
-0.033279199999999065
-0.030884999999999607
-0.028490799999998373
-0.026096599999998915
-0.03806759999999976
-0.034875433333333206
-0.031683266666666654
-0.028491099999998326
-0.025298933333331775
-0.022106766666665223
-0.01891459999999867
-0.01412559999999985
-0.021308599999999345
-0.02430135
-0.027294099999998878
-0.030286849999997756
-0.03327959999999841
-0.028491099999998326
-0.023702599999998242
-0.018914099999999934
-0.01412559999999985
-0.035673599999999084
-0.02849059999999959
-0.030885099999999
-0.03327959999999841
-0.004548599999999681
-0.001356599999999375
0.0018354000000009307
0.0050274000000012364
0.002154400000001999
-0.0007185999999990145
-0.0035915999999982517
-0.006464599999999265
-0.009337599999998503
-0.01412559999999985
-0.028491099999998326
-0.028490849999998957
-0.02849059999999959
-0.023702599999998242
-0.01891459999999867
-0.020510599999997936
-0.022106599999998977
-0.023702599999998242
-0.018914099999998157
-0.01412559999999985
-0.015721933333333382
-0.01731826666666514
-0.01891459999999867
-0.01412559999999985
-0.01891459999999867
-0.01891459999999867
-0.01891459999999867
-0.01891459999999867
-0.01412559999999985
-0.015721933333333382
-0.01731826666666514
-0.01891459999999867
-0.009337599999998503
-0.021308599999999345
-0.03327959999999841
-0.03471609999999892
-0.036152599999999424
-0.037589099999998155
-0.03902559999999866
-0.04046209999999917
-0.03327959999999841
-0.030885099999999
-0.02849059999999959
-0.016519600000000523
-0.004548599999999681
-0.014125599999998073
-0.023702599999998242
-0.01652009999999926
-0.009337599999998503
-0.011731599999999176
-0.01412559999999985
-0.015322849999998667
-0.01652009999999926
-0.017717349999999854
-0.01891459999999867
-0.02849059999999959
-0.01891459999999867
-0.019632849999998925
-0.020351099999999178
-0.02106934999999943
-0.021787599999999685
-0.02250584999999994
-0.023224099999998415
-0.02394234999999867
-0.024660599999998922
-0.025378849999999176
-0.02609709999999943
-0.011731599999999176
-0.01412559999999985
-0.009337266666666011
-0.004548933333332172
0.00023940000000166606
-0.011731599999999176
-0.012130599999998992
-0.012529599999998808
-0.012928600000000401
-0.013327600000000217
-0.013726600000000033
-0.01412559999999985
-0.03327909999999967
-0.02849059999999959
-0.023702599999998242
-0.01891459999999867
-0.02609709999999943
-0.03327959999999841
-0.03487559999999945
-0.036471599999998716
-0.03806759999999976
-0.01891459999999867
-0.01652009999999926
-0.01412559999999985
-0.006943099999999092
0.00023940000000166606
0.00023940000000166606
0.00023940000000166606
0.00023940000000166606
0.00023940000000166606
0.00023940000000166606
-0.02849059999999959
-0.004548599999999681
0.019393400000000227
0.034716200000000086
0.050038999999999945
0.06536180000000158
0.08068460000000144
0.0960074000000013
0.01939290000000149
-0.05722159999999832
-0.04285609999999984
-0.05243285000000064
-0.062009599999999665
-0.03806759999999976
-0.01412559999999985
0.040940900000000724
0.0960074000000013
0.03375840000000174
-0.02849059999999959
-0.039982799999998875
-0.05147499999999994
-0.06296719999999922
-0.07445940000000029
-0.08595159999999957
0.03375840000000174
-0.08116359999999823
0.15346840000000128
0.03615240000000064
-0.08116359999999823
-0.03327959999999841
0.014604400000001405
-0.01652009999999926
-0.047644599999999926
0.07206540000000139
0.19177540000000093
0.07445940000000029
-0.04285659999999858
-0.069534742857142
-0.09621288571428366
-0.12289102857142709
-0.1495691714285705
-0.17624731428571394
-0.2029254571428556
-0.22960359999999902
-0.26551659999999977
-0.30142959999999874
0.014604400000001405
-0.11947059999999965
-0.3660730999999995
-0.19488784999999886
-0.023702599999998242
-0.08595159999999957
-0.14820059999999913
-0.1900990999999994
-0.23199759999999792
-0.2738960999999982
-0.3157945999999985
-0.4115625999999999
-0.02849059999999959
-0.10031659999999931
-0.17214259999999904
-0.24157459999999809
-0.3110065999999989
-0.45465859999999836
-0.370382799999998
-0.28610699999999767
-0.2018311999999991
-0.11755539999999876
-0.03327959999999841
-0.12425909999999796
-0.21523859999999928
-0.23822299999999963
-0.2612074
-0.28419179999999855
-0.3071761999999989
-0.33016059999999925
-0.47860059999999827
-0.02849059999999959
-0.2679110999999992
-0.48817759999999844
-0.3333525999999978
-0.1785275999999989
-0.023702599999998242
-0.03850314545454303
-0.053303690909089596
-0.06810423636363439
-0.08290478181818095
-0.09770532727272574
-0.1125058727272723
-0.1273064181818171
-0.14210696363636366
-0.15690750909090845
-0.171708054545455
-0.1865085999999998
-0.24556526666666656
-0.30462193333333154
-0.3636785999999983
-0.29664110000000043
-0.22960359999999902
-0.4307163499999991
-0.11707659999999898
-0.3110065999999989
-0.36687126666666536
-0.4227359333333318
-0.47860059999999827
-0.26551659999999977
-0.052432599999999496
-0.13622959999999829
-0.22002659999999885
-0.2334341999999996
-0.24684179999999856
-0.2602493999999993
-0.27365699999999826
-0.287064599999999
-0.23439234999999847
-0.19608459999999894
-0.1793256000000003
-0.1625665999999999
-0.21364260000000002
-0.26471859999999836
-0.3157945999999985
-0.19289259999999864
-0.06999059999999879
0.05291140000000105
-0.1577775999999993
-0.13622984999999943
-0.11468209999999956
-0.0931343499999997
-0.07158659999999983
-0.22960359999999902
-0.07398059999999873
0.08164240000000156
-0.14820059999999913
0.043335400000000135
-0.02849059999999959
-0.10031659999999931
-0.035673349999999715
0.028969900000001658
0.09361315000000126
0.15825640000000085
-0.11947059999999965
0.13910340000000154
0.12542225714285848
0.11174111428571543
0.09805997142857237
0.08437882857142931
0.07069768571428625
0.05701654285714319
0.043335400000000135
0.10079606666666763
0.15825673333333334
0.21571740000000084
0.024181400000001574
0.12473740000000078
0.14867940000000068
0.1726214000000006
0.1965634000000005
0.2205054000000004
0.11356473333333383
0.006624066666667261
-0.10031659999999931
0.21571715000000147
0.26360140000000065
-0.03327959999999841
0.07206540000000139
0.1774104000000012
0.2516309000000003
0.32585140000000123
0.30861300000000114
0.29137460000000104
0.27413620000000094
0.25689780000000084
0.23965940000000074
-0.023702599999998242
0.07924790000000037
0.18219840000000076
0.34500540000000157
0.3318371500000019
0.3186689000000005
0.3055006500000008
0.29233240000000116
0.2791641500000015
0.26599590000000184
0.2528276500000004
0.23965940000000074
0.06488240000000012
0.3354284000000014
0.3055006500000008
0.275572900000002
0.24564515000000142
0.21571740000000084
-0.03806759999999976
0.2324769
0.23095330909090883
0.22942971818181768
0.2279061272727283
0.22638253636363714
0.224858945454546
0.22333535454545483
0.22181176363636368
0.22028817272727252
0.21876458181818315
0.217240990909092
0.21571740000000084
0.06009440000000055
-0.09552859999999974
0.15825640000000085
0.20853490000000185
0.028969900000001658
0.07206552500000107
0.11516115000000049
0.15825677500000168
0.2013524000000011
0.11994965000000057
0.03854690000000183
0.16783340000000102
0.16304540000000145
0.1726214000000006
0.07046906666666786
-0.031683266666666654
-0.1338355999999994
0.13910340000000154
0.14149740000000044
0.1438914000000011
0.15346840000000128
0.16304540000000145
0.024181400000001574
-0.1146825999999983
0.1438914000000011
0.15107390000000187
0.15825640000000085
0.15825640000000085
0.15825640000000085
0.024181400000001574
-0.10989359999999948
-0.04764434999999878
0.014604900000000143
0.07685415000000084
0.13910340000000154
0.14867940000000068
0.14867940000000068
0.14867940000000068
0.14867940000000068
0.01939290000000149
-0.10989359999999948
-0.06679799999999858
-0.023702399999999457
0.019393200000001443
0.062488800000000566
0.10558440000000147
0.06248873333333371
0.06727717777777897
0.07206562222222246
0.07685406666666772
0.08164251111111298
0.08643095555555647
0.09121940000000173
0.0840366500000016
0.07685390000000147
-0.0907405999999984
-0.004548599999999681
-0.0021545999999990073
0.00023940000000166606
0.00023940000000166606
0.00023940000000166606
0.00023940000000166606
-0.021308433333331323
-0.04285626666666609
-0.06440409999999908
-0.08116359999999823
-0.09792309999999915
-0.1146825999999983
0.009816400000000058
-0.015721933333333382
-0.041260266666665046
-0.06679859999999849
-0.052432599999999496
-0.05722109999999958
-0.062009599999999665
-0.030885099999999
0.00023940000000166606
-0.00774126666666497
-0.015721933333331606
-0.023702599999998242
-0.025070742857140615
-0.026438885714284766
-0.02780702857142714
-0.029175171428569513
-0.030543314285711887
-0.03191145714285604
-0.03327959999999841
-0.011731599999999176
-0.02849059999999959
-0.01891459999999867
-0.009337599999998503
-0.004549099999998418
0.00023940000000166606
-0.009337599999998503
-0.01891459999999867
-0.011731599999999176
-0.004548599999999681
-0.008653028571428578
-0.0127574571428557
-0.016861885714284597
-0.020966314285713494
-0.025070742857142392
-0.029175171428569513
-0.03327959999999841
-0.03168326666666488
-0.03008693333333312
-0.02849059999999959
-0.035673599999999084
-0.04285659999999858
-0.030885599999999513
-0.01891459999999867
-0.015722266666665874
-0.0125299333333313
-0.009337599999998503
-0.01652009999999926
-0.023702599999998242
-0.01412559999999985
-0.018230028571428747
-0.022334457142855868
-0.026438885714284766
-0.030543314285713663
-0.03464774285714256
-0.03875217142856968
-0.04285659999999858
-0.02849059999999959
-0.023702599999998242
-0.018914099999998157
-0.014125599999998073
-0.009337099999999765
-0.004548599999999681
-0.009337599999998503
-0.014125933333332341
-0.018914266666664403
-0.023702599999998242
-0.026096599999998915
-0.02849059999999959
-0.004548599999999681
-0.011731599999999176
-0.01891459999999867
-0.023702599999998242
-0.024600412499998114
-0.025498224999997987
-0.02639603749999786
-0.027293849999997732
-0.02819166249999938
-0.029089474999999254
-0.029987287499999127
-0.030885099999999
-0.03178291249999887
-0.032680724999998745
-0.03357853749999862
-0.034476350000000267
-0.03537416250000014
-0.03627197500000001
-0.037169787499999885
-0.03806759999999976
-0.03687059999999853
-0.035673599999999084
-0.023702599999998242
-0.03327959999999841
-0.01652009999999926
-0.01412559999999985
-0.023702599999998242
-0.021308599999999345
-0.04285659999999858
-0.03647193333333121
-0.030087266666665613
-0.023702599999998242
-0.024500599999997874
-0.025298599999999283
-0.026096599999998915
-0.027293599999998364
-0.02849059999999959
-0.018914099999998157
-0.009337599999998503
-0.023702599999998242
-0.01652009999999926
-0.009337599999998503
-0.0125299333333313
-0.015722266666665874
-0.01891459999999867
-0.022106599999998977
-0.025298599999999283
-0.02849059999999959
