-0.03327959999999841
-0.03327959999999841
-0.01891459999999867
-0.01891459999999867
-0.01891459999999867
-0.01891459999999867
-0.01891459999999867
-0.01891459999999867
-0.01891459999999867
-0.01891459999999867
-0.01891459999999867
-0.01891459999999867
-0.01891459999999867
-0.01891459999999867
-0.01891459999999867
-0.01891459999999867
-0.009337599999998503
0.00023940000000166606
0.019393400000000227
0.009816400000000058
-0.026096599999998915
-0.03806759999999976
-0.04285609999999984
-0.03806759999999976
-0.03268072500000052
-0.02729384999999951
-0.021906974999998496
-0.01652009999999926
-0.030885599999999513
-0.030087266666665613
-0.02928893333333349
-0.02849059999999959
-0.03327959999999841
-0.030885099999999
-0.02849059999999959
-0.018914099999998157
-0.009337599999998503
-0.01652009999999926
-0.023702599999998242
-0.023702599999998242
-0.023702599999998242
-0.023702599999998242
-0.021308599999999345
-0.01891459999999867
-0.01731826666666514
-0.015721933333333382
-0.01412559999999985
0.0050274000000012364
-0.002155099999997745
-0.009337599999998503
-0.018914099999998157
-0.02849059999999959
-0.03327959999999841
-0.047644599999999926
-0.04525059999999925
-0.04285659999999858
-0.03806793333333225
-0.03327926666666592
-0.02849059999999959
-0.026096599999998915
-0.023702599999998242
-0.018914266666664403
-0.014125933333332341
-0.009337599999998503
-0.009337599999998503
-0.009337599999998503
-0.01891459999999867
-0.021308599999999345
-0.023702599999998242
-0.028491099999998326
-0.03327959999999841
-0.02849059999999959
-0.03327926666666592
-0.03806793333333225
-0.04285659999999858
-0.03327959999999841
-0.023702599999998242
-0.0275333999999976
-0.03136419999999873
-0.03519499999999809
-0.03902579999999922
-0.04285659999999858
-0.041260266666665046
-0.03966393333333329
-0.03806759999999976
-0.01652009999999926
-0.02849059999999959
-0.01412559999999985
-0.015721933333333382
-0.01731826666666514
-0.01891459999999867
-0.01412559999999985
-0.016040999999999528
-0.017956399999999206
-0.019871799999998885
-0.021787199999998563
-0.023702599999998242
-0.01412559999999985
-0.03806759999999976
-0.03806759999999976
-0.04285609999999984
-0.047644599999999926
-0.03806759999999976
-0.02849059999999959
-0.030885099999999
-0.03327959999999841
-0.03327959999999841
-0.03327959999999841
-0.02609709999999943
-0.01891459999999867
-0.016999199999998993
-0.015083799999999314
-0.01316839999999786
-0.011252999999998181
-0.009337599999998503
-0.01891459999999867
-0.01652009999999926
-0.01412559999999985
-0.023702599999998242
-0.0246601999999978
-0.025617799999999136
-0.026575399999998695
-0.02753300000000003
-0.02849059999999959
-0.03327959999999841
-0.05961559999999899
-0.057221399999999534
-0.054827200000000076
-0.05243299999999884
-0.050038799999999384
-0.047644599999999926
-0.03966393333333329
-0.03168326666666488
-0.023702599999998242
-0.011731599999999176
0.00023940000000166606
-0.02849059999999959
-0.023702599999998242
-0.030885099999999
-0.03806759999999976
-0.031683266666666654
-0.025298933333331775
-0.01891459999999867
-0.01997859999999818
-0.021042599999999467
-0.022106599999998977
-0.023170599999998487
-0.024234599999999773
-0.025298599999999283
-0.026362599999998793
-0.02742660000000008
-0.02849059999999959
-0.02849059999999959
-0.018914099999998157
-0.023702599999998242
-0.01891459999999867
-0.03806759999999976
-0.04046209999999917
-0.04285659999999858
-0.035673599999999084
-0.02849059999999959
-0.023702599999998242
-0.01891459999999867
-0.023702599999998242
-0.021787199999998563
-0.019871799999998885
-0.017956399999999206
-0.016040999999999528
-0.01412559999999985
0.01939290000000149
0.043335150000000766
0.06727740000000004
0.024181400000001574
-0.01891459999999867
-0.030885599999999513
-0.04285659999999858
-0.047644849999999295
-0.05243310000000001
-0.05722134999999895
-0.062009599999999665
-0.04285659999999858
-0.07318293333333159
-0.10350926666666638
-0.1338355999999994
-0.052432599999999496
-0.1051050999999994
-0.1577775999999993
-0.02849059999999959
-0.009337000000000373
0.00981660000000062
0.028970199999999835
0.04812380000000083
0.06727740000000004
0.13910290000000103
0.12473771250000176
0.11037252500000072
0.09600733750000146
0.08164215000000219
0.06727696250000115
0.05291177500000188
0.03854658750000084
0.024181400000001574
0.018794525000002338
0.013407650000001325
0.008020775000000313
0.002633900000001077
0.05291140000000105
-0.16256593333333313
-0.12904726666666555
-0.09552859999999974
-0.09552859999999974
-0.09552859999999974
-0.09552859999999974
-0.09552859999999974
0.04812340000000148
-0.01412559999999985
-0.02609660000000069
-0.03806759999999976
0.048123399999999705
0.13431440000000094
0.1462854000000018
0.15825640000000085
0.18219840000000076
0.20614040000000067
0.23008240000000058
0.07685340000000096
0.01939290000000149
-0.03806759999999976
-0.04525009999999874
-0.052432599999999496
-0.04525009999999874
-0.03806759999999976
-0.06520193333333246
-0.09233626666666694
-0.11947059999999965
-0.13862426666666572
-0.15777793333333356
-0.17693159999999963
-0.24875759999999936
-0.052432599999999496
-0.062009599999999665
-0.07158659999999806
-0.08116359999999823
-0.04405334999999866
-0.006943099999999092
0.030167150000000476
0.06727740000000004
0.04764489999999988
0.028012399999999715
0.008379900000001328
-0.011252599999998836
-0.030885099999999
0.11516090000000112
0.08643040000000113
-0.03327959999999841
-0.10031709999999983
-0.16735459999999946
-0.1793256000000003
-0.19129659999999937
-0.15490479999999884
-0.11851299999999831
-0.08212119999999956
-0.04572939999999903
-0.009337599999998503
-0.05722159999999832
-0.060812849999999585
-0.06440409999999908
-0.06799534999999857
-0.07158659999999983
-0.02849059999999959
-0.009337099999999765
0.009816400000000058
0.028969900000001658
0.04812340000000148
0.0672769000000013
0.08643040000000113
0.05530590000000224
-0.039264849999998575
-0.1338355999999994
-0.1577775999999993
-0.20326759999999844
-0.24875759999999936
-0.14341259999999956
-0.03806759999999976
0.043335400000000135
0.09600739999999952
0.14867940000000068
0.16304490000000094
0.1774104000000012
0.14548773333333465
0.1135650666666681
0.08164240000000156
0.06043654285714517
0.039230685714287006
0.018024828571430618
-0.0031810285714275466
-0.024386885714283935
-0.0455927428571421
-0.06679859999999849
-0.1338355999999994
-0.11947059999999965
-0.06440409999999908
-0.009337599999998503
-0.00774126666666497
-0.0061449333333332135
-0.004548599999999681
0.03854640000000131
0.005027733333333728
-0.02849093333333208
-0.062009599999999665
-0.024899599999999467
0.012210400000000732
0.04932040000000093
0.08643040000000113
-0.05243310000000001
-0.06132588571428599
-0.07021867142857019
-0.07911145714285617
-0.08800424285714215
-0.09689702857142812
-0.10578981428571232
-0.1146825999999983
-0.004549099999998418
-0.07876934999999996
-0.15298959999999973
0.04812340000000148
0.03296023333333409
0.01779706666666847
0.002633900000001077
0.03256115000000115
0.06248840000000122
0.028969900000001658
-0.004548599999999681
-0.023702599999998242
-0.04285659999999858
-0.13383609999999813
-0.22481559999999945
-0.11947059999999965
-0.01412559999999985
-0.023702599999998242
-0.03327959999999841
-0.025298933333331775
-0.01731826666666514
-0.009337599999998503
-0.0013569333333318667
0.006623733333334769
0.014604400000001405
0.11037240000000104
-0.04285609999999984
-0.028490849999998957
-0.01412559999999985
-0.01652009999999926
-0.01891459999999867
-0.052432599999999496
-0.10510526666666564
-0.15777793333333356
-0.2104505999999997
-0.02849059999999959
-0.02849059999999959
-0.02849059999999959
-0.02849059999999959
-0.02849059999999959
-0.02849059999999959
-0.02849059999999959
0.07685390000000147
0.00981615000000069
-0.05722159999999832
0.0960074000000013
0.08812063529411951
0.08023387058823594
0.07234710588235416
0.06446034117647237
0.056573576470588804
0.048686811764707016
0.04080004705882523
0.032913282352941664
0.025026517647059876
0.01713975294117631
0.009252988235294524
0.0013662235294127356
-0.006520541176470829
-0.014407305882352617
-0.022294070588234405
-0.03018083529411797
-0.03806759999999976
-0.062009599999999665
-0.26791059999999867
-0.05722159999999832
-0.035673599999999084
0.19177540000000093
-0.062009599999999665
0.07206540000000139
0.049491542857143855
0.02691768571428632
0.004343828571428787
-0.01823002857142697
-0.040803885714284505
-0.06337774285714204
-0.08595159999999957
-0.12665309999999863
-0.03806759999999976
-0.052432599999999496
-0.1386246
0.0960074000000013
0.02657540000000047
-0.04285659999999858
0.006623733333334769
0.05610406666666812
0.10558440000000147
0.11635815000000171
0.1271319000000002
0.13790565000000043
0.14867940000000068
0.1119684000000003
0.07525739999999992
0.03854639999999954
0.0018354000000009307
-0.03487559999999945
-0.07158659999999983
0.06248840000000122
-0.07797126666666543
-0.1609699333333321
-0.24396859999999876
-0.1709455999999978
-0.09792259999999864
-0.024899599999999467
0.04812340000000148
-0.062009599999999665
-0.03866610000000037
-0.015322599999999298
0.008020899999999997
0.03136439999999929
0.030765775000000772
0.030167150000000476
0.02956852500000018
0.028969900000001658
0.026096866666668106
0.023223833333334554
0.020350800000001
0.01747776666666745
0.014604733333333897
0.011731700000000345
0.008858666666666792
0.0059856333333350165
0.003112600000001464
0.00023956666666791193
-0.0026334666666656403
-0.005506499999999193
-0.008379533333332745
-0.011252566666666297
-0.01412559999999985
-0.004548599999999681
-0.03806759999999976
-0.04285659999999858
-0.09074009999999966
-0.030885099999999
-0.009337599999998503
0.0014364000000011146
0.012210400000002508
0.022984400000002125
0.03375840000000174
-0.006943099999999092
-0.00973634999999895
-0.012529599999998808
-0.015322849999998667
-0.018116099999998525
-0.020909349999998383
-0.023702599999998242
-0.009337599999998503
0.0050274000000012364
-0.023702599999998242
-0.06440360000000034
-0.04405309999999929
-0.023702599999998242
-0.02513909999999875
-0.026575599999999255
-0.028012099999997986
-0.029448599999998493
-0.030885099999999
-0.017317933333332647
-0.003750766666666294
0.009816400000000058
-0.02849059999999959
-0.004548599999999681
0.019393400000000227
-0.0021545999999990073
-0.023702599999998242
-0.01891459999999867
-0.021308599999999345
-0.023702599999998242
-0.030087266666665613
-0.03647193333333121
-0.04285659999999858
-0.03966426666666578
-0.03647193333333121
-0.03327959999999841
-0.030087266666665613
-0.02689493333333104
-0.023702599999998242
-0.01652009999999926
-0.009337599999998503
-0.03806759999999976
-0.02609660000000069
-0.01412559999999985
-0.021308100000000607
-0.02849059999999959
-0.02849059999999959
-0.02849059999999959
-0.02849059999999959
-0.02370226666666575
-0.018913933333333688
-0.01412559999999985
-0.04285659999999858
-0.03327959999999841
-0.023702599999998242
-0.027293849999997732
-0.030885099999999
-0.034476350000000267
-0.03806759999999976
-0.009337099999999765
-0.012529599999998808
-0.015722099999999628
-0.01891459999999867
-0.01891459999999867
-0.01891449999999928
-0.01891439999999811
-0.018914299999998718
-0.01891419999999755
-0.018914099999998157
-0.023702599999998242
-0.026096599999998915
-0.02849059999999959
-0.026096599999998915
-0.023702599999998242
-0.023702599999998242
-0.023702599999998242
-0.023702599999998242
-0.023702599999998242
-0.023702599999998242
-0.03327959999999841
-0.004548599999999681
-0.016519600000000523
-0.02849059999999959
-0.030885099999999
-0.03327959999999841
