-0.004548599999999681
-0.009337099999999765
-0.01412559999999985
-0.006943099999999092
0.00023940000000166606
0.00023940000000166606
0.00023940000000166606
-0.0016759999999980124
-0.003591399999997691
-0.005506799999999146
-0.007422199999998824
-0.009337599999998503
0.0050274000000012364
-0.01891459999999867
-0.01731826666666514
-0.015721933333333382
-0.01412559999999985
-0.01412559999999985
-0.01412559999999985
-0.01412559999999985
-0.01891459999999867
-0.01891459999999867
-0.01891459999999867
-0.01891459999999867
-0.01891459999999867
-0.01891459999999867
-0.004549099999998418
-0.01412559999999985
0.00023940000000166606
-0.0021545999999990073
-0.004548599999999681
-0.014125599999998073
-0.023702599999998242
-0.018914099999998157
-0.01412559999999985
-0.02609660000000069
-0.03806759999999976
-0.035673599999999084
-0.03327959999999841
-0.03327959999999841
-0.03327959999999841
-0.01891459999999867
-0.015722266666665874
-0.0125299333333313
-0.009337599999998503
-0.011731599999999176
-0.01412559999999985
-0.01651984999999989
-0.018914099999998157
-0.0213083499999982
-0.023702599999998242
-0.018914099999998157
-0.028490849999998957
-0.03806759999999976
-0.031683266666666654
-0.025298933333331775
-0.01891459999999867
-0.028491099999998326
-0.03806759999999976
-0.028491099999998326
-0.01891459999999867
-0.01652009999999926
-0.01412559999999985
-0.01412559999999985
-0.01412559999999985
-0.02849059999999959
-0.026894599999998547
-0.025298599999999283
-0.023702599999998242
-0.02609676666666516
-0.02849093333333208
-0.030885099999999
-0.02849093333333208
-0.02609676666666516
-0.023702599999998242
-0.02849059999999959
-0.026096599999998915
-0.023702599999998242
-0.028491099999998326
-0.03327959999999841
-0.03168326666666488
-0.03008693333333312
-0.02849059999999959
-0.03327909999999967
-0.03806759999999976
-0.030885099999999
-0.023702599999998242
-0.02011134999999875
-0.01652009999999926
-0.012928849999997993
-0.009337599999998503
-0.009337599999998503
-0.01412559999999985
-0.01412559999999985
-0.01412559999999985
-0.01412559999999985
-0.05722159999999832
-0.05243310000000001
-0.047644599999999926
-0.03806759999999976
-0.028491099999998326
-0.01891459999999867
-0.01891459999999867
-0.01891459999999867
-0.021308599999999345
-0.023702599999998242
-0.024899599999999467
-0.026096599999998915
-0.027293599999998364
-0.02849059999999959
-0.023702599999998242
-0.02849059999999959
-0.016519600000000523
-0.004548599999999681
-0.014125599999998073
-0.023702599999998242
-0.023702599999998242
-0.023702599999998242
-0.023702599999998242
-0.04285659999999858
-0.03926509999999972
-0.035673599999999084
-0.03208209999999845
-0.02849059999999959
-0.01891459999999867
-0.022106599999998977
-0.025298599999999283
-0.02849059999999959
-0.023702599999998242
-0.01891459999999867
-0.01412559999999985
-0.004548599999999681
-0.00853893333333211
-0.012529266666666317
-0.016519600000000523
-0.020509933333332953
-0.024500266666665382
-0.02849059999999959
-0.023702599999998242
-0.023702599999998242
-0.023702599999998242
-0.023702599999998242
-0.023702599999998242
-0.023702599999998242
-0.023702599999998242
-0.023702599999998242
-0.03806759999999976
-0.02849059999999959
-0.023702599999998242
-0.022505499999997625
-0.021308399999998784
-0.020111299999998167
-0.01891419999999755
-0.01771709999999871
-0.016519999999998092
-0.015322899999997475
-0.014125799999998634
-0.012928699999998017
-0.011731599999999176
-0.010534499999998559
-0.009337399999997942
-0.008140299999999101
-0.006943199999998484
-0.005746099999997867
-0.004548999999999026
-0.003351899999998409
-0.002154799999997792
-0.0009576999999989511
0.00023940000000166606
-0.006145266666665705
-0.0125299333333313
-0.01891459999999867
-0.021308599999999345
-0.023702599999998242
-0.021308599999999345
-0.01891459999999867
-0.016041399999998873
-0.013168199999999075
-0.010294999999999277
-0.007421799999999479
-0.004548599999999681
-0.017717100000000485
-0.030885599999999513
-0.04525009999999874
-0.028491099999998326
-0.035673599999999084
-0.01891426666666618
-0.01412559999999985
-0.04604826666666639
-0.08595159999999957
-0.07158659999999806
-0.05722159999999832
-0.06679809999999797
-0.0763745999999994
-0.08595159999999957
-0.04285609999999984
0.00023940000000166606
-0.018914099999998157
-0.03806759999999976
-0.05402893333333303
-0.0699902666666663
-0.08595159999999957
-0.0835575999999989
-0.08116359999999823
-0.05881759999999936
-0.036471599999998716
-0.01412559999999985
-0.01651976666666677
-0.018913933333333688
-0.021308100000000607
-0.02370226666666575
-0.02609643333333267
-0.02849059999999959
-0.12425859999999922
-0.03487559999999945
-0.048708599999999436
-0.06254159999999942
-0.0763745999999994
-0.06440360000000034
-0.052432599999999496
-0.011731599999999176
0.028969400000001144
0.0050274000000012364
-0.01891459999999867
-0.04285659999999858
-0.06679859999999849
-0.0907405999999984
-0.1146825999999983
0.012210400000002508
0.024181400000001574
-0.08116359999999823
-0.06999059999999879
-0.05881759999999936
-0.047644599999999926
0.05291140000000105
0.0050274000000012364
-0.04285659999999858
-0.028491349999997695
-0.014126099999998587
0.0002391500000005209
0.014604400000001405
-0.04046209999999917
-0.09552859999999974
-0.12186460000000032
-0.14820059999999913
-0.10191293333333284
-0.055625266666664785
-0.009337599999998503
-0.017717224999998393
-0.02609685000000006
-0.03447647499999995
-0.04285609999999984
0.05291140000000105
0.06488240000000012
0.07685340000000096
0.0888244000000018
0.10079540000000087
-0.0907405999999984
-0.06360626666666569
-0.03647193333333121
-0.009337599999998503
-0.07398109999999924
-0.1386246
-0.10191326666666711
-0.06520193333333246
-0.02849059999999959
-0.007740933333332478
0.013008733333334632
0.03375840000000174
-0.08595159999999957
-0.07956726666666647
-0.07318293333333159
-0.06679859999999849
0.019393400000000227
-0.09552859999999974
-0.07637509999999814
-0.05722159999999832
0.02657540000000047
0.11037240000000104
0.10079590000000138
0.09121940000000173
0.05530640000000098
0.019393400000000227
0.07206540000000139
0.12473740000000078
0.09805925714285735
0.0713811142857157
0.04470297142857227
0.01802482857142884
-0.008653314285714586
-0.03533145714285624
-0.062009599999999665
-0.19608459999999894
-0.11228809999999889
-0.03327959999999841
0.031363900000000555
0.0960074000000013
0.1271319000000002
0.15825640000000085
0.08403640000000046
0.009816400000000058
0.028970066666666128
0.04812373333333397
0.06727740000000004
-0.006943099999999092
-0.08116359999999823
-0.24396859999999876
-0.15059509999999854
-0.05722159999999832
-0.08275959999999927
-0.10829759999999844
-0.1338355999999994
0.05770040000000165
0.09121890000000121
0.12473740000000078
0.12713173333333394
0.1295260666666671
0.13192040000000027
0.1343147333333352
0.13670906666666838
0.13910340000000154
-0.07158659999999983
0.028969400000001144
0.012210025000001679
-0.0045493499999995635
-0.02130872499999903
-0.038068099999998495
-0.05482747499999974
-0.0715868499999992
-0.08834622500000044
-0.10510559999999991
-0.1817195999999992
-0.021308100000000607
-0.02849059999999959
-0.016519600000000523
-0.004548599999999681
0.007422400000001161
0.019393400000000227
0.03136439999999929
0.043335400000000135
0.05530640000000098
0.06727740000000004
0.06248840000000122
-0.1051050999999994
-0.08116359999999823
0.05291140000000105
0.07206540000000139
0.00023940000000166606
-0.004548933333332172
-0.009337266666666011
-0.01412559999999985
-0.001675799999999228
0.010774000000001394
0.02322380000000024
0.03567360000000086
0.04812340000000148
-0.12186460000000032
-0.09512943333333368
-0.06839426666666704
-0.04165909999999862
-0.014923933333331973
0.01181123333333467
0.03854640000000131
0.05929606666666665
0.023649177777777197
-0.011997711111110476
-0.047644599999999926
-0.14820059999999913
-0.11468184999999842
-0.08116309999999949
-0.04764435000000056
-0.01412559999999985
-0.06919234999999979
-0.12425909999999973
-0.03806793333333225
0.04812323333333346
0.13431440000000094
0.13910290000000103
0.1438914000000011
0.08164240000000156
0.019393400000000227
0.0960074000000013
-0.004549100000000195
-0.10510559999999991
-0.15059534999999968
-0.19608509999999946
-0.24157484999999923
-0.287064599999999
0.0050274000000012364
-0.06440409999999908
-0.1338355999999994
-0.1015138499999999
-0.06919210000000042
-0.036870349999999164
-0.004548599999999681
0.013236828571429271
0.031022257142858223
0.048807685714287175
0.06659311428571435
0.0843785428571433
0.10216397142857225
0.1199494000000012
0.021786900000000387
-0.05003859999999882
-0.22002659999999885
-0.14500859999999882
-0.06999059999999879
0.0050274000000012364
0.03375840000000174
-0.01412559999999985
-0.0021545999999990073
0.009816400000000058
0.05530590000000046
0.10079540000000087
-0.038068099999998495
-0.17693159999999963
-0.12186509999999906
-0.06679859999999849
-0.05038117142857068
-0.0339637428571411
-0.017546314285713294
-0.0011288857142837116
0.015288542857144094
0.031705971428573676
0.04812340000000148
-0.01412559999999985
0.016998900000000816
0.04812340000000148
0.04812340000000148
0.013806566666668019
-0.020510266666665444
-0.05482709999999891
-0.08914393333333237
-0.12346076666666583
-0.1577775999999993
-0.09792309999999915
-0.09142445714285685
-0.08492581428571278
-0.07842717142857047
-0.07192852857142817
-0.06542988571428587
-0.0589312428571418
-0.052432599999999496
0.11516140000000163
0.031363900000000555
0.021786900000000387
-0.09672585000000034
-0.21523859999999928
-0.1482009333333334
-0.08116326666666573
-0.01412559999999985
-0.018914099999998157
-0.023702599999998242
-0.05482709999999891
-0.08595159999999957
-0.1625665999999999
-0.028491099999998326
0.10558440000000147
-0.028491099999998326
-0.1625665999999999
-0.11707659999999898
-0.07158659999999983
-0.03327959999999841
0.0050274000000012364
0.050517400000002155
0.0960074000000013
-0.028491099999998326
-0.15298959999999973
-0.0843559333333328
-0.015722266666665874
0.05291140000000105
0.08962273333333393
0.12633406666666858
0.16304540000000145
0.03375840000000174
-0.012529599999998808
-0.05881759999999936
-0.10510559999999991
0.028969400000001144
0.06727740000000004
0.028970066666666128
-0.009337266666666011
-0.047644599999999926
-0.047644599999999926
0.0018354000000009307
0.05131540000000001
0.10079540000000087
0.09600711428571529
0.09121882857142971
0.08643054285714413
0.08164225714285678
0.0768539714285712
0.07206568571428562
0.06727740000000004
0.012210400000000732
0.07206540000000139
0.0050274000000012364
-0.062009599999999665
-0.04824309999999876
-0.034476599999999635
-0.020710099999998732
-0.006943599999997829
-0.007209599999997707
-0.007475599999997584
-0.007741599999997462
-0.008007599999997339
-0.008273599999998993
-0.00853959999999887
-0.008805599999998748
-0.009071599999998625
-0.009337599999998503
-0.023702599999998242
-0.03806759999999976
-0.01412559999999985
-0.01412559999999985
-0.03327959999999841
0.028969400000001144
0.010414400000000157
-0.008140599999999054
-0.026695599999998265
-0.04525059999999925
-0.030087266666665613
-0.014923933333331973
0.00023940000000166606
0.0050277333333355045
0.009816066666667567
0.014604400000001405
-0.01652009999999926
-0.047644599999999926
0.0050274000000012364
0.0050274000000012364
0.0050274000000012364
0.0050274000000012364
0.0050274000000012364
0.014604400000001405
0.024181400000001574
-0.023702599999998242
-0.004548599999999681
-0.023702599999998242
-0.04285659999999858
-0.04285659999999858
-0.041260266666665046
-0.03966393333333329
-0.03806759999999976
-0.035673599999999084
-0.03327959999999841
-0.01891459999999867
-0.021308599999999345
-0.023702599999998242
-0.025298599999999283
-0.026894599999998547
-0.02849059999999959
-0.02370226666666575
-0.018913933333333688
-0.01412559999999985
-0.004548599999999681
-0.006943099999999092
-0.009337599999998503
-0.018914099999998157
-0.02849059999999959
-0.004548599999999681
-0.011731599999999176
-0.01891459999999867
-0.028491099999998326
-0.03806759999999976
-0.036699457142857383
-0.03533131428571323
-0.03396317142857086
-0.032595028571428486
-0.031226885714286112
-0.029858742857141962
-0.02849059999999959
-0.03327959999999841
-0.023702599999998242
-0.01891459999999867
-0.03806759999999976
-0.023702599999998242
-0.014125599999998073
-0.004548599999999681
-0.004548599999999681
-0.004548599999999681
-0.014125599999998073
-0.023702599999998242
-0.02849093333333208
-0.03327926666666592
-0.03806759999999976
-0.03806759999999976
-0.03806759999999976
-0.02849059999999959
-0.03327909999999967
