-0.015921441499999966
-0.01771709399999999
-0.019512746499999956
-0.021308398999999978
-0.017118543999999958
-0.012928688999999993
-0.008738833999999973
-0.004548978999999953
-0.014125798999999994
0.0026336210000000304
-0.004548985666666616
-0.011731592333333318
-0.018914198999999965
-0.01252965899999997
-0.006145118999999977
0.00023942100000001743
-0.004548978999999953
-0.014125798999999994
-0.011731578999999992
-0.00933735899999999
-0.011731578999999992
-0.014125798999999994
-0.011731578999999992
-0.00933735899999999
-0.006145098999999987
-0.002952838999999985
0.00023942100000001743
0.00023942100000001743
0.001835554333333378
0.003431687666666683
0.005027821000000043
-0.002154769000000001
-0.00933735899999999
-0.004548978999999953
-0.014125798999999994
-0.011731594000000012
-0.009337388999999974
-0.006943183999999936
-0.004548978999999953
-0.004548978999999953
-0.004548978999999953
-0.004548978999999953
-0.004548978999999953
-0.004548978999999953
-0.004548978999999953
0.005027821000000043
-0.004548978999999953
-0.004548978999999953
-0.004548978999999953
-0.004548978999999953
-0.004548978999999953
-0.004548978999999953
-0.004548978999999953
-0.007741252333333282
-0.010933525666666666
-0.014125798999999994
-0.00933735899999999
-0.00933735899999999
-0.00933735899999999
-0.00933735899999999
-0.004548969000000014
0.00023942100000001743
0.001436521000000024
0.0026336210000000304
-0.0013567056666666244
-0.005347032333333335
-0.00933735899999999
0.005027821000000043
-0.00933735899999999
-0.00933735899999999
-0.00933735899999999
-0.007741232333333292
-0.00614510566666665
-0.004548978999999953
-0.0009576789999999891
0.0026336210000000304
0.00622492100000005
0.009816221000000014
-0.004548978999999953
-0.014125798999999994
-0.015493913285714256
-0.016862027571428573
-0.018230141857142834
-0.01959825614285715
-0.020966370428571413
-0.02233448471428573
-0.02370259899999999
-0.004548969000000014
-0.014125798999999994
0.00023942100000001743
0.00023942100000001743
0.00023942100000001743
0.00023942100000001743
0.00023942100000001743
-0.014125798999999994
-0.014125798999999994
-0.006943189000000016
0.00023942100000001743
-0.006943189000000016
-0.014125798999999994
0.009816221000000014
0.0018355476666666593
-0.00614512566666664
-0.014125798999999994
-0.004548978999999953
-0.0064643429999999835
-0.008379706999999958
-0.010295070999999989
-0.012210434999999964
-0.014125798999999994
-0.004548978999999953
-0.018914198999999965
-0.015083474999999957
-0.01125275099999995
-0.007422026999999942
-0.0035913029999999346
0.00023942100000007294
-0.018914198999999965
-0.016519999000000007
-0.014125798999999994
-0.009337388999999974
-0.004548978999999953
-0.004548978999999953
-0.002952845666666648
-0.0013567123333332876
0.00023942100000001743
0.005027821000000043
0.0026336210000000304
0.00023942100000007294
-0.00215477899999994
-0.004548978999999953
-0.014125798999999994
-0.004548978999999953
-0.0064643429999999835
-0.008379706999999958
-0.010295070999999989
-0.012210434999999964
-0.014125798999999994
-0.00933735899999999
-0.02849099899999996
-0.02250549399999996
-0.016519988999999957
-0.010534483999999955
-0.004548978999999953
-0.0035912989999999367
-0.002633618999999976
-0.0016759389999999597
-0.0007182589999999989
0.00023942100000001743
-0.00215477899999994
0.005027821000000043
-0.004548978999999953
0.005027821000000043
-0.0013567189999999507
-0.007741259
-0.014125798999999994
-0.012529652333333308
-0.010933505666666676
-0.00933735899999999
-0.018914198999999965
-0.004548978999999953
-0.007741252333333282
-0.010933525666666666
-0.014125798999999994
-0.012330141500000003
-0.01053448400000001
-0.008738826499999963
-0.006943168999999971
-0.00933735899999999
-0.006943168999999971
-0.004548978999999953
-0.0039504289999999775
-0.0033518789999999465
-0.002753328999999971
-0.00215477899999994
-0.0015562289999999646
-0.0009576789999999891
-0.00035912899999995807
0.00023942100000001743
0.00023942100000001743
0.00023942100000007294
0.00023942100000007294
0.00023942100000007294
0.005027820999999988
0.005027821000000043
-0.009337388999999974
-0.009337378999999979
-0.009337368999999984
-0.00933735899999999
-0.012529638999999981
-0.015721918999999973
-0.018914198999999965
-0.00933735899999999
-0.00933735899999999
-0.00933735899999999
0.00023943100000001216
0.009816221000000014
0.005027820999999988
0.00023942100000001743
-0.004548978999999953
-0.016519988999999957
-0.02849099899999996
-0.021308393999999953
-0.014125788999999944
-0.006943183999999991
0.00023942100000001743
-0.009337385666666642
-0.018914192333333302
-0.02849099899999996
-0.014125788999999944
0.00023942100000001743
-0.004548969000000014
-0.00933735899999999
-0.002154769000000001
0.005027821000000043
0.005027821000000043
-0.014125788999999944
-0.03327939899999999
-0.00215477899999994
0.02896984100000005
-0.009337388999999918
-0.047644618999999944
-0.029448686999999973
-0.011252754999999948
0.006943177000000023
0.02513910900000005
0.04333504100000002
0.02258529433333334
0.0018355476666667148
-0.018914198999999965
-0.004548978999999953
-0.018914198999999965
-0.01252965899999997
-0.006145118999999977
0.00023942100000001743
0.024181441000000026
-0.004548978999999953
-0.03327939899999999
-0.062009818999999966
-0.01891418899999997
0.024181441000000026
0.06727707100000002
-0.0021547739999999704
-0.07158661899999996
-0.05003880899999996
-0.02849099899999996
-0.006943188999999961
0.01460462100000004
-0.02849099899999996
0.03854664100000005
-0.004548988999999948
-0.047644618999999944
-0.009337388999999918
0.02896984100000005
0.0026336210000000304
-0.02370259899999999
-0.0013567190000000062
0.020989161000000034
0.04333504100000002
0.01779689433333337
-0.007741252333333337
-0.03327939899999999
-0.026894862333333325
-0.020510325666666607
-0.014125788999999944
0.00023942100000001743
-0.011731588999999987
-0.02370259899999999
-0.02609679899999995
-0.02849099899999996
-0.02609679899999995
-0.02370259899999999
-0.022505498999999984
-0.021308398999999978
-0.02011129899999997
-0.018914198999999965
0.009816221000000014
0.00502781699999999
0.00023941300000002164
-0.004548991000000002
-0.00933739499999997
-0.014125798999999994
-0.004548978999999953
-0.014125788999999944
-0.004548983999999923
0.005027821000000043
-0.009337388999999974
-0.02370259899999999
-0.014125790999999999
-0.0045489830000000064
0.005027825000000041
0.014604633000000034
0.024181441000000026
-0.014125798999999994
-0.013527246499999979
-0.012928693999999963
-0.012330141499999947
-0.011731588999999931
0.057700271000000025
-0.057221418999999996
-0.02849099899999996
0.00023942100000001743
-0.0013567123333332876
-0.002952845666666648
-0.004548978999999953
-0.002952845666666648
-0.0013567123333332876
0.00023942100000007294
0.001835554333333378
0.003431687666666683
0.005027821000000043
0.005027820999999988
-0.02849099899999996
0.024181441000000026
0.016314776714285717
0.008448112428571464
0.000581448142857155
-0.007285216142857098
-0.015151880428571407
-0.02301854471428566
-0.03088520899999997
0.03854664100000005
-0.100317039
-0.07477888733333332
-0.049240735666666646
-0.02370258399999997
0.0018355676666667042
0.02737371933333338
0.052911871000000055
-0.023702598999999935
0.06727707100000002
-0.09552863899999997
-0.052433008999999975
-0.009337378999999979
0.03375825100000007
0.07685388100000004
-0.03806779899999996
-0.014125798999999994
-0.0016759510000000089
0.010773897000000032
0.023223745000000018
0.03567359300000006
0.048123441000000045
-0.05243301899999997
0.07685388100000004
-0.014125798999999994
-0.018914198999999965
-0.02370259899999999
-0.02849099899999996
0.052911871000000055
-0.021308383999999958
-0.09552863899999997
-0.006943178999999966
0.08164228100000004
0.060094464333333375
0.03854664766666671
0.016998831000000048
-0.004548985666666616
-0.02609680233333328
-0.047644618999999944
-0.02370259899999999
0.07206546100000003
-0.07158661899999996
0.024181441000000026
-0.04285621899999997
-0.023702598999999935
-0.004548978999999953
0.0026336210000000304
0.009816221000000014
0.011412354333333374
0.01300848766666668
0.01460462100000004
-0.0013567189999999507
-0.017318058999999997
-0.03327939899999999
0.0026336210000000304
0.03854664100000005
0.029568386000000058
0.020590131000000067
0.011611876000000021
0.0026336210000000304
-0.00634463399999996
-0.015322889000000006
-0.024301143999999997
-0.03327939899999999
-0.00933735899999999
-0.018914184
0.08164228100000004
-0.062009818999999966
-0.03806780566666662
-0.014125792333333331
0.009816221000000014
0.024181441000000026
-0.0077412456666666185
-0.03966393233333332
-0.07158661899999996
0.06727707100000002
-0.07158661899999996
-0.04285620566666665
-0.014125792333333276
0.01460462100000004
-0.004548978999999953
-0.006943181499999951
-0.009337383999999949
-0.011731586499999946
-0.014125788999999944
-0.016519991499999942
-0.01891419399999994
-0.021308396499999938
-0.023702598999999935
-0.02609680149999999
-0.028491003999999986
-0.030885206499999984
-0.03327940899999998
-0.03567361149999998
-0.03806781399999998
-0.040462016499999975
-0.04285621899999997
0.009816221000000014
-0.009337388999999974
-0.004548989000000003
-0.01891418899999997
-0.009337378999999979
0.00023942100000001743
0.00023942100000001743
0.00023942100000001743
-0.011731588999999987
-0.02370259899999999
0.0026336210000000304
0.02896984100000005
-0.004548978999999953
-0.03806779899999996
0.03375824100000002
0.00023942100000001743
-0.03327939899999999
-0.014125785666666668
0.0050278276666667066
0.024181441000000026
0.00742204099999999
-0.00933735899999999
-0.004548978999999953
0.007422031000000051
0.019393041000000055
0.0026336210000000304
-0.014125798999999994
-0.02849100900000001
-0.04285621899999997
0.009816226000000039
0.06248867100000002
-0.016519983999999988
-0.09552863899999997
-0.011731588999999987
0.07206546100000003
0.04453214600000005
0.016998831000000048
-0.010534483999999955
-0.03806779899999996
-0.030087132333333322
-0.02210646566666663
-0.014125798999999994
-0.004548978999999953
-0.00614510566666665
-0.007741232333333292
-0.00933735899999999
-0.00933735899999999
0.00023942100000001743
-0.02370259899999999
-0.021308396499999993
-0.01891419399999994
-0.016519991499999942
-0.014125788999999944
-0.004548985666666616
0.005027817666666712
0.01460462100000004
0.0002394110000000227
-0.014125798999999994
-0.011731578999999992
-0.00933735899999999
-0.018914198999999965
0.00023942100000007294
0.019393041000000055
-0.009337378999999979
-0.03806779899999996
-0.011731588999999931
0.01460462100000004
-0.0021547889999999903
-0.018914198999999965
-0.002952852333333311
0.013008494333333398
0.02896984100000005
-0.062009818999999966
0.005027821000000043
0.07206546100000003
0.03375823433333336
-0.004548992333333279
-0.04285621899999997
0.048123441000000045
0.022585294333333394
-0.002952852333333311
-0.02849099899999996
0.019393041000000055
0.0026336210000000304
-0.014125798999999994
-0.012928688999999993
-0.011731578999999992
-0.01053446899999999
-0.00933735899999999
0.005027821000000043
0.007422021000000001
0.009816221000000014
-0.02849099899999996
-0.01532288899999995
-0.00215477899999994
0.011013331000000015
0.024181441000000026
-0.014125788999999944
-0.01731805899999994
-0.020510328999999994
-0.02370259899999999
-0.021308398999999978
-0.018914198999999965
-0.009337388999999974
0.00023942100000001743
-0.00933735899999999
-0.010933505666666676
-0.012529652333333308
-0.014125798999999994
0.00023941433333335427
0.014604627666666703
0.02896984100000005
0.021188686000000068
0.013407531000000028
0.005626376000000044
-0.00215477899999994
-0.00993593399999998
-0.017717088999999964
-0.025498244000000003
-0.03327939899999999
0.007422021000000001
0.048123441000000045
-0.03327939899999999
0.01460462100000004
-0.004548978999999953
-0.0009576789999999891
0.0026336210000000304
0.00622492100000005
0.009816221000000014
0.0038307160000000118
-0.0021547889999999903
-0.008140293999999992
-0.014125798999999994
-0.006943189000000016
-0.009337388999999974
0.024181441000000026
0.005027820999999988
-0.014125798999999994
-0.01138956757142856
-0.008653336142857126
-0.0059171047142856925
-0.0031808732857142585
-0.00044464185714282456
0.0022915895714286094
0.005027821000000043
-0.00215477899999994
0.0026336210000000304
0.00023942100000001743
0.001835554333333378
0.003431687666666683
0.005027821000000043
0.00023942100000007294
-0.004548978999999953
-0.005613070111111063
-0.006677161222222172
-0.007741252333333282
-0.008805343444444391
-0.009869434555555556
-0.010933525666666666
-0.011997616777777775
-0.013061707888888885
-0.014125798999999994
-0.00933735899999999
0.005027821000000043
0.00023942100000001743
-0.006943168999999971
-0.004548978999999953
0.00023942100000001743
-0.002952838999999985
-0.006145098999999987
-0.00933735899999999
-0.011731578999999992
-0.014125798999999994
-0.014923858999999984
-0.01572191900000003
-0.016519979000000018
-0.010534478999999985
-0.004548978999999953
-0.009337388999999974
-0.014125798999999994
-0.010933525666666666
-0.007741252333333282
-0.004548978999999953
-0.014125798999999994
