0.0006529636363635793
0.00021765454545441543
-0.00021765454545463747
-0.0006529636363638014
-0.0010882727272728543
-0.0015235818181819072
-0.001958890909091071
-0.002394200000000124
-0.003591300000000075
-0.004788400000000137
0.007182599999999817
-0.00718260000000015
0.007182599999999817
-0.002394200000000124
-0.00718260000000015
-0.00718260000000015
-0.008778733333333455
-0.010374866666666871
-0.011971000000000176
-0.002394200000000124
0.002394199999999902
0.007182599999999817
0.011970999999999843
-0.002394200000000124
-0.003990333333333429
-0.005586466666666845
-0.00718260000000015
-0.009576800000000163
-0.011971000000000176
-0.014844052000000163
-0.01771710400000015
-0.020590156000000137
-0.023463208000000124
-0.02633626000000011
-0.002394200000000124
-0.011971000000000176
-0.002394200000000124
0.007182599999999817
-0.01675940000000009
-0.00718260000000015
0.002394199999999902
-0.002394200000000124
-0.00718260000000015
-0.011971000000000176
-0.008778733333333455
-0.005586466666666845
-0.002394200000000124
-1.1102230246251565e-16
0.002394199999999902
0.004788399999999804
0.007182599999999817
0.007182599999999817
-0.011971000000000176
-0.011971000000000176
-0.011971000000000176
-0.011971000000000176
-0.011971000000000176
-0.011971000000000176
-0.011971000000000176
-0.011971000000000176
-0.011971000000000176
0.002394199999999902
-0.021547800000000117
-0.011971000000000176
-0.00718260000000015
-0.011971015000000085
-0.01675943000000013
-0.021547845000000176
-0.02633626000000011
0.007182599999999817
-2.220446049250313e-16
-0.00718260000000015
-0.002394200000000124
-1.1102230246251565e-16
0.002394199999999902
-0.002394200000000124
-0.002394200000000124
-0.002394200000000124
-0.0037623142857143854
-0.005130428571428758
-0.006498542857143019
-0.00786665714285728
-0.009234771428571542
-0.010602885714285915
-0.011971000000000176
-0.019153630000000144
-0.02633626000000011
0.002394199999999902
-0.009576800000000163
-0.011971000000000176
-0.011971000000000176
-0.011971000000000176
-0.00718260000000015
-0.002394200000000124
-0.002394200000000124
-0.002394200000000124
-0.002394200000000124
-0.002394200000000124
-0.002394200000000124
-0.002394200000000124
-0.002394200000000124
-0.002394200000000124
-0.002394200000000124
-0.002394200000000124
-0.00718260000000015
-0.011971000000000176
-0.00718260000000015
-0.002394200000000124
-0.004788400000000137
-0.00718260000000015
-0.00718260000000015
-0.00718260000000015
-0.00718260000000015
-0.00718260000000015
-0.00718260000000015
-0.00718260000000015
-0.00718260000000015
-0.00718260000000015
-0.011971000000000176
-0.01675940000000009
0.011970999999999843
-0.002394200000000124
0.007182599999999817
-0.00718260000000015
0.002394199999999902
0.011970999999999843
0.004788399999999804
-0.002394200000000124
-0.001197100000000173
-1.1102230246251565e-16
0.001197099999999951
0.002394199999999902
-0.00718260000000015
-0.011971000000000176
-0.010665072727272906
-0.009359145454545637
-0.008053218181818367
-0.006747290909091097
-0.005441363636363827
-0.004135436363636447
-0.002829509090909177
-0.0015235818181819072
-0.00021765454545463747
0.0010882727272726322
0.002394199999999902
-0.011971000000000176
-0.011971000000000176
-0.00718260000000015
-0.002394200000000124
0.002394199999999902
-0.002394200000000124
-0.00718260000000015
-0.011971000000000176
-0.01675940000000009
-0.021547800000000117
0.002394199999999902
0.000798066666666597
-0.000798066666666819
-0.002394200000000124
0.011970999999999843
0.007182599999999817
0.002394199999999902
0.002394199999999902
0.002394199999999902
0.002394199999999902
0.002394199999999902
0.002394199999999902
-0.00718260000000015
-1.1102230246251565e-16
0.007182599999999928
-0.00718260000000015
-0.004788400000000137
-0.002394200000000124
-0.00718260000000015
-0.011971000000000065
-0.01675940000000009
-0.011971000000000176
-0.013567133333333481
-0.015163266666666786
-0.016759400000000202
-0.018355533333333507
-0.019951666666666812
-0.021547800000000117
-0.002394200000000124
-0.01675940000000009
-0.00718260000000015
0.002394199999999902
0.002394199999999902
0.002394199999999902
-1.1102230246251565e-16
-0.002394200000000124
-0.004788400000000137
-0.00718260000000015
-0.004788400000000137
-0.002394200000000124
-0.003990333333333429
-0.005586466666666845
-0.00718260000000015
-0.009576800000000163
-0.011971000000000176
-0.009576800000000163
-0.00718260000000015
-0.005586466666666845
-0.003990333333333429
-0.002394200000000124
-0.021547800000000117
-0.02633626000000011
-0.015163306666666765
-0.0039903533333335295
0.007182599999999817
0.002394199999999902
-1.1102230246251565e-16
-0.002394200000000124
-0.004788400000000137
-0.00718260000000015
-0.009576800000000163
-0.011971000000000176
-0.011971000000000176
-0.011971000000000176
-0.009576800000000163
-0.00718260000000015
-0.00718260000000015
-0.00718260000000015
-2.220446049250313e-16
0.007182599999999817
-2.220446049250313e-16
-0.00718260000000015
-0.010055640000000143
-0.012928680000000137
-0.01580172000000013
-0.018674760000000123
-0.021547800000000117
0.002394199999999902
0.002829509090908955
0.0032648181818181188
0.0037001272727271717
0.004135436363636225
0.0045707454545452775
0.005006054545454441
0.005441363636363494
0.005876672727272547
0.0063119818181816
0.006747290909090764
0.007182599999999817
-0.004788400000000137
-3.0000000039720476e-08
-0.01675940000000009
-0.013339114285714326
-0.009918828571428673
-0.006498542857142908
-0.0030782571428572547
0.00034202857142850984
0.0037623142857141634
0.007182599999999928
0.01675939999999987
-0.004788430000000066
-0.01675940000000009
-0.002394200000000124
0.011970999999999843
-0.002394200000000124
-0.01675940000000009
-0.005586466666666734
0.005586466666666512
0.01675939999999987
0.002394199999999902
-0.011971000000000176
-0.010773900000000225
-0.009576800000000163
-0.008379700000000101
-0.00718260000000015
-0.00718260000000015
-0.004788400000000137
-0.002394200000000124
-0.002394200000000124
-0.002394200000000124
-0.009576800000000052
-0.01675940000000009
-0.011971000000000065
-0.00718260000000015
-0.002394200000000124
0.002394199999999902
-0.002394200000000124
0.021547799999999895
0.00957679999999983
-0.002394200000000124
-1.1102230246251565e-16
0.002394199999999902
-0.002394200000000124
-0.00718260000000015
0.01675939999999987
0.0007980466666664965
-0.015163306666666765
-0.031124660000000137
0.031124599999999836
0.0023941833333331886
-0.02633623333333346
-0.05506665000000016
-0.04405332200000012
-0.03303999400000013
-0.02202666600000014
-0.01101333800000015
-1.0000000161269895e-08
0.04548983999999989
-0.00718260500000012
-0.05985505000000013
-0.026336220000000132
0.007182609999999867
0.04070143999999987
-0.07422028000000014
-0.009576820000000152
0.055066639999999833
0.019153612499999806
-0.01675941500000011
-0.05267244250000014
-0.08858547000000011
-0.014365215000000098
0.05985503999999986
-0.08379707000000014
-0.021547815000000137
0.04070143999999987
-0.07422028000000014
0.06464343999999989
0.024740076666666555
-0.015163286666666775
-0.05506665000000016
0.031124599999999836
0.02633619999999981
0.021547799999999895
0.01675939999999987
0.011970999999999843
0.007182599999999817
0.002394199999999902
-0.002394200000000124
-0.00718260000000015
-0.011971000000000176
-0.01675940000000009
-0.021547800000000117
0.011970999999999843
-0.031124660000000137
0.031124599999999836
0.0055864499999997985
-0.019951700000000128
-0.04548985000000011
0.04070143999999987
-0.04548985000000011
0.04548983999999989
0.0225055019999999
-0.0004788360000000935
-0.023463174000000087
-0.046447512000000135
-0.06943185000000013
-0.004788405000000107
0.05985503999999986
-0.06464345000000016
-0.01675942500000016
0.031124599999999836
-0.031124660000000137
-0.002394200000000124
0.002394199999999902
-0.002394200000000124
-0.002394200000000124
-0.002394200000000124
-0.002394200000000124
-0.04070146000000019
-0.0342029100000002
-0.027704360000000205
-0.021205810000000214
-0.01470726000000011
-0.008208710000000119
-0.0017101600000001271
0.004788389999999865
0.011286939999999857
0.01778548999999985
0.02428403999999984
0.030782589999999832
0.037281139999999935
0.04377968999999993
0.05027823999999992
0.01675940999999992
-0.01675942000000008
-0.050278250000000135
-0.02394202500000009
0.002394199999999902
-0.02633626000000011
-0.002394200000000124
-0.002394200000000124
-1.1102230246251565e-16
0.002394199999999902
0.031124599999999836
-0.021547800000000117
0.01675939999999987
-0.050278250000000135
0.002394199999999902
0.007182599999999817
-0.04548985000000011
-0.009576825000000122
0.02633619999999992
-0.021547800000000117
-0.011971000000000176
-0.002394200000000124
0.007182599999999928
0.01675939999999987
-0.009576830000000092
-0.03591306000000016
-0.030526101250000215
-0.025139142500000156
-0.019752183750000096
-0.014365225000000148
0.007182599999999817
0.005267239999999784
0.0033518799999998627
0.0014365199999998302
-0.0004788400000000914
-0.002394200000000124
0.004788369999999875
-0.01675940000000009
-0.01037486666666676
-0.003990333333333429
0.002394199999999902
-3.0000000039720476e-08
-0.010175387500000133
-0.020350745000000114
-0.030526102500000096
-0.04070146000000019
0.021547799999999895
0.01771707999999994
0.013886359999999875
0.010055639999999921
0.006224919999999856
0.002394199999999902
-0.02633626000000011
0.03591299999999986
-0.050278250000000135
-0.040017385714285814
-0.029756521428571547
-0.01949565714285728
-0.009234792857143015
0.0010260714285713624
0.011286935714285629
0.021547799999999895
0.013168099999999905
0.004788399999999915
-0.00718263000000019
-0.011971020000000165
-0.01675941000000014
-0.021547800000000117
-0.01675940000000009
-0.01616085750000007
-0.01556231500000016
-0.014963772500000139
-0.014365230000000118
-0.011971000000000176
-0.00718260000000015
-0.002394200000000124
0.002394199999999902
0.005586466666666512
0.008778733333333233
0.011970999999999843
-0.002394200000000124
-0.01675940000000009
-0.005586466666666734
0.005586466666666512
0.01675939999999987
0.007182599999999928
-0.002394200000000124
-0.003990333333333429
-0.005586466666666845
-0.00718260000000015
-0.00718260000000015
-0.00718260000000015
-0.00718260000000015
-0.00718260000000015
-0.011971000000000176
-0.01675940000000009
-0.014844040000000058
-0.012928680000000137
-0.011013320000000104
-0.009097960000000183
-0.00718260000000015
-0.011971000000000176
-0.00718260000000015
-0.002394200000000124
-0.002394200000000124
-0.002394200000000124
-0.002394200000000124
-0.002394200000000124
-0.011971000000000176
-0.00718260000000015
-0.002394200000000124
-0.003990333333333429
-0.005586466666666845
-0.00718260000000015
-0.011971000000000176
-0.01675940000000009
-0.015163266666666786
-0.013567133333333481
-0.011971000000000176
0.002394199999999902
0.002394199999999902
-0.002394200000000124
-0.00718260000000015
-0.011971000000000176
-0.002394200000000124
-0.003990333333333429
-0.005586466666666845
-0.00718260000000015
-0.002394200000000124
0.002394199999999902
0.003990333333333207
0.005586466666666512
0.007182599999999928
0.008778733333333233
0.010374866666666538
0.011970999999999843
-0.011971000000000176
0.007182599999999817
-0.01675940000000009
-0.01675940000000009
-0.011971000000000176
-0.009576800000000163
-0.00718260000000015
-0.003990333333333429
-0.000798066666666819
0.002394199999999902
0.002394199999999902
0.00047883999999986937
-0.0014365200000001632
-0.003351880000000085
-0.005267240000000117
-0.00718260000000015
-0.004788400000000137
-0.002394200000000124
-0.009576800000000163
-0.01556230000000014
-0.021547800000000117
-0.014365200000000078
-0.00718260000000015
-0.014365200000000078
-0.021547800000000117
-0.009576800000000052
0.002394199999999902
-0.009576800000000052
-0.021547800000000117
-0.021547800000000117
-0.021547800000000117
-0.021547800000000117
-0.019951666666666812
-0.018355533333333396
-0.01675940000000009
-0.012928680000000137
-0.009097960000000072
-0.005267240000000117
-0.0014365200000000522
0.002394199999999902
-0.021547800000000117
-0.00718260000000015
0.007182599999999817
-0.011971000000000176
-0.002394200000000124
-0.011971000000000176
-0.012928680000000137
-0.013886360000000098
-0.01484404000000017
-0.01580172000000013
-0.01675940000000009
-0.002394200000000124
-0.01675940000000009
0.002394199999999902
-0.011971000000000176
-0.004788400000000137
0.002394199999999902
-0.00718260000000015
-0.01675940000000009
-0.011971000000000176
-0.00718260000000015
-0.008778733333333455
-0.010374866666666871
-0.011971000000000176
-0.011013320000000215
-0.010055640000000143
-0.009097960000000183
-0.00814028000000011
-0.00718260000000015
-0.01675940000000009
-0.01675940000000009
0.002394199999999902
0.00319226666666661
0.003990333333333207
0.004788399999999804
0.005586466666666512
0.00638453333333322
0.007182599999999817
-0.01675940000000009
