-0.01975194999999985
-0.020549949999999484
-0.021347950000000893
-0.022145950000000525
-0.02573745000000116
-0.02932895000000002
-0.014963449999999767
-0.0005979500000012905
-0.005386450000001375
-0.01017495000000146
-0.017357450000002217
-0.0245399500000012
-0.027732283333333996
-0.03092461666666857
-0.03411695000000137
-0.03890595000000019
-0.03651170000000015
-0.034117450000000105
-0.03172320000000006
-0.02932895000000002
-0.03092495000000106
-0.032520950000000326
-0.03411695000000137
-0.0221459500000023
-0.01017495000000146
-0.017357700000001586
-0.024540449999999936
-0.01017495000000146
-0.008578950000000418
-0.0069829500000011535
-0.0053869500000001125
-0.013367616666666748
-0.021348283333333384
-0.02932895000000002
-0.0245399500000012
-0.02693445000000061
-0.02932895000000002
-0.0245399500000012
-0.02693445000000061
-0.02932895000000002
-0.024540449999999936
-0.01975194999999985
-0.02070954999999941
-0.021667150000000746
-0.022624750000000304
-0.02358235000000164
-0.0245399500000012
-0.017357450000002217
-0.022943950000001934
-0.02853045000000165
-0.03411695000000137
-0.031722700000001325
-0.029328450000001283
-0.02693420000000124
-0.0245399500000012
-0.02613628333333473
-0.027732616666666488
-0.02932895000000002
-0.02214645000000104
-0.014963950000000281
-0.013367616666666748
-0.011771283333334992
-0.01017495000000146
-0.012569200000001501
-0.014963449999999767
-0.01735769999999981
-0.01975194999999985
-0.031722950000000694
-0.03531445000000133
-0.03890595000000019
-0.034117450000000105
-0.02932895000000002
-0.02693445000000061
-0.0245399500000012
-0.0245399500000012
-0.0245399500000012
-0.021347950000000893
-0.018155950000000587
-0.014963950000000281
-0.02932895000000002
-0.028131699999999427
-0.02693445000000061
-0.025737200000001792
-0.0245399500000012
-0.01975161666666736
-0.014963283333335298
-0.01017495000000146
-0.0245399500000012
-0.0245399500000012
-0.0245399500000012
-0.022145950000000525
-0.01975194999999985
-0.024540449999999936
-0.02932895000000002
-0.02214645000000104
-0.014963950000000281
-0.014963950000000281
-0.014963950000000281
-0.02214645000000104
-0.02932895000000002
-0.03252128333333282
-0.03571361666666739
-0.03890595000000019
-0.01975194999999985
-0.01975194999999985
-0.01975194999999985
-0.01975194999999985
-0.01975194999999985
-0.010174949999999683
-0.0005979500000012905
-0.006583450000000823
-0.012568950000002133
-0.018554450000001665
-0.0245399500000012
-0.0245399500000012
-0.0245399500000012
-0.0245399500000012
-0.0245399500000012
-0.0245399500000012
-0.02932895000000002
-0.03890595000000019
-0.01017495000000146
-0.01177111666666697
-0.013367283333334257
-0.014963449999999767
-0.01975194999999985
-0.024540449999999936
-0.02932895000000002
-0.02214645000000104
-0.014963950000000281
-0.024540449999999936
-0.03411695000000137
-0.03411695000000137
-0.03411695000000137
-0.03411695000000137
-0.03411695000000137
-0.0245399500000012
-0.022145950000000525
-0.01975194999999985
-0.022145950000000525
-0.0245399500000012
-0.018155616666668095
-0.011771283333333216
-0.0053869500000001125
-0.010175450000000197
-0.014963950000000281
-0.018555199999999772
-0.02214645000000104
-0.02573770000000053
-0.02932895000000002
-0.043693950000001536
-0.043693950000001536
-0.043693950000001536
-0.043693950000001536
-0.04129995000000086
-0.03890595000000019
-0.02932895000000002
-0.01975194999999985
-0.01017495000000146
-0.01017495000000146
-0.01017495000000146
-0.01017495000000146
-0.014963283333335298
-0.01975161666666736
-0.0245399500000012
-0.01975194999999985
-0.017357950000000955
-0.014963950000000281
0.004190050000000056
-0.0053869500000001125
-0.014963950000000281
-0.01616094999999973
-0.017357950000000955
-0.018554950000000403
-0.01975194999999985
-0.03890595000000019
-0.0245399500000012
-0.03411695000000137
-0.043693950000001536
-0.0357132833333349
-0.027732616666666488
-0.01975194999999985
-0.021347950000000893
-0.022943950000000157
-0.0245399500000012
-0.01975194999999985
-0.014963950000000281
-0.0005979500000012905
-0.0053869500000001125
-0.0029924500000007015
-0.0005979500000012905
-0.007780950000000786
-0.014963950000000281
-0.01975194999999985
-0.0245399500000012
-0.023941450000000586
-0.023342949999999973
-0.022744450000001137
-0.022145950000000525
-0.028131450000000058
-0.03411695000000137
-0.029328450000001283
-0.0245399500000012
-0.017357450000002217
-0.01017495000000146
-0.014963449999999767
-0.01975194999999985
-0.014963449999999767
-0.01017495000000146
-0.007780950000000786
-0.0053869500000001125
-0.0053869500000001125
-0.0053869500000001125
-0.0053869500000001125
-0.0245399500000012
-0.021347950000000893
-0.018155950000000587
-0.014963950000000281
-0.01975194999999985
-0.01975194999999985
-0.01975194999999985
-0.022145950000000525
-0.0245399500000012
-0.0245399500000012
-0.0245399500000012
-0.017357450000002217
-0.01017495000000146
-0.01256945000000087
-0.014963950000000281
-0.016559949999999546
-0.018155950000000587
-0.01975194999999985
-0.022145950000000525
-0.0245399500000012
-0.01017495000000146
-0.0221459500000023
-0.03411695000000137
-0.031722950000000694
-0.02932895000000002
-0.031722950000000694
-0.03411695000000137
-0.014963449999999767
0.004190050000000056
-0.0037906166666665797
-0.011771283333333216
-0.01975194999999985
-0.018794350000000293
-0.017836750000000734
-0.0168791499999994
-0.01592154999999984
-0.014963950000000281
0.00419004999999828
0.023344049999998617
0.023344049999998617
-0.02214645000000104
0.024540799999998697
0.07122804999999843
-0.08200095000000118
-0.014963449999999767
0.05207404999999987
-0.011771283333333216
-0.07561661666666808
-0.13946195000000117
-0.11551995000000126
-0.09157795000000135
-0.058058950000001275
-0.0245399500000012
0.0009980499999997505
0.026536049999998923
0.05207404999999987
-0.0053869500000001125
-0.0005984500000000281
0.004190050000000056
-0.04848245000000162
-0.10115495000000152
-0.01975194999999985
0.06165105000000004
-0.0053864499999995985
-0.07242395000000101
0.013767049999998449
0.09995804999999969
-0.03890545000000145
-0.1777689500000008
-0.11791395000000193
-0.058058950000001275
-0.05327045000000119
-0.048481950000001106
-0.031722950000000694
-0.014963950000000281
0.09517005000000012
0.08240071666666715
0.06963138333333241
0.05686204999999944
-0.03411695000000137
-0.06284728333333511
-0.09157761666666708
-0.12030795000000083
-0.09796228333333445
-0.0756166166666663
-0.05327094999999993
0.008978049999999627
-0.043693950000001536
-0.09636595000000092
0.12868804999999917
0.054468050000000545
-0.01975194999999985
-0.013367283333334257
-0.006982616666666885
-0.0005979500000012905
-0.043693950000001536
-0.03685337857142912
-0.030012807142858478
-0.02317223571428606
-0.01633166428571542
-0.009491092857143002
-0.002650521428572361
0.004190050000000056
-0.04608795000000043
-0.09636595000000092
-0.10594295000000109
-0.0772124500000011
0.016161300000000267
0.10953504999999986
-0.02932895000000002
0.005786049999999321
0.04090105000000044
0.07601604999999978
0.004190050000000056
0.008978383333333895
0.013766716666665957
0.018555049999999795
-0.05087645000000052
-0.12030795000000083
-0.06045295000000195
-0.0005979500000012905
-0.03890595000000019
-0.0843954500000006
-0.129884950000001
-0.024540449999999936
0.08080404999999935
0.012569549999998486
-0.0556649500000006
-0.12389944999999969
-0.19213395000000055
0.09995804999999969
0.07003055000000025
0.04010304999999903
0.010175549999999589
-0.01975194999999985
-0.0059853250000010405
0.007781299999999547
0.021547925000000134
0.035314549999998945
-0.014963950000000281
-0.05327094999999993
-0.0005979500000012905
-0.0245399500000012
-0.048481950000001106
-0.08200095000000118
-0.11551995000000126
-0.08080395000000173
-0.04608795000000043
-0.011371950000000908
0.023344049999998617
-0.22086495000000106
-0.060453450000000686
0.09995804999999969
0.008978549999998364
-0.08200095000000118
0.047286049999998525
0.04010304999999903
0.032920049999999534
0.028132049999999964
0.023344049999998617
0.013767049999998449
0.004190050000000056
-0.0053869500000001125
-0.0015561500000007555
0.0022746499999986014
0.006105449999999735
0.009936249999999092
0.013767049999998449
0.001317249999997827
-0.011132550000001018
-0.02358235000000164
-0.036032150000000485
-0.048481950000001106
-0.08678995
-0.034117450000000105
-0.1346739500000016
-0.02214645000000104
0.09038104999999952
-0.005386950000001889
-0.10115495000000152
-0.07900857500000136
-0.056862200000001195
-0.03471582500000103
-0.01256945000000087
0.009576924999999292
0.031723299999999455
0.05386967499999962
0.07601604999999978
0.037708800000000764
-0.0005984500000000281
-0.0005984500000018045
-0.058058950000001275
-0.06763594999999967
-0.07721294999999984
-0.036511449999999
0.004190050000000056
-0.02741334999999978
-0.05901674999999962
-0.09062015000000123
-0.12222355000000107
-0.1538269500000009
-0.04129945000000035
0.07122804999999843
-0.16340395000000107
-0.09636645000000144
-0.02932895000000002
0.03770854999999962
0.10474604999999926
0.055665049999999994
0.00658405000000073
-0.01975194999999985
-0.0053869500000001125
-0.018554950000000403
-0.031722950000000694
-0.044890950000000984
-0.058058950000001275
-0.09636595000000092
0.023344049999998617
-0.022943950000001934
-0.06923195000000071
-0.11551995000000126
0.09038104999999952
-0.01975194999999985
-0.129884950000001
-0.01256945000000087
0.10474604999999926
0.02334354999999988
-0.058058950000001275
0.07122804999999843
0.048483049999997974
0.02573804999999929
0.0029930500000006077
-0.01975194999999985
-0.08678995
-0.08838594999999927
-0.08998195000000031
-0.09157795000000135
-0.09317395000000062
-0.09476994999999988
-0.09636595000000092
-0.06524195000000077
-0.11551995000000126
0.04967979999999983
0.21487954999999914
0.09516979999999897
-0.0245399500000012
0.018555383333332287
0.06165071666666577
0.10474604999999926
-0.09157795000000135
-0.12030845000000134
-0.14903895000000134
-0.08918395000000068
-0.02932895000000002
-0.09876045000000033
-0.16819195000000065
-0.0029924500000007015
0.16220704999999924
0.12789021666666578
0.09357338333333232
0.05925654999999885
0.02493971666666539
-0.009377116666668073
-0.043693950000001536
0.12868804999999917
-0.09157795000000135
-0.1586159500000015
-0.058058950000001275
-0.07817035000000061
-0.09828175000000172
-0.11839315000000106
-0.13850455000000217
-0.1586159500000015
0.2244560499999988
0.023344049999998617
0.15741904999999967
0.07122771666666594
-0.01496361666666779
-0.10115495000000152
-0.12090707500000164
-0.14065920000000176
-0.16041132500000188
-0.180163450000002
-0.19991557500000035
-0.21966770000000047
-0.23941982500000059
-0.2591719500000007
-0.0005979500000012905
-0.03411695000000137
-0.010175450000000197
0.19572604999999932
0.15382754999999904
0.11192905000000053
0.07003055000000025
0.028132049999999964
0.04010304999999903
0.05207404999999987
0.08080438333333362
0.10953471666666559
0.13826504999999933
-0.09157795000000135
0.013767049999998449
0.13347704999999976
-0.031722950000000694
-0.19692295000000115
-0.10115495000000152
-0.0053869500000001125
0.0712275499999997
0.1478420499999995
-0.014963449999999767
-0.1777689500000008
-0.05327045000000119
0.07122804999999843
0.14065954999999875
0.21009104999999906
0.11911154999999951
0.028132049999999964
-0.010174949999999683
-0.048481950000001106
0.0496800499999992
0.1478420499999995
0.11432304999999943
0.08080404999999935
0.015362716666665222
-0.05007861666666713
-0.11551995000000126
-0.11312595000000059
-0.11073194999999991
-0.014963950000000281
-0.006983283333333645
0.0009973833333329907
0.008978049999999627
-0.010175450000000197
-0.02932895000000002
-0.10594295000000109
-0.08998161666666782
-0.07402028333333455
-0.058058950000001275
0.10474604999999926
0.0424970499999997
-0.01975194999999985
-0.08678945000000127
-0.1538269500000009
-0.08200095000000118
-0.01017495000000146
-0.03890545000000145
-0.06763595000000144
-0.03411728333333386
-0.0005986166666680504
0.032920049999999534
0.06165105000000004
0.0009980499999997505
-0.05965495000000054
-0.12030795000000083
-0.02932895000000002
-0.01256945000000087
0.004190050000000056
0.0161610500000009
0.028132049999999964
-0.007780950000000786
-0.043693950000001536
-0.07721294999999984
-0.05446794999999938
-0.031722950000000694
-0.00897795000000201
0.013767049999998449
-0.0628479500000001
-0.02932895000000002
-0.03411728333333386
-0.0389056166666677
-0.043693950000001536
-0.03651145000000078
-0.02932895000000002
-0.014963449999999767
-0.0005979500000012905
-0.0005979500000012905
-0.0005979500000012905
-0.005386450000001375
-0.01017495000000146
-0.011771283333334992
-0.013367616666666748
-0.014963950000000281
0.008978049999999627
-0.014963950000000281
-0.017357950000000955
-0.01975194999999985
-0.027732616666666488
-0.0357132833333349
-0.043693950000001536
-0.04848245000000162
-0.05327094999999993
-0.034117450000000105
-0.014963950000000281
-0.021348283333333384
-0.027732616666668264
-0.03411695000000137
-0.028131450000001834
-0.0221459500000023
-0.016160450000000992
-0.01017495000000146
-0.0053869500000001125
0.018555049999999795
-0.01975194999999985
-0.014963950000000281
-0.017357950000000955
-0.01975194999999985
-0.02294428333333265
-0.026136616666667223
-0.02932895000000002
-0.03890545000000145
-0.048481950000001106
-0.03890595000000019
-0.03411728333333386
-0.02932861666666753
-0.0245399500000012
-0.0245399500000012
-0.0245399500000012
-0.010174949999999683
0.004190050000000056
-0.0245399500000012
-0.007780950000000786
0.008978049999999627
-0.0005984500000018045
-0.01017495000000146
-0.007780950000000786
-0.0053869500000001125
-0.017357950000000955
-0.02932895000000002
-0.024540449999999936
-0.01975194999999985
-0.014963450000001544
-0.01017495000000146
-0.03890595000000019
-0.034117450000000105
-0.02932895000000002
-0.024540449999999936
-0.01975194999999985
-0.02932895000000002
-0.017357950000000955
-0.0053869500000001125
-0.0053869500000001125
-0.0053869500000001125
-0.01256945000000087
-0.01975194999999985
-0.020948950000001076
-0.022145950000000525
-0.023342949999999973
-0.0245399500000012
-0.014963950000000281
-0.01975194999999985
-0.0245399500000012
-0.022145950000000525
-0.01975194999999985
-0.02932895000000002
-0.03092495000000106
-0.032520950000000326
-0.03411695000000137
-0.0245399500000012
-0.022145950000000525
-0.01975194999999985
-0.014963449999999767
-0.01017495000000146
-0.004189450000001926
0.0017960499999993829
0.007781549999998916
0.013767049999998449
-0.0245399500000012
-0.014963950000000281
-0.01975228333333412
-0.024540616666666182
-0.02932895000000002
-0.02932895000000002
-0.02932895000000002
-0.0245399500000012
-0.036510950000000264
-0.048481950000001106
-0.036510950000000264
-0.0245399500000012
-0.02693420000000124
-0.029328450000001283
-0.031722700000001325
-0.03411695000000137
-0.017357450000002217
-0.0005979500000012905
-0.010174949999999683
-0.01975194999999985
-0.014963950000000281
-0.014963950000000281
-0.017357950000000955
-0.01975194999999985
-0.01256945000000087
-0.0053869500000001125
-0.014963449999999767
-0.0245399500000012
-0.029328450000001283
