-0.08926336666666757
-0.07809036666666813
-0.06691736666666692
-0.05574436666666749
-0.046167866666667834
-0.0365913666666664
-0.03180236666666758
-0.03180236666666758
-0.03180236666666758
-0.046167866666667834
-0.06053336666666631
-0.04856236666666547
-0.0365913666666664
-0.03419686666666699
-0.03180236666666758
-0.0246198666666686
-0.017437366666667842
-0.038985366666667076
-0.06053336666666631
-0.07250436666666715
-0.08447536666666622
-0.08224076666666669
-0.08000616666666716
-0.07777156666666585
-0.07553696666666632
-0.07330236666666679
-0.07106776666666725
-0.06883316666666772
-0.06659856666666641
-0.06436396666666688
-0.06212936666666735
-0.05989476666666782
-0.05766016666666829
-0.05542556666666698
-0.05319096666666745
-0.05095636666666792
-0.04377386666666716
-0.0365913666666664
-0.04137936666666775
-0.06053336666666631
-0.0365913666666664
-0.017437366666667842
-0.0365913666666664
-0.04137936666666775
-0.04616836666666657
-0.04137970000000024
-0.03659103333333391
-0.03180236666666758
-0.03180236666666758
-0.03180236666666758
-0.03180236666666758
-0.038985366666667076
-0.04616836666666657
-0.0365913666666664
-0.027014366666666234
-0.02062970000000064
-0.014245033333333268
-0.007860366666667673
-0.013845866666667206
-0.019831366666668515
-0.025816866666668048
-0.03180236666666758
-0.0581388666666669
-0.05734070000000102
-0.05654253333333337
-0.05574436666666749
-0.022226366666666664
-0.007860366666667673
-0.017437366666667842
-0.027014366666666234
-0.0365913666666664
-0.04616836666666657
-0.04616836666666657
-0.04616836666666657
-0.04616836666666657
-0.04616836666666657
-0.04616836666666657
-0.04616836666666657
-0.04616836666666657
-0.04616836666666657
-0.038985366666667076
-0.03180236666666758
-0.027014366666666234
-0.022226366666666664
-0.0250993666666659
-0.027972366666666915
-0.030845366666666152
-0.033718366666667166
-0.0365913666666664
-0.055744866666668
-0.04975924166666701
-0.04377361666666779
-0.037787991666668574
-0.03180236666666758
-0.04616836666666657
-0.046167866666667834
-0.04297570000000128
-0.039783533333332954
-0.0365913666666664
-0.03180286666666632
-0.027014366666666234
-0.027971966666665793
-0.028929566666667128
-0.029887166666666687
-0.030844766666668022
-0.03180236666666758
-0.03419686666666699
-0.0365913666666664
-0.04137936666666775
-0.05095636666666792
-0.05255236666666718
-0.054148366666668224
-0.05574436666666749
-0.04137936666666775
-0.03180270000000007
-0.022226033333334172
-0.012649366666666495
-0.03180236666666758
-0.017437366666666065
-0.0030723666666663263
-0.006264699999999124
-0.009457033333333698
-0.012649366666666495
-0.05095636666666792
-0.053829366666667156
-0.05670236666666817
-0.059575366666667406
-0.06244836666666842
-0.06532136666666766
-0.06053336666666631
-0.055744866666668
-0.05095636666666792
-0.0365913666666664
-0.04137936666666775
-0.038985366666667076
-0.0365913666666664
-0.03932750952380992
-0.042063652380951666
-0.044799795238095186
-0.047535938095238706
-0.050272080952382225
-0.05300822380952397
-0.05574436666666749
-0.05734070000000102
-0.05893703333333278
-0.06053336666666631
-0.05335086666666555
-0.04616836666666657
-0.027014366666666234
-0.0365913666666664
-0.04616836666666657
-0.04616836666666657
-0.03180286666666632
-0.017437366666667842
-0.027014366666666234
-0.0365913666666664
-0.05095636666666792
-0.053350366666666815
-0.05574436666666749
-0.05095636666666792
-0.04377386666666716
-0.0365913666666664
-0.007860366666667673
-0.012648866666667757
-0.017437366666667842
-0.027014366666666234
-0.03659103333333391
-0.04616769999999981
-0.05574436666666749
-0.05813861666666753
-0.06053286666666757
-0.06292711666666762
-0.06532136666666766
-0.05574436666666749
-0.0365913666666664
-0.007860366666667673
-0.004668366666667367
-0.0014763666666670616
0.001715633333333244
-0.022226366666666664
-0.034197366666667506
-0.04616836666666657
-0.06771586666666707
-0.08926336666666757
-0.08208086666666858
-0.07489836666666783
-0.06532170000000015
-0.05574503333333425
-0.04616836666666657
-0.012649366666666495
-0.02222586666666615
-0.03180236666666758
-0.027014116666666865
-0.02222586666666615
-0.01743761666666721
-0.012649366666666495
-0.03180286666666632
-0.042975699999999506
-0.05414853333333447
-0.06532136666666766
-0.06292736666666698
-0.06053336666666631
-0.06053336666666631
-0.06053336666666631
-0.06053336666666631
-0.06053336666666631
-0.06053336666666631
-0.06053336666666631
-0.06053336666666631
-0.06053336666666631
-0.06053336666666631
-0.043773866666665384
-0.027014366666666234
-0.03419686666666699
-0.04137936666666775
-0.04856236666666547
-0.027014366666666234
-0.024620366666667337
-0.022226366666666664
-0.0365913666666664
-0.0365913666666664
-0.0365913666666664
-0.04936036666666688
-0.06212936666666735
-0.07489836666666783
-0.06771586666666707
-0.06053336666666809
-0.05335086666666733
-0.04616836666666657
-0.022226366666666664
-0.022226366666666664
-0.027014700000000502
-0.031803033333332564
-0.0365913666666664
-0.04137936666666775
-0.04377361666666779
-0.046167866666667834
-0.048562116666667876
-0.05095636666666792
-0.050158366666668286
-0.04936036666666688
-0.048562366666667245
-0.04776436666666761
-0.046966366666666204
-0.04616836666666657
-0.036590866666667665
-0.0365913666666664
-0.0365913666666664
-0.04137986666666649
-0.04616836666666657
-0.047365366666667796
-0.048562366666667245
-0.04975936666666669
-0.05095636666666792
-0.03180236666666758
-0.036590866666667665
-0.04137936666666775
-0.046167866666667834
-0.05095636666666792
-0.027014366666666234
-0.01637347777777798
-0.005732588888887946
0.00490830000000031
0.015549188888888565
0.026190077777778598
0.03683096666666685
0.04747185555555511
0.05811274444444514
0.0687536333333334
-0.07729236666666672
-0.10123486666666714
-0.19460836666666737
-0.11639770000000027
-0.03818703333333495
0.04002363333333214
-0.06292736666666698
-0.1658783666666679
0.07833063333333357
-0.012648866666665981
-0.1036283666666673
0.01129313333333215
0.12621463333333338
-0.08926336666666757
0.03762913333333273
0.16452163333333303
0.09389263333333275
0.02326363333333248
-0.04736536666666602
-0.1179943666666663
0.16452163333333303
-0.2568573666666669
-0.14991636666666786
-0.042975366666667014
0.06396563333333205
-0.27601136666666726
-0.14193586666666747
-0.007860366666667673
-0.03659103333333391
-0.06532170000000015
-0.09405236666666639
-0.08367736666666659
-0.07330236666666679
-0.06292736666666698
-0.05255236666666718
-0.04217736666666738
-0.03180236666666758
0.04959963333333306
-0.012649366666668271
-0.07489836666666783
0.011292633333333413
0.16452163333333303
-0.017437366666666065
-0.19939636666666694
-0.02222586666666615
0.15494463333333286
-0.07010986666666597
-0.29516436666666657
-0.2089733666666671
-0.12278236666666587
-0.0365913666666664
0.04959963333333306
-0.013846616666667089
-0.07729286666666724
-0.14073911666666739
-0.20418536666666753
-0.02222586666666615
-0.0461681166666672
-0.07011036666666648
0.004110133333334431
0.07833063333333357
-0.08447536666666622
-0.023423116666666743
0.03762913333333273
0.09868138333333398
0.15973363333333346
-0.1610893666666673
-0.05255236666666718
0.05598463333333292
0.16452163333333303
0.016081299999999743
-0.13235903333333354
-0.2807993666666668
-0.08208136666666732
-0.05957576666666675
-0.03707016666666618
-0.014564566666667389
0.00794103333333318
0.03044663333333375
-0.08447536666666622
-0.046167866666667834
-0.007860366666667673
-0.018235366666667474
-0.028610366666667275
-0.038985366666667076
-0.04936036666666688
-0.05973536666666668
-0.07011036666666648
0.0065041333333333284
0.17888663333333277
0.004110133333332655
-0.17066636666666746
0.013687133333332824
0.1980406333333331
-0.0605328666666658
-0.3191063666666665
-0.12038786666666645
0.07833063333333357
-0.0030721166666669575
-0.08447486666666748
-0.16587761666666623
-0.24728036666666675
-0.03180236666666758
-0.07011036666666648
-0.07729286666666724
-0.08447536666666622
-0.027014366666666234
0.03044663333333375
-0.024619866666666823
-0.0796863666666674
0.09748363333333288
0.02326363333333248
-0.05095636666666792
0.030446299999999482
0.1118489666666651
0.1932516333333325
0.07673396666666576
-0.03978370000000098
-0.15630136666666772
-0.07872926666666835
-0.0011571666666672087
0.07641493333333216
0.1539870333333333
0.23155913333333267
-0.3143183666666669
0.1932516333333325
-0.15151236666666712
-0.17784861666666707
-0.20418486666666702
-0.23052111666666697
-0.2568573666666669
-0.08447536666666622
-0.08686936666666689
-0.08926336666666757
-0.09405176666666826
-0.09884016666666717
-0.10362856666666787
-0.10841696666666678
-0.11320536666666747
0.03044663333333375
-0.05095636666666792
0.09748363333333288
-0.027014366666666234
0.043215633333334225
0.11344563333333291
0.18367563333333337
-0.1036283666666673
-0.0030721166666669575
0.09748413333333161
0.19804038333333196
0.2985966333333323
0.23741152222222084
0.17622641111110937
0.11504129999999968
0.05385618888888821
-0.007328922222223255
-0.06851403333333472
-0.12969914444444441
-0.19088425555555588
-0.25206936666666735
0.004110133333332655
0.26028963333333266
-0.3382603666666668
0.1453676333333327
-0.33347236666666724
0.016081633333332235
-0.27601136666666726
-0.17066636666666746
-0.06532136666666766
-0.08766720000000028
-0.11001303333333468
-0.1323588666666673
-0.15470469999999992
-0.17705053333333431
-0.19939636666666694
-0.1694688666666675
-0.13954136666666628
-0.10961386666666684
-0.0796863666666674
-0.08686936666666689
-0.09405236666666639
-0.08734856666666602
-0.08064476666666565
-0.07394096666666705
-0.06723716666666668
-0.06053336666666631
0.04002329999999965
0.027786225925925834
0.015549151851852017
0.0033120777777781996
-0.008924996296295618
-0.02116207037037121
-0.03339914444444503
-0.045636218518518845
-0.05787329259259266
-0.07011036666666648
0.2507126333333325
0.0831188833333325
0.004110133333332655
-0.0365913666666664
-0.2807993666666668
-0.21786608095238158
-0.15493279523809456
-0.09199950952380931
-0.02906622380952406
0.033867061904761186
0.09680034761904821
0.15973363333333346
-0.08208086666666681
-0.20418536666666753
-0.024620366666667337
-0.0030723666666663263
-0.04616836666666657
-0.06771586666666707
-0.08926336666666757
-0.07010976666666835
-0.05095616666666736
-0.03180256666666814
-0.01264896666666715
0.006504633333332066
-0.14672436666666755
0.04481163333333349
-0.12278236666666764
-0.0911789666666678
-0.05957556666666797
-0.027972166666666354
0.0036312333333334834
0.03523463333333332
-0.07010986666666597
-0.01264911666666535
0.04481163333333349
0.03842696666666612
0.03204230000000052
0.025657633333333152
-0.010255366666665822
-0.04616836666666657
-0.07011036666666648
-0.09405236666666639
-0.1179943666666663
-0.1036283666666673
-0.0365913666666664
-0.006264699999999124
0.02406196666666638
0.05438863333333366
0.016081133333333497
-0.022226366666666664
-0.027014366666666234
-0.03180236666666758
-0.037548566666666616
-0.04329476666666743
-0.04904096666666646
-0.054787166666667275
-0.06053336666666631
-0.022226366666666664
-0.04616836666666657
-0.04796399166666632
-0.04975961666666606
-0.05155524166666581
-0.05335086666666555
-0.055146491666667075
-0.05694211666666682
-0.058737741666666565
-0.06053336666666631
-0.04616836666666657
-0.04377386666666716
-0.06532136666666766
-0.06053311666666694
-0.055744866666668
-0.05095661666666729
-0.04616836666666657
-0.03419711666666636
-0.02222586666666615
-0.02462003333333307
-0.027014199999999988
-0.029408366666666907
-0.030605366666666356
-0.03180236666666758
-0.03359811666666701
-0.03539386666666644
-0.037189616666667646
-0.038985366666667076
-0.040781116666666506
-0.04257686666666771
-0.04437261666666714
-0.04616836666666657
-0.04377336666666665
-0.04856186666666673
-0.04816295000000004
-0.047764033333333344
-0.04736511666666665
-0.04696619999999996
-0.046567283333333265
-0.04616836666666657
-0.03419686666666699
-0.03180236666666758
-0.04137936666666775
-0.05095636666666792
-0.04616803333333408
-0.04137970000000024
-0.0365913666666664
-0.040182616666665893
-0.04377386666666716
-0.04736511666666843
-0.05095636666666792
-0.05574436666666749
-0.046167616666668465
-0.036590866666667665
-0.03180261666666695
-0.027014366666666234
-0.0365913666666664
-0.04616836666666657
-0.06053336666666631
-0.05813911666666627
-0.055744866666668
-0.05335061666666796
-0.05095636666666792
-0.04776403333333512
-0.04457170000000055
-0.04137936666666775
-0.012649366666666495
-0.019831866666667253
-0.027014366666666234
-0.025418200000000724
-0.023822033333333437
-0.02222586666666615
-0.02062970000000064
-0.01903353333333513
-0.017437366666667842
-0.05255236666666718
-0.04457186666666679
-0.0365913666666664
-0.033399033333333605
-0.03020669999999903
-0.027014366666666234
-0.040182616666665893
-0.05335086666666555
-0.051914366666665046
-0.050477866666666316
-0.04904136666666581
-0.04760486666666708
-0.04616836666666657
-0.048562366666667245
-0.05095636666666792
-0.027014366666666234
-0.015043366666667168
-0.0030723666666663263
