-0.01795644999999979
-0.01795644999999979
-0.01795644999999979
-0.01795644999999979
-0.01795644999999979
-0.01795644999999979
-0.01795644999999979
-0.02753344999999996
-0.02513895000000055
-0.022744450000001137
-0.017956075000000737
-0.013167700000000337
-0.008379325000001714
-0.003590950000001314
0.001197424999999086
0.00598579999999771
0.01077417499999811
0.01556254999999851
-0.01316845000000022
-0.01316845000000022
-0.008379450000001398
-0.02753344999999996
-0.01795644999999979
-0.014764116666666993
-0.011571783333334196
-0.008379450000001398
-0.009975783333334931
-0.011572116666666687
-0.01316845000000022
-0.0035914500000000515
-0.01795644999999979
-0.0143652000000003
-0.01077395000000081
-0.007182699999999542
-0.0035914500000000515
-0.0035914500000000515
-0.0035914500000000515
-0.009975783333333155
-0.016360116666668034
-0.022744450000001137
-0.010773450000002072
0.0011975499999987704
-0.001994783333334027
-0.0051871166666668245
-0.008379449999999622
-0.011571783333334196
-0.014764116666666993
-0.01795644999999979
-0.018754449999999423
-0.01955245000000083
-0.020350450000000464
-0.021148450000000096
-0.021946450000001505
-0.022744450000001137
-0.01316845000000022
-0.013167949999999706
0.003591050000000706
-0.01316845000000022
-0.015083650000001114
-0.016998850000000232
-0.018914050000001126
-0.020829250000000243
-0.022744450000001137
-0.015562450000000894
-0.01795644999999979
-0.016360450000000526
-0.014764449999999485
-0.01316845000000022
-0.01316845000000022
-0.02753344999999996
-0.01795644999999979
-0.008379450000001398
0.0011975499999987704
4.249999996375209e-07
-0.0011967000000012717
-0.002393825000002181
-0.003590950000001314
-0.004788075000000447
-0.005985200000001356
-0.007182325000002265
-0.008379450000001398
0.005985550000000117
-0.0035914500000000515
-0.032321450000001306
-0.041898450000001475
-0.013167949999999706
-0.013168049999999099
-0.013168150000000267
-0.01316824999999966
-0.013168350000000828
-0.01316845000000022
-0.01077395000000081
-0.008379450000001398
0.0011975499999987704
-0.008379450000001398
0.020350549999999856
0.01077388333333218
0.0011972166666662787
-0.008379450000001398
-0.0035914500000000515
-0.006783783333332849
-0.009976116666667423
-0.01316845000000022
-0.019552783333333323
-0.025937116666668203
-0.032321450000001306
-0.032321450000001306
-0.032321450000001306
-0.032321450000001306
-0.01795644999999979
-0.0035914500000000515
0.010773549999999688
0.005985216666665849
0.001196883333333787
-0.0035914500000000515
-0.008379450000001398
-0.009975783333334931
-0.011572116666666687
-0.01316845000000022
-0.02753344999999996
-0.019552783333333323
-0.011572116666666687
-0.0035914500000000515
0.0011975499999987704
-0.001994783333334027
-0.005187116666668601
-0.008379450000001398
-0.00359111666666756
0.0011972166666662787
0.005985550000000117
-0.01795644999999979
-0.01795644999999979
-0.015562450000000894
-0.01316845000000022
-0.015562450000000894
-0.01795644999999979
-0.01636028333333428
-0.014764116666666993
-0.013167949999999706
-0.011571783333334196
-0.009975616666668685
-0.008379450000001398
0.0011975499999987704
0.0011975499999987704
-0.01316845000000022
0.0011975499999987704
0.0011975499999987704
0.0011975499999987704
-0.010773450000002072
-0.022744450000001137
-0.022744450000001137
-0.022744450000001137
-0.021376450000001768
-0.02000845000000062
-0.018640450000001252
-0.017272450000000106
-0.015904450000000736
-0.01453644999999959
-0.01316845000000022
-0.032321450000001306
-0.0035914500000000515
-0.008379450000001398
-0.01316845000000022
-0.012370283333334342
-0.011572116666666687
-0.01077395000000081
-0.008379450000001398
-0.009975783333334931
-0.011572116666666687
-0.01316845000000022
-0.017956700000000936
-0.022744949999999875
-0.02753320000000059
-0.032321450000001306
-0.0283311166666671
-0.02434078333333467
-0.02035045000000224
-0.016360116666668034
-0.012369783333333828
-0.008379450000001398
0.0011975499999987704
-0.008379950000000136
-0.022744450000001137
-0.01316845000000022
-0.013603722727273393
-0.01403899545454479
-0.014474268181817962
-0.014909540909091135
-0.015344813636364307
-0.015780086363635704
-0.016215359090908876
-0.01665063181818205
-0.01708590454545522
-0.017521177272726618
-0.01795644999999979
-0.01795644999999979
-0.01795644999999979
-0.01795644999999979
-0.01795644999999979
-0.01795644999999979
-0.01795644999999979
-0.01795644999999979
-0.015562450000000894
-0.01316845000000022
-0.01316845000000022
-0.01316845000000022
-0.01316845000000022
-0.01795644999999979
-0.022744450000001137
-0.029927450000000633
-0.03711045000000013
-0.01316845000000022
-0.056263450000001214
-0.07541744999999977
-0.06200985000000081
-0.04860225000000007
-0.035194650000001104
-0.021787050000000363
-0.008379450000001398
-0.05147544999999987
-0.016759450000000342
0.017956549999999183
0.0011975499999987704
-0.00837978333333389
-0.03950411666666653
-0.07062845000000095
-0.06224895000000075
-0.05386945000000054
-0.045489950000000334
-0.03711045000000013
-0.09935945000000146
-0.032321450000001306
-0.01316845000000022
0.03232154999999892
0.07781154999999984
0.05227354999999889
0.02673554999999972
0.0011975499999987704
0.009577049999998977
0.017956549999999183
0.02633604999999939
0.034715549999999595
-0.020350950000000978
-0.07182620000000028
-0.12330145000000137
-0.12569545000000204
-0.12808945000000094
-0.08180178333333465
-0.035514116666666595
0.010773549999999688
-0.0011974499999993782
-0.01316845000000022
-0.041898450000001475
0.029927550000000025
0.10175354999999975
0.0993592999999997
0.09696504999999966
0.09457079999999962
0.09217654999999958
0.010773549999999688
-0.061052450000000036
-0.05466778333333444
-0.04828311666666707
-0.041898450000001475
-0.08020545000000112
-0.06823445000000206
-0.056263450000001214
-0.04429245000000037
-0.032321450000001306
-0.040940650000001355
-0.049559850000001404
-0.05817904999999968
-0.06679824999999973
-0.07541744999999977
0.03471605000000011
0.029927550000000025
-0.09935945000000146
-0.08978245000000129
-0.08020545000000112
-0.03950395000000029
0.0011975499999987704
-0.02753295000000122
-0.056263450000001214
-0.05147495000000113
-0.046686450000001045
-0.04333465000000025
-0.039982850000001235
-0.03663105000000044
-0.033279250000001426
-0.029927450000000633
-0.02657564999999984
-0.023223850000000823
-0.01987205000000003
-0.016520250000001013
-0.01316845000000022
-0.0035914500000000515
-0.029927450000000633
0.01556254999999851
0.11133054999999992
0.05147554999999926
-0.008379450000001398
-0.014125650000000434
-0.019871850000001245
-0.02561805000000028
-0.03136425000000109
-0.03711045000000013
0.005985550000000117
0.14484955
0.10334988333333328
0.06185021666666657
0.020350549999999856
0.013168050000000875
0.005985550000000117
0.005027950000000558
0.004070349999999223
0.0031127499999996644
0.0021551499999983292
0.0011975499999987704
-0.0035914500000000515
0.08738855000000001
0.056263799999999975
0.02513904999999994
-0.005985700000000094
-0.03711045000000013
0.11133054999999992
0.07781154999999984
0.044292549999999764
0.034715549999999595
-0.15203145000000085
-0.17597345000000075
-0.11053211666666662
-0.04509078333333427
0.020350549999999856
-0.022744949999999875
-0.06584045000000138
-0.058657950000000625
-0.051475450000001644
-0.044292950000000886
-0.03711045000000013
-0.008379450000001398
0.0011975499999987704
0.0586575499999995
-0.005187783333333584
-0.06903311666666845
-0.13287845000000154
-0.07541744999999977
-0.054667783333332665
-0.03391811666666733
-0.01316845000000022
0.10175354999999975
0.08100388333333264
0.060254216666667304
0.039504550000000194
-0.05147544999999987
-0.05147544999999987
-0.05147544999999987
-0.025937116666666427
-0.00039878333333476235
0.025139549999998678
0.053869549999998156
0.08259954999999941
-0.08499444999999994
-0.05147544999999987
-0.01795644999999979
-0.032321450000001306
-0.046686450000001045
-0.039845878571430404
-0.03300530714285799
-0.026164735714287346
-0.01932416428571493
-0.012483592857144288
-0.0056430214285718705
0.0011975499999987704
-0.06224895000000075
-0.12569545000000026
-0.03711045000000013
-0.07541744999999977
-0.05147528333333362
-0.027533116666667468
-0.003590950000001314
-0.040940450000000794
-0.07828995000000027
-0.11563945000000153
-0.152988950000001
-0.1903384500000005
0.025139549999998678
-0.00039878333333476235
-0.025937116666666427
-0.05147544999999987
-0.029129450000001
-0.006783450000000357
0.01556254999999851
-0.23343445000000074
-0.14006045
-0.046686450000001045
-0.05466711666666768
-0.06264778333333432
-0.07062845000000095
-0.030725116666667773
0.009178216666665406
0.049081549999998586
-0.022744450000001137
-0.06105178333333505
-0.09935911666666719
-0.1376664500000011
0.044292549999999764
-0.046686450000001045
-0.01955245000000083
0.007581549999999382
0.034715549999999595
-0.022744450000001137
-0.10414745000000103
-0.06424411666666785
-0.02434078333333467
0.01556254999999851
-0.08978245000000129
-0.049080950000000456
-0.008379450000001398
-0.009975783333334931
-0.011572116666666687
-0.01316845000000022
-0.03711045000000013
0.005985549999998341
0.049081549999998586
0.013168549999999613
-0.022744450000001137
-0.020350450000000464
-0.01795644999999979
-0.013168116666665952
-0.00837978333333389
-0.0035914500000000515
-0.0035914500000000515
-0.01795644999999979
-0.032321450000001306
-0.03471570000000135
-0.03710995000000139
-0.03950420000000143
-0.041898450000001475
-0.04429269999999974
-0.04668694999999978
-0.049081199999999825
-0.05147544999999987
-0.046686450000001045
0.003591549999999444
0.0026120954545447717
0.0016326409090900995
0.0006531863636354274
-0.0003262681818192448
-0.001305722727273917
-0.0022851772727268127
-0.003264631818181485
-0.004244086363636157
-0.005223540909090829
-0.006202995454545501
-0.007182450000000173
-0.008161904545454846
-0.009141359090909518
-0.01012081363636419
-0.011100268181818862
-0.012079722727273534
-0.01305917727272643
-0.014038631818181102
-0.015018086363635774
-0.015997540909090446
-0.01697699545454512
-0.01795644999999979
0.005985550000000117
-0.02753344999999996
-0.008379449999999622
-0.01795644999999979
-0.022744949999999875
-0.01795644999999979
-0.011572116666666687
-0.013167949999999706
-0.022744450000001137
-0.02513870000000118
-0.02753295000000122
-0.029927200000001264
-0.032321450000001306
-0.01316845000000022
-0.02753344999999996
-0.02753344999999996
-0.0247402000000001
-0.021946950000000243
-0.019153700000000384
-0.016360450000000526
-0.013567200000000668
-0.01077395000000081
-0.0035914500000000515
-0.013167949999999706
-0.022744450000001137
-0.018913850000000565
-0.015083249999999992
-0.011252650000001196
-0.007422050000000624
-0.0035914500000000515
-0.01795644999999979
-0.046686450000001045
-0.03950395000000029
-0.032321450000001306
-0.02753320000000059
-0.022744949999999875
-0.017956700000000936
-0.01316845000000022
-0.003590950000001314
-0.005187116666668601
-0.006783283333334111
-0.008379450000001398
-0.0035914500000000515
-0.005985450000000725
-0.008379450000001398
-0.005187116666668601
-0.001994783333334027
0.0011975499999987704
-0.022744450000001137
-0.023542616666667016
-0.02434078333333467
-0.02513895000000055
-0.025937116666666427
-0.02673528333333408
-0.02753344999999996
-0.020350450000000464
-0.01955245000000083
-0.018754449999999423
-0.01795644999999979
-0.01316845000000022
0.0011975499999987704
-0.0026332500000005865
-0.0064640499999999435
-0.010294850000001077
-0.014125650000000434
-0.01795644999999979
-0.0035914500000000515
-0.0035914500000000515
-0.013167949999999706
-0.022744450000001137
-0.020350450000000464
-0.01795644999999979
-0.02513895000000055
-0.032321450000001306
-0.032321450000001306
-0.032321450000001306
-0.03711045000000013
-0.025139450000001062
-0.01316845000000022
-0.015562450000000894
-0.01795644999999979
-0.013167949999999706
-0.008379450000001398
-0.009576700000000216
-0.01077395000000081
-0.011971200000001403
-0.01316845000000022
-0.01795644999999979
-0.015562450000000894
-0.01316845000000022
-0.01795644999999979
-0.01077395000000081
-0.0035914500000000515
-0.0035914500000000515
-0.0035914500000000515
-0.009975783333333155
-0.016360116666668034
-0.022744450000001137
-0.01795644999999979
-0.01955245000000083
-0.021148450000000096
-0.022744450000001137
-0.019552283333334586
