-0.0004104292857142755
-0.001607529285714282
-0.0028046292857142885
0.004377970714285695
0.011560570714285678
-0.007593059285714299
-0.00041044428571429536
0.00677217071428568
-0.0028046292857142885
-0.0004104292857142755
0.001983770714285682
0.00677217071428568
0.011560570714285678
0.00677217071428568
0.001983770714285682
0.0007866707142856755
-0.0004104292857142755
-0.001607529285714282
-0.0028046292857142885
-0.0028046292857142885
0.00677217071428568
0.001983770714285682
-0.0028046292857142885
0.001983770714285682
-0.0012085059523809782
-0.0044007826190476385
-0.007593059285714299
-0.005198844285714321
-0.0028046292857142885
0.001983770714285682
0.00677217071428568
-0.007593059285714299
-0.0066353732857142855
-0.005677687285714272
-0.004720001285714315
-0.0037623152857143016
-0.0028046292857142885
0.001983770714285682
0.00677217071428568
0.011560570714285678
0.004377970714285695
-0.0028046292857142885
-0.0004104292857142755
0.001983770714285682
0.001983770714285682
0.001983770714285682
-0.007593059285714299
-0.017169859285714295
0.016348960714285682
0.008368287380952355
0.00038761404761905593
-0.007593059285714299
-0.0028046292857142885
-0.0028046292857142885
-0.007593044285714334
-0.012381459285714325
-0.007593044285714334
-0.0028046292857142885
-0.004400772619047644
-0.0059969159523809434
-0.007593059285714299
0.0019837557142857176
0.011560570714285678
0.00677217071428568
0.001983770714285682
0.001983770714285682
0.001983770714285682
0.001983770714285682
0.001983770714285682
0.001983770714285682
0.004377970714285695
0.00677217071428568
-0.0028046292857142885
0.011560570714285678
-0.007593059285714299
-0.0028046292857142885
-0.0004104292857142755
0.001983770714285682
0.0007866707142856755
-0.0004104292857142755
-0.001607529285714282
-0.0028046292857142885
-0.012381459285714325
-0.009508413285714334
-0.006635367285714344
-0.0037623212857142985
-0.0008892752857143083
0.001983770714285682
0.00677217071428568
0.011560570714285678
-0.007593059285714299
-0.012381459285714325
-0.007593059285714299
-0.007593059285714299
-0.007593059285714299
-0.007593059285714299
-0.012381459285714325
-0.007593059285714299
-0.006794987619047621
-0.0059969159523809434
-0.005198844285714321
-0.004400772619047644
-0.003602700952380966
-0.0028046292857142885
0.001983770714285682
0.00677217071428568
0.011560570714285678
-0.00041044428571429536
-0.012381459285714325
-0.007593044285714334
-0.0028046292857142885
-0.0028046292857142885
-0.0028046292857142885
-0.0004104292857142755
0.001983770714285682
0.001983770714285682
0.001983770714285682
-0.001607536785714292
-0.005198844285714321
0.00677217071428568
0.007969270714285687
0.009166370714285665
0.010363470714285672
0.011560570714285678
-0.005198844285714321
0.00677217071428568
0.009166370714285665
0.011560570714285678
-0.00041044428571429536
-0.012381459285714325
-0.0028046442857143083
0.00677217071428568
0.00677217071428568
0.00677217071428568
0.00677217071428568
0.001983770714285682
0.001983770714285682
0.001983770714285682
-0.0004104292857142755
-0.0028046292857142885
-0.0028046292857142885
-0.0028046292857142885
-0.0028046292857142885
-0.0028046292857142885
-0.0028046292857142885
-0.0028046292857142885
0.001983770714285682
0.00677217071428568
0.0019837607142856872
-0.002804649285714278
-0.007593059285714299
-0.012381459285714325
-0.0028046442857143083
0.00677217071428568
0.001983770714285682
-0.0028046442857143083
-0.007593059285714299
-0.009987259285714312
-0.012381459285714325
-0.007593044285714334
-0.0028046292857142885
0.001983770714285682
0.00677217071428568
0.004856810714285675
0.0029414507142856983
0.0010260907142857212
-0.0008892692857143114
-0.0028046292857142885
0.00677217071428568
0.0019837607142856872
-0.002804649285714278
-0.007593059285714299
-0.007593059285714299
-0.001208515952380973
0.005176027380952353
0.011560570714285678
0.0035798990476190173
-0.004400772619047644
-0.012381444285714305
-0.005198836785714311
0.001983770714285682
0.0035799040476190425
0.0051760373809523474
0.00677217071428568
-0.0028046442857143083
-0.012381459285714325
-0.009987259285714312
-0.007593059285714299
-0.0028046442857143083
0.001983770714285682
-0.0028046292857142885
-0.005198844285714321
-0.007593059285714299
-0.009987259285714312
-0.012381459285714325
-0.007593049285714304
-0.0028046392857143387
0.001983770714285682
-0.005198844285714321
-0.012381459285714325
0.0019837507142856925
0.016348960714285682
-0.012381459285714325
-0.010785325952380964
-0.00918919261904766
-0.007593059285714299
-0.00041044428571429536
0.00677217071428568
0.00677217071428568
-0.00041044428571429536
-0.007593059285714299
-0.00041044428571429536
0.00677217071428568
0.00677217071428568
0.00677217071428568
0.0035799040476190425
0.000387637380952377
-0.0028046292857142885
-0.007593059285714299
-0.0028046442857143083
0.001983770714285682
0.0035799040476190425
0.0051760373809523474
0.00677217071428568
0.011560565714285681
0.016348960714285682
-0.0028046492857143335
-0.02195825928571432
0.021137380714285697
0.014752844047619035
0.008368307380952344
0.001983770714285682
0.021137380714285697
0.006772170714285708
-0.007593039285714309
-0.02195824928571427
-0.03632345928571429
0.040290990714285685
0.02113738071428567
0.001983770714285682
0.05944460071428567
0.013954770714285691
-0.03153505928571432
-0.009189175952381001
0.013156707380952343
0.03550259071428569
-0.0411118792857143
-0.021958254285714296
-0.0028046292857142885
-0.012381444285714305
-0.02195825928571432
-0.009508409285714337
0.0029414407142857035
0.015391290714285688
0.027841140714285673
0.040290990714285685
-0.055477079285714326
-0.017169859285714295
-0.005198844285714321
0.00677217071428568
-0.02674665928571429
-0.0028046392857142832
0.021137380714285697
0.0187431782142857
0.016348975714285674
0.013954773214285676
0.011560570714285678
0.049867800714285676
-0.06984229928571434
-0.00041044428571429536
0.06902141071428569
0.001983775714285707
-0.06505385928571433
-0.03153504428571435
0.001983770714285682
-0.007593044285714334
-0.017169859285714295
-0.01078531595238097
-0.004400772619047644
0.001983770714285682
6.840471428570805e-05
-0.0018469612857143214
-0.0037623272857142953
-0.005677693285714325
-0.007593059285714299
0.021137380714285697
-0.01238143428571431
0.033108393214285686
0.07859822071428568
0.006772180714285675
-0.06505385928571433
-0.01956403928571432
0.025925780714285696
0.00038762738095238225
-0.025150525952380987
-0.0506886792857143
0.049867800714285676
-0.00041043928571432575
-0.0506886792857143
-0.01238144928571433
0.025925780714285696
0.025925780714285696
0.025925780714285696
-0.024352459285714334
-0.07463069928571431
-0.01238144928571433
0.049867800714285676
0.0043779607142857
-0.0411118792857143
-0.009987249285714317
0.021137380714285697
-0.0411118792857143
-0.023873625285714295
-0.006635371285714287
0.010602882714285694
0.027841136714285675
0.04507939071428568
-0.00041044428571429536
-0.04590027928571433
0.025925780714285696
0.03550259071428569
0.005176034047619016
-0.025150522619047655
-0.055477079285714326
0.0642330107142857
0.016348975714285674
-0.03153505928571432
0.040290990714285685
0.008368300714285681
-0.02355438928571435
-0.055477079285714326
0.08338662071428568
0.047473595714285693
0.011560570714285678
-0.02435245428571431
-0.060265479285714296
-0.026746654285714322
0.00677217071428568
0.025925780714285696
-0.04590027928571433
0.0043779607142857
0.054656200714285674
0.025925780714285668
-0.0028046392857143387
-0.03153505928571432
0.013954770714285691
0.05944460071428567
0.03191128071428567
0.0043779607142857
-0.023155359285714272
-0.0506886792857143
0.016348970714285704
0.08338662071428568
-0.0937842992857143
0.001983770714285682
0.00677217071428568
0.011560570714285678
-0.009987244285714347
-0.03153505928571432
0.006772165714285683
0.04507939071428568
0.023531580714285683
0.001983770714285682
0.047473595714285666
0.09296342071428568
-0.014775649285714343
-0.12251471928571434
-0.09804065817460322
-0.07356659706349211
-0.049092535952381
-0.02461847484126989
-0.00014441373015877668
0.024329647380952363
0.048803708492063475
0.07327776960317459
0.0977518307142857
-0.09857271928571432
-0.007593049285714304
-0.007593049285714304
-0.0028046292857142885
0.0031808732142857288
0.00916637571428569
0.015151878214285708
0.021137380714285697
-0.07941909928571433
-0.04470317428571435
-0.009987249285714317
0.024728675714285664
0.05944460071428567
-0.017169859285714295
0.1073286307142857
-0.09857271928571432
0.0019837557142857176
0.1025402307142857
-0.00041044428571429536
-0.10336111928571429
-0.06505388928571432
-0.02674665928571429
0.011560570714285678
-0.03153505928571432
0.011560570714285678
0.054656200714285674
0.009166370714285693
-0.03632345928571429
-0.038717669285714296
-0.0411118792857143
-0.024352464285714304
-0.007593049285714304
0.009166365714285696
0.025925780714285696
-0.06505385928571433
0.06902141071428569
0.046276493214285674
0.023531575714285685
0.0007866582142856959
-0.02195825928571432
0.1073286307142857
-0.10814951928571431
0.0019837607142856872
0.11211704071428569
0.025925780714285696
-0.060265479285714296
0.011560570714285678
0.08338662071428568
0.0043779607142857
-0.07463069928571431
0.011560565714285709
0.0977518307142857
0.011560565714285709
-0.07463069928571431
-0.05547708595238099
-0.036323472619047614
-0.017169859285714295
-0.04590027928571433
-0.017169854285714325
0.011560570714285678
-0.009987244285714347
-0.03153505928571432
-0.029938925952380957
-0.028342792619047652
-0.02674665928571429
0.009166365714285696
0.04507939071428568
0.00437796571428567
-0.03632345928571429
0.040290990714285685
0.01794510738095237
-0.004400775952380975
-0.02674665928571429
0.04029098571428569
0.1073286307142857
-0.09857271928571432
-0.028342799285714315
0.041887120714285686
0.11211704071428569
-0.03153505928571432
-0.00041043928571432575
0.030714180714285666
0.061838800714285685
0.09296342071428568
-0.11293791928571434
0.1025402307142857
0.041887120714285686
-0.018765989285714324
-0.07941909928571433
0.00677217071428568
-0.020362119285714297
-0.0474964092857143
-0.07463069928571431
-0.014775654285714312
0.04507939071428568
-0.017169854285714325
-0.07941909928571433
-0.02195825928571432
0.0019837607142856872
0.025925780714285696
0.0043779607142857
-0.017169859285714295
-0.012381451785714315
-0.007593044285714334
-0.0028046367857142984
0.001983770714285682
0.00677217071428568
0.13127065071428567
0.0594446007142857
-0.012381449285714274
-0.0842074992857143
0.07859822071428568
-0.012381459285714325
0.02592577571428567
0.0642330107142857
-0.038717664285714326
-0.14166833928571432
-0.05866934928571432
0.0243296407142857
0.1073286307142857
0.0019837557142857176
-0.10336111928571429
-0.050688674285714275
0.001983770714285682
-0.02195825428571435
-0.04590027928571433
0.0019837607142856872
0.049867800714285676
-0.07463069928571431
-0.03472733595238098
0.005176027380952353
0.04507939071428568
0.04268519071428567
0.040290990714285685
0.006772167380952349
-0.02674665595238096
-0.060265479285714296
-0.0171698492857143
0.025925780714285696
0.06902141071428569
0.006772165714285683
-0.055477079285714326
0.025925780714285696
-0.055477079285714326
-0.04328841564935071
-0.031099752012987036
-0.01891108837662342
-0.0067224247402598025
0.00546623889610387
0.017654902532467487
0.02984356616883113
0.042032229805194776
0.05422089344155842
0.06640955707792207
0.07859822071428568
-0.0842074992857143
0.00916636071428567
0.011560575714285704
0.004377970714285695
-0.011184344285714298
-0.02674665928571429
-0.017169859285714295
-0.007593059285714299
0.0019837557142857176
0.011560570714285678
0.00677217071428568
0.001983770714285682
-0.0028046292857142885
0.001983770714285682
0.001983770714285682
0.001983770714285682
0.001983770714285682
-0.0004104292857142755
-0.0028046292857142885
-0.007593059285714299
0.0019837557142857176
0.011560570714285678
0.004377970714285695
-0.0028046292857142885
-0.0028046292857142885
-0.0028046292857142885
-0.0028046292857142885
-0.0028046292857142885
-0.012381444285714305
-0.02195825928571432
-0.013977582619047635
-0.005996905952381004
0.001983770714285682
-0.007593059285714299
-0.0044007826190476385
-0.0012085059523809782
0.001983770714285682
-0.02195825928571432
-0.00041043928571432575
0.021137380714285697
0.006772160714285713
-0.007593059285714299
0.006772160714285713
0.021137380714285697
0.009964434047619014
-0.0012085126190476414
-0.012381459285714325
-0.007593059285714299
-0.0028046517857143183
0.0019837557142857176
0.006772163214285698
0.011560570714285678
-0.0028046292857142885
-0.005198844285714321
-0.007593059285714299
0.001983770714285682
-0.0004104292857142755
-0.0028046292857142885
-0.0028046292857142885
-0.0028046292857142885
-0.0004104292857142755
0.001983770714285682
-0.005198844285714321
-0.012381459285714325
-0.00879015178571435
-0.005198844285714321
-0.001607536785714292
0.001983770714285682
0.00677217071428568
-0.0028046292857142885
0.000387637380952377
0.0035799040476190425
0.00677217071428568
-0.012381459285714325
-0.007593044285714334
-0.0028046292857142885
0.004377970714285695
0.011560570714285678
0.0019837557142857176
-0.007593059285714299
-0.009508419285714276
-0.011423779285714308
-0.013339139285714285
-0.015254499285714318
-0.017169859285714295
0.011560570714285678
-0.012381459285714325
0.001983770714285682
0.001983770714285682
0.001983770714285682
0.001983770714285682
-0.007593059285714299
-0.009987259285714312
-0.012381459285714325
-0.009189182619047664
-0.005996905952380949
-0.0028046292857142885
-0.0028046292857142885
-0.006395936785714318
-0.009987244285714292
-0.013578551785714266
-0.017169859285714295
0.001983770714285682
0.011560570714285678
0.001983770714285682
0.004377970714285695
0.00677217071428568
0.0035799040476190425
0.000387637380952377
-0.0028046292857142885
-0.007593044285714334
-0.012381459285714325
-0.007593044285714334
-0.0028046292857142885
-0.0028046292857142885
-0.0028046292857142885
-0.0028046292857142885
-0.0028046292857142885
0.000387637380952377
0.0035799040476190425
0.00677217071428568
0.00677217071428568
-0.0028046292857142885
0.001983770714285682
0.00677217071428568
0.0051760373809523474
0.0035799040476190425
0.001983770714285682
-0.017169859285714295
-0.014296813285714305
-0.011423767285714315
-0.008550721285714269
-0.005677675285714279
