-0.022385658333332614
-0.024779658333333288
-0.03196265833333278
-0.03914565833333228
-0.03914565833333228
-0.03914565833333228
-0.03914565833333228
-0.034357158333332194
-0.02956865833333211
-0.03675115833333287
-0.043933658333333625
-0.038187658333333374
-0.03244165833333312
-0.026695658333332872
-0.02094965833333262
-0.01520365833333237
-0.02956865833333211
-0.01520365833333237
-0.024780158333332025
-0.034356658333333456
-0.03196265833333278
-0.02956865833333211
-0.03196265833333278
-0.034356658333333456
-0.034356658333333456
-0.034356658333333456
-0.0271741583333327
-0.01999165833333194
-0.0209492583333315
-0.021906858333332835
-0.022864458333332394
-0.02382205833333373
-0.024779658333333288
-0.024779658333333288
-0.01999165833333194
-0.01520365833333237
-0.024779658333333288
-0.01999165833333194
-0.018395658333332676
-0.016799658333331635
-0.01520365833333237
-0.01520365833333237
-0.018395658333332676
-0.021587658333332982
-0.024779658333333288
-0.02956865833333211
-0.02956865833333211
-0.02956865833333211
-0.03675115833333287
-0.043933658333333625
-0.03914565833333228
-0.03276099166666491
-0.026376324999999312
-0.01999165833333194
-0.01999165833333194
-0.01999165833333194
-0.024779658333333288
-0.01999165833333194
-0.01520365833333237
-0.016799658333331635
-0.018395658333332676
-0.01999165833333194
-0.02094935833333267
-0.02190705833333162
-0.022864758333332347
-0.023822458333331298
-0.024780158333332025
-0.025737858333332753
-0.026695558333331704
-0.02765325833333243
-0.028610958333331382
-0.02956865833333211
-0.034356658333333456
-0.043933658333333625
-0.03914565833333228
-0.024779658333333288
-0.034356658333333456
-0.01280915833333296
-0.014604783333332705
-0.01640040833333245
-0.018196033333332196
-0.01999165833333194
-0.010414658333333549
-0.01520365833333237
-0.02956865833333211
-0.02956865833333211
-0.02956865833333211
-0.02956865833333211
-0.05351065833333202
-0.043933658333333625
-0.034356658333333456
-0.034356658333333456
-0.034356658333333456
-0.034356658333333456
-0.034356658333333456
-0.03315965833333223
-0.03196265833333278
-0.030765658333333334
-0.02956865833333211
-0.03196265833333278
-0.034356658333333456
-0.01999165833333194
-0.034356658333333456
-0.034356658333333456
-0.034356658333333456
-0.034356658333333456
-0.01520365833333237
-0.017597658333333044
-0.01999165833333194
-0.015203158333331857
-0.010414658333333549
-0.013150944047618296
-0.01588722976190482
-0.018623515476189567
-0.02135980119047609
-0.02409608690476084
-0.026832372619047362
-0.02956865833333211
-0.034356658333333456
-0.02956865833333211
-0.005626658333332202
-0.01280915833333296
-0.01999165833333194
-0.01280915833333296
-0.005626658333332202
-0.008020658333332875
-0.010414658333333549
-0.01640015833333308
-0.02238565833333439
-0.028371158333333923
-0.034356658333333456
-0.048721658333333195
-0.034356658333333456
-0.01999165833333194
-0.024780158333332025
-0.02956865833333211
-0.034357158333332194
-0.03914565833333228
-0.02956865833333211
-0.005626658333332202
-0.010414658333333549
-0.017597158333334306
-0.024779658333333288
-0.03196265833333278
-0.03914565833333228
-0.04074165833333332
-0.042337658333332584
-0.043933658333333625
-0.04153965833333295
-0.03914565833333228
-0.024779658333333288
-0.018395325000000184
-0.012010991666665305
-0.005626658333332202
-0.008499658333331439
-0.011372658333332453
-0.01424565833333169
-0.017118658333332704
-0.01999165833333194
-0.024779658333333288
-0.043933658333333625
-0.042976058333334066
-0.04201845833333273
-0.04106085833333317
-0.04010325833333184
-0.03914565833333228
-0.03914565833333228
-0.03675115833333287
-0.034356658333333456
-0.034356658333333456
-0.034356658333333456
-0.034356658333333456
-0.034356658333333456
-0.034356658333333456
-0.01520365833333237
-0.034356658333333456
-0.024779658333333288
-0.025737458333333407
-0.026695258333333527
-0.02765305833333187
-0.02861085833333199
-0.02956865833333211
-0.02956865833333211
-0.034356658333333456
-0.043933658333333625
-0.04153965833333295
-0.03914565833333228
-0.03914565833333228
-0.03914565833333228
-0.01999165833333194
-0.01280915833333296
-0.005626658333332202
-0.010415158333332286
-0.01520365833333237
-0.01520365833333237
-0.01520365833333237
-0.01520365833333237
-0.01520365833333237
-0.043933658333333625
-0.037548991666666254
-0.03116432500000066
-0.024779658333333288
-0.02597690833333388
-0.0271741583333327
-0.028371408333331516
-0.02956865833333211
-0.029568158333333372
-0.05351065833333202
-0.042337658333332584
-0.031164658333331374
-0.01999165833333194
-0.0271741583333327
-0.034356658333333456
-0.029568158333333372
-0.024779658333333288
-0.0271741583333327
-0.02956865833333211
-0.03196290833333215
-0.034357158333332194
-0.036751408333332236
-0.03914565833333228
-0.024779658333333288
-0.01520365833333237
-0.058298658333333364
-0.05191432500000026
-0.04552999166666538
-0.03914565833333228
-0.03914565833333228
-0.03914565833333228
-0.03914565833333228
-0.03914565833333228
-0.03914565833333228
-0.03914565833333228
-0.03914565833333228
-0.005626158333333464
0.011132841666666948
0.0058655416666670845
0.0005982416666672208
-0.004669058333332643
-0.009936358333332507
-0.01520365833333237
-0.024780158333332025
-0.01041499166666604
0.003950175000001721
0.018315341666667706
-0.008020658333332875
-0.034356658333333456
0.018315341666667706
0.027892341666667875
0.03746934166666627
0.047046341666666436
0.04225784166666813
0.03746934166666804
0.027892591666667244
0.018315841666666444
0.00873909166666742
-0.0008376583333333798
-0.01280915833333296
-0.03555390833333405
-0.058298658333333364
-0.0784100583333327
-0.09852145833333381
-0.11863285833333315
-0.13874425833333426
-0.1588556583333336
-0.0870296583333321
-0.12054765833333292
-0.110971658333332
-0.1317213249999991
-0.15247099166666622
-0.17322065833333333
-0.21631565833333255
-0.1061826583333314
0.003950341666667967
-0.008020658333332875
-0.01999165833333194
-0.0008381583333321174
0.018315341666667706
-0.03116465833333315
-0.08064465833333223
-0.1301246583333331
-0.19476815833333205
-0.2594116583333328
-0.01999165833333194
-0.07745265833333193
-0.13491365833333369
-0.07505865833333303
-0.01520365833333237
-0.053510658333333794
-0.09181765833333344
-0.1277306583333342
-0.16364365833333316
-0.03196265833333278
0.0997183416666676
0.03427700833333347
-0.031164324999998883
-0.09660565833333301
-0.005626658333332202
-0.09421215833333285
-0.1827976583333335
-0.20195099166666708
-0.22110432499999888
-0.24025765833333246
0.10450634166666717
0.04544967500000041
-0.013606991666666346
-0.0726636583333331
-0.029568324999999618
0.013527008333333868
0.05662234166666735
-0.13491365833333369
-0.17641299166666613
-0.21791232500000035
-0.2594116583333328
0.042257341666667614
-0.09660565833333301
-0.034356658333333456
0.027892341666667875
-0.003232158333332791
-0.034356658333333456
-0.1229421583333341
-0.21152765833333298
-0.11097115833333326
-0.010414658333333549
-0.07266415833333362
-0.13491365833333369
-0.0950103250000005
-0.05510699166666555
-0.01520365833333237
0.027892341666667875
0.02310384166666779
0.018315341666667706
-0.003232158333332791
-0.024779658333333288
-0.07505815833333429
-0.12533665833333352
-0.08702915833333336
-0.048721658333333195
-0.029568158333333372
-0.010414658333333549
0.08535334166666786
0.1811213416666675
0.13323734166666767
0.08535334166666786
0.04864234166666748
0.011931341666667095
-0.024779658333333288
0.042257341666667614
0.015921341666667033
-0.010414658333333549
-0.015203158333331857
-0.01999165833333194
-0.03914565833333228
0.025497841666666687
0.09014134166666743
0.042257341666667614
-0.005626658333332202
-0.05351065833333202
-0.02956865833333211
-0.005626658333332202
0.018315341666667706
0.042257341666667614
0.06619934166666752
-0.1780086583333329
-0.22110465833333315
0.08535334166666786
-0.04632765833333252
-0.1780086583333329
-0.07505815833333251
0.027892341666667875
-0.03914565833333228
0.06380534166666862
0.16675634166666775
0.10291100833333466
0.0390656749999998
-0.024779658333333288
-0.034356658333333456
-0.04393365833333185
-0.05351065833333202
-0.06308765833333219
-0.06548165833333286
-0.06787565833333353
-0.03116465833333315
0.005546341666667232
0.042257341666667614
-0.09660565833333301
0.03507534166666737
0.16675634166666775
0.08295934166666719
-0.0008376583333333798
0.044651841666667025
0.09014134166666743
-0.110971658333332
-0.15646140833333178
-0.20195115833333332
-0.2474409083333331
-0.29293065833333287
0.008738341666667537
-0.03914565833333228
-0.0870296583333321
-0.13491365833333369
-0.1827976583333335
-0.23068165833333332
-0.17681215833333397
-0.12294265833333284
-0.06907315833333172
-0.01520365833333237
0.09014134166666743
0.09493034166666803
0.06779600833333532
0.04066167500000084
0.01352734166666636
-0.013606991666666346
-0.04074132499999905
-0.06787565833333353
-0.01520365833333237
-0.043933658333333625
0.016719341666666665
0.07737234166666696
0.13802534166666725
-0.05351065833333202
0.0709878416666676
0.027892341666667875
-0.01999165833333194
-0.06787565833333176
-0.11575965833333335
-0.16364365833333316
-0.18698715833333246
-0.21033065833333353
-0.23367415833333283
-0.2570176583333321
-0.2803611583333332
-0.3037046583333325
-0.32704815833333356
-0.35039165833333286
-0.18998015833333248
-0.02956865833333211
-0.08343815833333323
-0.13730765833333258
-0.19117715833333193
-0.24504665833333306
-0.19428965833333223
-0.14353265833333317
-0.09277565833333234
-0.04201865833333329
0.008738341666667537
-0.154066658333333
-0.0870296583333321
0.01352734166666636
-0.0092176583333341
-0.03196265833333278
-0.054707658333331466
-0.07745265833333193
0.1763323416666669
0.21463984166666705
0.05662234166666735
0.09732384166666819
0.2529473416666672
0.2266111750000004
0.20027500833333356
0.1739388416666685
0.14760267500000168
0.12126650833333485
0.09493034166666803
0.04225784166666813
-0.010414658333333549
-0.010414658333333549
-0.010414658333333549
-0.03914565833333228
-0.1540671583333335
-0.13650965833333295
-0.11895215833333417
-0.10139465833333361
-0.14927865833333342
-0.05351065833333202
-0.07266415833333184
-0.09181765833333344
-0.11097115833333326
-0.1301246583333331
-0.168431991666667
-0.20673932499999914
-0.24504665833333306
0.008738841666666275
0.0151233416666674
0.02150784166666675
0.027892341666667875
-0.05351065833333202
0.04943984166666837
0.15239034166666698
0.11647734166666623
0.08056434166666726
-0.04153965833333295
-0.16364365833333316
-0.04153965833333295
0.08056434166666726
0.03587267500000024
-0.008818991666665
-0.05351065833333202
-0.01520365833333237
-0.034357158333332194
-0.05351065833333202
-0.05590465833333269
-0.058298658333333364
-0.047524908333333116
-0.03675115833333287
-0.02597740833333262
-0.01520365833333237
-0.03914565833333228
-0.06308765833333219
-0.0008376583333333798
-0.008020408333333506
-0.015203158333331857
-0.022385908333331983
-0.02956865833333211
-0.01520365833333237
-0.01520365833333237
-0.034356658333333456
-0.02238565833333439
-0.010414658333333549
-0.016001158333333265
-0.021587658333332982
-0.0271741583333327
-0.0331599083333316
-0.03914565833333228
-0.03754949166666499
-0.03595332499999948
-0.034357158333332194
-0.03276099166666491
-0.031164824999999396
-0.02956865833333211
-0.01999165833333194
-0.041539658333331175
-0.06308765833333219
-0.01999165833333194
-0.015203158333331857
-0.010414658333333549
-0.013606991666666346
-0.016799324999999143
-0.01999165833333194
-0.005626658333332202
-0.013288058333332131
-0.02094945833333206
-0.028610858333333766
-0.036272258333333696
-0.043933658333333625
-0.05351065833333202
-0.05031832499999922
-0.04712599166666642
-0.043933658333333625
-0.01520365833333237
-0.043933658333333625
-0.04632765833333252
-0.048721658333333195
-0.040741158333332805
-0.032760658333332415
-0.024780158333332025
-0.02956840833333274
-0.034356658333333456
-0.02637599166666682
-0.018395325000000184
-0.010414658333333549
-0.06787565833333353
-0.0567026583333341
-0.04552965833333289
-0.034356658333333456
-0.010414658333333549
-0.018395325000000184
-0.02637599166666682
-0.034356658333333456
-0.02956865833333211
-0.03196265833333278
-0.034356658333333456
-0.03196265833333278
-0.02956865833333211
-0.024780258333331417
-0.0199918583333325
-0.01520345833333181
-0.010415058333332894
-0.005626658333332202
-0.005626658333332202
-0.01280915833333296
-0.01999165833333194
-0.0271741583333327
-0.034356658333333456
-0.03914515833333354
-0.043933658333333625
-0.043933658333333625
-0.043933658333333625
-0.04153965833333295
-0.03914565833333228
-0.031164991666665642
-0.023184324999999006
-0.01520365833333237
-0.024780158333332025
-0.034356658333333456
-0.01520365833333237
-0.01520365833333237
-0.01520365833333237
-0.01520365833333237
-0.01520365833333237
-0.03914565833333228
-0.02956865833333211
-0.02956865833333211
-0.02956865833333211
-0.03276099166666491
-0.03595332499999948
-0.03914565833333228
-0.01520365833333237
-0.018395658333332676
-0.021587658333332982
-0.024779658333333288
-0.024779658333333288
-0.027971991666666085
-0.03116432500000066
-0.034356658333333456
-0.005626658333332202
-0.022386158333333128
-0.03914565833333228
-0.027174658333333213
-0.01520365833333237
-0.01999165833333194
-0.024779658333333288
-0.024779658333333288
-0.024779658333333288
-0.018794158333333755
-0.012808658333334222
-0.006823158333332913
-0.0008376583333333798
-0.008020658333332875
-0.01520365833333237
-0.043933658333333625
-0.043933658333333625
-0.04552965833333289
-0.04712565833333393
-0.048721658333333195
