-0.05351065833333202
-0.05031832499999922
-0.04712599166666642
-0.043933658333333625
0.042257341666667614
0.020709841666667117
-0.0008376583333333798
-0.0008376583333333798
-0.0008376583333333798
0.0007583416666676612
0.002354341666666926
0.003950341666667967
0.003950341666667967
-0.01280915833333296
-0.02956865833333211
-0.03914565833333228
-0.05031832499999922
-0.06149099166666616
-0.0726636583333331
-0.05590440833333332
-0.03914515833333354
-0.022385908333331983
-0.005626658333332202
-0.06308765833333219
-0.01999165833333194
-0.021587658333332982
-0.023183658333332247
-0.024779658333333288
-0.02956865833333211
-0.01999165833333194
-0.015203158333331857
-0.010414658333333549
-0.00945705833333399
-0.008499458333332655
-0.007541858333333096
-0.006584258333331761
-0.005626658333332202
-0.034356658333333456
-0.034356658333333456
-0.06787565833333353
-0.0702696583333342
-0.0726636583333331
-0.06787565833333176
-0.06308765833333219
-0.02956865833333211
0.003950341666667967
0.01352734166666636
0.023104341666666528
0.015921341666667033
0.008738341666667537
0.003950008333333699
-0.0008383249999983633
-0.005626658333332202
-0.004030324999998669
-0.0024339916666669126
-0.0008376583333333798
-0.007222324999998975
-0.013606991666666346
-0.01999165833333194
-0.051116158333332606
-0.04513090833333244
-0.03914565833333228
-0.026376324999999312
-0.013606991666666346
-0.0008376583333333798
-0.02956865833333211
-0.027174408333332067
-0.024780158333332025
-0.022385908333331983
-0.01999165833333194
-0.02956865833333211
-0.024780158333332025
-0.01999165833333194
-0.010414658333333549
-0.027174158333334475
-0.043933658333333625
-0.051116158333332606
-0.058298658333333364
-0.03914515833333354
-0.01999165833333194
-0.005626658333332202
0.008738341666667537
0.0003588416666673311
-0.008020658333332875
-0.01640015833333308
-0.024779658333333288
-0.08224065833333327
-0.06707749166666588
-0.051914324999998485
-0.03675115833333109
-0.01640040833333245
0.003950341666667967
0.00634434166666864
0.008738341666667537
0.001555841666668556
-0.005626658333332202
-0.013607324999998838
-0.021587991666665474
-0.02956865833333211
-0.048721658333333195
-0.049998591666666314
-0.05127552499999943
-0.05255245833333255
-0.05382939166666745
-0.05510632500000057
-0.056383258333333686
-0.057660191666666805
-0.058937124999999924
-0.06021405833333304
-0.06149099166666616
-0.06276792499999928
-0.06404485833333418
-0.0653217916666673
-0.06659872500000041
-0.06787565833333353
-0.060693158333332775
-0.053510658333333794
-0.046328158333333036
-0.03914565833333228
-0.03435699166666595
-0.029568324999999618
-0.024779658333333288
-0.021188408333333797
-0.017597158333334306
-0.01400590833333304
-0.010414658333333549
-0.008020658333332875
-0.005626658333332202
-0.01999165833333194
-0.01999165833333194
-0.043933658333333625
-0.02956865833333211
-0.017597658333333044
-0.01520365833333237
-0.048721658333333195
-0.043933658333333625
-0.043933658333333625
-0.017597158333334306
-0.010414658333333549
-0.02956865833333211
-0.02597740833333262
-0.022386158333333128
-0.01879490833333186
-0.01520365833333237
-0.05351065833333202
-0.034356658333333456
-0.0271741583333327
-0.01999165833333194
-0.03914565833333228
-0.03914565833333228
-0.03276099166666491
-0.026376324999999312
-0.01999165833333194
-0.01999165833333194
-0.017597658333333044
-0.01520365833333237
-0.017597658333333044
-0.01999165833333194
-0.024780158333332025
-0.02956865833333211
-0.02956865833333211
-0.02956865833333211
-0.03914565833333228
-0.03675115833333287
-0.034356658333333456
-0.034356658333333456
-0.034356658333333456
-0.034356658333333456
-0.034356658333333456
-0.034356658333333456
-0.034356658333333456
-0.024779658333333288
-0.005626658333332202
-0.03914565833333228
-0.03675115833333287
-0.034356658333333456
-0.024779658333333288
-0.029568158333333372
-0.034356658333333456
-0.0271741583333327
-0.01999165833333194
-0.01999165833333194
-0.01999165833333194
-0.01999165833333194
-0.01999165833333194
-0.01999165833333194
-0.01999165833333194
-0.01999165833333194
-0.034356658333333456
-0.048721658333333195
-0.04034215833333299
-0.03196265833333278
-0.034356658333333456
-0.027972325000000353
-0.021587991666665474
-0.01520365833333237
-0.010415158333332286
-0.005626658333332202
-0.0008381583333321174
0.003950341666667967
-0.0008381583333321174
-0.005626658333332202
-0.010415158333332286
-0.01520365833333237
-0.03914565833333228
-0.037948408333331685
-0.03675115833333287
-0.03435699166666595
-0.03196282499999903
-0.02956865833333211
-0.01520365833333237
-0.023184324999999006
-0.031164991666665642
-0.03914565833333228
-0.024779658333333288
-0.023582658333332063
-0.022385658333332614
-0.021188658333333166
-0.01999165833333194
-0.01999165833333194
-0.0175974083333319
-0.015203158333331857
-0.01280890833333359
-0.010414658333333549
-0.02956865833333211
-0.010414658333333549
-0.02956865833333211
-0.03276099166666491
-0.03595332499999948
-0.03914565833333228
-0.024779658333333288
-0.027971991666666085
-0.03116432500000066
-0.034356658333333456
-0.037548991666666254
-0.04074132500000083
-0.043933658333333625
-0.01999165833333194
-0.0008376583333333798
-0.0008376583333333798
-0.024779658333333288
-0.0271741583333327
-0.02956865833333211
-0.03675115833333287
-0.043933658333333625
-0.043933658333333625
-0.043933658333333625
-0.04712599166666642
-0.05031832499999922
-0.05351065833333202
-0.04513090833333244
-0.03675115833333109
-0.028371408333331516
-0.01999165833333194
-0.010414658333333549
-0.010414658333333549
-0.010414658333333549
-0.010414658333333549
-0.011691591666666667
-0.012968524999999786
-0.014245458333332905
-0.015522391666666024
-0.016799324999999143
-0.018076258333332262
-0.01935319166666538
-0.020630125000000277
-0.021907058333333396
-0.023183991666666515
-0.024460924999999634
-0.025737858333332753
-0.02701479166666587
-0.02829172499999899
-0.02956865833333211
-0.034357158333332194
-0.03914565833333228
-0.01999165833333194
0.023104341666666528
0.027892341666667875
-0.03914565833333228
-0.043933658333333625
0.01352734166666636
0.3056193416666666
0.1978803416666679
0.09014134166666743
0.023104341666666528
-0.08224065833333327
-0.043933658333333625
-0.3096896583333333
-0.18938115833333313
-0.06907265833333298
0.05123584166666717
0.17154434166666732
0.003950341666667967
0.008738341666667537
0.1811213416666675
0.11647784166666852
0.05183434166666778
-0.06548165833333286
-0.1827976583333335
-0.17980490833333285
-0.17681215833333397
-0.17381940833333331
-0.17082665833333266
-0.16783390833333378
-0.16484115833333313
-0.16184840833333425
-0.1588556583333336
-0.09301490833333403
-0.0271741583333327
-0.24983465833333263
-0.010414658333333549
0.21942834166666714
0.13443434166666712
0.04944034166666711
-0.035553658333332905
-0.12054765833333292
0.08295909166666604
0.10833754166666587
0.1337159916666657
0.1590944416666673
0.18447289166666714
0.20985134166666697
0.02310384166666779
-0.16364365833333316
-0.03914515833333354
0.008738591666666906
0.05662234166666735
-0.2282871583333339
-0.5131966583333334
-0.19237365833333264
-0.12342085833333272
-0.05446805833333279
0.014484741666667134
0.08343754166666706
0.15239034166666698
-0.1588556583333336
-0.04153965833333295
0.07577634166666769
-0.1827976583333335
0.013527008333333868
0.20985167499999946
0.40617634166666683
0.26731267499999944
0.12844900833333384
-0.010414658333333549
0.10450634166666717
-0.110971658333332
-0.09660565833333301
-0.01424505833333356
0.06811554166666767
0.15047614166666712
0.23283674166666835
0.3151973416666678
0.1763323416666669
-0.2546236583333332
-0.1911771583333337
-0.1277306583333342
-0.0642841583333329
-0.0008376583333333798
0.008738841666666275
-0.10139440833333424
-0.21152765833333298
-0.3120841583333327
-0.4126406583333324
-0.2893394083333334
-0.16603815833333258
-0.04273690833333177
0.08056434166666726
-0.1827976583333335
-0.15287015833333406
-0.12294265833333284
-0.0930151583333334
-0.06308765833333396
-0.033160158333332745
-0.0032326583333333048
0.026694841666667912
0.05662234166666735
-0.21871015833333374
0.12126634166666683
-0.11575965833333335
-0.10426745833333406
-0.092775258333333
-0.08128305833333371
-0.06979085833333265
-0.058298658333333364
-0.03914565833333228
0.05063709166666719
0.14041984166666666
0.2302025916666679
0.31998534166666737
0.008738341666667537
-0.053510658333333794
-0.11575965833333335
-0.06787565833333353
-0.04461765833333331
-0.021359658333333087
0.001898341666667136
0.02515634166666736
0.04841434166666758
0.0716723416666678
0.09493034166666803
-0.29771865833333244
-0.16962890833333333
-0.04153915833333244
-0.011611908333332366
0.018315341666667706
-0.08583228333333182
-0.18997990833333134
-0.29412753333333264
-0.39827515833333216
-0.36954478333333185
-0.3408144083333333
-0.312084033333333
-0.2833536583333327
0.16675634166666775
0.1404200916666678
0.11408384166666785
0.0877475916666679
0.06141134166666795
-0.1588556583333336
-0.09277565833333412
-0.026695658333332872
0.0393843416666666
0.10546434166666785
0.17154434166666732
0.2074578416666668
0.12425921666666717
0.041060591666667534
-0.04213803333333388
-0.12533665833333352
-0.051116158333332606
0.02454064166666825
0.10019744166666733
0.1758542416666682
0.25151104166666727
0.3271678416666681
0.09014134166666743
-0.21152765833333298
-0.19237415833333316
-0.17322065833333333
-0.08224115833333201
0.008738341666667537
0.2290053416666673
0.4492723416666671
0.3080143416666665
0.16675634166666775
0.14760274166666676
0.12844914166666754
0.10929554166666655
0.09014194166666734
0.07098834166666634
-0.17082665833333266
-0.1317213249999991
-0.09261599166666556
-0.05351065833333202
0.3822343416666669
0.2888603416666662
0.19548634166666723
0.24017834166666674
0.284870341666668
0.32956234166666754
0.30170252348484894
0.27384270530303034
0.24598288712121352
0.21812306893939493
0.19026325075757633
0.16240343257575773
0.13454361439393914
0.10668379621212054
0.07882397803030372
0.050964159848485124
0.023104341666666528
-0.11097115833333326
-0.0726636583333331
-0.034357158333332194
0.03746934166666804
0.018315841666666444
-0.0008376583333333798
-0.058298658333333364
-0.11575965833333335
-0.16045132500000037
-0.20514299166666738
-0.2498346583333344
-0.29452632499999964
-0.33921799166666666
-0.3839096583333337
-0.18758565833333307
0.008738341666667537
-0.1780086583333329
-0.14927832499999916
-0.12054799166666541
-0.09181765833333344
-0.0630873249999997
-0.03435699166666595
-0.005626658333332202
-0.01280915833333296
-0.01999165833333194
-0.154066658333333
0.027892341666667875
-0.23068165833333332
-0.20195122976190483
-0.17322080119047634
-0.14449037261904785
-0.11575994404761758
-0.08702951547618909
-0.0582990869047606
-0.02956865833333211
-0.004429408333331608
0.020709841666668893
0.21463984166666705
-0.01999165833333194
-0.051116158333332606
0.0027530916666673733
0.05662234166666735
0.09014134166666743
0.1236603416666675
0.15717934166666758
0.07098834166666634
-0.051116158333332606
-0.17322065833333333
0.027892341666667875
-0.0902216583333324
-0.20833565833333267
-0.32644965833333295
-0.16843165833333273
-0.16124915833333375
-0.154066658333333
-0.11302322976190382
-0.07197980119047642
-0.030936372619047248
0.010107055952381927
0.0511504845238111
0.0921939130952385
0.13323734166666767
0.003950341666667967
0.08774734166666676
0.04824284166666715
0.008738341666667537
0.01113259166666758
0.013526841666667622
0.015921091666667664
0.018315341666667706
-0.1540671583333335
-0.04153940833333358
0.07098834166666634
0.03404919880952306
-0.0028899440476184424
-0.039829086904761724
-0.076768229761905
-0.11370737261904829
-0.1506465154761898
-0.18758565833333307
0.003950341666667967
-0.1564611583333324
-0.18279732499999923
-0.20913349166666606
-0.2354696583333329
-0.2618058249999997
-0.28814199166666477
-0.3144781583333316
-0.3408143249999984
-0.36715049166666525
-0.3934866583333321
0.027892341666667875
-0.19237365833333264
-0.11416332499999982
-0.03595299166666521
0.042257341666667614
0.01991167500000124
-0.0024339916666669126
-0.024779658333333288
-0.051594858333332994
-0.0784100583333327
-0.10522525833333418
-0.1320404583333339
-0.1588556583333336
-0.20434515833333222
-0.11336515833333394
-0.03675115833333287
-0.24025765833333246
-0.13491315833333317
-0.02956865833333211
-0.22589265833333272
-0.11097115833333149
0.003950341666667967
-0.005626658333332202
-0.01520365833333237
-0.012467372619045847
-0.0097310869047611
-0.0069948011904745755
-0.004258515476189828
-0.0015222297619033043
0.0012140559523814431
0.003950341666667967
-0.0271741583333327
-0.09660565833333301
-0.06308765833333219
-0.058298991666665856
-0.053510324999999526
-0.048721658333333195
-0.04453184583333325
-0.040342033333333305
-0.03615222083333336
-0.03196240833333164
-0.027772595833331692
-0.023582783333331747
-0.019392970833331802
-0.015203158333331857
-0.01520365833333237
-0.02238565833333439
-0.01520365833333237
-0.024780158333332025
-0.034356658333333456
-0.04552965833333289
-0.0567026583333341
-0.06787565833333353
-0.0571017833333336
-0.04632790833333189
-0.03555403333333196
-0.024780158333332025
-0.01520365833333237
-0.0032326583333315284
0.008738341666667537
-0.008020658333332875
-0.024779658333333288
-0.026907880555555153
-0.029036102777777018
-0.03116432500000066
-0.033292547222222524
-0.03542076944444439
-0.037548991666666254
-0.039677213888889895
-0.04180543611111176
-0.043933658333333625
0.0015563416666672936
0.018315341666667706
0.003950341666666191
-0.017597658333333044
-0.03914565833333228
-0.0415398249999992
-0.04393399166666612
-0.04632815833333126
-0.04872232499999818
-0.0511164916666651
-0.05351065833333202
-0.034356658333333456
-0.017597658333333044
-0.015801908333333614
-0.014006158333334184
-0.012210408333332978
-0.010414658333333549
-0.02956865833333211
-0.010414658333333549
-0.017597158333334306
-0.024779658333333288
-0.03914565833333228
-0.02478032499999827
-0.01041499166666604
0.003950341666667967
-0.005626658333332202
-0.01520365833333237
-0.0008376583333333798
-0.007222324999998975
-0.013606991666666346
-0.01999165833333194
-0.021359801190474315
-0.022727944047618465
-0.02409608690476084
-0.025464229761903212
-0.026832372619045586
-0.028200515476189736
-0.02956865833333211
-0.03914515833333354
-0.048721658333333195
-0.048721658333333195
-0.04632765833333252
-0.043933658333333625
-0.02956865833333211
-0.03914565833333228
-0.010414658333333549
-0.008818658333332507
-0.007222658333333243
-0.005626658333332202
-0.008020658333332875
-0.010414658333333549
-0.034356658333333456
-0.031164491666666905
-0.027972325000000353
-0.024780158333332025
-0.021587991666665474
-0.018395824999998922
-0.01520365833333237
-0.034356658333333456
-0.02956865833333211
-0.01999165833333194
-0.02238582499999886
-0.02477999166666578
-0.0271741583333327
-0.029568324999999618
-0.03196249166666654
-0.034356658333333456
-0.048721658333333195
-0.01999165833333194
-0.024780158333332025
-0.02956865833333211
-0.01999165833333194
-0.01520365833333237
-0.0008376583333333798
-0.008020658333332875
-0.01520365833333237
-0.01999199166666621
-0.02478032499999827
-0.02956865833333211
-0.03244165833333312
-0.03531465833333236
-0.038187658333333374
-0.04106065833333261
-0.043933658333333625
