0.0009576620000001368
0.0009576620000001368
0.005746122000000131
0.004272763538461621
0.0027994050769232226
0.0013260466153847128
-0.00014731184615368598
-0.0016206703076921958
-0.0030940287692307056
-0.004567387230769104
-0.006040745692307614
-0.007514104153846124
-0.008987462615384523
-0.010460821076923033
-0.011934179538461431
-0.013407537999999941
-0.011811404666666636
-0.01021527133333322
-0.008619137999999915
-0.008619137999999915
0.0009576620000001368
-0.008619137999999915
-0.006224937999999902
-0.0014365079999999475
-0.0005386792499999515
0.0003591495000000444
0.0012569782500000404
0.0021548070000000363
0.0030526357500001433
0.003950464500000139
0.004848293250000135
0.005746122000000131
0.005746122000000131
-0.0014365379999998762
0.015322922000000072
-0.013407537999999941
-0.008619122999999895
-0.0038307079999998495
0.0009577070000000854
0.005746122000000131
0.0009576620000001368
0.0033518770000001696
0.0057460920000000915
-0.0006384513333332897
-0.00702299466666656
-0.013407537999999941
-0.008619137999999915
-0.003830737999999889
0.010534522000000157
0.0033518920000000785
-0.003830737999999889
-0.0032321879999999137
-0.002633637999999938
-0.0020350879999998517
-0.0014365379999998762
-0.0008379879999999007
-0.0002394379999998142
0.0003591120000001613
0.0009576620000001368
0.0003591195000001157
-0.00023942299999990535
-0.0008379654999999264
-0.0014365079999999475
-0.003830737999999889
-0.013407537999999941
-0.003830737999999889
-0.013407537999999941
-0.008619137999999915
-0.003830737999999889
-0.002234604666666584
-0.0006384713333331682
0.0009576620000001368
-0.008619137999999915
0.0009576920000001765
0.010534522000000157
0.008140322000000144
0.005746122000000131
0.0033518920000000785
0.0009576620000001368
-0.008619132999999835
-0.01819592799999986
-0.00383070299999988
0.010534522000000157
0.011133072000000133
0.011731622000000108
0.012330172000000084
0.01292872200000017
0.013527272000000146
0.014125822000000121
0.014724372000000097
0.015322922000000072
-0.0014365379999998762
-0.006224937999999902
-0.0002394079999998855
0.005746122000000131
0.0009576920000001765
-0.003830737999999889
-0.003830737999999889
-0.003830737999999889
-0.003830737999999889
-0.003830737999999889
0.0009576920000001765
0.005746122000000131
0.005746122000000131
0.005746122000000131
0.005746122000000131
0.0009576620000001368
-0.006224937999999902
-0.013407537999999941
-0.011013337999999928
-0.008619137999999915
-0.008619137999999915
-0.008619137999999915
-0.008619137999999915
-0.008619137999999915
-0.006224937999999902
-0.003830737999999889
-0.0014365379999998762
0.0009576620000001368
0.0009576620000001368
0.0009576620000001368
0.0009576620000001368
0.0009576620000001368
0.005746122000000131
0.007661482000000164
0.009576842000000085
0.011492202000000118
0.01340756200000004
0.015322922000000072
-0.0038307079999998495
0.0009576620000001368
0.0033518920000000785
0.005746122000000131
0.004149978666666776
0.0025538353333334207
0.0009576920000001765
-0.0006384513333331787
-0.002234594666666534
-0.003830737999999889
-0.003830737999999889
0.0009576620000001368
-0.003830737999999889
0.005746122000000131
0.00454900700000016
0.0033518920000000785
0.0021547770000001076
0.0009576620000001368
0.0033518920000000785
0.0025538153333334312
0.001755738666666784
0.0009576620000001368
0.0016417277142858344
0.002325793428571532
0.0030098591428572297
0.0036939248571430383
0.004377990571428736
0.0050620562857144336
0.005746122000000131
-0.013407537999999941
-0.013407537999999941
-0.013407537999999941
-0.013407537999999941
-0.003830737999999889
0.0009576620000001368
-0.003830737999999889
0.008140292000000104
0.020111322000000098
0.008140292000000104
-0.003830737999999889
-0.00023942299999990535
0.0033518920000000785
0.006943207000000173
0.010534522000000157
0.0033518920000000785
-0.003830737999999889
-0.003830737999999889
-0.003830737999999889
-0.003830737999999889
-0.003830737999999889
-0.003830737999999889
-0.007023001333333223
-0.000638439666666546
0.005746122000000131
-0.0014365079999999475
-0.008619137999999915
-0.005746085999999928
-0.002873033999999941
1.800000015705905e-08
0.002873070000000144
0.005746122000000131
0.0009576620000001368
0.0013567003333334604
0.001755738666666784
0.0021547770000001076
0.0025538153333334312
0.002952853666666755
0.0033518920000000785
0.0033518920000000785
-0.008619137999999915
0.010534522000000157
0.0009576920000001765
-0.008619137999999915
-0.009417204666666623
-0.01021527133333322
-0.011013337999999928
-0.011811404666666636
-0.012609471333333233
-0.013407537999999941
0.0009576620000001368
-0.008619137999999915
-0.005426871333333194
-0.002234604666666584
0.0009576620000001368
-0.0014365379999998762
-0.002633637999999938
-0.003830737999999889
-0.0014365379999998762
0.0009576620000001368
0.0009576620000001368
0.0009576620000001368
0.0009576620000001368
-0.006224937999999902
-0.013407537999999941
0.0009576620000001368
0.0009576620000001368
0.0009576620000001368
-0.008619132999999835
-0.01819592799999986
-0.011013332999999847
-0.003830737999999889
-0.003830737999999889
-0.003830737999999889
0.0033518920000000785
0.010534522000000157
0.0028730720000001986
-0.004788377999999871
-0.01244982799999994
-0.0201112779999999
-0.027772727999999913
0.024899722000000124
0.009337409500000171
-0.006224902999999893
-0.0074220204999998485
-0.008619137999999915
-0.008619137999999915
-0.008619137999999915
0.010534492000000117
0.02968812200000015
0.020590155000000165
0.01149218800000018
0.0023942210000001962
-0.006703745999999899
-0.015801712999999884
-0.02489967999999987
-0.03399764699999985
-0.04309561399999984
-0.05219358099999988
-0.06129154799999986
0.03926492200000009
-0.013407502999999932
-0.011013302999999919
0.03926492200000009
-0.0038307179999998997
-0.04692635799999989
-0.015801717999999965
0.015322922000000072
0.015322922000000072
0.015322922000000072
0.006703792000000042
-0.0019153379999998776
-0.010534467999999908
-0.01915359799999994
-0.027772727999999913
0.0009576970000001461
0.005746109500000096
0.010534522000000157
0.0033518920000000785
-0.003830737999999889
-0.01340753299999986
-0.022984327999999887
0.005746097000000061
0.034476522000000065
0.003351897000000048
-0.027772727999999913
-0.022984330499999928
-0.018195932999999886
-0.013407535499999956
-0.008619137999999915
0.02968812200000015
-0.006224902999999893
-0.04213792799999988
-0.03375822174999987
-0.025378515499999865
-0.016998809249999858
-0.008619102999999906
-0.00023939674999984284
0.008140309500000109
0.016520015750000172
0.024899722000000124
-0.01340753299999986
-0.0014365029999998669
-0.008619137999999915
-0.0038307179999998997
0.0009577020000001157
0.005746122000000131
0.004948045333333484
0.004149968666666726
0.0033518920000000785
-0.0006384513333332897
-0.004628794666666547
-0.008619137999999915
-0.01819592799999986
-0.008619111333333151
0.0009577053333335028
0.010534522000000157
-0.013407537999999941
0.0009576920000000655
0.015322922000000072
0.015322922000000072
0.015322922000000072
0.015322922000000072
0.015322922000000072
0.015322922000000072
0.015322922000000072
0.015322922000000072
0.015322922000000072
-0.005426847999999929
-0.008619137999999915
0.0033518920000000785
0.015322922000000072
0.010534522000000046
0.005746122000000131
-0.003830737999999889
0.0021547770000001076
0.008140292000000104
0.014125807000000101
0.020111322000000098
-0.01819592799999986
-0.008619132999999835
0.0009576620000001368
0.010534522000000157
0.004149968666666837
-0.0022345846666665947
-0.008619137999999915
-0.022984327999999887
-0.008619102999999906
0.005746122000000131
-0.007022961333333244
-0.019792044666666564
-0.032561127999999884
-0.0205901329999999
-0.008619137999999915
0.008140292000000104
0.024899722000000124
0.004149972000000113
-0.0165997779999999
-0.03734952799999991
0.0009576620000001368
0.0025538153333334312
0.004149968666666837
0.005746122000000131
-0.00742200549999994
-0.0205901329999999
-0.016599801333333275
-0.01260946966666654
-0.008619137999999915
-0.011013337999999928
-0.013407537999999941
-0.009417194666666573
-0.005426851333333205
-0.0014365079999999475
0.0025538353333334207
0.006544178666666789
0.010534522000000157
-0.003830737999999889
0.005746122000000131
-0.01819592799999986
-0.011013332999999847
-0.003830737999999889
0.008140292000000104
0.020111322000000098
0.0009576970000001461
-0.01819592799999986
-0.01819592799999986
-0.01819592799999986
-0.01819592799999986
-0.01819592799999986
-0.01819592799999986
-0.01819592799999986
0.0009576920000000655
-0.003830737999999889
-0.0014365304999999218
0.0009576770000000456
0.003351884500000124
0.0057460920000000915
0.008140299500000059
0.010534507000000137
0.012928714500000105
0.015322922000000072
-0.0205901329999999
0.0033518920000000785
0.005746102000000142
0.008140312000000094
0.010534522000000157
-0.008619137999999915
-0.008619137999999915
-0.008619137999999915
-0.008619137999999915
-0.008619137999999915
-0.008619137999999915
0.005746122000000131
-0.0014365079999999475
-0.008619137999999915
-0.005882900857142714
-0.0031466637142856246
-0.00041042657142842387
0.002325810571428666
0.005062047714285867
0.007798284857142956
0.010534522000000157
0.0057460920000002025
0.0009576620000001368
-0.027772727999999913
0.0033518920000000785
-0.01819592799999986
-0.00383070299999988
0.010534522000000157
-0.008619102999999906
-0.027772727999999913
-0.018195932999999886
-0.008619137999999915
0.008140292000000104
0.024899722000000124
0.018515178666666743
0.012130635333333473
0.0057460920000000915
-0.0006384513333332897
-0.00702299466666656
-0.013407537999999941
0.0009576620000001368
0.020111322000000098
0.010534492000000117
0.0009576620000001368
0.005746122000000131
-0.003830737999999889
-0.0014365379999998762
0.0009576620000001368
-0.0014365379999998762
-0.003830737999999889
-0.002234604666666584
-0.0006384713333331682
0.0009576620000001368
-0.0019153779999998566
-0.00478841799999985
-0.007661457999999954
-0.010534497999999948
-0.013407537999999941
0.0009576920000000655
0.015322922000000072
-0.01819592799999986
-0.008619137999999915
0.010534522000000157
0.0009576620000001368
-0.006224937999999902
-0.013407537999999941
-0.01021527133333322
-0.00702300466666661
-0.003830737999999889
-0.010215267999999944
-0.016599797999999888
-0.022984327999999887
0.0009576620000001368
0.008140292000000104
0.015322922000000072
0.010534510000000052
0.005746098000000033
0.0009576860000001242
-0.0038307259999998955
-0.008619137999999915
-0.000638461333333229
0.007342215333333346
0.015322892000000032
-0.01819592799999986
0.015322922000000072
0.01292871200000012
0.010534502000000057
0.008140292000000104
0.005746082000000152
0.003351872000000089
0.0009576620000001368
0.006943177000000134
0.01292869200000013
-0.01819592799999986
-0.021388194666666527
-0.024580461333333248
-0.027772727999999913
0.034476522000000065
-0.008619137999999915
0.010534522000000157
0.017717122000000196
0.024899722000000124
0.013726768666666778
0.0025538153333334312
-0.008619137999999915
0.020111322000000098
-0.003830737999999889
-0.011013332999999847
-0.01819592799999986
0.0009576970000001461
0.020111322000000098
0.002553838666666808
-0.015003644666666593
-0.032561127999999884
-0.022984332999999912
-0.013407537999999941
0.034476522000000065
0.023702607000000042
0.01292869200000013
0.0021547770000001076
-0.008619137999999915
0.010534522000000157
0.015322922000000072
0.020111322000000098
0.004149972000000113
-0.011811377999999872
-0.027772727999999913
-0.00383070299999988
0.020111322000000098
0.007342238666666723
-0.0054268446666665415
-0.01819592799999986
-0.032561127999999884
0.04884172200000014
0.04046201575000019
0.03208230950000013
0.023702603250000176
0.015322897000000113
0.006943190750000161
-0.001436515499999902
-0.009816221749999854
-0.01819592799999986
0.020111322000000098
-0.05171475799999986
0.0009576970000001461
0.0009576853333335134
0.0009576736666667696
0.0009576620000001368
0.020111322000000098
-0.0006384279999999132
-0.02138817799999987
-0.04213792799999988
0.034476522000000065
0.020111312000000048
0.005746102000000031
-0.008619107999999875
-0.022984317999999893
-0.03734952799999991
0.020111322000000098
0.020111322000000098
0.020111322000000098
-0.05650314799999989
0.06799536200000011
0.03806783200000008
0.008140302000000155
-0.02178722799999988
-0.05171475799999986
-0.03543418199999987
-0.01915360599999988
-0.002873029999999832
0.013407546000000159
0.02968812200000015
0.010534522000000157
0.0009576970000001461
-0.010671285142856979
-0.02230026728571416
-0.033929249428571284
-0.045558231571428465
-0.05718721371428559
-0.06881619585714271
-0.0804451779999999
0.06799536200000011
-0.06607994799999989
-0.03655145799999987
-0.007022967999999907
0.02250552200000011
-0.022984327999999887
0.03926492200000009
0.010534495333333393
-0.01819593133333325
-0.04692635799999989
0.04884172200000014
-0.05171475799999986
-0.024580464666666524
0.0025538286666667576
0.02968812200000015
-0.027772727999999913
-0.013407511333333288
0.0009577053333333918
0.015322922000000072
0.010534512000000107
0.005746102000000031
0.0009576920000000655
-0.0038307179999998997
-0.008619127999999976
-0.013407537999999941
-0.0038307079999998495
-0.008619137999999915
-0.008619137999999915
-0.0068234842499999004
-0.005027830499999886
-0.003232176749999871
-0.0014365229999998563
0.00035913075000015837
0.002154784500000173
0.003950438250000188
0.0057460920000002025
-0.01340753299999986
-0.010215267999999833
-0.007023002999999917
-0.003830737999999889
-0.0014365229999998563
0.0009576920000001765
0.0033519070000000983
0.005746122000000131
0.005746122000000131
0.0057460920000002025
-0.001436512999999806
-0.008619117999999815
-0.015801722999999823
-0.022984327999999887
0.015322922000000072
-0.008619137999999915
-0.003830737999999889
0.0009576620000001368
-0.0004104522857141246
-0.001778566571428497
-0.0031466808571427585
-0.00451479514285702
-0.005882909428571281
-0.007251023714285654
-0.008619137999999915
-0.003830737999999889
-0.011013332999999847
-0.008619137999999915
-0.006224937999999902
-0.003830737999999889
0.0033518920000000785
0.010534522000000157
0.008738864500000165
0.006943207000000173
0.005147549500000181
0.0033518920000000785
0.0015562345000000866
-0.00023942299999990535
-0.0020350804999998973
-0.003830737999999889
-0.0026336229999999183
-0.0014365079999999475
-0.008619137999999915
-0.0038307229999998693
0.0009576920000001765
0.005746107000000111
0.010534522000000157
-0.0014365379999998762
-0.0014365379999998762
-0.001778566571428497
-0.002120595142857007
-0.0024626237142856278
-0.0028046522857141376
-0.0031466808571427585
-0.0034887094285712683
-0.003830737999999889
0.005746122000000131
0.015322922000000072
0.0009576620000001368
-0.0032321867499999213
-0.007422035499999868
-0.011611884249999815
-0.015801732999999873
-0.008619137999999915
-0.005198843714285584
-0.0017785494285713632
0.0016417448571429683
0.005062039142857189
0.00848233342857152
0.01190262771428574
0.015322922000000072
-0.003830737999999889
-0.005746097999999922
-0.007661457999999954
-0.009576817999999876
-0.011492177999999909
-0.013407537999999941
0.005746122000000131
0.006344672000000107
0.006943222000000193
0.007541772000000169
0.008140322000000144
0.00873887200000012
0.009337422000000095
