-0.018195940000000077
-0.02537854000000006
-0.008619100000000102
0.0009576899999999
0.010534479999999902
0.008140279999999889
0.005746079999999931
0.0009576866666665684
-0.003830706666666739
-0.008619100000000102
-0.00808705777777785
-0.007555015555555655
-0.007022973333333404
-0.006490931111111209
-0.005958888888888958
-0.0054268466666667625
-0.004894804444444512
-0.004362762222222316
-0.003830720000000065
-0.022984340000000103
-0.006224930000000073
-0.0038307300000001154
-0.0062249150000001086
-0.008619100000000102
-0.008619100000000102
-0.008619100000000102
-0.013407513333333454
-0.01819592666666675
-0.022984340000000103
-0.018195940000000077
-0.008619100000000102
-0.013407520000000117
-0.018195940000000077
-0.008619130000000086
0.0009576799999999053
0.0009576799999999053
0.0009576799999999053
-0.005426860000000089
-0.011811400000000083
-0.018195940000000077
-0.013407540000000107
-0.013407540000000107
-0.013407540000000107
-0.013407540000000107
-0.013407540000000107
-0.011013320000000104
-0.008619100000000102
-0.008619100000000102
-0.013407540000000107
-0.011013320000000104
-0.008619100000000102
-0.008619100000000102
-0.008619100000000102
-0.003830710000000126
0.0009576799999999053
0.0033518799999999183
0.005746079999999931
-0.001436510000000113
-0.008619100000000102
-0.008619100000000102
-0.008619100000000102
-0.008619100000000102
-0.005426840000000099
-0.002234580000000097
0.0009576799999999053
-0.003830720000000065
0.0009576799999999053
-0.0014365200000000522
-0.003830720000000065
-0.006224910000000083
-0.008619100000000102
-0.003830710000000126
0.0009576799999999053
0.005746079999999876
0.010534479999999902
0.005746075999999878
0.0009576719999999095
-0.0038307320000001144
-0.008619136000000083
-0.013407540000000107
-0.006224930000000128
0.0009576799999999053
0.005746079999999931
-0.018195940000000077
-0.003830720000000065
-0.006224910000000083
-0.008619100000000102
-0.00814026200000012
-0.007661424000000083
-0.007182586000000102
-0.006703748000000065
-0.006224910000000083
-0.0050278150000000466
-0.003830720000000065
-0.0014365200000000522
0.0009576799999999053
-0.003830710000000126
-0.008619100000000102
-0.018195940000000077
-0.011013330000000043
-0.003830720000000065
-0.0014365200000000522
0.0009576799999999053
-0.0014365200000000522
-0.003830720000000065
-0.0054268466666667625
-0.007022973333333404
-0.008619100000000102
0.0009576799999999053
-0.0014365200000000522
-0.003830720000000065
-0.0014365200000000522
0.0009576799999999053
-0.002234580000000097
-0.005426840000000099
-0.008619100000000102
-0.003830720000000065
-0.006224910000000083
-0.008619100000000102
-0.011013320000000104
-0.013407540000000107
-0.01580174000000012
-0.018195940000000077
-0.008619100000000102
-0.007022973333333404
-0.0054268466666667625
-0.003830720000000065
-0.0014365200000000522
0.0009576799999999053
-0.0014365200000000522
-0.003830720000000065
-0.003830720000000065
-0.003830720000000065
-0.0014365200000000522
0.0009576799999999053
0.0009576799999999053
-0.002234580000000097
-0.005426840000000099
-0.008619100000000102
-0.006224910000000083
-0.003830720000000065
-0.005746084000000096
-0.007661448000000071
-0.009576812000000101
-0.011492176000000076
-0.013407540000000107
-0.006224930000000128
0.0009576799999999053
-0.013407520000000117
-0.01101331000000011
-0.008619100000000102
0.005746079999999931
0.005746079999999931
0.005746079999999931
0.005746079999999931
0.005746079999999931
-4.000000053405728e-09
-0.0057460880000000936
-0.011492172000000078
-0.01723825600000012
-0.022984340000000103
-0.0169988350000001
-0.011013330000000099
-0.005027825000000097
0.0009576799999999053
0.0033518799999999183
0.0009576799999999053
0.005746079999999876
0.0009576866666665684
-0.0038307066666667944
-0.008619100000000102
-0.022984340000000103
-0.021388206666666743
-0.019792073333333438
-0.018195940000000077
-0.015322896000000086
-0.012449852000000095
-0.009576808000000048
-0.0067037640000000565
-0.003830720000000065
-0.0050278150000000466
-0.006224910000000083
-0.003830720000000065
-0.0014365200000000522
0.0009576799999999053
0.0009576799999999053
-0.003830710000000126
-0.008619100000000102
-0.010215246666666788
-0.01181139333333342
-0.013407540000000107
-0.010215266666666778
-0.007022993333333394
-0.003830720000000065
0.005746079999999931
-0.001436510000000113
-0.008619100000000102
-0.011013320000000104
-0.013407540000000107
-0.013407540000000107
-0.013407540000000107
-0.008619100000000102
-0.008619100000000102
-0.008619100000000102
-0.008619100000000102
-0.008619100000000102
-0.008619100000000102
-0.00742200500000012
-0.006224910000000083
-0.0050278150000000466
-0.003830720000000065
-0.013407540000000107
-0.008619130000000086
-0.003830720000000065
-0.006224910000000083
-0.008619100000000102
-0.008619100000000102
-0.008619100000000102
-0.008619100000000102
-0.008619100000000102
-0.001436510000000113
0.005746079999999931
0.005746079999999931
0.005746079999999931
-0.006224930000000073
-0.018195940000000077
-0.015003660000000085
-0.011811380000000093
-0.008619100000000102
-0.002234573333333434
0.004149953333333234
0.010534479999999902
0.0009576799999999053
-0.008619100000000102
-0.006224910000000083
-0.003830720000000065
-0.003830720000000065
-0.003830720000000065
-0.007022993333333394
-0.010215266666666778
-0.013407540000000107
-0.012875491111111192
-0.012343442222222334
-0.01181139333333342
-0.011279344444444561
-0.010747295555555647
-0.010215246666666788
-0.009683197777777874
-0.009151148888889016
-0.008619100000000102
-0.018195940000000077
-0.018195940000000077
-0.0022345933333334234
-0.042137960000000085
-0.02059014000000009
0.0009576799999999053
-0.00023942000000010122
-0.0014365200000000522
-0.0026336200000000587
-0.003830720000000065
-0.042137960000000085
-0.032561150000000094
-0.022984340000000103
-0.013407540000000107
-0.0014365300000001024
0.010534479999999902
-0.008619130000000086
-0.027772740000000073
-0.030166940000000086
-0.0325611400000001
-0.018195930000000082
-0.003830720000000065
0.0009576799999999053
0.005746079999999931
0.010534479999999902
-0.008619133333333417
-0.027772746666666737
-0.046926360000000056
-0.03734954000000007
-0.024580466666666745
-0.01181139333333342
0.0009576799999999053
-0.018195940000000077
-0.022984340000000103
-0.06129156000000008
-0.04213794666666676
-0.022984333333333384
-0.003830720000000065
-0.027772740000000073
-0.05171476000000008
-0.024580473333333408
0.0025538133333332658
0.02968809999999994
-0.0325611400000001
-0.030166940000000086
-0.027772740000000073
-0.02537854000000006
-0.008619126666666754
0.008140286666666607
0.024899699999999914
0.022505499999999956
0.020111299999999943
0.02968809999999994
0.039264899999999936
0.02755991555555548
0.015854931111111026
0.004149946666666571
-0.007555037777777884
-0.019260022222222284
-0.03096500666666674
-0.042669991111111194
-0.05437497555555565
-0.0660799600000001
0.039264899999999936
-0.008619130000000086
-0.018195940000000077
0.05363012999999994
-0.046926360000000056
-0.027772740000000073
-0.006224930000000073
0.015322879999999928
-0.006224930000000073
-0.027772740000000073
-0.01181139333333342
0.004149953333333289
0.020111299999999943
-0.008619100000000102
-0.002234573333333434
0.004149953333333234
0.010534479999999902
-0.04932056000000007
-0.1091756000000001
0.024899699999999914
0.021707426666666585
0.018515153333333256
0.015322879999999928
0.02489968999999992
0.03447649999999991
-0.042137960000000085
-0.01580173750000008
0.010534484999999927
0.03687070749999988
0.06320692999999991
-0.0014365150000000826
-0.0660799600000001
-0.008619100000000102
-0.010215246666666788
-0.01181139333333342
-0.013407540000000107
0.01771707999999994
0.04884169999999993
-0.022984340000000103
-0.037349550000000065
-0.05171476000000008
0.015322879999999928
0.008140277499999904
0.0009576749999999357
-0.006224927500000033
-0.013407530000000056
-0.006224925000000048
0.0009576799999999053
0.01372675333333323
0.02649582666666661
0.039264899999999936
-0.08523358000000009
-0.04054182000000006
0.004149939999999908
0.04884169999999993
0.0009576799999999053
0.03208230499999992
0.06320692999999991
0.010534484999999927
-0.042137960000000085
-0.02106898200000007
-4.000000108916879e-09
0.021068973999999907
0.04213795199999992
0.06320692999999991
-0.05171476000000008
0.010534479999999902
0.00574607714285702
0.000957674285714194
-0.0038307285714286876
-0.008619131428571514
-0.013407534285714395
-0.018195937142857277
-0.022984340000000103
0.04884169999999993
-0.046926360000000056
-0.01580173000000007
-0.010414777500000083
-0.005027825000000097
0.000359127499999945
0.005746079999999931
-0.03495534000000011
-0.014604630000000118
0.005746079999999931
-0.0038307300000001154
-0.013407540000000107
-0.02059014000000009
-0.027772740000000073
-0.03495535000000005
-0.042137960000000085
-0.022984340000000048
-0.003830720000000065
-0.00023942000000010122
0.0033518799999999183
0.006943179999999938
0.010534479999999902
-0.0006384600000001184
-0.011811400000000083
-0.022984340000000103
-0.01580173000000007
-0.00742202500000011
0.0009576799999999053
-0.002234580000000097
-0.005426840000000099
-0.008619100000000102
-0.003830720000000065
-0.013407530000000056
-0.022984340000000103
0.0009576733333332421
0.024899686666666587
0.04884169999999993
0.03567359499999995
0.022505489999999906
0.00933738499999992
-0.003830720000000065
0.006943184999999907
0.017717089999999935
0.028490994999999963
0.039264899999999936
0.03088519499999992
0.022505489999999906
0.05123590999999994
0.002154774999999942
-0.046926360000000056
-0.013407530000000056
0.020111299999999943
0.009736423333333244
-0.0006384533333333997
-0.011013330000000043
-0.021388206666666743
-0.03176308333333344
-0.042137960000000085
0.015322879999999928
-0.044532150000000104
-0.050118620000000114
-0.05570509000000007
-0.06129156000000008
-0.027772740000000073
-0.01181139333333342
0.004149953333333289
0.020111299999999943
-0.0014365200000000522
-0.022984340000000103
0.022505494999999875
0.06799532999999991
0.020111294999999918
-0.027772740000000073
0.02968809999999994
0.08714893999999992
0.062408856666666596
0.03766877333333324
0.01292868999999991
-0.01181139333333342
-0.03655147666666675
-0.06129156000000008
0.05363012999999994
-0.037349550000000065
-0.046926360000000056
-0.046926360000000056
-0.030166945000000056
-0.013407530000000056
0.0033518849999999434
0.020111299999999943
-0.01580173000000007
-0.05171476000000008
0.07757213999999993
0.010534489999999896
-0.05650316000000011
-0.02059014000000009
0.015322879999999928
-0.011013330000000043
-0.03734954000000007
-0.030166940000000086
-0.022984340000000103
-0.0014365200000000522
0.020111299999999943
-0.003830720000000065
-0.027772740000000073
0.020111294999999918
0.06799532999999991
-0.05171476000000008
-0.008619130000000086
0.03447649999999991
0.012928699999999904
-0.008619100000000102
-0.02537853000000012
-0.042137960000000085
0.0009576699999999105
0.044053299999999906
-0.0014365300000001024
-0.046926360000000056
-0.018195937500000037
0.010534484999999927
0.03926490749999989
0.06799532999999991
0.044053312499999886
0.020111294999999918
-0.00383072250000005
-0.027772740000000073
0.015322879999999928
-0.02777273000000008
-0.007022986666666731
0.013726756666666562
0.03447649999999991
-0.0038307300000001154
-0.042137960000000085
-0.011013330000000043
0.020111299999999943
-0.042137960000000085
-0.025378545000000086
-0.008619130000000086
0.008140284999999914
0.024899699999999914
0.008140299999999878
-0.008619100000000102
0.0009576799999999053
-0.003830720000000065
-0.008619130000000086
-0.013407540000000107
0.005746079999999876
0.024899699999999914
0.01691902666666656
0.00893835333333326
0.0009576799999999053
-0.003830720000000065
-0.008619126666666754
-0.013407533333333388
-0.018195940000000077
-0.010215266666666722
-0.0022345933333334234
0.005746079999999931
0.0025538133333332658
-0.0006384533333333997
-0.003830720000000065
0.0009576799999999053
-0.008619100000000102
-0.013407540000000107
-0.011013335000000124
-0.008619130000000086
-0.006224925000000048
-0.003830720000000065
0.0009576799999999053
0.0025538133333332658
0.004149946666666571
0.005746079999999931
0.0033518799999999183
0.0009576799999999053
-0.003830720000000065
-0.018195940000000077
-0.015003660000000085
-0.011811380000000093
-0.008619100000000102
-0.003830720000000065
0.0009576799999999608
0.005746079999999931
0.0033518799999999183
0.0009576799999999053
-0.006224930000000128
-0.013407540000000107
-0.01181139333333342
-0.010215246666666788
-0.008619100000000102
-0.008619100000000102
-0.001436510000000113
0.005746079999999931
0.0033518799999999183
0.0009576799999999053
-0.006224930000000128
-0.013407540000000107
-0.011013320000000104
-0.008619100000000102
-0.003830710000000126
0.0009576799999999053
-0.006224930000000128
-0.013407540000000107
-0.013407540000000107
-0.013407540000000107
-0.013407540000000107
-0.003830720000000065
-0.003830720000000065
-0.003830720000000065
-0.003830720000000065
0.0009576799999999053
0.0009576799999999053
0.0009576799999999053
-0.008619130000000086
-0.018195940000000077
-0.003830720000000065
-0.008619130000000086
-0.013407540000000107
-0.011492176000000076
-0.009576812000000101
-0.007661448000000071
-0.005746084000000096
-0.003830720000000065
-0.008619100000000102
-0.003830720000000065
-0.008619130000000086
-0.013407540000000107
-0.011013320000000104
-0.008619100000000102
-0.008619100000000102
-0.008619100000000102
-0.008619100000000102
-0.005426840000000099
-0.002234580000000097
0.0009576799999999053
-0.003830720000000065
-0.006224925000000048
-0.008619130000000086
-0.011013335000000124
-0.013407540000000107
0.005746079999999931
0.0009576799999999608
-0.003830720000000065
-0.013407540000000107
-0.008619130000000086
-0.003830720000000065
-0.0014365200000000522
0.0009576799999999053
-0.0006384533333333997
-0.00223458666666676
-0.003830720000000065
0.0009576799999999053
0.0009576799999999053
0.0009576799999999053
