0.0016759399999999314
0.006464339999999957
0.0016759399999999314
-0.0007182599999999706
-0.0031124599999999836
-0.0015163266666666786
7.980666666662639e-05
0.0016759399999999314
0.011252739999999983
0.00885853999999997
0.006464339999999957
0.005780282857142827
0.005096225714285696
0.004412168571428565
0.0037281114285713235
0.003044054285714193
0.002359997142857062
0.0016759399999999314
0.006464339999999957
0.00885853999999997
0.011252739999999983
0.013646939999999996
0.01604114000000001
0.0016759399999999314
0.01604114000000001
0.006464339999999957
-0.0031124599999999836
-0.0031124599999999836
-0.0031124599999999836
0.004070140000000055
0.011252739999999983
0.010295060000000023
0.00933737999999995
0.00837969999999999
0.007422019999999918
0.006464339999999957
0.013646939999999885
0.010055639999999921
0.006464339999999957
0.01604114000000001
0.02561793999999995
0.023223739999999937
0.020829539999999924
0.011252739999999983
0.0016759399999999314
0.0016759399999999314
0.0016759399999999314
0.006464339999999957
0.011252739999999983
0.01604114000000001
0.020829539999999924
0.014445006666666593
0.008060473333333262
0.0016759399999999314
-0.00790086000000001
0.0016759399999999314
0.011252739999999983
0.00885853999999997
0.006464339999999957
0.011252739999999983
0.01604114000000001
0.013646939999999996
0.011252739999999983
0.006464339999999957
0.0016759399999999314
0.0016759399999999314
0.0016759399999999314
0.0016759399999999314
0.0016759399999999314
0.0016759399999999314
0.0016759399999999314
0.0016759399999999314
0.0016759399999999314
0.0016759399999999314
0.0016759399999999314
0.0016759399999999314
0.0016759399999999314
0.0016759399999999314
0.0016759399999999314
0.01604114000000001
0.013646939999999885
0.01604114000000001
0.01843533999999991
0.020829539999999924
0.011252739999999983
0.014445006666666593
0.017637273333333314
0.020829539999999924
0.020829539999999924
0.0016759099999998917
-0.01747772000000003
-0.016171787272727278
-0.014865854545454527
-0.013559921818181886
-0.012253989090909134
-0.010948056363636383
-0.009642123636363631
-0.00833619090909088
-0.0070302581818181276
-0.005724325454545487
-0.004418392727272735
-0.0031124599999999836
0.011252739999999983
0.004070140000000055
0.011252739999999983
0.011252739999999983
0.008060473333333262
0.004868206666666652
0.0016759399999999314
0.011252739999999983
0.011252739999999983
0.00885853999999997
0.006464339999999957
0.00885853999999997
0.011252739999999983
0.006464339999999957
0.0016759400000000424
-0.0031124599999999836
0.01604114000000001
0.013646939999999996
0.011252739999999983
0.006464339999999957
0.0016759399999999314
0.006464339999999957
0.004868206666666652
0.0032720733333332364
0.0016759399999999314
0.006464339999999957
0.013646939999999885
0.020829539999999924
0.018701362222222184
0.016573184444444333
0.014445006666666593
0.012316828888888853
0.010188651111111002
0.008060473333333262
0.005932295555555522
0.0038041177777776713
0.0016759399999999314
0.01604114000000001
0.006464339999999957
-0.0007182599999999706
0.011252739999999983
0.013646939999999996
0.01604114000000001
0.006464339999999957
0.008060473333333262
0.009656606666666678
0.011252739999999983
0.009656606666666678
0.008060473333333262
0.006464339999999957
0.008060473333333262
0.009656606666666678
0.011252739999999983
0.012848873333333288
0.014445006666666704
0.01604114000000001
0.006464339999999957
0.009656606666666678
0.005400251111111087
0.0011438955555556074
-0.0031124599999999836
-0.0031124599999999836
-0.0031124599999999836
-0.0007182599999999706
0.0016759399999999314
0.004070139999999944
0.006464339999999957
0.00885853999999997
0.011252739999999983
0.00885853999999997
0.006464339999999957
0.004070139999999944
0.0016759399999999314
-0.0031124599999999836
0.0016759399999999314
0.0016759399999999314
0.004070139999999944
0.006464339999999957
0.004070139999999944
0.0016759399999999314
-0.0007182599999999706
-0.0031124599999999836
0.0008778733333333344
0.004868206666666652
0.00885853999999997
0.011252739999999983
0.004070140000000055
-0.0031124599999999836
0.0016759399999999314
0.006464339999999957
0.013646939999999885
0.020829539999999924
0.01723823999999996
0.013646939999999885
0.010055639999999921
0.006464339999999957
-0.00790086000000001
-0.0031124599999999836
0.0016759399999999314
0.006464339999999957
0.0016759399999999314
-0.0031124600000000946
0.004070139999999944
0.011252739999999983
0.004070140000000055
-0.0031124599999999836
-0.0007182599999999706
0.0016759399999999314
0.011252739999999983
0.020829539999999924
0.006464339999999957
-0.00790086000000001
7.980666666662639e-05
0.008060473333333373
0.01604114000000001
0.01604114000000001
0.01604114000000001
0.0016759399999999314
-0.0031124600000000946
-0.00790086000000001
-0.00790086000000001
-0.00790086000000001
-0.00790086000000001
0.0016759399999999314
-0.0007182599999999706
-0.0031124599999999836
-0.0007182599999999706
0.0016759399999999314
0.011252739999999983
0.020829539999999924
0.030406339999999976
0.023223739999999937
0.01604114000000001
0.01843533999999991
0.020829539999999924
0.01604114000000001
0.004070140000000055
-0.00790086000000001
0.006464339999999957
0.020829539999999924
0.01723823999999996
0.013646939999999885
0.010055639999999921
0.006464339999999957
0.0016759399999999314
-0.0031124599999999836
0.011252739999999983
0.02561793999999995
0.013646939999999885
0.0016759399999999314
0.0055066599999999966
0.00933737999999995
0.013168100000000016
0.01699881999999997
0.020829540000000035
-0.00790086000000001
0.013646939999999996
0.03519474
0.013646939999999996
-0.00790086000000001
0.011252739999999983
0.030406339999999976
0.019632424999999953
0.008858510000000042
-0.0019154049999999812
-0.012689320000000004
0.006464339999999957
-0.022266120000000056
0.013646909999999957
0.04955993999999997
0.04636767333333336
0.04317540666666664
0.03998314000000003
0.006464309999999918
-0.027054520000000082
0.006464309999999918
0.03998314000000003
-0.01747772000000003
-0.0031125000000000735
0.011252719999999994
0.02561793999999995
0.006464309999999918
-0.012689320000000004
-0.005985548000000063
0.0007182239999999895
0.007421995999999931
0.014125767999999983
0.020829539999999924
0.0016759399999999314
0.01604114000000001
-0.00790086000000001
-0.0031124600000000946
0.0016759399999999314
-0.00790089000000005
-0.01747772000000003
-0.010773947999999978
-0.004070176000000036
0.002633596000000016
0.009337367999999957
0.01604114000000001
-0.027054520000000082
0.054348379999999974
0.02561795999999994
-0.0031124599999999836
0.023223739999999937
0.04955993999999997
-0.0031124599999999836
-0.012689289999999964
-0.022266120000000056
-0.027054515
-0.03184291
-0.028491025000000003
-0.02513914000000006
-0.021787255000000005
-0.018435370000000062
-0.015083485000000008
-0.011731600000000064
-0.00837971500000001
-0.005027830000000066
-0.001675945000000012
0.0016759399999999314
0.020829539999999924
0.00885850999999993
0.0016759099999998917
0.006464339999999957
0.014445006666666593
0.02242567333333334
0.030406339999999976
-0.00790086000000001
-0.001197100000000062
0.0055066599999999966
0.012210419999999944
0.018914180000000003
0.02561793999999995
0.006464339999999957
-0.0031124599999999836
0.02561793999999995
0.02253967857142858
0.019461417142857096
0.016383155714285724
0.013304894285714242
0.01022663285714287
0.007148371428571387
0.004070110000000016
-0.0031124850000000537
-0.0067037937500000755
-0.010295102499999986
-0.013886411250000008
-0.01747772000000003
0.04477153999999994
0.04477153999999994
0.04477153999999994
0.03519472999999995
0.02561791999999996
0.01604110999999997
0.006464299999999978
-0.0031125100000000128
-0.012689320000000004
0.01604114000000001
-0.010295085000000093
-0.012689320000000004
-0.0007183050000000302
0.011252709999999944
0.02322372500000003
0.03519474
0.020829540000000035
0.006464339999999957
-0.00790086000000001
0.05913678
0.04955997000000001
0.03998316000000002
0.030406349999999915
0.020829539999999924
-0.022266085000000047
-0.015083472499999973
-0.00790086000000001
0.01604114000000001
0.03998314000000003
0.03200247333333339
0.024021806666666645
0.01604114000000001
-0.009497019999999967
-0.03503518
-0.06057334000000003
0.03519474
0.008858510000000042
-0.01747772000000003
0.011252709999999944
0.03998314000000003
0.016041123333333296
-0.007900893333333325
-0.03184291
-0.021308419999999995
-0.010773930000000043
-0.0002394400000000907
0.010295049999999972
0.020829539999999924
0.011252739999999983
0.005666269166666682
7.979833333326969e-05
-0.005506672500000032
-0.011093143333333333
-0.016679614166666745
-0.022266085000000047
0.020829539999999924
-0.03184291
-0.025344360714285696
-0.018845811428571446
-0.012347262142857196
-0.005848712857142835
0.0006498364285714153
0.0071483857142856655
0.013646935000000027
0.020145484285714277
0.026644033571428527
0.03314258285714289
0.03964113214285714
0.04613968142857139
0.05263823071428575
0.05913678
-0.022266120000000056
0.023223739999999937
0.030406339999999976
0.011252739999999983
0.017637273333333203
0.004868206666666541
-0.00790086000000001
0.004868206666666652
0.017637273333333314
0.030406339999999976
-0.01747772000000003
7.976666666664745e-05
0.017637253333333325
0.03519474
-0.01747772000000003
0.030406339999999976
0.01604114000000001
0.0016759399999999314
0.013646939999999885
0.02561793999999995
0.004070110000000016
-0.01747772000000003
-0.012689300000000014
-0.007900879999999999
-0.0031124599999999836
0.0016759399999999314
0.006464339999999957
0.006464339999999957
0.006464339999999957
0.006464339999999957
0.01604114000000001
0.006464339999999957
-0.0031124599999999836
0.03998314000000003
0.01604114000000001
-0.00790086000000001
0.0032720733333333474
0.014445006666666593
0.02561793999999995
0.013646939999999885
0.0016759399999999314
0.011252739999999983
0.020829539999999924
0.01843533999999991
0.01604114000000001
0.013646939999999996
0.011252739999999983
0.0016759399999999314
0.0016759399999999314
0.0016759399999999314
0.006464339999999957
0.011252739999999983
0.01604114000000001
0.01604114000000001
-0.0007182900000000103
-0.01747772000000003
-0.007900899999999988
0.001675919999999942
0.011252739999999983
0.02561793999999995
0.02561793999999995
0.02561793999999995
0.02561793999999995
0.02561793999999995
0.02561793999999995
0.02561793999999995
0.02561793999999995
-0.046208110000000024
-0.07493853
0.054348379999999974
0.04636770000000001
0.03838701999999994
0.030406339999999976
0.013646939999999996
-0.0031124599999999836
0.0055066599999999966
0.014125779999999977
0.022744900000000068
0.03136402000000005
0.03998314000000003
0.011252709999999944
0.01604114000000001
-0.001516343333333392
-0.019073826666666682
-0.03663131000000003
0.03519474
-0.0007182850000000407
-0.03663131000000003
-0.012689284999999995
0.011252739999999983
0.012848873333333288
0.014445006666666593
0.01604114000000001
0.017637273333333314
0.01923340666666662
0.020829539999999924
0.006464339999999957
0.009457089999999946
0.012449839999999934
0.015442589999999923
0.01843533999999991
0.03519473999999989
0.02561793999999995
0.016041139999999898
0.006464339999999957
-0.022266120000000056
-0.01747770500000001
-0.012689289999999964
-0.00790087500000003
-0.0031124599999999836
0.006464339999999957
0.004070130000000005
0.001675919999999942
-0.0007182900000000103
0.00047882499999996053
0.0016759399999999314
0.013646939999999885
0.02561793999999995
0.028012139999999963
0.030406339999999976
0.023223739999999937
0.01604114000000001
0.015357082857142879
0.014673025714285748
0.013988968571428617
0.013304911428571375
0.012620854285714245
0.011936797142857114
0.011252739999999983
0.006464339999999957
-0.01747772000000003
-0.015482548333333401
-0.013487376666666662
