-0.01857218485714285
-0.01583594771428576
-0.013099710571428558
-0.010363473428571468
-0.007627236285714267
-0.0048909991428571775
-0.0021547619999999768
0.007422037999999964
0.005825904666666659
0.004229771333333354
0.0026336380000000492
-0.02130842200000005
-0.011731621999999997
-0.016520022000000023
-0.018914222000000036
-0.02130842200000005
-0.019180237555555646
-0.017052053111111132
-0.014923868666666729
-0.012795684222222214
-0.010667499777777811
-0.008539315333333297
-0.006411130888888894
-0.00428294644444438
-0.0021547619999999768
-0.0057460919999999804
-0.009337421999999984
-0.01412582200000001
-0.006943221999999971
-0.011731621999999997
-0.013327755333333302
-0.014923888666666718
-0.016520022000000023
-0.015721955333333315
-0.014923888666666718
-0.01412582200000001
-0.013327755333333302
-0.012529688666666705
-0.011731621999999997
-0.010933555333333289
-0.010135488666666692
-0.009337421999999984
-0.008539355333333276
-0.007741288666666679
-0.006943221999999971
-0.006943221999999971
-0.006943221999999971
-0.011731621999999997
-0.0021547619999999768
-0.011731621999999997
0.0026336380000000492
-0.016520022000000023
-0.016520022000000023
-0.02130842200000005
-0.0021547619999999768
0.0002394079999999965
-0.00514754950000007
-0.010534507000000026
-0.015921464499999982
-0.02130842200000005
-0.016520022000000023
-0.011731621999999997
-0.006943221999999971
-0.011731621999999997
-0.016520022000000023
-0.009337392000000055
-0.0021547619999999768
-0.0021547619999999768
-0.0021547619999999768
-0.003750915333333271
-0.005347068666666677
-0.006943221999999971
-0.0069431920000000424
-0.00774126866666669
-0.008539345333333337
-0.009337421999999984
-0.010534522000000046
-0.011731621999999997
-0.0021547920000000165
0.007422037999999964
0.002633627999999999
-0.0021547820000000772
-0.0069431920000000424
-0.011731602000000008
-0.016520012000000084
-0.02130842200000005
-0.0021547619999999768
-0.011731621999999997
-0.011731621999999997
-0.011731621999999997
-0.011731621999999997
-0.011731621999999997
-0.011731621999999997
-0.011731621999999997
-0.011731621999999997
-0.011731621999999997
-0.0045489920000000295
-0.016520022000000023
-0.006943221999999971
-0.006145145333333324
-0.005347068666666677
-0.0045489920000000295
-0.003750915333333271
-0.002952838666666624
-0.0021547619999999768
-0.011731591999999957
-0.02130842200000005
-0.006943221999999971
-0.011731621999999997
0.0026336380000000492
-0.0021547619999999768
-0.0028388277142856744
-0.003522893428571372
-0.00420695914285707
-0.004891024857142878
-0.005575090571428576
-0.0062591562857142735
-0.006943221999999971
-0.016520022000000023
-0.016520022000000023
-0.011731621999999997
-0.01412582200000001
-0.016520022000000023
-0.02130842200000005
-0.02609681199999997
0.0026336380000000492
-0.011731621999999997
-0.012689301999999958
-0.01364698200000003
-0.01460466199999999
-0.015562342000000062
-0.016520022000000023
-0.014125804500000005
-0.011731586999999988
-0.0021547619999999768
-0.006943181999999992
-0.011731602000000008
-0.016520022000000023
-0.011731621999999997
-0.01412582200000001
-0.016520022000000023
-0.01843538
-0.02035073799999998
-0.022266095999999957
-0.024181453999999936
-0.02609681199999997
-0.006943221999999971
-0.006943221999999971
-0.01412582200000001
-0.02130842200000005
-0.020111322000000098
-0.018914222000000036
-0.017717121999999974
-0.016520022000000023
-0.014923882000000055
-0.013327741999999976
-0.011731602000000008
-0.01013546200000004
-0.00853932199999996
-0.006943181999999992
-0.005347042000000024
-0.003750901999999945
-0.0021547619999999768
-0.011731621999999997
-0.016520022000000023
-0.006943191999999931
0.0026336380000000492
-0.006943221999999971
-0.011731621999999997
-0.02130842200000005
-0.02130842200000005
-0.02130842200000005
-0.02130842200000005
-0.02130842200000005
-0.020111322000000098
-0.018914222000000036
-0.017717121999999974
-0.016520022000000023
-0.011731621999999997
-0.006943221999999971
-0.007741288666666679
-0.008539355333333276
-0.009337421999999984
-0.011731621999999997
-0.00885857000000001
-0.005985518000000023
-0.003112465999999925
-0.00023941399999993784
0.0026336380000000492
-0.006943221999999971
-0.010773939999999982
-0.014604657999999993
-0.018435376000000003
-0.022266094000000014
-0.02609681199999997
-0.011731621999999997
-0.016520022000000023
-0.018914222000000036
-0.02130842200000005
-0.011731591999999957
-0.0021547619999999768
0.00023943800000003623
0.002633637999999938
0.005027837999999951
0.007422037999999964
-0.016520022000000023
-0.02130841699999997
-0.02609681199999997
-0.022505514499999935
-0.018914216999999955
-0.015322919499999976
-0.011731621999999997
-0.006943221999999971
-0.0021547619999999768
-0.006943191999999931
-0.011731621999999997
-0.00885857000000001
-0.005985518000000023
-0.003112465999999925
-0.00023941399999993784
0.0026336380000000492
-0.011731621999999997
-0.006943221999999971
-0.011731621999999997
-0.016520022000000023
-0.0045489920000000295
0.007422037999999964
0.002633637999999938
-0.0021547619999999768
-0.011731591999999957
-0.02130842200000005
-0.009337392000000055
0.0026336380000000492
0.0026336380000000492
0.0026336380000000492
0.0026336380000000492
0.0026336380000000492
0.0026336380000000492
-0.016520022000000023
-0.0045489920000000295
0.007422037999999964
-0.0021547920000000165
-0.011731621999999997
-0.012689301999999958
-0.01364698200000003
-0.01460466199999999
-0.015562342000000062
-0.016520022000000023
-0.017477701999999984
-0.018435382000000056
-0.019393062000000016
-0.020350742000000088
-0.02130842200000005
-0.016520022000000023
-0.011731621999999997
0.01221043799999999
-0.030885211999999995
-0.030885211999999995
0.0026336380000000492
0.0014365379999999872
0.00023943800000003623
-0.0009576619999999147
-0.0021547619999999768
0.005027838000000062
0.01221043799999999
-0.016520022000000023
-0.016520022000000023
-0.01460466199999999
-0.012689301999999958
-0.010773942000000036
-0.008858582000000004
-0.006943221999999971
-0.006943221999999971
-0.018914222000000036
-0.015921472000000048
-0.012928721999999948
-0.00993597199999996
-0.006943221999999971
-0.016520022000000023
-0.0021547619999999768
0.00023943800000003623
0.0026336380000000492
-0.004548974499999914
-0.011731586999999988
-0.01891419949999995
-0.02609681199999997
-0.014125787
-0.0021547619999999768
-0.00023940199999994416
0.0016759579999999774
0.00359131800000001
0.005506677999999932
0.007422037999999964
-0.009337392000000055
-0.0021547619999999768
0.00023943800000003623
0.0026336380000000492
0.007422037999999964
0.0007182679999999664
-0.005985502000000031
-0.01268927200000003
-0.019393042000000027
-0.02609681199999997
-0.011731621999999997
-0.02609681199999997
0.002633612999999979
0.03136403799999998
0.0050278080000000225
-0.02130842200000005
0.026575637999999957
-0.002154787000000047
-0.030885211999999995
-0.009337386999999975
0.01221043799999999
0.0026336265714285156
-0.006943184857142848
-0.016519996285714322
-0.02609680771428574
-0.03567361914285716
-0.04525043057142858
-0.054827242
-0.018914202000000047
0.016998838000000016
-0.03567361200000002
0.021787238000000042
-0.03567361200000002
0.026575637999999957
0.00023941299999996613
-0.02609681199999997
0.007422037999999964
-0.008539312000000021
-0.024500662000000006
-0.04046201199999999
-0.032481337
-0.024500662000000006
-0.016519987000000014
-0.008539312000000021
-0.0005586370000000285
0.007422037999999964
-0.030885211999999995
0.007422037999999964
-0.030885211999999995
0.0026336380000000492
-0.02130842200000005
-0.009337392000000055
0.0026336380000000492
-0.0021547919999999054
-0.006943221999999971
-0.009337421999999984
-0.011731621999999997
-0.01412582200000001
-0.016520022000000023
-0.018914222000000036
-0.02130842200000005
0.0026336380000000492
-0.02609681199999997
-0.014125799499999925
-0.002154786999999936
0.005825888000000057
0.01380656300000005
0.021787238000000042
-0.03567361200000002
0.002633612999999979
0.040940838000000035
0.015801718000000076
-0.009337401999999995
-0.034476521999999954
-0.05961564199999997
-0.018914201999999936
0.021787238000000042
-0.054827242
0.01221043799999999
-0.018914187000000027
-0.05003881199999999
-0.018116128666666675
0.013806554666666693
0.04572923800000006
-0.004549001999999969
-0.054827242
0.016998838000000016
0.00023942550000000118
-0.016519987000000014
-0.03327939949999997
-0.05003881199999999
-0.018914187000000027
0.01221043799999999
-0.02130842200000005
-0.01292870700000004
-0.0045489920000000295
0.0038307229999999803
0.01221043799999999
-0.018914222000000036
-0.012928721999999948
-0.006943221999999971
-0.006943221999999971
-0.006943221999999971
-0.0021548019999999557
0.0026336179999999487
0.007422037999999964
-0.004548974500000025
-0.016519987000000014
-0.028490999500000003
-0.04046201199999999
-0.0021547619999999768
-0.02609681199999997
0.0026336380000000492
-0.010135445333333326
-0.0229045286666667
-0.03567361200000002
0.016998838000000016
0.007422037999999964
-0.0021547619999999768
0.004229771333333354
0.010614304666666685
0.016998838000000016
0.008379707999999986
-0.00023942199999993363
-0.008858551999999964
-0.017477681999999994
-0.02609681199999997
0.007422037999999964
-0.014125787
-0.03567361200000002
0.021787238000000042
-0.030885211999999995
0.007422037999999964
-0.011731586999999988
-0.030885211999999995
-0.004548986999999949
0.021787238000000042
0.00742202550000004
-0.006943186999999962
-0.021308399499999964
-0.03567361200000002
-0.014125787
0.007422037999999964
-0.006943221999999971
-0.0005586686666666507
0.00582588466666667
0.01221043799999999
-0.016520022000000023
0.0026336380000000492
-0.009337392000000055
-0.02130842200000005
0.0074220079999999244
0.03615243800000001
0.027639721333333367
0.019127004666666725
0.010614287999999972
0.0021015713333333297
-0.006411145333333312
-0.014923861999999954
-0.023436578666666708
-0.03194929533333335
-0.04046201199999999
-0.035673606999999996
-0.030885202
-0.026096797000000005
-0.02130839200000001
-0.016519987000000014
-0.011731582000000018
-0.006943177000000023
-0.002154772000000027
0.0026336329999999686
0.007422037999999964
-0.011731586999999988
-0.030885211999999995
-0.014923861999999954
0.0010374880000000308
0.016998838000000016
-0.004548986999999949
-0.016520022000000023
0.021787238000000042
-0.011731621999999997
-0.0045489920000000295
0.007422037999999964
0.01221043799999999
0.007422037999999964
-0.030885211999999995
-0.028012174
-0.025139136000000062
-0.022266098000000012
-0.019393059999999962
-0.016520022000000023
-0.02609681199999997
0.01221043799999999
-0.0009576745000000608
-0.014125787
-0.027293899499999996
-0.04046201199999999
0.007422037999999964
-0.0021547619999999768
0.0026336380000000492
-0.0031124499999999333
-0.008858537999999916
-0.01460462600000001
-0.020350713999999992
-0.026096801999999975
-0.03184288999999996
-0.037588977999999995
-0.04333506599999998
-0.049081154000000016
-0.054827242
0.007422037999999964
-0.011731621999999997
0.050517637999999976
-0.0021548020000000667
-0.054827242
-0.011731621999999997
-0.04046201199999999
0.021787238000000042
-0.006943221999999971
-0.02130842200000005
-0.018435382000000056
-0.015562342000000062
-0.012689301999999958
-0.009816261999999965
-0.006943221999999971
-0.010534522000000046
-0.01412582200000001
-0.017717121999999974
-0.02130842200000005
-0.0021547619999999768
0.007422037999999964
0.004548985999999977
0.00167593399999999
-0.001197117999999997
-0.004070169999999984
-0.006943221999999971
-0.016520022000000023
-0.006943221999999971
-0.006943221999999971
-0.016520022000000023
-0.02130842200000005
-0.016520022000000023
-0.011731621999999997
-0.011731621999999997
-0.011731621999999997
-0.006943221999999971
-0.009337421999999984
-0.011731621999999997
-0.016520022000000023
-0.02130842200000005
-0.011731602000000008
-0.0021547820000000772
0.007422037999999964
-0.016520022000000023
-0.017888134857142912
-0.01925624771428569
-0.02062436057142858
-0.02199247342857147
-0.023360586285714247
-0.024728699142857136
-0.02609681199999997
-0.02130842200000005
-0.006943221999999971
-0.0021547619999999768
-0.016520022000000023
-0.013783784857142822
-0.011047547714285733
-0.008311310571428532
-0.005575073428571442
-0.0028388362857142413
-0.00010259914285715155
0.0026336380000000492
0.007422037999999964
-0.011731621999999997
-0.011731621999999997
-0.011731621999999997
-0.011731621999999997
-0.00790089000000005
-0.00407015799999999
-0.00023942600000004255
0.0035913060000000163
0.007422037999999964
-0.006943221999999971
0.01221043799999999
-0.011731621999999997
-0.018914216999999955
-0.02609681199999997
-0.0021547619999999768
-0.0018127334285713559
-0.001470704857142846
-0.0011286762857142252
-0.0007866477142857153
-0.0004446191428570945
-0.00010259057142858463
0.00023943800000003623
0.0005814665714286571
0.0009234951428571669
0.0012655237142857878
0.0016075522857142976
0.0019495808571429185
0.0022916094285714284
0.0026336380000000492
-0.016520022000000023
-0.016520022000000023
-0.016520022000000023
-0.016520022000000023
-0.016520022000000023
-0.016520022000000023
-0.016520022000000023
-0.016520022000000023
-0.016520022000000023
-0.016520022000000023
-0.016520022000000023
-0.016520022000000023
-0.016520022000000023
-0.016520022000000023
-0.016520022000000023
-0.016520022000000023
-0.006943221999999971
-0.018914216999999955
0.00023943800000003623
-0.006943191999999931
-0.01492386533333323
-0.0021547920000000165
-0.006943201999999982
-0.011731612000000058
-0.016520022000000023
-0.011731621999999997
-0.006943221999999971
-0.0045489920000000295
-0.0021547619999999768
-0.019712255333333317
-0.03726974866666666
-0.054827242
-0.016520022000000023
-0.008539335333333398
-0.0005586486666666612
0.007422037999999964
0.005027838000000062
0.0026336380000000492
-0.03567361200000002
-0.030406368000000017
-0.025139124000000068
-0.019871880000000064
-0.01460463600000006
-0.009337392000000055
0.016998838000000016
0.007422017999999975
-0.0021548019999999557
-0.011731621999999997
-0.016520022000000023
-0.02130842200000005
-0.016520022000000023
-0.011731621999999997
-0.010534522000000046
-0.009337421999999984
-0.008140321999999922
-0.006943221999999971
-0.008140321999999922
-0.009337421999999984
-0.010534522000000046
-0.011731621999999997
-0.02609681199999997
-0.02609681199999997
-0.02609681199999997
-0.016520022000000023
-0.0021547920000000165
-0.004549006999999938
-0.006943221999999971
-0.006943221999999971
-0.006943221999999971
-0.006943221999999971
