0.044149410000001055
-0.015705589999999603
-0.07556059000000026
-0.049703190000000674
-0.023845790000001088
0.0020116100000002746
0.02786900999999986
0.05372640999999945
-0.09950259000000017
0.020207410000001147
-0.0085229233333326
-0.037253256666666346
-0.06598359000000009
-0.01331158999999893
-0.042041590000000184
-0.042041590000000184
-0.042041590000000184
-0.03964758999999951
-0.03725358999999884
-0.03406125666666604
-0.030868923333333242
-0.02767658999999867
-0.02448425666666587
-0.021291923333333074
-0.018099590000000276
-0.04443609000000137
-0.03725358999999884
-0.03366233999999935
-0.030071089999999856
-0.02647983999999859
-0.0228885899999991
-0.019297339999999608
-0.01570608999999834
-0.01211483999999885
-0.00852358999999936
-0.03725358999999884
-0.03246508999999875
-0.03406117333333292
-0.035657256666665305
-0.03725333999999947
-0.03884942333333363
-0.04044550666666602
-0.042041590000000184
-0.018099590000000276
-0.021291923333333074
-0.019695756666667563
-0.018099590000000276
-0.02049384000000032
-0.02288809000000036
-0.025282340000000403
-0.02767658999999867
-0.03007083999999871
-0.03246508999999875
-0.034859339999998795
-0.03725358999999884
-0.042041590000000184
-0.046830589999999006
-0.03246508999999875
-0.03438038999999904
-0.036295689999999325
-0.03821098999999961
-0.0401262899999999
-0.042041590000000184
-0.018099590000000276
-0.01331158999999893
-0.014156589999998914
-0.015001589999998899
-0.015846589999998884
-0.016691589999998868
-0.017536589999998853
-0.018381589999998837
-0.019226589999998822
-0.020071589999998807
-0.020916590000000568
-0.021761590000000552
-0.022606590000000537
-0.023451590000000522
-0.024296590000000506
-0.02514159000000049
-0.025986590000000476
-0.02683159000000046
-0.027676590000000445
-0.03246558999999927
-0.030869256666665734
-0.02528258999999977
-0.046830589999999006
-0.039648090000000025
-0.03246558999999927
-0.02528258999999977
-0.027676590000000445
-0.025761190000000767
-0.023845790000001088
-0.021930389999999633
-0.020014989999999955
-0.018099590000000276
-0.020494089999999687
-0.026080589999999404
-0.03166708999999912
-0.03725358999999884
-0.027676590000000445
-0.03246508999999875
-0.03725358999999884
-0.036056506666666266
-0.03485942333333192
-0.03366233999999935
-0.032465256666666775
-0.03126817333333243
-0.030071089999999856
-0.00852358999999936
-0.013311756666666952
-0.018099923333332768
-0.02288809000000036
-0.027676590000000445
-0.03246508999999875
-0.03725358999999884
-0.046830589999999006
-0.03725358999999884
-0.027676590000000445
-0.030868923333333242
-0.03406125666666604
-0.03725358999999884
-0.04044592333333341
-0.04363825666666621
-0.046830589999999006
-0.03246508999999875
-0.0228885899999991
-0.030071089999999856
-0.03725358999999884
-0.0228885899999991
-0.00852358999999936
-0.01810009000000079
-0.027676590000000445
-0.02288809000000036
-0.018099590000000276
-0.018897756666666155
-0.01969592333333381
-0.020494089999999687
-0.021292256666665565
-0.02209042333333322
-0.0228885899999991
-0.03725358999999884
-0.02767658999999867
-0.018099590000000276
-0.03007059000000112
-0.042041590000000184
-0.03725358999999884
-0.0228885899999991
-0.03246558999999927
-0.02528258999999977
-0.018099590000000276
-0.010917089999999519
-0.003734590000000537
-0.010438390000000908
-0.017142189999999502
-0.023845989999999873
-0.030549789999998467
-0.03725358999999884
-0.027676590000000445
-0.03246558999999927
-0.03246558999999927
-0.03246558999999927
-0.03246558999999927
-0.027677089999999183
-0.0228885899999991
-0.02528258999999977
-0.027676590000000445
-0.03246508999999875
-0.03725358999999884
-0.03383330428571263
-0.030413018571428196
-0.026992732857141988
-0.02357244714285578
-0.02015216142856957
-0.016731875714285138
-0.01331158999999893
-0.020494089999999687
-0.0228885899999991
-0.00852358999999936
-0.01810009000000079
-0.027676590000000445
-0.03246508999999875
-0.03725358999999884
-0.030071089999999856
-0.0228885899999991
-0.027078464999998886
-0.03126833999999867
-0.03545821499999846
-0.039648090000000025
-0.04383796499999981
-0.0480278399999996
-0.05221771499999939
-0.056407589999999175
-0.04523458999999974
-0.03406158999999853
-0.0228885899999991
-0.030071089999999856
-0.00852358999999936
-0.0228885899999991
-0.03246558999999927
-0.037253923333333105
-0.04204225666666517
-0.046830589999999006
-0.046830589999999006
-0.046830589999999006
-0.046830589999999006
-0.046830589999999006
-0.046830589999999006
-0.020494089999999687
-0.02083616142857103
-0.021178232857142376
-0.02152030428571372
-0.021862375714285065
-0.02220444714285641
-0.022546518571427754
-0.0228885899999991
-0.018099590000000276
-0.03246558999999927
-0.02288809000000036
-0.018099740000000253
-0.013311390000000145
-0.008523040000000037
-0.0037346899999999295
0.0010536600000001783
0.005842010000000286
0.010630360000000394
0.015418710000000502
0.02020706000000061
0.024995410000000717
-0.003734590000000537
0.03457240999999911
0.032976409999999845
0.002649909999998812
-0.027676590000000445
-0.029728732857142504
-0.03178087571428634
-0.0338330185714284
-0.03588516142857223
-0.03793730428571429
-0.039989447142858126
-0.042041590000000184
0.020207410000001147
-0.008523090000000622
0.0010534100000008095
-0.017142390000000063
-0.03533818999999916
-0.05353399000000003
-0.07172978999999913
-0.08992559
-0.1186565900000005
-0.13780958999999982
-0.1425980899999999
-0.14738658999999998
-0.15217509000000007
-0.15696359000000015
-0.16175209000000024
-0.16654059000000032
-0.08034909000000034
0.0058424099999996315
-0.11227192333333313
-0.12743525666666677
-0.1425985900000004
-0.11147408999999975
-0.08034958999999908
-0.07795508999999967
-0.07556059000000026
-0.09471409000000008
-0.11386758999999991
-0.08445316142857173
-0.05503873285714178
-0.025624304285713606
0.003790124285714569
0.033204552857142744
0.0626189814285727
0.09203341000000087
0.0465436600000011
0.0010539099999995472
0.17822441000000033
0.020207410000001147
0.01701507666666835
0.013822743333333776
0.010630410000000978
0.03696641000000156
0.06330241000000036
0.013024409999999875
-0.03725358999999884
-0.03831770111110977
-0.0393818122222207
-0.040445923333331635
-0.04151003444444257
-0.042574145555555276
-0.04363825666666621
-0.04470236777777714
-0.045766478888888074
-0.046830589999999006
-0.05521008999999921
-0.06358958999999942
-0.07855333999999914
-0.09351708999999886
-0.10848083999999858
-0.12344459000000008
-0.1384083399999998
-0.15337208999999952
-0.16833583999999924
-0.18329958999999896
-0.19826334000000045
-0.21322709000000017
-0.2281908399999999
-0.24315458999999962
-0.10907959000000034
-0.05161859000000035
-0.0875315900000011
-0.06358958999999942
0.13991741000000069
0.058514410000000794
0.09682141000000044
0.048937410000000625
0.0010534100000008095
0.002011210000000929
0.002969010000001049
0.003926809999999392
0.004884609999999512
0.0058424099999996315
-0.20484758999999997
-0.10429158999999899
-0.10269525666666546
-0.1010989233333337
-0.09950259000000017
-0.08566947888888876
-0.07183636777777735
-0.05800325666666595
-0.04417014555555632
-0.03033703444444491
-0.016503923333333503
-0.10907959000000034
-0.05928019000000084
-0.009480789999999573
0.04031860999999992
0.09011801000000119
0.13991741000000069
-0.046830589999999006
-0.06279192333333228
-0.07875325666666555
-0.09471458999999882
-0.046830589999999006
-0.1186565900000005
-0.09232009000000119
-0.06598359000000009
0.14949441000000085
0.022601410000000044
-0.10429158999999899
-0.05257678999999982
-0.0008619899999988689
0.050852810000000304
0.10256761000000125
0.15428241000000043
-0.07556059000000026
-0.14738658999999998
-0.13781008999999855
-0.1282335899999989
-0.07875325666666555
-0.0292729233333322
0.020207410000001147
-0.10907959000000034
0.044149410000001055
0.05053374333333416
0.05691807666666726
0.06330241000000036
0.04494691000000017
0.026591409999999982
0.008235909999999791
-0.010119589999998624
-0.028475089999998815
-0.046830589999999006
-0.04044608999999966
-0.03406158999999853
-0.027677089999999183
0.0369669100000003
0.07168266000000045
0.10639841000000061
-0.07077258999999891
0.022601410000000044
0.11597541000000078
0.08861312428571466
0.061250838571428545
0.03388855285714243
0.006526267142858089
-0.020836018571428028
-0.048198304285714144
-0.07556059000000026
-0.037253590000000614
0.0010534100000008095
0.039360410000000456
0.034572410000000886
0.029784076666667048
0.024995743333334985
0.020207410000001147
0.01019531909090965
0.00018322818181992773
-0.00982886272727157
-0.019840953636363068
-0.029853044545454566
-0.03986513545454429
-0.049877226363635785
-0.05988931727272728
-0.06990140818181878
-0.0799134990909085
-0.08992559
-0.08274309000000102
-0.07556059000000026
0.044149410000001055
-0.04922458999999968
-0.022888590000000875
-0.039648090000000025
-0.03525867333333288
-0.030869256666665734
-0.026479840000000365
-0.02209042333333322
-0.017701006666666075
-0.01331158999999893
-0.03485958999999994
-0.03366233999999935
-0.03246508999999875
-0.035657256666665305
-0.03884942333333363
-0.042041590000000184
-0.02927258999999971
-0.01650359000000101
-0.003734590000000537
-0.0228885899999991
-0.018099590000000276
-0.02049392333333344
-0.022888256666666607
-0.02528258999999977
-0.027676923333332937
-0.030071256666666102
-0.03246558999999927
-0.03246558999999927
-0.027676590000000445
-0.056407589999999175
-0.03725358999999884
-0.044436089999999595
-0.05161859000000035
-0.0348590900000012
-0.018099590000000276
-0.02288809000000036
-0.027676590000000445
-0.020494089999999687
-0.01331158999999893
-0.01331158999999893
-0.01331158999999893
-0.017415875714284823
-0.021520161428570717
-0.02562444714285661
-0.029728732857142504
-0.0338330185714284
-0.03793730428571429
-0.042041590000000184
-0.003734590000000537
-0.03485958999999994
-0.03438079000000016
-0.03390199000000038
-0.033423189999998826
-0.032944389999999046
-0.03246558999999927
-0.018099590000000276
-0.03246508999999875
-0.046830589999999006
-0.003734590000000537
-0.005786732857142596
-0.00783887571428643
-0.00989101857142849
-0.011943161428572324
-0.013995304285714383
-0.016047447142858218
-0.018099590000000276
-0.013311340000001337
-0.008523090000000622
-0.02528258999999977
-0.03845059000000006
-0.05161859000000035
-0.04683009000000027
-0.042041590000000184
-0.03007059000000112
-0.018099590000000276
-0.018099590000000276
-0.018099590000000276
-0.018099590000000276
-0.018099590000000276
-0.018099590000000276
-0.018783732857142965
-0.019467875714285654
-0.020152018571428343
-0.02083616142857103
-0.02152030428571372
-0.02220444714285641
-0.0228885899999991
-0.031268089999999304
-0.02528258999999977
-0.019297089999998462
-0.01331158999999893
-0.015306756666666033
-0.01730192333333136
-0.019297089999998462
-0.021292256666665565
-0.02328742333333267
-0.02528258999999977
-0.0272777566666651
-0.0292729233333322
-0.023154478888887553
-0.017036034444442905
-0.010917589999998256
-0.0228885899999991
-0.024085589999998547
-0.02528258999999977
-0.026479590000000996
-0.027676590000000445
-0.03725358999999884
-0.031268089999999304
-0.02528258999999977
-0.019297089999998462
-0.01331158999999893
-0.019297089999998462
-0.02528258999999977
-0.031268089999999304
-0.03725358999999884
-0.03246558999999927
-0.027677089999999183
-0.0228885899999991
-0.0228885899999991
-0.0228885899999991
-0.0228885899999991
-0.0228885899999991
-0.018099590000000276
-0.03725358999999884
-0.03406125666666604
-0.030868923333333242
-0.027676590000000445
-0.02639972333333418
-0.025122856666666138
