-0.0006095636363614432
0.0011316181818195048
0.002872800000002229
0.0076613000000023135
-0.006703699999999202
-0.023463199999998352
-0.02106919999999768
-0.019472866666664146
-0.01787653333333239
-0.016280199999998857
-0.006703199999998688
-0.0061046999999980756
-0.0055061999999992395
-0.004907699999998627
-0.004309199999998015
-0.003710699999997402
-0.0031121999999967898
-0.0025136999999979537
-0.0019151999999973413
-0.01149219999999751
0.0004788000000033321
-0.006703199999998688
-0.0019151999999973413
-0.0035111999999983823
-0.005107199999997647
-0.006703199999998688
-0.013886199999998183
-0.02106919999999768
-0.013886199999998183
-0.006703199999998688
-0.007660899999999415
-0.008618599999998366
-0.009576299999999094
-0.010533999999998045
-0.011491699999998772
-0.0124493999999995
-0.01340709999999845
-0.014364799999999178
-0.01532249999999813
-0.016280199999998857
-0.02106919999999768
-0.013088199999996775
-0.009097699999998099
-0.006404262499998481
-0.003710824999998863
-0.0010173874999974686
0.0016760500000021494
0.0043694875000017674
0.007062925000003162
0.00975636250000278
0.012449800000002398
-0.006703199999998688
-0.011491699999998772
-0.016280199999998857
-0.006703199999998688
-0.009097699999998099
-0.01149219999999751
-0.013886199999998183
-0.016280199999998857
-0.011491699999998772
-0.006703199999998688
-0.008498949999998118
-0.010294699999999324
-0.012090449999998754
-0.013886199999998183
-0.015681949999997613
-0.017477699999997043
-0.01927344999999825
-0.02106919999999768
-0.012689449999996327
-0.004309699999996752
-0.011491699999998772
-0.0019149499999997488
0.007661800000001051
-0.01149219999999751
-0.016280699999997594
-0.02106919999999768
-0.019763199999998093
-0.018457199999998508
-0.017151199999997147
-0.01584519999999756
-0.014539199999997976
-0.01323319999999839
-0.011927199999998805
-0.01062119999999922
-0.009315199999997859
-0.008009199999998273
-0.006703199999998688
-0.00829953333333222
-0.009895866666663977
-0.01149219999999751
-0.0019151999999973413
-0.0019151999999973413
-0.0019151999999973413
0.0004788000000033321
-0.005107533333331915
0.002872800000002229
0.0009576000000013352
-0.0009575999999977824
-0.0028727999999986764
-0.004787999999997794
-0.006703199999998688
-0.0019151999999973413
-0.006703699999997426
-0.01149219999999751
-0.004309699999996752
0.002872800000002229
-0.0067038666666636715
-0.01628053333333135
-0.02585719999999725
-0.02394179999999757
-0.022026399999997892
-0.020110999999998214
-0.018195599999998535
-0.01628019999999708
-0.014364799999997402
-0.012449399999997723
-0.010533999999998045
-0.008618599999998366
-0.006703199999998688
-0.006703699999997426
-0.011491699999998772
0.0004788000000033321
-0.007900699999996874
-0.016280199999998857
-0.016280199999998857
-0.016280199999998857
-0.016280199999998857
-0.016280199999998857
-0.016280199999998857
-0.016280199999998857
-0.016280199999998857
-0.016280199999998857
-0.016280199999998857
-0.016280199999998857
0.00047930000000206974
-0.001915533333329833
-0.011492366666663756
-0.02106919999999768
-0.022665199999996943
-0.024261199999997984
-0.02585719999999725
-0.027652824999996994
-0.02944844999999674
-0.03124407499999826
-0.03303969999999801
-0.03483532499999775
-0.036630949999999274
-0.03842657499999902
-0.040222199999998764
-0.006703699999997426
0.012449800000002398
0.007661800000001051
0.005267633333334132
0.0028734666666672126
0.00047930000000206974
-0.0019148666666648495
-0.004309033333331769
-0.006703199999998688
-0.006703199999998688
-0.006703199999998688
-0.006703199999998688
-0.006703199999998688
-0.006703199999998688
-0.006703199999998688
-0.006703199999998688
-0.006703199999998688
-0.006703199999998688
-0.016280699999997594
-0.009895866666663977
-0.010694033333329855
-0.01149219999999751
-0.006703699999997426
-0.0019151999999973413
-0.0019151999999973413
-0.0019151999999973413
-0.0019151999999973413
-0.005107449999997016
-0.00829969999999669
-0.011491949999996365
-0.014684199999997816
-0.01787644999999749
-0.021068699999997165
0.002872800000002229
-0.04979919999999893
-0.030645699999997333
-0.01149219999999751
-0.03543419999999742
-0.021068699999997165
-0.006703199999998688
-0.004309199999998015
-0.0019151999999973413
-0.0015468923076902286
-0.0011785846153813395
-0.0008102769230742268
-0.00044196923076711414
-7.36615384582251e-05
0.0002946461538488876
0.0006629538461560003
0.001031261538463113
0.001399569230772002
0.0017678769230791147
0.0021361846153862274
0.0025044923076951164
0.002872800000002229
0.01963230000000138
-0.004309199999998015
-0.040222199999998764
-0.03423669999999923
-0.0282511999999997
-0.02226569999999839
-0.016280199999998857
-0.010294699999999324
-0.004309199999998015
0.0016763000000015182
0.007661800000001051
-0.0019151999999973413
-0.005107533333331915
0.003937244444445653
0.012982022222224998
0.022026800000002567
-0.06416419999999867
-0.03862619999999772
-0.013088199999998551
0.012449800000002398
-0.004309699999996752
-0.02106919999999768
-0.014365399999997308
-0.0076615999999969375
-0.0009577999999983433
0.005746000000002027
0.012449800000002398
-0.023463199999998352
-0.015083199999999408
-0.006703199999998688
-0.0689531999999975
0.0004788000000033321
0.06991080000000238
0.014844300000001809
-0.040222199999998764
-0.03596586666666468
-0.031709533333332374
-0.02745319999999829
-0.023196866666664206
-0.0189405333333319
-0.014684199999997816
-0.010427866666663732
-0.006171533333331425
-0.0019151999999973413
-0.025857199999999025
-0.01149219999999751
0.045968800000002474
0.017238300000002482
-0.01149219999999751
-0.013886199999998183
-0.016280199999998857
-0.009097699999998099
-0.0019151999999973413
-0.011492057142854506
-0.02106891428571167
-0.030645771428568835
-0.040222628571426
-0.049799485714283165
-0.05937634285714033
-0.0689531999999975
0.08427580000000212
-0.0426166999999964
-0.0019151999999973413
-0.047405199999996483
-0.0928951999999974
-0.016280699999997594
0.06033380000000221
0.014844300000001809
-0.030645199999998596
-0.047404699999997746
-0.06416419999999867
-0.05793929999999925
-0.05171439999999805
-0.04548949999999863
-0.03926459999999743
-0.03303969999999801
-0.026814799999998584
-0.020589899999997385
-0.014364999999997963
-0.008140099999996764
-0.0019151999999973413
-0.045011199999997586
-0.030645199999998596
-0.0019151999999991176
-0.03303969999999978
-0.04860194999999834
-0.06416419999999867
-0.053281472727270796
-0.042398745454544695
-0.03151601818181682
-0.02063329090908894
-0.009750563636361065
0.0011321636363650356
0.012014890909092912
0.02289761818182079
0.033780345454548666
0.044663072727274766
0.05554580000000264
0.03639230000000282
0.01723880000000122
0.022026800000002567
0.026814800000002137
-0.054587199999998504
-0.07852919999999841
-0.01149219999999751
0.08427580000000212
-0.030645199999998596
-0.05458769999999724
-0.058418399999997206
-0.06224909999999717
-0.06607979999999891
-0.06991049999999888
-0.07374119999999884
0.014844300000001809
0.012449800000002398
0.03878630000000172
0.06512280000000104
-0.016280199999998857
-0.010427755555554086
-0.004575311111109315
0.0012771333333354562
0.007129577777780227
0.012982022222223222
0.018834466666667993
0.024686911111112764
0.030539355555557535
0.036391800000002306
-0.045011199999997586
-0.01987194999999886
0.00526730000000164
-0.05458769999999724
-0.07852919999999841
-0.047404699999997746
-0.016280199999998857
-0.04979919999999893
-0.08331819999999723
-0.11683719999999731
-0.0785299999999971
-0.040222799999996894
-0.001915599999998463
0.036391600000001745
0.07469880000000195
0.01723880000000122
0.06991080000000238
0.15131380000000227
0.07469930000000247
-0.0019151999999973413
0.014844300000003585
0.031603800000002735
-0.015083199999997632
-0.061770199999998
-0.10845719999999837
-0.15514419999999873
-0.10486569999999773
-0.09169761666666432
-0.0785295333333309
-0.06536144999999749
-0.052193366666664076
-0.03902528333333066
-0.02585719999999725
-0.06416419999999867
0.04118080000000113
0.04118080000000113
0.0435748000000018
0.045968800000002474
0.09385280000000229
0.055545466666668375
0.017238133333336236
-0.02106919999999768
-0.007901074999997704
0.005267050000002271
0.018435175000002246
0.03160330000000222
0.044771425000002196
0.05793955000000217
0.07110767500000215
0.08427580000000212
-0.011492199999999286
-0.10726019999999892
-0.03703019999999846
0.033199800000002
0.10342980000000246
0.019632800000001893
-0.045011199999997586
-0.14556719999999856
-0.13060344999999884
-0.11563969999999912
-0.10067594999999763
-0.0857121999999979
-0.07074844999999819
-0.05578469999999669
-0.04082094999999697
-0.02585719999999725
-0.036802057142853783
-0.047746914285712094
-0.05869177142856863
-0.06963662857142694
-0.08058148571428347
-0.09152634285714178
-0.10247119999999832
0.007661800000001051
0.050756800000002045
0.045968466666668206
0.041180133333336144
0.036391800000002306
0.036391800000002306
0.036391800000002306
0.002872800000002229
-0.04979919999999893
-0.021068699999997165
0.012449800000002398
0.002872800000002229
-0.01149219999999751
-0.02585719999999725
-0.04979919999999893
-0.07852919999999841
-0.054587199999998504
-0.030645199999998596
-0.03269748571428366
-0.0347497714285705
-0.03680205714285556
-0.03885434285714062
-0.040906628571425685
-0.042958914285712524
-0.045011199999997586
0.0435748000000018
0.09385280000000229
0.031603800000002735
0.03399780000000163
0.036391800000002306
-0.028251699999998436
-0.0928951999999974
-0.06416469999999741
-0.03543419999999742
-0.04979919999999893
-0.06416419999999867
-0.055545099999998016
-0.04692599999999736
-0.03830689999999848
-0.02968779999999782
-0.021068699999997165
0.01723880000000122
0.012450300000001135
0.007661800000001051
-0.013886199999998183
-0.03543419999999742
-0.03782819999999809
-0.040222199999998764
-0.042616699999998175
-0.045011199999997586
-0.030645699999997333
-0.016280199999998857
-0.012928299999998671
-0.009576399999998486
-0.006224499999998301
-0.0028725999999981155
0.00047930000000206974
0.0038312000000004787
0.007183100000000664
0.01053500000000085
0.013886900000001035
0.01723880000000122
0.04118080000000113
0.04118080000000113
-0.01149219999999751
-0.06655819999999935
-0.05817869999999914
-0.04979919999999893
-0.04501082499999853
-0.04022244999999813
-0.03543407499999773
-0.030645699999997333
-0.02585732499999871
-0.02106894999999831
-0.01628057499999791
-0.01149219999999751
0.007661800000001051
0.007661466666668559
-0.02585719999999725
-0.03543419999999742
-0.045011199999997586
-0.04181886666666479
-0.038626533333330215
-0.03543419999999742
-0.006703199999998688
-0.0037104499999980334
-0.0007176999999991551
0.0022750500000014995
0.005267800000002154
0.008260550000001032
0.011253300000001687
0.014246050000000565
0.01723880000000122
0.02681530000000265
-0.01867419999999953
-0.036630699999999905
-0.054587199999998504
-0.05937569999999859
-0.06416419999999867
-0.05299119999999924
-0.04181819999999803
-0.030645199999998596
-0.029619128571427566
-0.028593057142856537
-0.02756698571428373
-0.026540914285712702
-0.025514842857141673
-0.024488771428570644
-0.023462699999999614
-0.02243662857142681
-0.02141055714285578
-0.02038448571428475
-0.01935841428571372
-0.018332342857140915
-0.017306271428569886
-0.016280199999998857
0.031603800000002735
0.036391800000002306
-0.008299866666664713
-0.028251699999998436
-0.03543419999999742
-0.030645699999997333
-0.02585719999999725
-0.021068699999997165
-0.016280199999998857
-0.011491699999998772
-0.006703199999998688
-0.013886199999998183
-0.013886199999998183
-0.015083199999999408
-0.016280199999998857
-0.011491699999998772
-0.006703199999998688
0.0028733000000009667
0.012449800000002398
0.01039765714286034
0.008345514285716504
0.006293371428574446
0.004241228571430611
0.0021890857142885523
0.00013694285714471732
-0.0019151999999973413
0.0076613000000023135
-0.04979919999999893
-0.04501069999999885
-0.040222199999998764
-0.040222199999998764
-0.040222199999998764
-0.030645699999997333
-0.02106919999999768
-0.0019151999999973413
-0.00044181538461351977
0.001031569230772078
