-0.004149948666666625
-0.004948015333333278
-0.00574608199999993
-0.0009576819999999597
0.0038307180000000662
-0.0033518819999999727
-0.010534481999999956
-0.008140281999999943
-0.00574608199999993
-0.010534475333333293
-0.0153228686666666
-0.020111261999999963
-0.010534481999999956
-0.012130615333333261
-0.013726748666666622
-0.015322881999999927
-0.008140281999999943
-0.0009576819999999597
-0.010534481999999956
-0.015322871999999987
-0.020111261999999963
-0.01691900199999996
-0.013726741999999958
-0.010534481999999956
0.0038307180000000662
0.0006384513333334008
-0.0025538153333332647
-0.00574608199999993
-0.007342215333333291
-0.008938348666666596
-0.010534481999999956
-0.020111261999999963
-0.020111261999999963
-0.020111261999999963
-0.015322881999999927
-0.012928681999999914
-0.010534481999999956
-0.008140281999999943
-0.00574608199999993
-0.0105344819999999
-0.015322881999999927
-0.01340752199999995
-0.011492161999999917
-0.00957680199999994
-0.007661441999999907
-0.00574608199999993
-0.0033518719999999225
-0.002154776999999941
-0.0009576819999999597
0.0062249280000000184
0.013407538000000052
0.0062249280000000184
-0.0009576819999999597
-0.008140281999999943
-0.015322881999999927
-0.015322881999999927
-0.015322881999999927
-0.015322881999999927
-0.015322881999999927
-0.015322881999999927
-0.015322881999999927
-0.015322881999999927
-0.015322881999999927
-0.015322881999999927
-0.0009576719999999095
0.013407538000000052
0.0038307180000000662
0.008619138000000082
-0.00574608199999993
0.0014365180000000533
-0.00574608199999993
-0.008140281999999943
-0.010534481999999956
-0.010534481999999956
-0.010534481999999956
-0.008619121999999979
-0.0067037619999999465
-0.004788401999999969
-0.002873041999999937
-0.0009576819999999597
0.0014365280000001035
-0.004548976999999954
-0.010534481999999956
-0.0009576719999999095
0.008619138000000082
-0.008140281999999943
-0.024899701999999968
-0.010534481999999956
-0.00574608199999993
-0.0009576819999999597
0.0038307180000000662
0.0009576780000000729
-0.0019153619999999205
-0.004788401999999969
-0.007661441999999963
-0.010534481999999956
-0.0009576819999999597
-0.00574608199999993
0.003830728000000061
0.013407538000000052
-0.010534481999999956
0.0038307180000000662
0.0006384513333334008
-0.0025538153333332647
-0.00574608199999993
-0.010534481999999956
-0.012928681999999914
-0.015322881999999927
-0.012928681999999914
-0.0105344819999999
-0.008140281999999943
-0.00574608199999993
0.0038307180000000662
-0.0009576819999999597
-0.00574608199999993
-0.010534481999999956
-0.00574608199999993
-0.0009576819999999597
0.0038307180000000662
0.0038307180000000662
0.0026336180000000597
0.0014365180000000533
0.00023941800000004676
-0.0009576819999999597
-0.008140281999999943
-0.003950426999999923
0.0002394280000000415
0.004429283000000062
0.008619138000000082
-0.00574608199999993
-0.0050620248571427995
-0.004377967714285669
-0.003693910571428538
-0.003009853428571352
-0.002325796285714221
-0.0016417391428570904
-0.0009576819999999597
-0.0009576819999999597
-0.0009576819999999597
-0.0009576819999999597
-0.010534481999999956
0.0038307180000000662
0.0038307180000000662
0.0038307180000000662
-0.010534481999999956
-0.011492161999999972
-0.012449841999999933
-0.01340752199999995
-0.01436520199999991
-0.015322881999999927
-0.00574608199999993
-0.012130615333333261
-0.00933738199999995
-0.006544148666666583
-0.003750915333333271
-0.0009576819999999597
-0.00574608199999993
-0.010534481999999956
-0.015322881999999927
-0.008938348666666596
-0.0025538153333332647
0.0038307180000000662
-0.020111261999999963
-0.010534481999999956
-0.007342215333333291
-0.004149948666666625
-0.0009576819999999597
-0.0009576819999999597
-0.005746081999999986
-0.010534481999999956
-0.015322881999999927
-0.010534481999999956
-0.005746081999999986
-0.0009576819999999597
-0.0033518819999999727
-0.00574608199999993
-0.008140281999999943
-0.010534481999999956
-0.012928681999999914
-0.015322881999999927
-0.020111261999999963
-0.005746081999999986
-0.0025538153333333202
0.0006384513333334008
0.0038307180000000662
-0.020111261999999963
-0.017238225999999968
-0.014365189999999972
-0.011492153999999921
-0.008619117999999926
-0.00574608199999993
-0.008140281999999943
-0.010534481999999956
-0.008140281999999943
-0.005746081999999986
-0.0033518819999999727
-0.00933738199999995
-0.015322881999999927
-0.00574608199999993
-0.010534481999999956
-0.008140281999999943
-0.00574608199999993
-0.00574608199999993
-0.00574608199999993
-0.00574608199999993
-0.00574608199999993
-0.004788401999999914
-0.003830721999999953
-0.002873041999999937
-0.001915361999999976
-0.0009576819999999597
-0.017717071999999945
-0.010534475333333293
-0.0033518786666665856
0.0038307180000000662
-0.004548986999999949
-0.012928691999999964
-0.021308396999999923
-0.02968810199999994
0.0038307180000000662
0.0014365180000000533
-0.0009576819999999597
-0.010534471999999961
-0.020111261999999963
-0.008938328666666606
0.002234604666666695
0.013407538000000052
-0.010534481999999956
-0.034476501999999964
-0.02809196199999997
-0.02170742199999992
-0.015322881999999927
-0.012928681999999914
-0.010534481999999956
-0.008140281999999943
-0.00574608199999993
0.008619128000000031
0.02298433800000005
0.008619128000000031
-0.00574608199999993
-0.0067037619999999465
-0.007661441999999963
-0.008619121999999924
-0.00957680199999994
-0.010534481999999956
0.008619128000000031
0.027772738000000075
-0.012928691999999964
-0.019313228666666626
-0.025697765333333233
-0.032082301999999896
-0.006943181999999937
0.018195938000000078
0.0006384580000000639
-0.01691902199999995
-0.034476501999999964
-0.02968809799999994
-0.024899693999999972
-0.02011128999999995
-0.01532288599999998
-0.010534481999999956
-0.015322881999999927
0.018195938000000078
0.013407533000000083
0.008619128000000031
0.003830723000000036
-0.0009576819999999597
-0.011731586999999932
-0.022505491999999905
0.012210438000000046
0.04692636800000005
0.013407538000000052
-0.020111291999999947
-0.05363012199999995
-0.0424571686666666
-0.03128421533333331
-0.020111261999999963
0.018195938000000078
0.00702300133333339
-0.004149935333333299
-0.015322871999999987
-0.0009576686666666334
0.01340753466666672
0.027772738000000075
0.011811394666666752
-0.004149948666666625
-0.020111291999999947
0.011013338000000095
0.04213796800000008
0.014604645500000069
-0.012928676999999944
-0.04046199949999996
-0.06799532199999997
0.07086837800000007
0.04852249133333342
0.026176604666666714
0.0038307180000000662
-0.00861912999999992
-0.021068977999999905
-0.033518825999999946
-0.04596867399999993
-0.05841852199999992
0.006224933000000044
0.02298433800000005
0.011013328000000044
-0.0009576819999999597
-0.04405330199999996
-0.02609679199999998
-0.008140281999999943
0.009816228000000093
0.027772738000000075
0.007422023000000055
-0.012928691999999964
0.005027823000000042
0.02298433800000005
0.003830728000000061
-0.015322881999999927
-0.018515155333333255
-0.02170742866666664
-0.024899701999999968
0.008619133000000057
0.04213796800000008
-0.05363012199999995
-0.038067806999999954
-0.022505491999999905
-0.0069431769999999116
0.008619138000000082
0.05171476800000005
-0.07278372199999994
-0.028091961999999915
0.016599798000000054
0.06129155800000005
-0.039264901999999935
-0.03447650199999991
-0.02968810199999994
0.020590138000000036
0.07086837800000007
-0.0009576719999999095
-0.07278372199999994
-0.04046199949999996
-0.008140276999999918
0.024181445500000065
0.05650316800000005
-0.020111261999999963
-0.03447648199999992
-0.04884170199999993
0.003830733000000086
0.05650316800000005
-0.04884170199999993
-0.015322881999999927
0.018195938000000078
0.018195938000000078
0.018195938000000078
-0.010534481999999956
-0.039264901999999935
-0.06799532199999997
-0.03766876866666663
-0.007342215333333291
0.02298433800000005
-0.020111261999999963
-0.04405330199999996
-0.03647166199999996
-0.02889002199999996
-0.02130838199999996
-0.013726741999999958
-0.006145101999999958
0.0014365380000000427
-0.034476501999999964
0.03734953800000007
-0.008140291999999938
-0.05363012199999995
-0.03766877533333329
-0.021707428666666584
-0.00574608199999993
0.018195938000000078
0.042137958000000086
0.06607997800000007
-0.11109094199999997
0.07086837800000007
0.02298433800000005
-0.024899701999999968
-0.03687070199999992
-0.04884170199999993
0.02777274800000007
0.10438719800000004
0.001436528000000048
-0.10151414199999992
-0.02729388699999996
0.04692636800000005
0.0357534246666667
0.024580481333333404
0.013407538000000052
-0.07757212199999997
-0.036072625333333275
0.005426871333333361
0.04692636800000005
-0.039264901999999935
-0.03447650199999991
-0.02968810199999994
-0.0033518819999999727
0.02298433800000005
-0.010534481999999956
-0.029688091999999944
-0.04884170199999993
-0.037349534999999934
-0.025857367999999936
-0.014365200999999939
-0.002873033999999941
0.008619133000000057
-0.017717084499999924
-0.04405330199999996
0.018195943000000048
0.08044518800000006
-0.0033518869999999423
-0.08714896199999994
-0.07539560472727269
-0.06364224745454539
-0.05188889018181814
-0.04013553290909083
-0.028382175636363582
-0.016628818363636277
-0.004875461090909028
0.006877896181818277
0.018631253454545527
0.03038461072727283
0.04213796800000008
0.0038307180000000662
-0.020111281999999953
-0.034476501999999964
-0.012928681999999914
0.008619138000000082
-0.020111281999999953
0.008619128000000031
0.03734953800000007
0.020590128000000096
0.0038307180000000662
-0.011731591999999902
-0.027293901999999926
-0.04285621199999995
-0.05841852199999992
-0.039264907714285646
-0.020111293428571375
-0.0009576791428571041
0.018195935142857222
0.037349549428571494
0.056503163714285765
0.07565677800000006
0.013407538000000052
-0.04884170199999993
-0.03208229199999996
-0.015322881999999927
0.0014365280000001035
0.018195938000000078
0.0006384646666667271
-0.01691900866666657
-0.03447648199999992
-0.0033518819999999727
-0.015322888666666645
-0.027293895333333262
-0.039264901999999935
-0.0057460719999999355
0.006224933000000099
0.018195938000000078
0.013407538000000108
0.008619138000000082
-0.024899701999999968
-0.029688101999999994
-0.034476501999999964
0.006224933000000044
0.04692636800000005
0.008619133000000057
-0.02968810199999994
-0.034476501999999964
-0.039264901999999935
-0.04405330199999996
0.05171476800000005
-0.008140276999999974
-0.06799532199999997
-0.03607263533333327
-0.004149948666666625
0.027772738000000075
-0.02968810199999994
-0.008140281999999943
0.013407538000000052
-0.02729389199999993
-0.06799532199999997
-0.020111291999999947
0.027772738000000075
0.01939303300000006
0.011013328000000044
0.002633623000000085
-0.00574608199999993
-0.04405330199999996
0.03734953800000007
0.01979206466666672
0.0022345913333334244
-0.015322881999999927
-0.010534481999999956
-0.020111291999999947
-0.02968810199999994
0.008619133000000057
0.04692636800000005
-0.012928676999999944
-0.07278372199999994
-0.04405329949999992
-0.015322876999999957
0.013407545500000062
0.04213796800000008
-0.020111261999999963
0.0038307180000000662
-0.008938355333333259
-0.02170742866666664
-0.034476501999999964
0.027772738000000075
0.006224928000000074
-0.015322881999999927
-0.022505491999999905
-0.02968810199999994
0.0014365180000000533
0.032561138000000045
0.02681505400000006
0.02106897000000002
0.015322886000000036
0.009576802000000051
0.0038307180000000662
-0.001915365999999974
-0.007661449999999959
-0.013407533999999943
-0.019153617999999928
-0.024899701999999968
-0.030645785999999953
-0.03639186999999994
-0.04213795399999992
-0.04788403799999996
-0.05363012199999995
-0.020111291999999947
0.013407538000000052
-0.039264901999999935
-0.015322891999999921
0.03734953800000007
-0.0105344819999999
-0.024899701999999968
-0.008140271999999948
-0.00814027533333328
-0.008140278666666612
-0.008140281999999943
-0.007182599999999928
-0.006224917999999913
-0.005267235999999953
-0.004309553999999938
-0.0033518719999999225
-0.0033518694999999377
-0.003351866999999953
-0.003351864499999968
-0.0033518619999999832
-0.01651998199999999
-0.02968810199999994
0.013407538000000052
-0.000957671999999965
-0.015322881999999927
-0.029688091999999944
-0.04405330199999996
-0.010534481999999956
0.0038307180000000662
-0.00574608199999993
-0.015322881999999927
-0.0105344819999999
-0.00574608199999993
-0.008140281999999943
-0.010534481999999956
-0.00574608199999993
-0.008140281999999943
-0.0105344819999999
-0.012928681999999914
-0.015322881999999927
-0.007342208666666572
0.0006384646666667271
0.008619138000000082
-0.020111261999999963
0.013407538000000052
-0.00574608199999993
-0.0025538153333332647
0.0006384513333334008
0.0038307180000000662
-0.015322881999999927
-0.010534481999999956
-0.00574608199999993
-0.0009576819999999597
-0.005746076999999961
-0.010534471999999961
-0.015322866999999962
-0.020111261999999963
-0.0009576819999999597
-0.0033518819999999727
-0.00574608199999993
-0.00574608199999993
-0.0054468069999999424
-0.005147531999999955
-0.004848256999999967
-0.004548981999999924
-0.004249706999999936
-0.003950431999999948
-0.0036511569999999605
-0.0033518819999999727
0.0038307180000000662
-0.024899701999999968
-0.022505499999999956
-0.020111297999999944
-0.017717095999999988
-0.015322893999999976
-0.012928691999999964
-0.010534489999999952
-0.00814028799999994
-0.005746085999999984
-0.0033518839999999717
-0.0009576819999999597
-0.015322881999999927
-0.0033518819999999727
-0.0009576819999999597
-0.0013567153333333137
-0.0017557486666666122
-0.0021547819999999662
-0.0025538153333332647
-0.0029528486666666187
-0.0033518819999999727
-0.003750915333333271
-0.004149948666666625
-0.004548981999999924
-0.004948015333333278
-0.005347048666666576
-0.00574608199999993
-0.0009576819999999597
-0.00893834866666654
-0.0009576819999999597
-0.0009576819999999042
0.0038307180000000662
-0.015322881999999927
-0.010534481999999956
-0.00574608199999993
-0.0009576819999999597
-0.0025538153333333202
-0.004149948666666625
-0.005746081999999986
-0.006344631999999961
-0.006943181999999937
-0.007541731999999968
-0.008140281999999943
