-0.006224932000000127
-0.022984342000000102
-0.018195942000000076
-0.013407522000000116
-0.0086191020000001
-0.013407522000000116
-0.018195942000000076
-0.01580174200000012
-0.013407542000000106
-0.01260946866666679
-0.011811395333333419
-0.011013322000000103
-0.010215248666666787
-0.009417175333333416
-0.0086191020000001
-0.013407542000000106
-0.0086191020000001
-0.003830722000000064
-0.0086191020000001
-0.0086191020000001
-0.0086191020000001
-0.0086191020000001
-0.0086191020000001
-0.001436512000000112
0.005746077999999932
0.0009576779999999618
-0.003830722000000064
-0.003830722000000064
-0.003830722000000064
-0.003830722000000064
-0.003830722000000064
-0.003830722000000064
-0.003830722000000064
-0.006224922000000077
-0.00861912200000009
-0.011013322000000103
0.005746077999999932
-0.006224932000000072
-0.018195942000000076
-0.01580174200000012
-0.013407542000000106
-0.0038307320000001144
0.005746077999999932
0.002553811333333267
-0.0006384553333333987
-0.003830722000000064
-0.0054268486666667615
-0.007022975333333403
-0.0086191020000001
-0.0086191020000001
-0.0086191020000001
-0.0086191020000001
-0.0086191020000001
-0.022984342000000102
-0.003830722000000064
-0.007022995333333393
-0.010215268666666777
-0.013407542000000106
-0.013407542000000106
-0.013407542000000106
-0.013407542000000106
-0.011013337000000123
-0.008619132000000085
-0.006224927000000047
-0.003830722000000064
-0.018195942000000076
-0.01659980866666677
-0.01500367533333341
-0.013407542000000106
-0.0086191020000001
-0.0086191020000001
-0.005426842000000098
-0.002234582000000096
0.0009576779999999063
-0.018195942000000076
-0.011013332000000042
-0.003830722000000064
-0.003830722000000064
-0.003830722000000064
-0.003830722000000064
-0.003830722000000064
-0.003830722000000064
-0.003830722000000064
0.0009576779999999063
-0.00023942200000010017
-0.0014365220000000511
-0.0026336220000000576
-0.003830722000000064
0.0009576779999999063
-0.011013322000000103
-0.005426855333333425
0.00015961133333325384
0.005746077999999932
0.004788397999999916
0.0038307179999998997
0.002873037999999939
0.0019153579999999226
0.0009576779999999063
-0.0086191020000001
0.010534477999999903
0.00814027799999989
0.005746077999999932
0.0009576779999999063
-0.0086191020000001
-0.005426842000000098
-0.002234582000000096
0.0009576779999999063
-0.013407532000000055
-0.027772742000000072
-0.024352453428571508
-0.020932164857142943
-0.01751187628571438
-0.014091587714285758
-0.010671299142857193
-0.007251010571428629
-0.003830722000000064
-0.018195942000000076
-0.003830722000000064
-0.027772742000000072
-0.003830722000000064
0.010534477999999903
-0.0086191020000001
-0.010534470000000073
-0.012449838000000102
-0.014365206000000075
-0.016280574000000103
-0.018195942000000076
-0.0086191020000001
-0.007022975333333403
-0.0054268486666667615
-0.003830722000000064
-0.007422027000000053
-0.011013332000000042
-0.007422027000000053
-0.003830722000000064
-0.0086191020000001
-0.005027807000000106
-0.001436512000000112
0.002154782999999938
0.005746077999999932
0.0009576779999999618
-0.003830722000000064
-0.01580173200000007
-0.027772742000000072
-0.0086191020000001
-0.007022975333333403
-0.0054268486666667615
-0.003830722000000064
-0.0086191020000001
-0.003830712000000125
0.0009576779999999063
0.005746077999999877
0.010534477999999903
0.0009576879999999011
-0.0086191020000001
-0.013407542000000106
-0.006224932000000127
0.0009576779999999063
-0.0014365220000000511
-0.003830722000000064
-0.006224927000000047
-0.008619132000000085
-0.011013337000000123
-0.013407542000000106
-0.011013322000000103
-0.0086191020000001
-0.005426842000000098
-0.002234582000000096
0.0009576779999999063
-0.003830722000000064
0.005746077999999932
0.0009576779999999063
-0.003830712000000125
-0.0086191020000001
-0.013407522000000116
-0.018195942000000076
-0.01723826200000006
-0.0162805820000001
-0.015322902000000083
-0.014365222000000122
-0.013407542000000106
-0.018195942000000076
-0.0086191020000001
-0.018195942000000076
-0.008619132000000085
0.0009576779999999063
-0.003830712000000125
-0.0086191020000001
-0.011013322000000103
-0.013407542000000106
-0.005426868666666751
0.002553804666666548
0.010534477999999903
0.009407796823529324
0.008281115647058745
0.007154434470588111
0.006027753294117533
0.004901072117646954
0.0037743909411763754
0.0026477097647057968
0.0015210285882352181
0.000394347411764584
-0.0007323337647059946
-0.0018590149411765733
-0.002985696117647152
-0.0041123772941177306
-0.005239058470588309
-0.006365739647058943
-0.007492420823529522
-0.0086191020000001
-0.0086191020000001
-0.003830722000000064
-0.013407542000000106
-0.022984342000000102
0.0009576779999999063
-0.003830722000000064
-0.003830722000000064
-0.003830722000000064
0.0009576779999999063
-0.006224912000000082
-0.013407542000000106
-0.014365222000000122
-0.015322902000000083
-0.0162805820000001
-0.01723826200000006
-0.018195942000000076
-0.009816232000000091
-0.0014365220000000511
-0.007422032000000078
-0.013407542000000106
-0.022984342000000102
-0.02537854200000006
-0.027772742000000072
-0.015003668666666747
-0.0022345953333334223
0.010534477999999903
0.004548977999999926
-0.0014365220000001067
-0.007422022000000139
-0.013407522000000116
-0.018195942000000076
0.015322877999999929
0.003351872999999894
-0.008619132000000085
-0.020590137000000064
-0.0325611420000001
-0.024580472000000075
-0.016599802000000108
-0.008619132000000085
-0.0006384620000000618
0.007342207999999906
0.015322877999999929
-0.003830722000000064
-0.0325611420000001
0.0033518779999999193
0.004548977999999926
0.005746077999999932
0.0009576779999999618
-0.003830722000000064
-0.002234588666666759
-0.0006384553333333987
0.0009576779999999618
0.002553811333333267
0.004149944666666572
0.005746077999999932
-0.027772742000000072
0.020111297999999944
0.012928691333333298
0.0057460846666665955
-0.0014365220000000511
0.015322877999999929
-0.042137962000000084
-0.005426865333333419
0.031284231333333246
0.06799532799999991
-0.07565680200000008
-0.02777275866666673
0.020111284666666562
0.06799532799999991
-0.022984342000000102
-0.024580475333333407
-0.026176608666666767
-0.027772742000000072
0.004149947999999903
0.036072637999999935
0.06799532799999991
-0.08044518200000006
-0.027772742000000072
0.024899697999999915
-0.05650316200000011
-0.0445321520000001
-0.0325611420000001
-0.0014365220000000511
0.02968809799999994
0.020795349428571364
0.011902600857142787
0.0030098522857142096
-0.005882896285714367
-0.014775644857142944
-0.02366839342857152
-0.0325611420000001
-0.018195942000000076
0.005746077999999932
-0.02059014200000009
-0.0006384620000000618
0.01931321799999991
0.03926489799999994
-0.07086836200000007
-0.038307220000000086
-0.005746078000000099
0.026815063999999944
0.05937620599999993
0.09193734799999992
0.03447650299999988
-0.022984342000000102
0.012928677999999916
-0.05291186200000009
-0.11875240200000009
-0.04213794866666676
0.034476504666666574
0.1110909579999999
0.0919373429999999
0.07278372799999991
0.053630112999999924
0.03447649799999991
0.015322882999999898
-0.0038307320000001144
-0.02298434700000007
-0.042137962000000084
0.017717087999999936
-0.0009576900000000665
-0.01963246800000007
-0.03830724600000007
-0.056982024000000076
-0.07565680200000008
-0.02537854200000006
-0.03734954200000007
0.024899697999999915
-0.022984342000000102
-0.02537854200000006
-0.027772742000000072
0.024899697999999915
0.011731587999999904
-0.0014365220000000511
-0.014604632000000062
-0.027772742000000072
-0.027772742000000072
-0.027772742000000072
-0.027772742000000072
-0.01819592700000011
0.12066776799999993
0.0488417129999999
-0.022984342000000102
-0.030166942000000085
-0.03734954200000007
0.02968810299999991
0.09672574799999992
-0.006224927000000102
-0.1091756020000001
-0.04533022200000009
0.01851515799999992
0.08236053799999993
-0.0660799620000001
-0.06288769533333344
-0.05969542866666677
-0.05650316200000011
-0.022984337000000077
0.010534487999999897
0.04405331299999993
0.07757213799999993
-0.04453214200000005
-0.045729252000000054
-0.046926362000000055
-0.04213795200000009
-0.03734954200000007
-0.03335920866666675
-0.029368875333333433
-0.02537854200000006
-0.02138820866666674
-0.017397875333333424
-0.013407542000000106
-0.027772742000000072
0.03208230299999992
0.09193734799999992
0.08295909174999994
0.07398083549999993
0.06500257924999991
0.05602432299999993
0.04704606674999995
0.03806781049999991
0.029089554249999927
0.020111297999999944
-0.05171476200000008
0.03766877466666663
-0.018195942000000076
0.0017557413333332272
0.021707424666666586
0.04165910799999989
-0.02298433866666677
-0.08762778533333343
-0.1522712320000001
-0.12673307977777787
-0.10119492755555565
-0.07565677533333343
-0.050118623111111205
-0.024580470888888983
0.0009576813333332379
0.02649583355555546
0.05203398577777768
0.07757213799999993
-0.11396400200000006
-0.09002198200000006
0.04405329799999991
-0.03974375200000008
0.0009576779999999063
0.012130617999999926
0.02330355799999989
0.03447649799999991
-0.003830722000000064
0.04405331299999993
0.09193734799999992
-0.10438720200000007
-0.027772745333333404
0.04884171133333326
0.12545616799999992
0.0691924304999999
0.012928692999999936
-0.043335044500000086
-0.09959878200000011
-0.07086836200000007
0.06320692799999991
0.04106056174999989
0.018914195499999897
-0.0032321707500000962
-0.02537853700000009
-0.04752490325000008
-0.06967126950000008
-0.09181763575000007
-0.11396400200000006
0.010534477999999903
0.024899697999999915
0.0009576829999999315
0.02585737999999993
0.05075707699999993
0.07565677399999993
0.10055647099999993
0.12545616799999992
-0.11875240200000009
-0.00861912700000006
0.10151414799999992
-0.13311760200000006
0.06320692799999991
0.05003881549999989
0.036870702999999894
0.023702590499999898
0.010534477999999903
0.024899697999999915
-0.046926362000000055
0.08236053799999993
-0.0022345920000000907
-0.08682972200000011
-0.17142485200000007
0.02968809799999994
-0.0086191020000001
-0.013407510000000122
-0.01819591800000009
-0.02298432600000011
-0.027772734000000077
-0.0325611420000001
-0.013407542000000106
0.08236053799999993
-0.1426944320000001
-0.08762778700000012
-0.0325611420000001
-0.019393032000000088
-0.006224922000000077
0.0069431879999999335
0.020111297999999944
-0.022984332000000107
-0.0660799620000001
0.02968809799999994
0.02489969133333325
0.020111284666666618
0.015322877999999929
0.02649582133333328
0.037668764666666577
0.04884170799999993
0.06001465133333328
0.07118759466666658
0.08236053799999993
-0.09002198200000006
0.058418527999999914
-0.027772737000000103
-0.11396400200000006
0.09672574799999992
-0.12354080200000006
0.08714893799999993
0.07677406466666659
0.06639919133333325
0.056024317999999906
0.045649444666666594
0.03527457133333328
0.024899697999999915
-0.013407542000000106
-0.02059014200000009
-0.027772742000000072
0.08714893799999993
-0.08044519200000005
-0.011811405333333413
0.05682238133333323
0.12545616799999992
-0.13311760200000006
-0.02059012700000007
0.09193734799999992
0.06799532966666658
0.044053311333333234
0.02011129299999992
-0.0038307253333333957
-0.027772743666666766
-0.05171476200000008
0.03447649799999991
-0.013407542000000106
-0.037349552000000064
-0.06129156200000008
-0.02968810000000005
0.0019153619999999205
0.03351882399999989
0.06512228599999992
0.09672574799999992
-0.07326258200000008
-0.011811402000000082
0.04963977799999991
0.1110909579999999
-0.12354080200000006
-0.03256113700000007
0.058418527999999914
0.02968810299999991
0.0009576779999999063
-0.002234582000000096
-0.005426842000000098
-0.0086191020000001
-0.00808705977777785
-0.007555017555555654
-0.007022975333333403
-0.006490933111111208
-0.005958890888888957
-0.0054268486666667615
-0.0048948064444445105
-0.004362764222222315
-0.003830722000000064
0.0033518779999999193
0.010534477999999903
0.009337375499999911
0.00814027299999992
-0.07565680200000008
0.053630127999999944
-0.0086191020000001
0.0009576879999999011
0.010534477999999903
-0.0038307320000001144
-0.018195942000000076
-0.03256115200000004
-0.046926362000000055
0.0033518829999999444
0.053630127999999944
-0.06129156200000008
0.015322877999999929
-0.013407542000000106
-0.018195942000000076
0.010534477999999903
-0.022984342000000102
-0.018195937000000106
-0.013407532000000055
-0.00861912700000006
-0.003830722000000064
-0.0014365220000000511
0.0009576779999999618
0.0033518779999999193
0.005746077999999932
-0.022984342000000102
-0.0086191020000001
0.005746077999999932
-0.006224932000000072
-0.018195942000000076
-0.02059014200000009
-0.022984342000000102
-0.010215268666666777
0.0025538046666666037
0.015322877999999929
-0.027772742000000072
-0.013407532000000055
0.0009576779999999063
-0.0014365170000000815
-0.003830712000000125
-0.006224907000000113
-0.0086191020000001
-0.013407542000000106
-0.013407542000000106
0.020111297999999944
0.010534497999999948
0.0009576979999998958
-0.0086191020000001
-0.001436512000000112
0.005746077999999932
0.0030098465714284983
0.00027361514285706434
-0.0024626162857143696
-0.005198847714285804
-0.007935079142857238
-0.010671310571428672
-0.013407542000000106
-0.003830722000000064
-0.003830722000000064
-0.0086191020000001
-0.011013322000000103
-0.013407542000000106
-0.0086191020000001
0.0009576779999999063
-0.018195942000000076
-0.012210437000000074
-0.006224932000000072
-0.00023942700000006978
0.005746077999999932
0.003830717999999955
0.0019153579999999226
-2.0000000544584395e-09
-0.001915362000000087
-0.003830722000000064
-0.006224912000000082
-0.0086191020000001
0.010534477999999903
-0.0086191020000001
-0.0086191020000001
-0.003830722000000064
-0.003830722000000064
-0.003830722000000064
-0.003830722000000064
-0.006224912000000082
-0.0086191020000001
-0.010215242000000069
-0.011811382000000092
-0.013407522000000116
-0.015003662000000084
-0.016599802000000052
-0.018195942000000076
-0.003830722000000064
-0.008619132000000085
-0.013407542000000106
-0.018195942000000076
-0.013407542000000106
-0.012449854000000093
-0.011492166000000081
-0.010534478000000125
-0.009576790000000113
-0.0086191020000001
-0.018195942000000076
0.0009576779999999063
0.0019153579999999226
0.002873037999999939
0.0038307179999998997
0.004788397999999916
0.005746077999999932
-0.008619132000000085
-0.022984342000000102
-0.018195938666666744
-0.013407535333333442
-0.008619132000000085
-0.0038307286666667273
0.0009576746666665747
0.005746077999999932
-0.0086191020000001
-0.011013322000000103
-0.013407542000000106
-0.013407542000000106
-0.003830722000000064
0.0009576779999999063
-0.0086191020000001
-0.018195942000000076
0.0009576779999999063
