-0.00010375350000002559
-0.0010614294999999885
-0.002019105500000007
-0.0029767814999999698
-0.003934457499999988
0.0008539224999999928
0.0046846465
0.008515370500000008
0.012346094500000016
0.016176818500000023
0.02000754250000003
0.005642362499999998
0.0044452524999999965
0.0032481424999999953
0.002051032499999994
0.0008539224999999928
0.02000754250000003
0.012824952499999986
0.005642362499999998
0.005642362499999998
0.005642362499999998
0.010430742500000034
0.008036552500000016
0.005642362499999998
0.004046215833333311
0.0024500691666666796
0.0008539224999999928
-0.0015402775000000202
-0.003934477499999978
-0.002737377499999971
-0.0015402775000000202
-0.0003431775000000137
0.0008539224999999928
0.010430742500000034
0.005642362499999998
0.0152191525
0.0247959425
0.005642362499999998
0.0008539424999999823
-0.003934477499999978
0.0008539424999999823
0.005642362499999998
0.0032481424999999953
0.0008539224999999928
0.0008539224999999928
0.0008539224999999928
0.0008539224999999928
0.005642362499999998
0.010430752499999973
0.015219142500000005
0.015219142500000005
0.015219142500000005
0.008036532499999971
0.0008539224999999928
0.0014524774999999934
0.002051032499999994
0.0026495874999999947
0.0032481424999999953
0.004046215833333311
0.004844289166666682
0.005642362499999998
0.010430752499999973
0.015219142500000005
0.0136230091666667
0.01202687583333334
0.010430742500000034
0.004445232500000007
-0.0015402775000000202
0.0020510424999999888
0.005642362499999998
0.008036552500000016
0.010430742500000034
0.003248132500000056
-0.003934477499999978
0.003248132500000056
0.010430742500000034
0.007238469166666706
0.0040461958333333214
0.0008539224999999928
0.0056423325000000135
0.010430742500000034
0.008036552500000016
0.005642362499999998
0.0008539224999999928
0.0032481424999999953
0.005642362499999998
0.008036552500000016
0.010430742500000034
0.003248132500000056
-0.003934477499999978
0.0008539424999999823
0.005642362499999998
0.005642362499999998
0.005642362499999998
0.005642362499999998
0.005642362499999998
0.005642362499999998
0.005642362499999998
0.005642362499999998
0.005642362499999998
0.017613352500000012
-0.008722877500000004
0.0032481325000000005
0.015219142500000005
0.008036532499999971
0.0008539224999999928
-0.008722877500000004
-0.003934477500000033
0.0008539224999999928
0.0008539224999999928
0.0008539224999999928
0.0008539224999999928
0.003726966499999984
0.006600010499999975
0.009473054500000022
0.012346098500000013
0.015219142500000005
-0.003934477500000033
-0.0015402750000000354
0.0008539274999999624
0.0032481300000000157
0.0056423325000000135
0.0008539275000000179
-0.003934477499999978
-0.003934477499999978
-0.003934477499999978
-0.003934477499999978
-0.005131577499999984
-0.006328677499999991
-0.003934477499999978
-0.0015402775000000202
0.0008539224999999928
0.0008539224999999928
0.0008539224999999928
0.015219142500000005
0.010430752499999973
0.005642362499999998
0.002450082500000006
-0.0007421974999999859
-0.003934477499999978
0.0008539224999999928
-0.0015402775000000202
-0.003934477499999978
-0.0034991684090908692
-0.0030638593181818163
-0.002628550227272708
-0.0021932411363635995
-0.0017579320454545466
-0.0013226229545454382
-0.0008873138636363853
-0.0004520047727272769
-1.6695681818168495e-05
0.0004186134090908844
0.0008539224999999928
-0.008722877500000004
0.0152191525
0.011228810833333325
0.007238469166666706
0.0008539224999999928
0.0008539224999999928
0.0008539224999999928
0.0008539224999999928
0.0008539224999999928
0.0008539224999999928
-0.006328677499999991
-0.006927227500000022
-0.007525777499999997
-0.008124327499999973
-0.008722877500000004
0.010430742500000034
0.0056423325000000135
0.0008539224999999928
0.005642362499999998
0.008036552500000016
0.010430742500000034
0.008036552500000016
0.005642362499999998
0.007238489166666695
0.008834615833333337
0.010430742500000034
0.008036552500000016
0.005642362499999998
-0.0015402575000000307
-0.008722877500000004
-0.006328677499999991
-0.003934477500000033
-0.0015402775000000202
0.0008539224999999928
0.0008539224999999928
0.0008539224999999928
0.010430742500000034
0.012824942500000047
0.015219142500000005
0.013423495000000008
0.01162784750000001
0.009832200000000013
0.008036552500000016
0.006839457499999979
0.005642362499999998
0.0032481424999999953
0.0008539224999999928
0.0008539224999999928
0.0008539224999999928
0.008036532499999971
0.015219142500000005
0.008036532499999971
0.0008539224999999928
0.004445227499999982
0.008036532499999971
0.011627837500000016
0.015219142500000005
0.00947305850000002
0.0037269745000000354
-0.0020191095000000048
-0.007765193499999989
-0.013511277499999974
0.008036532499999971
0.009233637500000003
0.010430742500000034
-0.013511277499999974
0.005642362499999998
0.0008539491666666454
-0.003934464166666651
-0.008722877500000004
0.005642362499999998
0.005642362499999998
0.005642362499999998
0.0088346225
0.012026882500000002
0.015219142500000005
0.03437276250000004
0.026711314500000027
0.019049866500000012
0.011388418500000053
0.0037269705000000375
-0.003934477499999978
0.0056423325000000135
0.0032481274999999754
0.0008539224999999928
-0.0023383441666666727
-0.005530610833333338
-0.008722877500000004
0.010430742500000034
0.012346102500000011
0.014261462500000044
0.01617682250000002
0.018092182500000054
0.02000754250000003
0.005642362499999998
0.008196174499999986
0.010749986499999975
0.01330379850000002
0.015857610500000008
0.018411422499999996
-0.013511277499999974
-0.011117077499999961
-0.008722877500000004
0.0247959425
0.021831692976190475
0.01886744345238095
0.015903193928571424
0.012938944404761898
0.009974694880952373
0.007010445357142847
0.0040461958333333214
0.002450059166666685
0.0008539224999999928
-0.006328677499999991
-0.013511277499999974
-0.011117077499999961
-0.008722877500000004
0.0008539325000000431
0.010430742500000034
0.0247959425
0.010430735833333316
-0.0039344708333333145
-0.0182996775
-0.013511277499999974
-0.008722877500000004
-0.003934477499999978
0.03437276250000004
0.01841141583333339
0.0024500691666666796
-0.013511277499999974
-0.013511277499999974
-0.013511277499999974
-0.010638235499999982
-0.007765193499999989
-0.004892151499999942
-0.0020191094999999493
0.0008539325000000431
-0.008722877500000004
-0.003934477499999978
-0.003934477499999978
-0.003934477499999978
-0.003934477499999978
-0.003934477499999978
-0.003934477499999978
-0.003934477499999978
0.000853929166666656
0.016815273611111126
0.03277661805555554
0.04873796250000001
0.022401742499999988
-0.003934477499999978
0.010430742500000034
0.02240175250000004
0.03437276250000004
0.024795962500000046
0.015219162499999994
0.005642362499999998
-0.006328657500000001
-0.0182996775
0.010430742500000034
0.005642335833333345
0.0008539291666667115
-0.003934477499999978
-0.011915150833333332
-0.01989582416666663
-0.027876497499999986
-0.003934477499999978
0.015219142500000005
-0.00154026749999997
-0.0182996775
-0.015905477499999987
-0.013511277499999974
-0.007525775000000012
-0.001540272499999995
0.004445230000000022
0.010430732499999984
-0.000742204166666649
-0.011915140833333338
-0.02308807749999997
0.02000754250000003
0.021603675833333336
0.023199809166666696
0.0247959425
-0.032664897499999956
-0.02117272549999999
-0.009680553499999967
0.0018116185000000007
0.013303790500000023
0.02479596249999999
-0.006328667499999996
-0.03745329749999998
-0.00154026749999997
0.03437276250000004
0.04873796250000001
0.008036532500000027
-0.032664897499999956
0.0008539325000000431
0.03437276250000004
0.02778870750000001
0.021204652500000032
0.014620597500000054
0.008036542500000021
0.0068394525000000095
0.005642362499999998
0.027190162500000004
0.04873796250000001
0.039959224166666696
0.031180485833333327
0.022401747500000013
0.0136230091666667
0.004844270833333331
-0.003934467499999983
0.0247959425
0.0056423325000000135
-0.013511277499999974
0.0008539224999999928
0.0247959425
0.04873796250000001
0.04284454250000003
0.03695112249999999
0.031057702500000006
0.025164282500000024
0.019270862499999986
0.013377442500000003
0.0074840225000000205
0.0015906025000000379
-0.0043028175
-0.010196237499999983
-0.016089657499999965
-0.021983077500000003
-0.027876497499999986
-0.002737377499999971
0.022401742499999988
0.0008539358333333746
-0.006328670833333272
-0.013511277499999974
-0.011915144166666669
-0.010319010833333309
-0.008722877500000004
0.0032481325000000005
0.015219142500000005
0.005642362499999998
-0.01351126749999998
-0.032664897499999956
0.005642332500000069
0.04394956250000004
0.010430742500000034
-0.02308807749999997
-0.013511277499999974
-0.003934477499999978
0.010430742500000034
0.01202687583333334
0.0136230091666667
0.015219142500000005
-0.003934467499999983
-0.02308807749999997
-0.005131567499999989
0.012824942500000047
0.03078145250000003
0.04873796250000001
-0.0182996775
0.03916116250000001
0.022401747500000013
0.0056423325000000135
-0.011117082499999986
-0.027876497499999986
0.03437276250000004
-0.03745329749999998
-0.013511277499999974
0.010430742500000034
0.005642362499999998
-0.002737352500000012
-0.011117067500000022
-0.019496782499999976
-0.027876497499999986
0.04394956250000004
0.036766955000000046
0.029584347499999997
0.022401740000000003
0.01521913250000001
-0.020693882499999983
-0.056606897499999975
0.08704518250000001
0.032776615833333356
-0.021491950833333273
-0.07576051749999996
-0.006328677499999935
0.06310316250000003
0.027988209166666667
-0.007126744166666643
-0.04224169750000001
-0.023088084166666634
-0.0039344708333333145
0.01521914250000006
-0.003934467499999983
-0.02308807749999997
-0.006328667499999996
0.010430742500000034
0.010430744500000033
0.010430746500000032
0.010430748499999976
0.010430750499999975
0.010430752499999973
-0.008722877500000004
0.010430732499999984
0.029584342500000027
0.008036532500000027
-0.013511277499999974
-0.00991997750000001
-0.006328677499999991
-0.002737377499999971
0.0008539224999999928
0.03916116250000001
-0.03745329749999998
-0.003934477499999978
0.029584342500000027
0.010430732499999984
-0.008722877500000004
-0.006328677499999991
-0.003934477499999978
-0.008722877499999948
-0.013511277499999974
-0.0055306041666666195
0.0024500691666666796
0.010430742500000034
0.01841141583333339
0.026392089166666688
0.03437276250000004
0.005642332500000069
-0.04224169750000001
0.0032481325000000005
0.04873796250000001
0.012824942500000047
-0.02308807749999997
0.04394956250000004
0.017613337500000048
-0.008722887499999998
-0.03505911249999999
-0.06139533749999998
0.06310316250000003
0.05113215583333336
0.03916114916666669
0.027190142500000014
0.015219135833333342
0.003248129166666669
-0.008722877500000004
0.0032481325000000005
0.015219142500000005
0.0056423325000000135
-0.003934477499999978
-0.003934477499999978
-0.003934477499999978
-0.003934477499999978
0.008036532500000027
0.02000754250000003
0.005642335833333345
-0.008722870833333285
-0.02308807749999997
0.005642362499999998
0.0032481424999999953
0.0008539224999999928
0.0032481424999999953
0.005642362499999998
0.005642362499999998
0.005642362499999998
0.017613352500000012
0.029584342500000027
0.008036532500000027
-0.013511277499999974
0.010430742500000034
0.03437276250000004
0.012026875833333395
-0.010319010833333309
-0.032664897499999956
-0.027078426388888854
-0.021491955277777752
