-0.0015801723999999684
0.01757344760000007
0.015179237600000062
0.012785027600000054
0.011827347600000038
0.010869667600000021
0.00991198760000006
0.008954307600000044
0.007996627600000028
0.019967637600000032
0.01877054260000005
0.01757344760000007
0.012785037600000049
0.007996627600000028
0.005602427600000015
0.0032082276000000576
-0.0015801723999999684
0.0032082276000000576
0.007996627600000028
0.012785027600000054
0.011188894266666694
0.009592760933333389
0.007996627600000028
0.007996627600000028
0.00879469426666668
0.009592760933333389
0.010390827600000041
0.011188894266666694
0.011986960933333402
0.012785027600000054
0.027150247600000066
0.02236184760000004
0.02236184760000004
0.02236184760000004
0.007996627600000028
0.006400494266666723
0.0048043609333333626
0.003208227600000002
0.001612094266666697
1.5960933333392102e-05
-0.0015801723999999684
0.010390827600000041
0.016376337600000068
0.02236184760000004
0.02236184760000004
0.01916957426666671
0.015977300933333383
0.012785027600000054
0.012785027600000054
0.012785027600000054
0.01757344760000007
0.01757344760000007
0.01757344760000007
0.01757344760000007
0.01757344760000007
0.01757344760000007
0.01757344760000007
0.022361847600000095
0.027150247600000066
0.0032082276000000576
0.012785027600000054
0.007996627600000028
0.005602427600000015
0.0032082276000000576
0.012785037600000049
0.02236184760000004
0.019169577600000043
0.015977307600000046
0.012785037600000049
0.01278503560000005
0.01278503360000005
0.012785031600000052
0.012785029600000053
0.012785027600000054
0.02236184760000004
0.01757343760000002
0.012785027600000054
0.010390827600000041
0.007996627600000028
0.010390827600000041
0.012785027600000054
0.012785027600000054
0.011986960933333402
0.011188894266666694
0.010390827600000041
0.012785034266666717
0.015179240933333393
0.01757344760000007
0.018531127600000086
0.019488807600000047
0.020446487600000063
0.021404167600000024
0.02236184760000004
0.01757343760000002
0.017573442600000044
0.01757344760000007
0.01757344760000007
0.01278504093333338
0.007996634266666747
0.0032082276000000576
0.012785027600000054
0.015179237600000062
0.01757344760000007
0.01398214260000008
0.010390837600000091
0.006799532600000047
0.0032082276000000576
0.010390837600000091
0.01757344760000007
0.01757344760000007
0.01757344760000007
0.012785027600000054
0.007996627600000028
0.007996627600000028
0.007996627600000028
0.005602427600000015
0.0032082276000000576
0.009592767600000052
0.015977307600000046
0.02236184760000004
0.027150247600000066
0.022361840933333377
0.017573434266666743
0.012785027600000054
0.009592760933333389
0.006400494266666723
0.0032082276000000576
0.01039083260000001
0.01757343760000002
0.01688937902857146
0.016205320457142902
0.015521261885714344
0.01483720331428573
0.014153144742857171
0.013469086171428613
0.012785027600000054
0.0032082276000000576
0.010390827600000041
0.012186482600000048
0.013982137600000055
0.015777792600000062
0.01757344760000007
0.01757344760000007
0.01757344760000007
0.01757344760000007
0.018105492044444504
0.018637536488888995
0.01916958093333343
0.02236184760000004
0.015179237600000006
0.007996627600000028
0.010390827600000041
0.012785027600000054
0.012785027600000054
0.012785027600000054
0.012785027600000054
0.012785027600000054
0.02236184760000004
0.01916957426666671
0.015977300933333383
0.012785027600000054
0.0032082276000000576
-0.0015801723999999684
0.003208227600000002
0.007996627600000028
0.015179237600000006
0.02236184760000004
0.019967647600000082
0.01757344760000007
0.015977307600000046
0.014381167600000078
0.012785027600000054
0.015179230933333399
0.017573434266666743
0.019967637600000032
0.022361840933333377
0.02475604426666672
0.027150247600000066
0.027150247600000066
0.015179237600000062
0.01757344760000007
0.022361847600000095
0.027150247600000066
0.02595314760000006
0.024756047600000053
0.023558947600000046
0.022361847600000095
0.02116474760000009
0.019967647600000082
0.018770547600000076
0.01757344760000007
0.007996627600000028
0.015977300933333383
0.00959276426666672
0.0032082276000000576
0.012785037600000049
0.02236184760000004
0.01916957426666671
0.015977300933333383
0.012785027600000054
0.031938647600000036
0.024756047600000053
0.01757344760000007
0.012785042600000074
0.007996637600000078
0.003208232600000027
-0.0015801723999999684
0.01757344760000007
0.012785027600000054
0.013317074266666729
0.013849120933333403
0.014381167600000078
0.014913214266666752
0.015445260933333371
0.015977307600000046
0.01650935426666672
0.017041400933333395
0.01757344760000007
0.015179237600000062
0.012785027600000054
0.012785027600000054
0.011188894266666694
0.009592760933333389
0.007996627600000028
0.012785027600000054
0.005602427600000015
-0.0015801723999999684
0.027150247600000066
0.029544447600000023
0.031938647600000036
0.022361837600000045
0.012785027600000054
0.017573434266666743
0.022361840933333377
0.027150247600000066
0.02619256760000005
0.025234887600000033
0.024277207600000072
0.023319527600000056
0.02236184760000004
0.01757344760000007
-0.011156952399999975
0.019967662600000047
0.05109227760000007
0.036727063600000054
0.02236184960000004
0.007996635600000024
-0.006368578399999936
-0.02073379239999995
-0.01115698239999996
-0.0015801723999999684
-0.0015801723999999129
-0.006368572399999939
-0.003974372399999926
-0.0015801723999999129
0.0008140276000000446
0.0032082276000000576
0.031938647600000036
-0.02073379239999995
0.03672704760000006
0.025554107600000042
0.014381167600000078
0.0032082276000000576
0.0064005001000000394
0.009592772600000021
0.012785045100000059
0.01597731760000004
0.019169590100000022
0.022361862600000004
0.02236184760000004
0.027150247600000066
0.031938647600000036
0.03672704760000006
0.005602427600000015
-0.025522192399999977
-0.006368574899999979
0.012785042600000074
0.03193866010000007
0.05109227760000007
0.012785037600000049
0.012186487600000073
0.011587937600000042
0.010989387600000067
0.010390837600000091
0.025554117600000092
0.04071739760000004
0.05588067760000004
0.04630387010000003
0.03672706260000008
0.027150255100000076
0.01757344760000007
0.04869806760000006
0.07982268760000005
-0.011156952399999975
-0.001580152399999979
0.007996647600000018
0.017573447600000014
0.02715024760000001
0.030342514266666676
0.0335347809333334
0.03672704760000006
0.01039083260000001
-0.0003830749000000022
-0.01115698239999996
-0.021930889899999972
-0.032704797399999985
-0.04347870489999994
-0.054252612399999955
0.03672704760000006
-0.0015801723999999129
-0.003974372399999926
-0.006368572399999939
0.005602437600000065
0.01757344760000007
0.012785037600000049
0.007996627600000028
-0.006368582399999989
-0.02073379239999995
-0.006368578399999936
0.00799663560000008
0.02236184960000004
0.036727063600000054
0.05109227760000007
0.017573442600000044
-0.01594539239999998
0.012785027600000054
0.02810792160000003
0.04343081560000006
0.05875370960000004
0.07407660360000004
0.08939949760000004
0.03672706760000005
-0.018339572399999948
-0.07340621239999995
-0.019137642399999932
0.03513092760000003
0.08939949760000004
0.03433285260000002
-0.02073379239999995
0.04630385760000005
0.11334150760000003
-0.06382941239999995
-0.0079647057333333
0.04790000093333335
0.10376470760000003
-0.01594539239999998
0.03672705260000003
0.08939949760000004
0.012785042600000074
-0.06382941239999995
-0.02232991573333326
0.019169580933333374
0.06066907760000004
0.03193865260000006
0.0032082276000000576
0.011587932600000073
0.019967637600000032
0.028347342600000047
0.03672704760000006
0.04510675260000002
0.05348645760000004
0.06186616260000005
0.07024586760000004
-0.039887392399999944
0.036727060933333444
0.010390834266666704
-0.01594539239999998
-0.01339157706666666
-0.010837761733333284
-0.008283946399999964
-0.005730131066666644
-0.0031763157333333236
-0.0006225003999999479
0.0019313149333333723
0.004485130266666693
0.007038945600000013
0.009592760933333389
0.012146576266666709
0.014700391600000029
0.017254206933333405
0.019808022266666725
0.022361837600000045
0.04630384760000006
-0.006368572399999939
0.0032082276000000576
0.007996632600000053
0.012785037600000049
-0.0015801723999999684
0.009193735100000044
0.019967642600000002
0.05588067760000004
0.03672706010000004
0.017573442600000044
-0.0015801748999999532
-0.02073379239999995
0.010390837600000036
0.021164742600000064
0.031938647600000036
0.02655169510000005
0.021164742600000064
0.015777790100000078
0.010390837600000091
0.020765707600000072
0.031140577600000052
0.04151544760000003
-0.006368572399999939
0.010390837600000091
0.027150247600000066
0.027150247600000066
0.015977307600000046
0.004804367600000081
-0.006368572399999939
0.00560243260000004
0.01757343760000002
0.029544442600000054
0.04151544760000003
-0.006368572399999939
0.0016121009333334158
0.009592774266666715
0.01757344760000007
0.020765714266666735
0.023957980933333345
0.02715024760000001
0.024277205600000018
0.021404163600000026
0.018531121600000033
0.01565807960000004
0.012785037599999993
0.009911995600000001
0.007038953600000009
0.004165911600000016
0.001292869600000024
-0.0015801723999999684
0.0159773076000001
0.012785037600000049
0.02236184760000004
0.02236184760000004
0.02236184760000004
0.02715024760000001
0.031938647600000036
0.029544447600000023
0.02715024760000001
0.024756047600000053
0.02236184760000004
0.015179237600000006
0.011587932600000017
0.007996627600000028
0.007996627600000028
0.007996627600000028
0.022361837600000045
0.03672704760000006
0.029544442600000054
0.022361837600000045
0.015179232600000037
0.007996627600000028
0.012785027600000054
0.012785027600000054
0.012785027600000054
0.012785027600000054
0.015179237600000062
0.01757344760000007
0.019967647600000082
0.02236184760000004
0.015179242600000031
0.007996637600000078
0.0008140326000000697
-0.006368572399999939
0.007996627600000028
0.01039083260000001
0.012785037600000049
0.015179242600000087
0.01757344760000007
0.012785027600000054
0.011416913314285793
0.010048799028571476
0.008680684742857214
0.007312570457142897
0.005944456171428636
0.004576341885714319
0.0032082276000000576
0.0032082276000000576
0.0032082276000000576
-0.0015801723999999129
-0.006368572399999939
-0.0015801723999999129
0.0032082276000000576
0.01757344760000007
0.007996637600000078
-0.0015801723999999684
0.027150247600000066
0.015179237600000062
0.0032082276000000576
0.012785027600000054
0.010390827600000041
0.007996627600000028
0.011188900933333357
0.01438117426666674
0.01757344760000007
0.012785037600000049
0.0032082276000000576
0.02236184760000004
0.02304590474285717
0.023729961885714357
0.024414019028571488
0.025098076171428618
0.02578213331428575
0.026466190457142935
0.027150247600000066
0.02236184760000004
0.007996627600000028
0.012785027600000054
0.01757344760000007
0.01438117426666674
0.011188900933333357
0.007996627600000028
0.015179237600000006
0.02236184760000004
0.01757343760000002
0.012785027600000054
0.011827347600000038
0.010869667600000021
0.00991198760000006
0.008954307600000044
0.007996627600000028
0.019967637600000032
