0.01757344760000007
0.01757344760000007
0.022361847600000095
0.027150247600000066
0.020765707600000072
0.014381167600000022
0.007996627600000028
0.027150247600000066
0.010390827600000041
0.027150247600000066
0.012785027600000054
0.012785027600000054
0.012785027600000054
0.012785027600000054
0.012785027600000054
0.012785027600000054
0.010390827600000041
0.007996627600000028
0.012785027600000054
0.012785027600000054
0.01757344760000007
0.01757344760000007
0.01757344760000007
0.018770547600000076
0.019967647600000082
0.021164747600000033
0.02236184760000004
0.007996627600000028
0.010390827600000041
0.012785027600000054
0.0032082276000000576
0.009592767600000052
0.015977307600000046
0.02236184760000004
0.02236184760000004
0.02236184760000004
0.01757343760000002
0.012785027600000054
0.012785027600000054
0.012785027600000054
0.012785027600000054
0.012785027600000054
0.013982130933333392
0.01517923426666673
0.016376337600000068
0.017573440933333406
0.018770544266666744
0.019967647600000082
0.01757344760000007
0.01757344760000007
0.007996627600000028
0.0071985609333333755
0.0064004942666666675
0.005602427600000015
0.007996627600000028
0.010390827600000041
0.012785027600000054
0.015179237600000062
0.01757344760000007
0.01757344760000007
0.01757344760000007
0.015179237600000062
0.012785027600000054
0.012785027600000054
0.012785027600000054
0.012785027600000054
0.015179237600000062
0.01757344760000007
0.019967647600000082
0.02236184760000004
0.015179237600000006
0.007996627600000028
0.009911991600000059
0.011827355600000033
0.013742719600000064
0.01565808360000004
0.01757344760000007
0.012785027600000054
0.022361837600000045
0.031938647600000036
0.025554107600000042
0.019169567600000048
0.012785027600000054
0.019967637600000032
0.027150247600000066
0.02236184760000004
0.010390837600000036
-0.0015801723999999684
0.003208230457142913
0.00799663331428574
0.012785036171428621
0.017573439028571447
0.02236184188571433
0.027150244742857155
0.031938647600000036
0.007996637600000078
0.012785027600000054
0.014700391600000029
0.01661575560000006
0.018531119600000034
0.020446483600000065
0.02236184760000004
0.01757344760000007
0.01757343760000002
0.015179236350000014
0.012785035100000008
0.010390833850000003
0.007996632599999998
0.005602431350000048
0.0032082301000000424
0.000814028850000037
-0.0015801723999999684
0.007198567600000039
0.015977307600000046
0.024756047600000053
0.015179237600000006
0.0032082276000000576
0.007996627600000028
0.012785027600000054
0.01757344760000007
0.012785037600000049
0.007996627600000028
0.00959276426666672
0.011188900933333357
0.012785037600000049
0.01438117426666674
0.015977310933333377
0.01757344760000007
0.01757344760000007
0.01757344760000007
0.01757344760000007
0.012785027600000054
0.011587932600000073
0.010390837600000036
0.004405332600000034
-0.0015801723999999684
0.01757344760000007
0.015977307600000046
0.014381167600000078
0.012785027600000054
0.007996627600000028
0.0032082276000000576
0.0032082276000000576
0.004405327600000064
0.005602427600000015
0.0067995276000000215
0.007996627600000028
0.012785027600000054
-0.006368572399999939
0.027150247600000066
0.019967637600000032
0.012785027600000054
0.009592760933333389
0.006400494266666723
0.0032082276000000576
0.007996627600000028
0.014381167600000022
0.020765707600000072
0.027150247600000066
0.01757344760000007
0.012785037600000049
0.007996627600000028
0.007996627600000028
0.007996627600000028
0.005602427600000015
0.0032082276000000576
0.012785037600000049
0.02236184760000004
0.01757344093333335
0.012785034266666717
0.007996627600000028
0.0071985609333333755
0.006400494266666723
0.005602427600000015
0.0048043609333333626
0.00400629426666671
0.0032082276000000576
0.012785037600000049
0.02236184760000004
0.007996627600000028
0.02236184760000004
0.027150247600000066
0.012785027600000054
0.01757344760000007
0.01757344760000007
0.01757344760000007
0.01757344760000007
0.01757344760000007
0.019967647600000082
0.02236184760000004
0.024756047600000053
0.02715024760000001
0.029544447600000023
0.031938647600000036
0.02236184760000004
0.0032082276000000576
0.012785037600000049
0.02236184760000004
0.007996637600000078
-0.006368572399999939
-0.005171472399999932
-0.003974372399999926
-0.002777272399999975
-0.0015801723999999684
0.007996637600000078
0.01757344760000007
0.015179237600000062
0.012785027600000054
0.015179237600000062
0.01757344760000007
0.016775377600000085
0.015977307600000046
0.015179237600000062
0.014381167600000078
0.013583097600000038
0.012785027600000054
0.012785037600000049
0.010390827600000041
0.006799527600000077
0.0032082276000000576
0.01757344760000007
0.015179242600000087
0.012785037600000049
0.01039083260000001
0.007996627600000028
0.008475467600000008
0.008954307600000044
0.009433147600000025
0.00991198760000006
0.010390827600000041
0.010869667600000021
0.011348507600000057
0.011827347600000038
0.012306187600000074
0.012785027600000054
0.010390837600000091
0.007996627600000028
-0.011156952399999975
-0.004572902399999967
0.0020111476000000406
0.008595197600000049
0.015179247600000056
0.02176329760000001
0.028347347600000017
0.034931397600000025
0.04151544760000003
0.027150240933333347
0.012785034266666717
-0.0015801723999999684
0.020765707600000072
0.011188900933333357
-0.006368572399999939
0.0032082316000000555
0.01278503560000005
0.022361839600000044
0.03193864360000004
0.04151544760000003
0.022361834266666714
0.003208220933333339
-0.01594539239999998
0.03433284760000005
-0.011156952399999975
0.003208247600000047
0.017573447600000014
0.031938647600000036
-0.0015801723999999684
0.0032082276000000576
-0.006368582399999989
-0.01594539239999998
0.007996627600000028
0.031938647600000036
0.021164747600000033
0.01039084760000003
-0.0003830523999999724
-0.011156952399999975
-0.001580152399999979
0.007996647600000018
0.01757344760000007
0.027150247600000066
0.05588067760000004
-0.011156952399999975
0.05109227760000007
-0.030310592399999947
0.0032082276000000576
0.03672704760000006
0.012785047600000043
-0.011156952399999975
-0.009959854899999954
-0.008762757399999932
-0.007565659899999966
-0.006368562399999944
-0.005171464899999922
-0.003974367399999956
-0.0027772698999999346
-0.0015801723999999129
-0.006368572399999939
-0.00602654454285706
-0.005684516685714236
-0.005342488828571357
-0.005000460971428533
-0.004658433114285654
-0.00431640525714283
-0.003974377399999951
-0.003632349542857072
-0.003290321685714248
-0.002948293828571369
-0.002606265971428545
-0.002264238114285666
-0.0019222102571428423
-0.0015801823999999631
0.03193865760000003
0.048698062600000036
-0.006368572399999939
0.00560243260000004
0.04151544760000003
0.019169567600000048
-0.003176312399999992
-0.025522192399999977
0.01757344760000007
-0.011156952399999975
0.0012928936000000113
0.013742739600000053
0.02619258560000004
0.03864243160000008
0.05109227760000007
0.015179242600000031
0.06186617510000003
0.10855310760000003
-0.05904101239999998
-0.0015801673999999433
0.05588067760000004
0.027150252600000035
-0.0015801723999999684
-0.0009816223999999374
-0.0003830723999999619
0.0002154776000000136
0.0008140276000000446
0.0014125776000000756
0.002011127600000051
0.0026096776000000266
0.0032082276000000576
0.0032082276000000576
1.5954266666728945e-05
0.02715024260000004
0.05428453093333335
0.08141881926666672
0.10855310760000003
-0.04946421239999993
0.07024586760000004
0.03912124760000002
0.007996627600000028
0.005602427600000015
0.0032082276000000576
0.015179237600000062
0.027150247600000066
0.01837150760000006
0.009592767600000052
0.0008140276000000446
-0.007964712399999962
-0.01674345239999997
-0.025522192399999977
0.031938647600000036
0.02236184760000004
-0.01115698239999996
-0.04467581239999996
0.007996632600000053
0.06066907760000004
0.03193865260000006
0.0032082276000000576
0.007996627600000028
0.012785027600000054
0.014381167600000078
0.015977307600000046
0.01757344760000007
0.01544526760000009
0.013317087600000055
0.011188907600000075
0.00906072760000004
0.006932547600000061
0.004804367600000026
0.002676187600000046
0.0005480076000000111
-0.0015801723999999684
0.015179242600000031
0.08939949760000004
0.049496134266666714
0.009592770933333383
-0.030310592399999947
0.06545747760000004
-0.039887392399999944
0.06066907760000004
-0.011156952399999975
0.06545747760000004
0.04031836010000006
0.015179242600000031
-0.009959874899999999
-0.03509899239999997
0.024756047600000053
0.08461108760000005
0.005602427600000015
-0.014748282399999979
-0.03509899239999997
-0.017142482399999992
0.0008140276000000446
0.01877053760000008
0.03672704760000006
0.031938647600000036
0.027150247600000066
0.02236184760000004
0.01757344760000007
0.012785047600000043
0.007996647600000018
0.003208247600000047
-0.001580152399999979
-0.006368552399999949
-0.011156952399999975
0.0008140426000000089
0.012785037600000049
0.007996627600000028
0.012785027600000054
0.02236184760000004
0.02236184760000004
0.027150247600000066
0.02595314760000006
0.024756047600000053
0.023558947600000046
0.02236184760000004
0.012785027600000054
0.012785027600000054
0.007996627600000028
0.0032082276000000576
0.012785027600000054
0.013982132600000086
0.015179237600000062
0.016376342600000038
0.01757344760000007
0.012785027600000054
0.00991198760000006
0.007038947600000067
0.004165907600000018
0.001292867600000025
-0.0015801723999999684
-0.006368572399999939
0.01757343760000002
0.02715024260000004
0.03672704760000006
0.019967637600000032
0.0032082276000000576
0.007996634266666747
0.01278504093333338
0.01757344760000007
0.007996627600000028
0.011188897600000025
0.014381167600000022
0.01757343760000002
0.020765707600000072
0.02395797760000007
0.027150247600000066
0.02619256760000005
0.025234887600000033
0.024277207600000072
0.023319527600000056
0.02236184760000004
0.012785027600000054
0.019967637600000032
0.027150247600000066
0.01757343760000002
0.007996627600000028
0.02236184760000004
0.02236184760000004
0.020446483600000065
0.018531119600000034
0.01661575560000006
0.014700391600000029
0.012785027600000054
0.027150247600000066
0.012785027600000054
0.0032082276000000576
0.010390837600000091
0.01757344760000007
0.015179237600000062
0.012785027600000054
0.012785027600000054
0.012785027600000054
0.015179237600000062
0.01757344760000007
0.01757344760000007
0.01757344760000007
0.01757344760000007
0.01757344760000007
0.012785027600000054
0.012785027600000054
0.012785027600000054
0.012785027600000054
0.012785027600000054
0.012785027600000054
0.010390827600000041
0.007996627600000028
0.005602427600000015
0.0032082276000000576
0.005602427600000015
0.007996627600000028
0.01039083260000001
0.012785037600000049
0.015179242600000087
0.01757344760000007
0.017573442600000044
0.01757343760000002
0.012785032600000024
0.007996627600000028
0.012785037600000049
0.01757344760000007
0.024756047600000053
0.031938647600000036
0.01757343760000002
0.0032082276000000576
0.007996627600000028
0.012785027600000054
0.015179237600000062
0.01757344760000007
0.01757344760000007
0.01757344760000007
0.01757344760000007
0.01757344760000007
0.022361847600000095
0.027150247600000066
0.01916957426666671
0.011188900933333412
0.0032082276000000576
-0.006368572399999939
