0.01278504093333338
0.01757344760000007
0.022361847600000095
0.027150247600000066
0.022361847600000095
0.01757344760000007
0.015179237600000062
0.012785027600000054
0.012785027600000054
0.012785027600000054
0.012785027600000054
0.012785027600000054
0.012785027600000054
0.012785027600000054
0.007996627600000028
0.00979228010000005
0.011587932600000073
0.01338358510000004
0.015179237600000062
0.01757344760000007
0.019967647600000082
0.02236184760000004
0.024756047600000053
0.027150247600000066
0.015179237600000062
0.0032082276000000576
0.007996634266666747
0.01278504093333338
0.01757344760000007
0.02140416760000008
0.02523488760000009
0.029065607600000043
0.03289632760000005
0.03672704760000006
0.019967637600000032
0.0032082276000000576
0.007996627600000028
0.011587932600000073
0.015179237600000062
0.012785027600000054
-0.0015801723999999684
-0.0003830723999999619
0.0008140276000000446
0.002011127600000051
0.0032082276000000576
-0.0015801723999999684
-0.003974372399999926
-0.006368572399999939
0.0008140276000000446
0.007996627600000028
0.010390827600000041
0.012785027600000054
0.015179237600000062
0.01757344760000007
0.007996627600000028
0.007996627600000028
0.007996627600000028
0.008954307600000044
0.00991198760000006
0.010869667600000021
0.011827347600000038
0.012785027600000054
0.012785027600000054
0.01757344760000007
0.0032082276000000576
0.0048043609333333626
0.006400494266666723
0.007996627600000028
0.01757344760000007
0.019967647600000082
0.02236184760000004
0.02715024760000001
0.031938647600000036
0.022361840933333377
0.012785034266666717
0.0032082276000000576
0.006799530100000062
0.01039083260000001
0.013982135100000015
0.01757343760000002
0.015977300933333383
0.01438116426666669
0.012785027600000054
0.012785027600000054
0.007996627600000028
0.0032082276000000576
0.0008140276000000446
-0.0015801723999999684
0.027150247600000066
0.015179237600000062
0.0032082276000000576
0.005123587600000035
0.007038947600000067
0.008954307600000044
0.010869667600000077
0.012785027600000054
0.019967647600000082
0.014700403600000078
0.009433159600000074
0.00416591560000007
-0.0011013283999999346
-0.006368572399999939
0.015179237600000062
0.004405332600000034
-0.006368572399999939
-0.0015801723999999129
0.0032082276000000576
0.007996632600000053
0.012785037600000049
0.017573442600000044
0.02236184760000004
0.02236184760000004
0.02236184760000004
0.02236184760000004
0.02236184760000004
0.025554114266666705
0.02874638093333337
0.031938647600000036
0.019967637600000032
0.007996627600000028
0.009592760933333389
0.011188894266666694
0.012785027600000054
0.012785032600000024
0.012785037600000049
0.012785027600000054
0.015179237600000062
0.01757344760000007
0.012785027600000054
0.014381167600000078
0.015977307600000046
0.01757344760000007
0.007996627600000028
0.019967637600000032
0.031938647600000036
0.022361837600000045
0.012785027600000054
0.010390827600000041
0.007996627600000028
0.012785037600000049
0.01757344760000007
0.020765714266666735
0.0239579809333334
0.027150247600000066
0.024756045100000068
0.02236184260000007
0.019967640100000073
0.01757343760000002
0.015179235100000021
0.012785032600000024
0.010390830100000026
0.007996627600000028
0.010390827600000041
0.012785027600000054
0.01757344760000007
-0.0015801723999999129
0.027150247600000066
0.02236184260000007
0.01757343760000002
0.012785032600000024
0.007996627600000028
0.011587932600000017
0.015179237600000006
0.01877054260000005
0.02236184760000004
0.027150247600000066
0.01757344760000007
0.019967647600000082
0.02236184760000004
0.02236184760000004
0.02236184760000004
0.02236184760000004
0.01916957426666671
0.015977300933333383
0.012785027600000054
0.01757343760000002
0.02236184760000004
0.01877054260000005
0.015179237600000006
0.011587932600000017
0.007996627600000028
0.010390827600000041
0.012785027600000054
0.012785027600000054
0.012785027600000054
0.010390827600000041
0.007996627600000028
0.01757343760000002
0.027150247600000066
0.019967637600000032
0.012785027600000054
0.012785027600000054
0.012785027600000054
0.012785027600000054
0.012785027600000054
0.012785027600000054
0.013982130100000045
0.015179232600000037
0.016376335100000028
0.01757343760000002
0.012785027600000054
0.012785027600000054
0.012785027600000054
0.012785027600000054
0.022361847600000095
0.019967647600000082
0.01757344760000007
0.019169580933333374
0.020765714266666735
0.022361847600000095
0.0239579809333334
0.025554114266666705
0.027150247600000066
0.007996627600000028
0.024756047600000053
0.025554114266666705
0.026352180933333413
0.027150247600000066
0.0032082276000000576
0.007996627600000028
0.012785027600000054
0.005602427600000015
-0.0015801723999999684
0.007996627600000028
0.008338656171428593
0.008680684742857159
0.009022713314285724
0.009364741885714345
0.00970677045714291
0.010048799028571476
0.010390827600000041
0.012785030933333386
0.015179234266666675
0.01757343760000002
0.04630384760000006
-0.0015801723999999684
0.027150252600000035
0.05588067760000004
0.022361862600000004
-0.011156952399999975
-0.006368556399999947
-0.0015801603999999747
0.0032082356000000534
0.007996631600000026
0.012785027600000054
-0.02073379239999995
-0.003974372399999926
0.012785047600000043
0.02236184760000004
0.031938647600000036
0.04151544760000003
0.05109227760000007
0.02715025260000009
0.0032082276000000576
0.024756037600000058
0.04630384760000006
0.03592897426666669
0.02555410093333338
0.015179227600000067
0.004804354266666699
-0.005570519066666668
-0.01594539239999998
0.027150247600000066
-0.003974362399999987
0.0020111326000000207
0.007996627600000028
0.0008140276000000446
-0.006368572399999939
-0.013551182399999917
-0.02073379239999995
-0.010558433649999976
-0.0003830748999999467
0.009792283850000028
0.019967642600000002
0.00799663093333336
-0.003974380733333338
-0.01594539239999998
0.024756042600000028
0.06545747760000004
0.052528787600000015
0.03960009760000005
0.02667140760000003
0.013742717600000065
0.0008140276000000446
0.06066907760000004
-0.039887392399999944
0.0008140276000000446
0.04151544760000003
0.030342507600000013
0.019169567600000048
0.007996627600000028
-0.003176312399999992
-0.014349252399999957
-0.025522192399999977
0.010390837600000091
0.007996627600000028
0.007996627600000028
0.007996627600000028
-0.006368582399999989
-0.02073379239999995
0.027150247600000066
0.07503428760000005
0.01757344760000007
-0.039887392399999944
0.015179237600000062
0.07024586760000004
0.055880660100000035
0.04151545260000006
0.027150245100000026
0.012785037600000049
0.020765707600000072
0.02874637760000004
0.03672704760000006
-0.03509899239999997
-0.01115698239999996
0.012785027600000054
0.0008140376000000393
-0.011156952399999975
0.024756062600000017
0.06066907760000004
0.028746387600000034
-0.003176302399999942
-0.03509899239999997
0.06545747760000004
0.04390966260000001
0.02236184760000004
0.003208227600000002
-0.01594539239999998
0.022361842600000015
0.06066907760000004
0.003208232600000027
-0.054252612399999955
-0.023926059066666616
0.006400494266666723
0.03672704760000006
-0.025522192399999977
0.012785042600000074
0.05109227760000007
0.012785042600000074
-0.025522192399999977
-0.011955047399999974
0.0016120976000000287
0.015179242600000031
0.028746387600000034
0.04231353260000004
0.05588067760000004
0.05588067760000004
0.022361862600000004
-0.0015801648999999585
-0.025522192399999977
0.005602427600000015
0.03672704760000006
0.012785034266666717
-0.011156979066666628
-0.03509899239999997
0.024756047600000053
0.08461108760000005
0.052289362600000056
0.019967637600000032
-0.012354087399999936
-0.04467581239999996
-0.01115698239999996
0.02236184760000004
0.01757344093333335
0.012785034266666717
0.007996627600000028
-0.011156952399999975
0.02236184760000004
0.02236184760000004
0.07024586760000004
0.019967637600000032
-0.030310592399999947
0.07503428760000005
0.06340530760000004
0.05177632760000006
0.04014734760000005
0.02851836760000004
0.016889387600000083
0.005260407600000072
-0.006368572399999939
0.007996634266666747
0.022361840933333377
0.03672704760000006
-0.02073379239999995
0.010390842600000061
0.027150247600000066
0.0032082276000000576
-0.02073379239999995
0.012785027600000054
0.04630384760000006
0.022361834266666714
-0.0015801790666666315
-0.025522192399999977
-0.012114664399999975
0.001292863600000027
0.014700391600000029
0.02810791960000003
0.04151544760000003
0.01757343760000002
-0.025522192399999977
0.01757344760000007
0.003208247600000047
-0.011156952399999975
0.012785047600000043
0.03672704760000006
0.026192559600000054
0.015658071600000045
0.005123583600000037
-0.005410904399999972
-0.01594539239999998
0.012785027600000054
-0.02073379239999995
-0.005171482399999927
0.010390827600000041
0.02595313760000001
0.04151544760000003
-0.011156952399999975
0.031938647600000036
0.01757344760000007
0.02236184760000004
0.027150247600000066
0.031938647600000036
-0.006368572399999939
-0.0003830673999999368
0.005602437600000065
0.011587942600000067
0.01757344760000007
0.01757344760000007
-0.01594539239999998
0.0008140276000000446
0.01757344760000007
0.007996637600000078
-0.0015801723999999684
0.004804367600000026
0.011188907600000075
0.01757344760000007
0.007996637600000078
-0.0015801723999999684
0.02236184760000004
0.021404165600000025
0.020446483600000065
0.01948880160000005
0.018531119600000034
0.01757343760000002
0.01661575560000006
0.015658073600000044
0.014700391600000029
0.01374270960000007
0.012785027600000054
0.01757343760000002
0.02236184760000004
0.01757344760000007
0.02236184760000004
-0.006368572399999939
0.007996627600000028
0.012785027600000054
0.012785027600000054
0.015179232600000037
0.01757343760000002
0.019967642600000057
0.02236184760000004
0.019967642600000002
0.01757343760000002
0.007996627600000028
0.007996627600000028
0.005602427600000015
0.0032082276000000576
0.0032082276000000576
0.0032082276000000576
0.0032082276000000576
0.027150247600000066
0.022361840933333377
0.017573434266666743
0.012785027600000054
0.011188894266666694
0.009592760933333389
0.007996627600000028
0.0032082276000000576
0.027150247600000066
0.02535459635000009
0.02355894510000006
0.02176329385000003
0.019967642600000057
0.018171991350000083
0.016376340100000053
0.014580688850000023
0.012785037600000049
0.010989386350000074
0.009193735100000044
0.0073980838500000146
0.00560243260000004
0.003806781350000066
0.002011130100000036
0.000215478850000006
-0.0015801723999999684
0.007996637600000078
0.01757344760000007
0.012785027600000054
0.031938647600000036
0.012785027600000054
0.027150247600000066
0.0032082276000000576
0.007996627600000028
0.01757344760000007
0.01757344760000007
0.01757344760000007
0.01757344760000007
0.01757344760000007
0.01757344760000007
0.01757344760000007
0.01757344760000007
0.01757344760000007
0.01757344760000007
0.01757344760000007
0.01757344760000007
0.01757344760000007
0.012785037600000049
0.007996627600000028
0.010390827600000041
0.012785027600000054
0.01757344760000007
0.01757344760000007
0.01757344760000007
0.012785027600000054
0.005602427600000015
-0.0015801723999999684
0.024756047600000053
0.019967637600000032
0.012785037600000049
0.01757344760000007
0.017573442600000044
0.01757343760000002
0.019169572600000018
0.020765707600000016
0.022361842600000015
0.02395797760000007
0.025554112600000067
0.027150247600000066
0.003208227600000002
0.007996627600000028
0.010390827600000041
0.012785027600000054
0.010869667600000077
