0.015562321500000031
0.010773913999999996
0.00598550649999996
0.0011970989999999793
0.020350729000000012
-0.008379701000000017
0.0035912989999999922
0.0017956490000000103
-9.999999717180685e-10
-0.0017956510000000092
-0.003591300999999991
-0.001995167666666686
-0.0003990343333333257
0.0011970989999999793
0.015562299000000002
0.010773898999999976
-0.013168100999999988
-0.003591300999999991
0.005985499000000005
0.0069431790000000215
0.007900858999999982
0.008858538999999999
0.00981621899999996
0.010773898999999976
0.0011970989999999793
0.0035912989999999922
0.005985499000000005
0.008379699000000018
0.010773898999999976
0.013168098999999989
0.015562299000000002
0.0011970989999999793
0.0011970989999999793
0.015562299000000002
0.010773898999999976
0.009975832333333323
0.00917776566666667
0.008379699000000018
0.00758163233333331
0.006783565666666658
0.005985499000000005
0.004788398999999999
0.0035912989999999922
0.015562299000000002
0.005985499000000005
0.013168114000000009
0.020350729000000012
0.01795652149999999
0.015562313999999966
0.013168106499999999
0.010773898999999976
0.015562299000000002
0.018754575666666662
0.021946852333333322
0.025139128999999982
0.015562299000000002
0.010773898999999976
0.010773898999999976
0.010773898999999976
0.010773898999999976
0.013646944999999966
0.016519990999999956
0.019393037000000002
0.022266082999999992
0.025139128999999982
0.015562299000000002
-0.003591300999999991
0.0011970989999999793
0.015562299000000002
0.015562299000000002
0.015562299000000002
0.015562299000000002
0.010773898999999976
0.012370032333333336
0.013966165666666641
0.015562299000000002
0.008379699000000018
0.0011970989999999793
-0.0011971010000000337
-0.003591300999999991
0.000513046142857132
0.004617393285714311
0.008721740428571434
0.012826087571428557
0.01693043471428568
0.02103478185714286
0.025139128999999982
0.025139128999999982
0.008379699000000018
0.020350729000000012
0.01928663677777781
0.018222544555555553
0.01715845233333335
0.016094360111111095
0.015030267888888893
0.013966175666666636
0.012902083444444434
0.011837991222222177
0.010773898999999976
0.015562299000000002
0.010773898999999976
0.010773898999999976
0.00917776566666667
0.00758163233333331
0.005985499000000005
0.020350729000000012
0.013966185666666686
0.007581642333333305
0.0011970989999999793
0.0011970989999999793
0.0011970989999999793
0.0011970989999999793
0.0011970989999999793
0.0011970989999999793
0.0011970989999999793
0.0011970989999999793
0.010773899000000031
0.015562299000000002
0.014604618999999985
0.013646938999999969
0.012689259000000008
0.011731578999999992
0.010773898999999976
0.015562299000000002
-0.003591300999999991
0.010773898999999976
0.012689265000000005
0.014604630999999979
0.01651999700000001
0.018435362999999982
0.020350729000000012
0.01795651399999998
0.0011970989999999793
0.005985499000000005
0.010773898999999976
0.00917776566666667
0.00758163233333331
0.005985499000000005
0.015562299000000002
0.0011970989999999793
0.0011970989999999793
0.0011970989999999793
0.0011970989999999793
0.0011970989999999793
0.0011970989999999793
0.0011970989999999793
0.0011970989999999793
0.0011970989999999793
-0.0011971010000000337
0.025139128999999982
0.010773898999999976
0.010773898999999976
0.010773898999999976
0.010773898999999976
0.010773898999999976
0.0011970989999999793
0.0035912989999999922
0.005985499000000005
0.008379699000000018
0.010773898999999976
0.013168098999999989
0.015562299000000002
0.015562299000000002
0.015562299000000002
0.008379699000000018
0.0011970989999999793
0.005985499000000005
0.010773898999999976
0.015562299000000002
0.010773898999999976
0.005985499000000005
0.00917776566666667
0.012370032333333336
0.015562299000000002
0.012689259000000008
0.009816219000000015
0.006943178999999966
0.004070138999999973
0.0011970989999999793
0.010773898999999976
0.00758163233333331
0.004389365666666645
0.0011970989999999793
0.005985499000000005
0.015562299000000002
0.010773898999999976
0.011457956142857106
0.012142013285714293
0.012826070428571423
0.013510127571428554
0.014194184714285685
0.014878241857142871
0.015562299000000002
0.013966165666666641
0.012370032333333336
0.010773898999999976
0.005985499000000005
0.01795651399999998
0.015562299000000002
0.013168098999999989
0.010773898999999976
0.010773898999999976
0.010773898999999976
0.010773898999999976
-0.008379701000000017
-0.005985501000000004
-0.0035913010000000467
-0.0011971010000000337
0.0011970989999999793
-0.003591300999999991
-0.0011971010000000337
0.0011970989999999793
0.005985499000000005
0.010773898999999976
0.010773898999999976
0.010773898999999976
0.010773898999999976
0.010773898999999976
0.010773898999999976
0.010773898999999976
0.010773898999999976
0.008379699000000018
0.005985499000000005
0.0035912989999999922
0.0011970989999999793
0.005985499000000005
0.010773898999999976
0.015562299000000002
0.015562299000000002
0.005985499000000005
0.005985499000000005
0.005985499000000005
0.005985499000000005
0.008379699000000018
0.010773898999999976
0.010773898999999976
0.010773898999999976
0.010773898999999976
0.010773898999999976
0.010773898999999976
0.010773898999999976
0.010773898999999976
0.010773898999999976
0.010773898999999976
0.010773898999999976
0.010773898999999976
0.010773898999999976
0.010773898999999976
0.010773898999999976
0.010773898999999976
0.015562299000000002
0.0011970989999999793
0.005985499000000005
0.005985499000000005
0.005985499000000005
0.0011970989999999793
0.005985499000000005
0.005985499000000005
0.010773898999999976
0.022744914000000005
0.010773909000000026
-0.0011970960000000086
-0.013168100999999988
0.03950431899999998
0.027533309000000006
0.015562299000000002
0.001197092333333316
-0.013168114333333314
-0.027533321
0.015562313999999966
0.05865794899999999
0.041299983999999984
0.02394201899999998
0.00658405399999995
-0.010773911000000025
0.02394201899999998
0.05865794899999999
-0.003591300999999991
-0.00718260599999998
-0.010773911000000025
-0.014365216000000014
-0.017956521000000003
0.06344634899999999
-0.061052141000000004
-0.03711012766666666
-0.01316811433333337
0.010773898999999976
0.053869538999999994
-0.005985501000000004
-0.06584054100000003
-0.030725587666666665
0.004389365666666645
0.03950431899999998
0.03471592899999998
-0.013168106000000013
-0.061052141000000004
-0.022744914333333366
0.015562312333333328
0.053869538999999994
0.020350729000000012
0.011731602000000008
0.0031124750000000034
-0.005506652000000001
-0.014125779000000005
-0.02274490600000001
-0.03136403300000001
-0.03998316000000002
-0.04860228700000002
-0.057221414000000026
-0.06584054100000003
-0.02593718100000003
0.013966178999999967
0.053869538999999994
-0.02274492100000003
0.06823474899999998
0.005985499000000005
0.015562308999999996
0.010773906999999971
0.005985505000000002
0.0011971029999999772
-0.0035912989999999922
-0.008379701000000017
-0.011571974333333346
-0.014764247666666674
-0.017956521000000003
0.013168108999999983
-0.003591300999999991
0.05865794899999999
-0.04668694100000004
-0.008379706000000042
0.02992752899999998
0.03471593233333331
0.03950433566666667
0.044292739
0.02992752566666665
0.015562312333333328
0.0011970989999999793
0.013966172333333304
0.02673524566666663
0.03950431899999998
-0.04189850100000003
0.01077392399999999
0.06344634899999999
0.04429273899999997
0.025139128999999982
-0.005985495999999979
-0.037110120999999996
0.02035071899999996
0.07781155899999997
0.06248866699999997
0.047165774999999965
0.03184288299999999
0.016519990999999956
0.0011970989999999793
-0.013168100999999988
0.07781155899999997
0.06344634733333332
0.049081135666666637
0.03471592399999998
0.0203507123333333
0.005985500666666643
-0.008379711000000012
0.039504329000000005
0.020350712333333354
0.0011970956666666477
-0.017956521000000003
0.027533319
0.07302315899999998
0.04748500566666666
0.021946852333333322
-0.003591300999999991
-0.02274492100000003
0.06344634899999999
0.032321723999999996
0.0011970989999999793
-0.008379711000000012
-0.017956521000000003
0.03232171899999997
0.08259995899999997
0.04189852899999996
0.0011970989999999793
-0.010773911000000025
-0.02274492100000003
0.009177772333333278
0.04110046566666664
0.07302315899999998
-0.003591300999999991
-0.003591300999999991
-0.003591300999999991
0.03711012899999999
0.07781155899999997
0.03711012899999999
-0.003591300999999991
-0.010773911000000025
-0.017956521000000003
0.06344634899999999
0.05652976566666665
0.04961318233333331
0.042696598999999974
0.035780015666666665
0.028863432333333328
0.02194684899999999
0.015030265666666653
0.008113682333333316
0.0011970989999999793
0.03471592399999998
-0.017956521000000003
0.025139114000000018
0.06823474899999998
0.03950432399999998
0.010773898999999976
-0.013168111000000038
-0.037110120999999996
0.044292739
0.043494668999999986
0.042696599
0.04189852899999999
0.04110045899999998
0.040302388999999994
0.03950431899999998
-0.06584054100000003
-0.01077390100000003
0.044292739
0.05865794899999999
0.034715930666666645
0.010773912333333302
-0.013168106000000013
0.020350716499999977
0.053869538999999994
-0.061052141000000004
-0.025139121000000042
0.010773898999999976
0.021308388999999983
0.03184287899999999
0.042377369
0.05291185899999998
0.06344634899999999
-0.061052141000000004
-0.04828306766666668
-0.035513994333333354
-0.02274492100000003
-0.006783574333333375
0.009177772333333278
0.025139118999999988
0.04110046566666664
0.057061812333333295
0.07302315899999998
-0.027533321000000055
0.03471592399999998
0.017477670999999972
0.00023941799999999125
-0.01699883499999999
-0.03423708800000003
-0.05147534100000001
0.04189852899999996
-0.05147534100000001
0.0011970989999999793
0.053869538999999994
0.05706180899999999
0.06025407899999999
0.06344634899999999
0.0011971040000000044
-0.061052141000000004
-0.013168106000000013
0.03471592899999998
0.08259995899999997
0.03790819233333331
-0.00678357433333332
-0.05147534100000001
-0.01795651766666667
0.015562305666666665
0.049081129
0.010773904
-0.027533321
-0.013168111000000038
0.0011970989999999793
0.03950432899999998
0.07781155899999997
0.03950432899999998
0.0011970989999999793
-0.010773911000000025
-0.02274492100000003
-3.5000000120355423e-09
0.022744914000000005
0.045489831499999966
0.06823474899999998
0.015562299000000002
-0.02274492100000003
-0.061052141000000004
-0.017956505999999983
0.025139128999999982
0.03471592899999998
-0.010773906000000055
-0.056263741000000034
-0.03471592099999998
-0.013168100999999988
0.007581645666666692
0.028331392333333344
0.049081138999999996
0.04018839042857142
0.03129564185714287
0.02240289328571432
0.013510144714285743
0.004617396142857166
-0.004275352428571411
-0.013168100999999988
-0.02274490600000001
-0.005985506000000029
0.004788396499999958
0.015562299000000002
0.03950432233333334
0.06344634566666665
0.087388369
-0.003591300999999991
-0.003591300999999991
-0.003591300999999991
-0.003591300999999991
0.023542985666666683
0.05067727233333333
0.07781155899999997
0.06823474899999998
0.05865793899999999
0.04908112899999997
0.03950431899999998
0.010773913999999996
0.044292739
0.013168108999999983
-0.017956521000000003
-0.003591310999999986
0.010773898999999976
0.015562308999999996
0.02035071899999996
0.025139128999999982
0.017158452333333296
0.009177775666666665
0.0011970989999999793
-0.017956521000000003
0.015562299000000002
0.015562299000000002
0.015562299000000002
0.015562299000000002
-0.027533321
0.013168108999999983
0.053869538999999994
0.022744918999999975
-0.008379701000000017
-0.001995167666666686
0.004389365666666645
0.010773898999999976
0.02194684566666666
0.033119792333333314
0.044292739
0.0011970989999999793
0.0027932323333333398
0.004389365666666645
0.005985499000000005
-0.003591300999999991
-0.013168100999999988
-0.011571967666666683
-0.009975834333333322
-0.008379701000000017
-0.000718255000000001
0.00694319099999996
0.014604636999999976
0.022266082999999992
0.02992752899999998
-0.003591300999999991
-0.004788400999999998
-0.005985501000000004
-0.007182601000000011
-0.008379701000000017
0.009177775666666665
0.014764252333333339
0.020350729000000012
0.016520003000000005
0.012689276999999999
0.008858550999999992
0.005027824999999986
0.0011970989999999793
0.005985499000000005
-0.003591300999999991
0.010773898999999976
0.008858538999999999
0.006943178999999966
0.005027818999999989
0.0031124589999999563
0.0011970989999999793
0.0011970989999999793
0.008379699000000018
0.015562299000000002
0.025139128999999982
0.0011970989999999793
0.0011970989999999793
0.0027932323333333398
0.004389365666666645
0.005985499000000005
0.005027818999999989
0.004070138999999973
0.003112459000000012
0.0021547789999999956
0.0011970989999999793
0.0035912989999999922
0.005985499000000005
0.020350729000000012
0.01795652400000003
0.015562318999999991
0.013168114000000009
0.0011970989999999793
-0.0011971010000000337
-0.003591300999999991
-0.005985501000000004
-0.008379701000000017
-0.003591300999999991
0.0011970989999999793
0.005985499000000005
0.010773898999999976
0.015562299000000002
0.005985499000000005
0.005985499000000005
0.005985499000000005
0.005985499000000005
0.015562313999999966
0.025139128999999982
0.015562313999999966
0.005985499000000005
0.008379699000000018
0.010773898999999976
0.015562313999999966
0.020350729000000012
0.020350729000000012
0.020350729000000012
0.015562318999999991
0.010773909000000026
0.005985499000000005
0.008379699000000018
0.010773898999999976
0.010773898999999976
0.010773898999999976
0.010773898999999976
0.010773898999999976
