-0.0028730399999998824
-0.024420839999999888
0.004309560000000046
-0.007661439999999908
-0.019632439999999862
-0.019632439999999862
-0.019632439999999862
-0.010055639999999921
-0.00047883999999986937
-0.006464339999999846
-0.012449839999999823
-0.01843533999999991
-0.024420839999999888
0.009097960000000072
-0.038786099999999935
-0.018036346666666536
0.002713406666666751
0.02346316000000015
-0.029209299999999883
-0.010055669999999961
0.009097960000000072
-0.007661439999999908
-0.024420839999999888
-0.021228573333333278
-0.018036306666666557
-0.014844039999999947
-0.029209299999999883
-0.02681508499999985
-0.024420869999999817
-0.022026654999999895
-0.019632439999999862
-0.00047883999999986937
-0.024420839999999888
-0.020829539999999924
-0.01723823999999985
-0.013646939999999885
-0.010055639999999921
-0.024420839999999888
0.013886360000000098
-0.007661469999999837
-0.029209299999999883
-0.014844079999999926
-0.00047885999999985884
0.013886360000000098
0.0067037600000000586
-0.00047883999999986937
-0.007661439999999908
-0.014844039999999947
-0.010055639999999921
-0.014844039999999947
-0.011970999999999954
-0.00909795999999996
-0.006224919999999856
-0.0033518799999998627
-0.00047883999999986937
0.004309560000000046
-0.014844039999999947
0.009097960000000072
-0.010055639999999921
-0.00909795999999996
-0.008140279999999889
-0.007182599999999928
-0.006224919999999856
-0.005267239999999895
-0.010055639999999921
0.004309560000000046
0.003411735000000027
0.002513910000000008
0.0016160850000001004
0.0007182600000000816
-0.00017956499999993714
-0.0010773899999999559
-0.0019752149999999746
-0.0028730399999999934
-0.003770864999999901
-0.00466868999999992
-0.005566514999999939
-0.006464339999999957
-0.007362164999999976
-0.008259989999999884
-0.009157814999999903
-0.010055639999999921
-0.007661439999999908
-0.005267239999999895
-0.014844039999999947
-0.010055639999999921
-0.005267239999999895
-0.010055639999999921
-0.014844039999999947
-0.024420839999999888
-0.014844039999999947
-0.014844039999999947
-0.010055639999999921
-0.024420839999999888
-0.00047883999999986937
-0.005267239999999895
-0.0068633733333332
-0.008459506666666616
-0.010055639999999921
-0.019632439999999862
-0.014844039999999836
-0.010055639999999921
-0.005267239999999895
-0.00047883999999986937
-0.00047883999999986937
-0.03399769999999991
-0.01723823999999985
-0.017836789999999825
-0.0184353399999998
-0.019033889999999887
-0.019632439999999862
-0.014844039999999947
-0.01404597333333324
-0.013247906666666531
-0.012449839999999823
-0.004070139999999944
0.004309560000000046
0.004309560000000046
0.004309560000000046
-0.005267239999999895
-0.007661439999999908
-0.010055639999999921
-0.008459506666666616
-0.0068633733333332
-0.005267239999999895
-0.010055639999999921
-0.014844039999999947
-0.011651773333333226
-0.008459506666666616
-0.005267239999999895
-0.014844039999999947
-0.014844039999999947
-0.008459506666666616
-0.0020749733333332854
0.004309560000000046
0.0011172933333334356
-0.0020749733333332854
-0.005267239999999895
-0.019632439999999862
-0.005267239999999895
-0.0068633733333332
-0.008459506666666616
-0.010055639999999921
-0.01085370666666663
-0.011651773333333226
-0.012449839999999934
-0.013247906666666642
-0.01404597333333324
-0.014844039999999947
-0.020829554999999944
-0.02681506999999994
-0.03280058499999994
-0.038786099999999935
-0.019632439999999862
-0.005267239999999895
-0.014844039999999947
0.009097960000000072
-0.014844039999999947
-0.010055639999999921
-0.00909795999999996
-0.008140279999999889
-0.007182599999999928
-0.006224919999999856
-0.005267239999999895
-0.010055639999999921
-0.010055639999999921
-0.014844039999999947
-0.019632439999999862
-0.018036306666666557
-0.016440173333333252
-0.014844039999999947
-0.024420839999999888
-0.014844039999999947
-0.005267239999999895
-0.0028730399999998824
-0.00047883999999986937
-0.0028730399999998824
-0.005267239999999895
-0.007661439999999908
-0.010055639999999921
-0.012449839999999934
-0.014844039999999947
-0.010055639999999921
-0.014844039999999947
-0.014159982857142817
-0.013475925714285686
-0.012791868571428555
-0.012107811428571313
-0.011423754285714183
-0.010739697142857052
-0.010055639999999921
-0.00047883999999986937
-0.010055639999999921
-0.012449839999999934
-0.014844039999999947
-0.029209299999999883
-0.014844039999999947
-0.007661439999999908
-0.00047883999999986937
-0.014844039999999947
-0.014844039999999947
-0.019632439999999973
-0.024420839999999888
-0.023223739999999826
-0.022026639999999875
-0.020829539999999924
-0.019632439999999862
-0.005267239999999895
-0.007661439999999908
-0.010055639999999921
-0.008140279999999889
-0.006224919999999856
-0.0043095599999999346
-0.002394199999999902
-0.00047883999999986937
-0.0028730399999998824
-0.005267239999999895
-0.005267239999999895
-0.00047883999999986937
-0.024420839999999888
-0.012449839999999823
-0.00047883999999986937
-0.0016759399999998204
-0.0028730399999998824
-0.004070139999999944
-0.005267239999999895
-0.006464339999999846
-0.007661439999999908
-0.00885853999999997
-0.010055639999999921
-0.019632439999999862
-0.005267239999999895
-0.010055639999999921
0.004309560000000046
-0.010055639999999921
-0.005267239999999895
-0.00047883999999986937
-0.010055639999999921
-0.005267239999999895
-0.00047883999999986937
-0.00047883999999986937
-0.004469173333333187
-0.008459506666666505
-0.012449839999999823
-0.016440173333333252
-0.02043050666666657
-0.024420839999999888
-0.005267239999999895
-0.014844039999999947
-0.014844039999999947
-0.014844039999999947
-0.014844039999999947
-0.014844039999999947
-0.014844039999999947
-0.014844039999999947
-0.00047883999999986937
-0.029209299999999883
0.018674760000000123
-0.00047883999999986937
-0.00047883999999986937
-0.00047883999999986937
-0.00047883999999986937
-0.00047883999999986937
-0.00047883999999986937
-0.005267239999999895
-0.010055639999999921
-0.019632439999999862
-0.016440173333333252
-0.013247906666666531
-0.010055639999999921
-0.019632439999999862
0.009097960000000072
-0.029209299999999883
-0.00047883999999986937
-0.005267239999999895
-0.009257583333333264
-0.01324792666666652
-0.01723826999999989
-0.021228613333333257
-0.025218956666666514
-0.029209299999999883
-0.00047883999999986937
-0.009097971999999843
-0.017717103999999928
-0.026336235999999902
-0.03495536799999999
-0.04357449999999996
0.018674760000000123
0.009097960000000183
-0.00047883999999986937
-0.010055639999999921
-0.019632439999999862
-0.014844039999999947
0.009097960000000072
-0.014844069999999987
-0.029209299999999883
-0.022824746666666562
-0.01644019333333324
-0.010055639999999921
-0.00885853999999997
-0.007661439999999908
-0.006464339999999846
-0.005267239999999895
-0.012449869999999863
-0.020829584999999873
-0.029209299999999883
-0.01723826999999989
-0.005267239999999895
-0.005267239999999895
-0.005267239999999895
-0.005267239999999895
-0.005267239999999895
0.013886360000000098
0.010055640000000143
0.006224920000000078
0.002394200000000124
-0.0014365199999999412
-0.005267239999999895
-0.005267239999999895
-0.005267239999999895
-0.024420839999999888
-0.010055639999999921
0.004309560000000046
-0.004070154999999964
-0.012449869999999863
-0.020829584999999873
-0.029209299999999883
-0.005267239999999895
-0.0028730399999998824
-0.00047883999999986937
-0.038786099999999935
-0.01723826999999989
0.004309560000000046
-0.008459526666666606
-0.021228613333333257
-0.03399769999999991
-0.026017013333333283
-0.018036326666666547
-0.010055639999999921
-0.01404598333333329
-0.018036326666666547
-0.022026669999999915
-0.015442612499999897
-0.00885855499999988
-0.0022744974999999723
0.004309560000000046
-0.010055669999999961
-0.01095349499999998
-0.011851319999999999
-0.012749144999999906
-0.013646969999999925
-0.014544794999999944
-0.015442619999999851
-0.01634044499999987
-0.01723826999999989
-0.007661469999999948
0.018674760000000123
0.005905693333333462
-0.0068633733333332
-0.019632439999999862
-0.019632439999999862
0.009097980000000061
0.037828400000000095
0.02346318000000014
0.009097960000000072
-0.005267259999999885
-0.019632479999999952
-0.03399769999999991
-0.014844039999999947
-0.016041139999999898
-0.01723823999999985
-0.01843533999999991
-0.019632439999999862
-0.012449839999999823
-0.005267239999999895
-0.005267239999999895
-0.005267239999999895
-0.005267239999999895
-0.005267239999999895
-0.005267239999999895
-0.005267239999999895
-0.005267239999999895
-0.005267239999999895
-0.005267239999999895
-0.005267239999999895
-0.01723823999999985
-0.014844039999999947
-0.012449839999999934
-0.010055639999999921
-0.005267239999999895
-0.00047883999999986937
-0.007319418571428482
-0.014159997142856984
-0.021000575714285596
-0.02784115428571421
-0.03468173285714271
-0.041522311428571324
-0.04836288999999988
0.028251560000000064
-0.03399769999999991
-0.00047883999999986937
-0.022026669999999915
-0.04357449999999996
-0.010055669999999961
0.02346316000000015
-0.002873069999999811
-0.029209299999999883
-0.01843538499999986
-0.007661469999999837
0.0031124450000000747
0.013886360000000098
-0.010055639999999921
-0.010055639999999921
-0.010055639999999921
-0.010055639999999921
-0.010055639999999921
-0.010055639999999921
-0.010055639999999921
-0.010055639999999921
-0.012449839999999823
0.004309560000000046
-0.0036711066666665904
-0.011651773333333226
-0.019632439999999862
-0.020829539999999924
-0.022026639999999875
-0.023223739999999826
-0.024420839999999888
-0.019632454999999882
-0.014844069999999876
-0.007661454999999928
-0.00047883999999986937
0.004309560000000157
0.009097960000000183
0.013886360000000098
0.018674760000000123
0.02346316000000015
-0.03399769999999991
0.004309560000000046
-0.010055639999999921
-0.00047883999999986937
0.0031124600000000946
0.0067037600000000586
0.010295060000000134
0.013886360000000098
-0.019632439999999862
0.037828400000000095
-0.04836288999999988
-0.033997673333333256
-0.019632456666666576
-0.005267239999999895
0.0019153600000000326
0.009097960000000072
-0.005267239999999895
-0.019632439999999862
0.018674760000000123
0.014756978181818314
0.010839196363636505
0.006921414545454696
0.003003632727272887
-0.0009141490909089223
-0.0048319309090908424
-0.008749712727272652
-0.01266749454545446
-0.01658527636363627
-0.02050305818181808
-0.024420839999999888
-0.022026639999999875
-0.019632439999999862
-0.005267239999999895
-0.00047883999999986937
-0.010055639999999921
-0.024420839999999888
-0.022026639999999875
-0.019632439999999862
-0.01723823999999985
-0.014844039999999947
-0.012449839999999934
-0.010055639999999921
-0.005267239999999895
-0.00047883999999986937
0.004309560000000046
-0.03399769999999991
-0.012449869999999863
0.009097960000000072
-0.04357449999999996
-0.010055639999999921
0.004309560000000046
-0.011651793333333327
-0.027613146666666588
-0.04357449999999996
0.05219360000000006
-0.019632439999999862
-0.007661439999999908
0.004309560000000046
-0.005267239999999895
-0.011971011999999948
-0.01867478399999989
-0.02537855599999994
-0.03208232799999988
-0.038786099999999935
0.0019153500000000934
0.04261680000000012
-0.04836288999999988
0.013886360000000098
0.004309560000000046
-0.029209299999999883
-0.016041184999999847
-0.002873069999999811
0.010295045000000114
0.02346316000000015
-0.038786099999999935
-0.030406384999999925
-0.022026669999999915
-0.013646954999999905
-0.005267239999999895
-0.005267239999999895
-0.014844064999999906
-0.024420882499999963
-0.03399769999999991
-0.029209269999999843
-0.024420839999999888
-0.01723823999999985
-0.010055639999999921
-0.010511678095238008
-0.010967716190476096
-0.011423754285714183
-0.01187979238095227
-0.012335830476190357
-0.012791868571428444
-0.013247906666666531
-0.013703944761904618
-0.014159982857142706
-0.014616020952380793
-0.01507205904761899
-0.015528097142857078
-0.015984135238095165
-0.016440173333333252
-0.01689621142857134
-0.017352249523809427
-0.017808287619047514
-0.0182643257142856
-0.018720363809523688
-0.019176401904761775
-0.019632439999999862
-0.014844039999999947
-0.010055639999999921
-0.010055639999999921
-0.00047883999999986937
-0.014844069999999876
0.018674760000000123
-0.019632470000000013
-0.029209264999999873
0.02346316000000015
0.0043095475000001215
-0.014844064999999906
-0.010055639999999921
-0.014844054999999856
-0.019632469999999902
-0.024420884999999948
-0.029209299999999883
0.028251560000000064
-0.04357449999999996
0.009097960000000072
-0.007661439999999908
-0.024420839999999888
-0.01723823999999985
-0.010055639999999921
-0.012449839999999934
-0.014844039999999947
-0.01723823999999985
-0.019632439999999862
-0.019632439999999862
-0.005267239999999895
-0.0028730399999998824
-0.00047883999999986937
0.0019153600000000326
0.004309560000000046
0.0067037600000000586
0.009097960000000072
-0.014844039999999947
-0.010055639999999921
0.004309560000000046
0.0011172933333333246
-0.0020749733333332854
-0.005267239999999895
-0.008459506666666616
-0.011651773333333337
-0.014844039999999947
-0.012449839999999934
-0.010055639999999921
-0.007661439999999908
-0.005267239999999895
-0.005267239999999895
-0.005267239999999895
-0.005267239999999895
-0.005267239999999895
-0.005267239999999895
-0.005267239999999895
-0.014844039999999947
-0.005267239999999895
-0.010055639999999921
-0.019632469999999902
-0.029209299999999883
-0.019632469999999902
-0.010055639999999921
-0.010055639999999921
-0.010055639999999921
-0.010055639999999921
-0.010055639999999921
-0.014844039999999947
-0.019632439999999862
-0.01758026857142847
-0.015528097142856967
-0.013475925714285575
-0.011423754285714183
-0.00937158285714279
-0.0073194114285712875
-0.005267239999999895
-0.014844039999999947
-0.00047883999999986937
-0.010055639999999921
-0.010055639999999921
-0.014844039999999947
-0.013646939999999996
-0.012449839999999934
-0.011252739999999872
-0.010055639999999921
-0.00885853999999997
-0.007661439999999908
-0.006464339999999846
-0.005267239999999895
-0.007661439999999908
-0.010055639999999921
-0.010055639999999921
-0.005267239999999895
-0.010055639999999921
-0.014844039999999947
-0.014844039999999947
-0.010055639999999921
-0.013247906666666531
-0.016440173333333252
-0.019632439999999862
-0.00047883999999986937
-0.0028730399999998824
-0.005267239999999895
-0.014844039999999947
-0.012449839999999934
-0.010055639999999921
-0.005267239999999895
-0.00047883999999986937
-0.007661439999999908
-0.014844039999999947
-0.007661439999999908
-0.00047883999999986937
0.0004788400000000914
0.0014365200000000522
0.002394200000000124
0.003351880000000085
0.004309560000000046
-0.014844039999999947
-0.00047883999999986937
-0.014844039999999947
-0.01723823999999985
-0.019632439999999862
-0.01723823999999985
-0.014844039999999947
-0.012449839999999934
-0.010055639999999921
-0.007661439999999908
-0.005267239999999895
-0.0028730399999998824
-0.00047883999999986937
0.0019153600000000326
0.004309560000000046
-0.006464339999999846
-0.01723823999999985
-0.013646939999999885
-0.010055639999999921
-0.0028730399999999934
0.004309560000000046
-0.005267239999999895
-0.014844039999999947
-0.005267239999999895
0.004309560000000046
-0.005267239999999895
-0.014844039999999947
-0.007661439999999908
-0.00047883999999986937
-0.005267239999999895
-0.010055639999999921
-0.014844039999999836
-0.019632439999999862
-0.014844039999999947
-0.010055639999999921
-0.0068633733333332
-0.0036711066666665904
-0.00047883999999986937
-0.019632439999999862
0.004309560000000046
-0.024420839999999888
-0.014844039999999947
