0.0027134266666667406
0.005905693333333462
0.009097960000000072
-0.010055639999999921
-0.013247906666666531
-0.016440173333333252
-0.019632439999999862
-0.020829539999999924
-0.022026639999999875
-0.023223739999999826
-0.024420839999999888
-0.02681506999999994
-0.029209299999999883
-0.010055639999999921
-0.019632439999999862
-0.005267239999999895
-0.005267239999999895
-0.005267239999999895
-0.010055639999999921
-0.014844039999999947
-0.014844039999999947
-0.014844039999999947
-0.01404597333333324
-0.013247906666666642
-0.012449839999999934
-0.011651773333333226
-0.01085370666666663
-0.010055639999999921
-0.019632439999999862
-0.019632439999999862
0.004309560000000046
-0.010055639999999921
-0.019632439999999862
-0.007661439999999908
0.004309560000000046
-0.00047883999999986937
-0.005267239999999895
-0.012449839999999823
-0.019632439999999862
-0.021228573333333167
-0.022824706666666583
-0.024420839999999888
-0.01723823999999985
-0.010055639999999921
-0.019632439999999862
-0.019632439999999862
-0.019632439999999862
-0.019632439999999862
-0.019632439999999862
-0.019632439999999862
-0.020829539999999924
-0.022026639999999875
-0.023223739999999826
-0.024420839999999888
-0.010055639999999921
-0.019632439999999862
-0.017422409230769098
-0.015212378461538334
-0.01300234769230757
-0.010792316923076806
-0.008582286153846042
-0.006372255384615277
-0.004162224615384513
-0.0019521938461537491
0.000257836923077015
0.002467867692307779
0.004677898461538543
0.006887929230769307
0.009097960000000072
0.0067037600000000586
0.004309560000000046
-0.005267239999999895
-0.024420839999999888
-0.010055639999999921
-0.010055639999999921
-0.014844039999999947
-0.010055639999999921
-0.024420839999999888
-0.019632439999999862
-0.012449839999999823
-0.019632439999999862
-0.010055639999999921
0.004309560000000046
0.004309560000000046
0.004309560000000046
0.004309560000000046
-0.0004788399999999804
-0.005267239999999895
-0.010055639999999921
-0.014844039999999947
-0.019632439999999862
-0.024420839999999888
-0.013646939999999996
-0.0028730399999999934
-0.014844039999999947
-0.019632439999999862
-0.018036306666666557
-0.016440173333333252
-0.014844039999999947
-0.010055639999999921
-0.011651773333333226
-0.013247906666666642
-0.014844039999999947
-0.00047883999999986937
-0.00047883999999986937
-0.0028730399999998824
-0.005267239999999895
-0.007661439999999908
-0.010055639999999921
-0.012449839999999934
-0.014844039999999947
-0.019632439999999862
-0.010055639999999921
-0.014844039999999947
-0.005267239999999895
-0.005267239999999895
-0.005267239999999895
-0.010055639999999921
-0.014844039999999947
-0.014844039999999947
-0.014844039999999947
-0.014844039999999947
0.004309560000000046
-0.0004788399999999804
-0.005267239999999895
-0.010055639999999921
-0.012449839999999934
-0.014844039999999947
-0.01723823999999985
-0.019632439999999862
-0.014844039999999947
-0.010055639999999921
-0.005267239999999895
-0.019632439999999862
-0.010055639999999921
-0.008459506666666616
-0.0068633733333332
-0.005267239999999895
-0.00047883999999986937
0.0007182600000000816
0.0019153600000001436
0.0031124600000000946
0.004309560000000157
0.005506660000000108
0.0067037600000000586
0.00790086000000012
0.009097960000000072
0.004309560000000157
-0.00047883999999986937
-0.007661439999999908
-0.010055639999999921
-0.007661439999999908
-0.005267239999999895
-0.014844039999999947
-0.024420839999999888
-0.018036306666666557
-0.011651773333333226
-0.005267239999999895
-0.010055639999999921
-0.005267239999999895
-0.00047883999999986937
-0.0028730399999998824
-0.005267239999999895
-0.0020749733333332854
0.0011172933333334356
0.004309560000000046
-0.010055639999999921
-0.024420839999999888
-0.010055639999999921
-0.007661439999999908
-0.005267239999999895
-0.004469173333333187
-0.0036711066666665904
-0.0028730399999998824
-0.0020749733333331744
-0.0012769066666665774
-0.00047883999999986937
-0.010055639999999921
-0.019632439999999862
-0.019632439999999862
-0.019632439999999862
-0.00047883999999986937
-0.010055639999999921
-0.010055639999999921
-0.005267239999999895
-0.005267239999999895
-0.006464339999999846
-0.007661439999999908
-0.00885853999999997
-0.010055639999999921
-0.010055639999999921
-0.010055639999999921
-0.010055639999999921
-0.010055639999999921
-0.007661439999999908
-0.005267239999999895
-0.005267239999999895
-0.014844039999999947
-0.005267239999999895
-0.010055639999999921
-0.014844039999999947
0.004309560000000046
-0.00047883999999986937
-0.005267239999999895
-0.0033518799999998627
-0.0014365199999999412
0.0004788400000000914
0.002394200000000013
0.004309560000000046
-0.019632439999999862
-0.00047883999999986937
-0.005267239999999895
-0.0068633733333332
-0.008459506666666616
-0.010055639999999921
-0.012449839999999934
-0.014844039999999947
-0.005267239999999895
0.004309560000000046
0.003411735000000027
0.002513910000000008
0.0016160850000001004
0.0007182600000000816
-0.00017956499999993714
-0.0010773899999999559
-0.0019752149999999746
-0.0028730399999999934
-0.003770864999999901
-0.00466868999999992
-0.005566514999999939
-0.006464339999999957
-0.007362164999999976
-0.008259989999999884
-0.009157814999999903
-0.010055639999999921
-0.010055639999999921
-0.010055639999999921
-0.010055639999999921
-0.03399769999999991
-0.014844039999999947
0.004309560000000046
-0.00047883999999986937
-0.005267239999999895
0.004309560000000046
-0.00047883999999986937
-0.005267239999999895
-0.005267239999999895
-0.014844039999999947
-0.012928679999999915
-0.011013319999999882
-0.00909795999999996
-0.007182599999999928
-0.005267239999999895
-0.012449839999999823
-0.019632439999999862
-0.005267239999999895
-0.014844039999999947
-0.024420839999999888
-0.01843533999999991
-0.012449839999999823
-0.006464339999999846
-0.00047883999999986937
0.009097960000000072
0.007182600000000039
0.005267240000000117
0.003351880000000085
0.0014365200000001632
-0.00047883999999986937
-0.010055639999999921
-0.012449839999999934
-0.013247906666666642
-0.01404597333333324
-0.014844039999999947
-0.013247906666666642
-0.011651773333333226
-0.010055639999999921
-0.029209299999999883
0.013886360000000098
0.010893610000000109
0.00790086000000001
0.004908110000000021
0.0019153600000000326
-0.016041169999999938
-0.03399769999999991
-0.01723826999999989
-0.00047883999999986937
-0.010055639999999921
-0.019632439999999862
-0.014844039999999836
-0.010055639999999921
-0.005267239999999895
-0.00047883999999986937
-0.038786099999999935
0.004309560000000046
-0.0036711066666665904
-0.011651773333333226
-0.019632439999999862
-0.007661439999999908
0.004309560000000046
-0.024420839999999888
-0.014844039999999947
-0.005267239999999895
-0.0028730399999998824
-0.00047883999999986937
-0.0036711066666664793
-0.0068633733333332
-0.010055639999999921
-0.013247906666666531
-0.01644017333333314
-0.019632439999999862
-0.00047883999999986937
-0.010055669999999961
-0.019632484999999922
-0.029209299999999883
-0.006863399999999853
0.015482500000000066
0.037828400000000095
-0.005267244999999865
-0.04836288999999988
0.03303996000000009
0.009097940000000082
-0.014844079999999926
-0.038786099999999935
0.03303996000000009
-0.002873069999999922
-0.038786099999999935
-0.021228613333333257
-0.00367112666666658
0.013886360000000098
-0.03399769999999991
-0.01723826999999989
-0.00047883999999986937
-0.0028730399999998824
-0.005267239999999895
-0.005267239999999895
-0.005267239999999895
0.0019153600000000326
0.009097960000000072
-0.00047883999999986937
-0.010055639999999921
-0.010055639999999921
-0.010055639999999921
-0.010055639999999921
-0.010055639999999921
-0.011970999999999954
-0.013886359999999875
-0.015801719999999908
-0.01771707999999983
-0.019632439999999862
-0.005267239999999895
-0.012449839999999934
-0.019632439999999862
-0.0028730399999998824
0.013886360000000098
0.0011172933333334356
-0.011651773333333226
-0.024420839999999888
0.009097960000000072
-0.007661439999999908
-0.024420839999999888
-0.00047883999999986937
-0.014844059999999937
-0.029209279999999893
-0.04357449999999996
0.013886360000000098
-0.007661469999999837
-0.029209299999999883
-0.024420869999999817
-0.019632439999999862
-0.019033889999999887
-0.0184353399999998
-0.017836789999999825
-0.01723823999999985
-0.016639689999999874
-0.016041139999999898
-0.015442589999999923
-0.014844039999999947
-0.015801719999999908
-0.01675939999999987
-0.01771707999999994
-0.0186747599999999
-0.019632439999999862
-0.007661439999999908
-0.005267239999999895
-0.010055639999999921
-0.007661439999999908
-0.005267239999999895
-0.0028730399999999934
-0.0004788399999999804
0.0019153600000000326
0.004309560000000046
-0.014844039999999947
-0.014844039999999947
-0.013646939999999996
-0.012449839999999934
-0.011252739999999872
-0.010055639999999921
-0.00885853999999997
-0.007661439999999908
-0.006464339999999846
-0.005267239999999895
-0.019632439999999862
0.013886360000000098
-0.03399769999999991
0.018674760000000123
-0.010055639999999921
-0.010055639999999921
-0.00885853999999997
-0.007661439999999908
-0.006464339999999846
-0.005267239999999895
-0.01723826999999989
-0.029209299999999883
-0.019632439999999862
-0.024420839999999888
-0.020696528888888732
-0.016972217777777687
-0.013247906666666531
-0.009523595555555486
-0.00579928444444433
-0.0020749733333332854
0.0016493377777778706
0.0053736488888889156
0.009097960000000072
-0.014844039999999947
0.004309560000000046
-0.010055639999999921
-0.019632439999999862
-0.013247906666666531
-0.0068633733333332
-0.00047883999999986937
-0.04357449999999996
-0.005267239999999895
-0.00047883999999986937
-0.04357449999999996
-0.03208232799999999
-0.020590155999999915
-0.009097983999999948
0.0023941880000001303
0.013886360000000098
-0.02681506999999994
-0.020829554999999944
-0.014844039999999947
-0.00885853999999997
-0.0028730399999999934
0.0031124600000000946
0.009097960000000072
-0.019632439999999862
-0.007661439999999908
0.004309560000000046
-0.0016759399999999314
-0.007661439999999908
-0.013646939999999885
-0.019632439999999862
-0.018834373333333265
-0.018036306666666557
-0.01723823999999985
-0.016440173333333252
-0.015642106666666655
-0.014844039999999947
-0.010055639999999921
-0.005267239999999895
-0.0020749733333332854
0.0011172933333334356
0.004309560000000046
-0.010055639999999921
0.004309560000000046
-0.00047883999999986937
-0.0014365199999998302
-0.002394199999999902
-0.0033518799999998627
-0.0043095599999999346
-0.005267239999999895
-0.01723826999999989
-0.00047883999999986937
-0.0028730399999998824
-0.005267239999999895
-0.010055639999999921
-0.00047883999999986937
-0.005267239999999895
-0.010055639999999921
-0.010055639999999921
-0.010055639999999921
-0.010055639999999921
-0.010055639999999921
-0.010055639999999921
-0.010055639999999921
-0.010055639999999921
-0.010055639999999921
-0.010055639999999921
-0.010055639999999921
-0.010055639999999921
-0.010055639999999921
-0.010055639999999921
-0.010055639999999921
-0.010055639999999921
-0.010055639999999921
-0.010055639999999921
-0.010055639999999921
-0.010055639999999921
-0.010055639999999921
-0.010055639999999921
-0.012449839999999934
-0.014844039999999947
-0.01723823999999985
-0.019632439999999862
