-0.012449839999999934
-0.013646939999999996
-0.014844039999999947
-0.00047883999999986937
-0.014844039999999947
-0.011651773333333226
-0.008459506666666616
-0.005267239999999895
-0.00047883999999986937
-0.00047883999999986937
-0.00047883999999986937
-0.00047883999999986937
-0.010055639999999921
-0.0028730399999999934
0.004309560000000046
0.0027134266666667406
0.0011172933333333246
-0.0004788399999999804
-0.0020749733333332854
-0.0036711066666665904
-0.005267239999999895
-0.006863373333333311
-0.008459506666666616
-0.010055639999999921
-0.011651773333333337
-0.013247906666666642
-0.014844039999999947
-0.010055639999999921
-0.0028730399999998824
-0.00047883999999986937
-0.005267239999999895
-0.007182599999999928
-0.00909795999999996
-0.011013319999999882
-0.012928679999999915
-0.014844039999999947
-0.010055639999999921
0.004309560000000046
0.004309560000000046
0.004309560000000046
0.004309560000000046
0.004309560000000046
0.004309560000000046
-0.014844039999999947
-0.007661439999999908
-0.0016759399999999314
0.004309560000000046
0.0019153600000000326
-0.0004788399999999804
-0.0028730399999999934
-0.005267239999999895
-0.007661439999999908
-0.010055639999999921
-0.00047883999999986937
-0.010055639999999921
-0.010055639999999921
-0.010055639999999921
-0.010055639999999921
-0.010055639999999921
0.009097960000000072
-0.010055639999999921
-0.005267239999999895
-0.010055639999999921
-0.014844039999999947
-0.019632439999999862
-0.014844039999999836
-0.010055639999999921
-0.005267239999999895
-0.00047883999999986937
0.004309560000000157
0.009097960000000072
-0.005267239999999895
0.004309560000000046
0.004309560000000046
0.004309560000000046
-0.005267239999999895
-0.005746079999999876
-0.006224919999999856
-0.0067037599999999475
-0.007182599999999928
-0.007661439999999908
-0.008140279999999889
-0.008619119999999869
-0.00909795999999996
-0.009576799999999941
-0.010055639999999921
-0.0028730399999998824
-0.010055639999999921
0.004309560000000046
-0.005267239999999895
-0.014844039999999947
-0.005267239999999895
-0.010055639999999921
-0.014844039999999836
-0.019632439999999862
-0.007661439999999908
0.004309560000000046
-0.014844069999999987
-0.03399769999999991
-0.026017013333333283
-0.018036326666666547
-0.010055639999999921
-0.010055639999999921
-0.010055639999999921
-0.010055639999999921
-0.010055639999999921
-0.010055639999999921
0.004309560000000046
0.0019153600000000326
-0.00047883999999986937
-0.0028730399999998824
-0.005267239999999895
-0.01723826999999989
-0.01324792666666652
-0.009257583333333264
-0.005267239999999895
-0.005267239999999895
-0.005267239999999895
-0.005267239999999895
0.004309560000000046
-0.007661439999999908
-0.019632439999999862
-0.005267239999999895
-0.014844039999999947
-0.019632439999999973
-0.024420839999999888
-0.019632439999999973
-0.014844039999999947
-0.010055639999999921
-0.005267239999999895
-0.005267239999999895
-0.005267239999999895
-0.005267239999999895
-0.005267239999999895
-0.005267239999999895
0.009097960000000072
-0.005267239999999895
-0.019632439999999862
-0.005267239999999895
-0.029209299999999883
-0.01723826999999989
-0.005267239999999895
-0.007661439999999908
-0.010055639999999921
-0.005267239999999895
-0.00047883999999986937
-0.0028730399999998824
-0.005267239999999895
-0.007661439999999908
-0.010055639999999921
-0.005267239999999895
-0.010055639999999921
-0.00047883999999986937
0.009097960000000072
-0.007661439999999908
-0.024420839999999888
-0.012449839999999823
-0.00047883999999986937
-0.010055639999999921
-0.019632439999999862
-0.005267239999999895
0.009097960000000072
-0.0028730399999999934
-0.014844039999999947
-0.011252739999999872
-0.007661439999999908
-0.004070139999999944
-0.00047883999999986937
-0.005267239999999895
-0.010055639999999921
-0.00047883999999986937
-0.010055639999999921
-0.019632439999999862
-0.00047883999999986937
-0.0028730399999998824
-0.005267239999999895
-0.0028730399999998824
-0.00047883999999986937
-0.005267239999999895
-0.010055639999999921
-0.00800346857142853
-0.005951297142857026
-0.003899125714285634
-0.0018469542857142418
0.00020521714285715031
0.0022573885714286535
0.004309560000000046
-0.014844039999999947
-0.014844039999999947
-0.019632439999999862
-0.014844039999999947
-0.010055639999999921
-0.0028730399999999934
0.004309560000000046
-0.00047883999999986937
-0.005267239999999895
-0.008459506666666616
-0.011651773333333226
-0.014844039999999947
-0.013247906666666642
-0.011651773333333226
-0.010055639999999921
-0.019632439999999862
-0.01843533999999991
-0.01723823999999985
-0.016041139999999898
-0.014844039999999836
-0.013646939999999885
-0.012449839999999823
-0.011252739999999872
-0.010055639999999921
-0.00885853999999986
-0.007661439999999908
-0.006464339999999846
-0.005267239999999895
0.004309560000000046
-0.014844039999999947
-0.014844039999999947
-0.00047883999999986937
-0.005267239999999895
-0.00047883999999986937
-0.024420839999999888
-0.010055639999999921
-0.00047883999999986937
0.009097960000000072
-0.019632439999999862
-0.00047883999999986937
-0.0033518799999998627
-0.006224919999999856
-0.00909795999999996
-0.011970999999999954
-0.014844039999999947
-0.012449839999999934
-0.010055639999999921
-0.014844039999999947
-0.005267239999999895
-0.005267239999999895
-0.007661439999999908
-0.010055639999999921
-0.012449839999999934
-0.014844039999999947
-0.007661439999999908
-0.00047883999999986937
-0.004070139999999944
-0.007661439999999908
-0.011252739999999872
-0.014844039999999947
-0.011651773333333226
-0.008459506666666616
-0.005267239999999895
-0.011651773333333226
-0.018036306666666557
-0.024420839999999888
-0.019632439999999862
-0.014844039999999947
-0.00047883999999986937
-0.00047883999999986937
-0.00047883999999986937
-0.029209299999999883
-0.020829584999999873
-0.012449869999999863
-0.004070154999999964
0.004309560000000046
-0.004070154999999964
-0.012449869999999863
-0.020829584999999873
-0.029209299999999883
-0.018036346666666536
-0.006863393333333301
0.004309560000000046
-0.005267239999999895
-0.014844039999999947
0.009097960000000072
0.005107626666666754
0.0011172933333334356
-0.0028730399999999934
-0.006863373333333311
-0.01085370666666663
-0.014844039999999947
0.004309560000000046
-0.010055639999999921
-0.024420839999999888
-0.010055639999999921
-0.014844039999999947
-0.012928679999999915
-0.011013319999999882
-0.00909795999999996
-0.007182599999999928
-0.005267239999999895
-0.011651773333333226
-0.018036306666666557
-0.024420839999999888
-0.012449839999999823
-0.00047883999999986937
-0.0068633733333332
-0.013247906666666531
-0.019632439999999862
-0.012449839999999823
-0.005267239999999895
-0.007661439999999908
-0.010055639999999921
-0.012449839999999934
-0.014844039999999947
-0.005267239999999895
-0.029209299999999883
-0.005267239999999895
-0.012449869999999863
-0.024420839999999888
0.009097960000000072
-0.010055639999999921
-0.00047883999999986937
-0.001784767272727139
-0.003090694545454409
-0.0043966218181816785
-0.005702549090908948
-0.007008476363636218
-0.008314403636363599
-0.009620330909090868
-0.010926258181818138
-0.012232185454545408
-0.013538112727272678
-0.014844039999999947
-0.005267239999999895
-0.014844039999999947
0.004309560000000046
-0.00047883999999986937
-0.014844039999999947
0.013886360000000098
-0.019632439999999862
-0.014844039999999836
-0.010055639999999921
-0.005267239999999895
-0.00047883999999986937
-0.0016759399999998204
-0.0028730399999998824
-0.024420839999999888
-0.012449839999999823
-0.00047883999999986937
-0.019632439999999862
-0.014844039999999947
-0.010055639999999921
-0.010055639999999921
-0.010055639999999921
-0.009576799999999941
-0.00909795999999996
-0.008619119999999869
-0.008140279999999889
-0.007661439999999908
-0.007182599999999928
-0.0067037599999999475
-0.006224919999999856
-0.005746079999999876
-0.005267239999999895
-0.010055639999999921
-0.014844039999999947
-0.019632439999999862
-0.010055639999999921
-0.014844039999999947
-0.019632439999999862
-0.010055639999999921
-0.029209299999999883
0.004309560000000046
-0.03399769999999991
0.009097960000000072
0.005746080000000098
0.002394200000000124
-0.0009576799999999608
-0.0043095599999999346
-0.007661439999999908
-0.011013319999999882
-0.014365199999999856
-0.01771707999999994
-0.021068959999999914
-0.024420839999999888
0.013886360000000098
-0.019632439999999862
0.004309560000000046
-0.024420839999999888
-0.024420839999999888
-0.005267239999999895
-0.00047883999999986937
-0.0020749733333331744
-0.0036711066666665904
-0.005267239999999895
-0.010055639999999921
0.009097960000000072
-0.010055639999999921
-0.007661439999999908
-0.005267239999999895
-0.010055639999999921
-0.014844039999999947
0.013886360000000098
-0.00047885999999985884
-0.014844079999999926
-0.029209299999999883
-0.02729393399999991
-0.025378567999999935
-0.02346320199999985
-0.021547835999999876
-0.019632469999999902
-0.017717103999999928
-0.015801737999999954
-0.01388637199999987
-0.011971005999999895
-0.010055639999999921
-0.012449839999999934
-0.014844039999999947
-0.00047883999999986937
-0.005267239999999895
-0.010055639999999921
-0.011252739999999872
-0.012449839999999934
-0.013646939999999885
-0.014844039999999947
-0.016041139999999898
-0.01723823999999985
-0.01843533999999991
-0.019632439999999862
-0.020829539999999924
-0.022026639999999875
-0.023223739999999937
-0.024420839999999888
-0.019632439999999973
-0.014844039999999947
-0.00047883999999986937
-0.012449839999999823
-0.024420839999999888
-0.014844039999999947
-0.010055639999999921
0.009097960000000072
-0.010055639999999921
-0.010055639999999921
-0.010055639999999921
-0.014844039999999947
0.004309560000000046
0.0019153600000000326
-0.00047883999999986937
-0.019632439999999862
-0.010055639999999921
-0.005267239999999895
-0.00047883999999986937
-0.00047883999999986937
-0.00047883999999986937
-0.00047883999999986937
-0.00047883999999986937
-0.00047883999999986937
-0.00047883999999986937
-0.00047883999999986937
-0.00047883999999986937
-0.00047883999999986937
-0.007661439999999908
-0.01723823999999985
-0.005267239999999895
-0.007661439999999908
-0.010055639999999921
-0.012449839999999934
-0.014844039999999947
-0.014844039999999947
-0.014844039999999947
-0.014844039999999947
-0.014844039999999947
-0.014844039999999947
-0.014844039999999947
-0.014844039999999947
-0.014844039999999947
-0.014844039999999947
-0.014844039999999947
-0.011651773333333226
-0.008459506666666616
-0.005267239999999895
-0.005267239999999895
-0.012449839999999934
-0.01723823999999985
-0.014844039999999947
-0.011651773333333226
-0.008459506666666616
-0.005267239999999895
0.004309560000000046
-0.0016759399999999314
-0.007661439999999908
-0.013646939999999885
-0.019632439999999862
-0.007661439999999908
-0.010055639999999921
-0.01723823999999985
-0.024420839999999888
-0.016440173333333252
-0.008459506666666505
-0.00047883999999986937
-0.005267239999999895
-0.007661439999999908
-0.010055639999999921
-0.012449839999999934
-0.014844039999999947
-0.011252739999999872
-0.007661439999999908
-0.004070139999999944
-0.00047883999999986937
-0.0043095599999998235
-0.008140279999999889
-0.011970999999999843
