-0.00574624999999962
-0.007342416666666907
-0.008938583333332417
-0.010534749999999704
-0.012130916666666991
-0.013727083333332502
-0.015323249999999788
-0.017717250000000462
-0.02011124999999936
-0.02011124999999936
-0.0009572500000007977
-0.02011124999999936
-0.013726583333333764
-0.007341916666666393
-0.0009572500000007977
-0.00574624999999962
-0.00574624999999962
-0.010534250000000966
-0.029688249999999528
-0.02011124999999936
-0.010534250000000966
-0.0009572500000007977
-0.015323249999999788
-0.029688249999999528
-0.017717250000000462
-0.00574624999999962
-0.008140250000000293
-0.010534250000000966
-0.0121305833333345
-0.013726916666666256
-0.015323249999999788
-0.00574624999999962
-0.008140250000000293
-0.010534250000000966
-0.012928500000001009
-0.015322749999999274
-0.017716999999999317
-0.02011124999999936
-0.015323249999999788
-0.017375392857141847
-0.019427535714285682
-0.02147967857142774
-0.023531821428571575
-0.025583964285713634
-0.02763610714285747
-0.029688249999999528
-0.00574624999999962
-0.00574624999999962
0.00861875000000012
0.00861875000000012
0.00861875000000012
0.00861875000000012
0.00861875000000012
0.00861875000000012
0.00861875000000012
-0.0033522499999989464
-0.015323249999999788
-0.02011124999999936
-0.0009572500000007977
-0.015323249999999788
-0.0009572500000007977
-0.010534250000000966
-0.017717000000001093
-0.024899749999999443
-0.0009572500000007977
-0.0009572500000007977
-0.0009572500000007977
-0.0009572500000007977
-0.004788050000000155
-0.008618849999999512
-0.012449650000000645
-0.016280450000000002
-0.02011124999999936
-0.010534250000000966
-0.010534250000000966
-0.010534250000000966
-0.010534250000000966
-0.010534250000000966
-0.015323249999999788
-0.00574624999999962
-0.02011124999999936
-0.024899250000000706
-0.017716750000001724
-0.010534250000000966
-0.0009577500000013117
0.00861875000000012
0.0006380833333334834
-0.0073425833333331525
-0.015323249999999788
-0.013726916666666256
-0.0121305833333345
-0.010534250000000966
-0.02011124999999936
-0.01053424999999919
-0.0009572500000007977
-0.034476250000000874
-0.02968775000000079
-0.024899250000000706
-0.00574624999999962
-0.008140499999999662
-0.010534749999999704
-0.012928999999999746
-0.015323249999999788
-0.015323249999999788
-0.015323249999999788
-0.014365449999999669
-0.013407649999999549
-0.012449850000001206
-0.011492050000001086
-0.010534250000000966
-0.015323249999999788
-0.015323249999999788
-0.015323249999999788
-0.015323249999999788
-0.015323249999999788
-0.015323249999999788
-0.015323249999999788
-0.008140250000000293
-0.009337250000001518
-0.010534250000000966
-0.034476250000000874
-0.03248108333333377
-0.030485916666666668
-0.02849075000000134
-0.02649558333333424
-0.024500416666667135
-0.02250525000000181
-0.020510083333334705
-0.018514916666667602
-0.0165197500000005
-0.014524583333333396
-0.01252941666666807
-0.010534250000000966
-0.024899250000000706
-0.017717250000000462
-0.00574624999999962
-0.00574624999999962
-0.006943249999999068
-0.008140250000000293
-0.02011124999999936
-0.02011124999999936
-0.02011124999999936
-0.02011124999999936
-0.023303583333332156
-0.02649591666666673
-0.029688249999999528
-0.012928750000000377
-0.007342250000000661
-0.0017557499999991677
0.003830750000000549
-0.0009577499999995354
-0.00574624999999962
-0.010534749999999704
-0.015323249999999788
-0.024899250000000706
-0.02011124999999936
-0.012928750000000377
-0.00574624999999962
0.001436250000001138
0.00861875000000012
-0.029688249999999528
-0.02011124999999936
-0.010534250000000966
-0.008140250000000293
-0.00574624999999962
-0.011218678571427887
-0.01669110714285793
-0.022163535714286198
-0.027635964285714465
-0.03310839285714273
-0.038580821428572776
-0.04405325000000104
-0.008140250000000293
-0.014724250000000438
-0.021308250000000584
-0.02789225000000073
-0.034476250000000874
-0.005745750000000882
-0.029688249999999528
-0.008140250000000293
0.013407749999998941
0.0014367499999998756
-0.010534250000000966
-0.01691891666666656
-0.023303583333333933
-0.029688249999999528
-0.02011124999999936
-0.010534250000000966
-0.02011124999999936
-0.029688249999999528
-0.03447674999999961
-0.039265249999999696
-0.008140250000000293
0.02298474999999911
-0.034476250000000874
-0.02250525000000181
-0.010534250000000966
0.018195750000000288
0.00023924999999991314
-0.017717250000000462
-0.03567374999999906
-0.053630249999999435
-0.015323249999999788
-0.010534749999999704
-0.00574624999999962
-0.013726916666666256
-0.02170758333333289
-0.029688249999999528
-0.00574624999999962
-0.015322749999999274
-0.024899250000000706
-0.017716916666666194
-0.010534583333333458
-0.0033522499999989464
-0.016520249999999237
-0.029688249999999528
-0.026097000000000037
-0.022505750000000546
-0.01891449999999928
-0.015323249999999788
0.027772750000000457
-0.008140250000000293
-0.04405325000000104
-0.03766858333333367
-0.03128391666666808
-0.024899250000000706
-0.02011124999999936
-0.04405325000000104
-0.06799525000000095
-0.00574624999999962
-0.016919249999999053
-0.028092250000000263
-0.039265249999999696
-0.03128458333333306
-0.023303916666666424
-0.015323249999999788
0.03256075000000003
0.02378208333333376
0.01500341666666749
0.006224750000001222
-0.0025539166666668223
-0.01133258333333309
-0.02011124999999936
-0.010534250000000966
-0.024899250000000706
-0.0009572500000007977
0.02298474999999911
0.002234749999999508
-0.018515250000000094
-0.039265249999999696
-0.03208249999999957
-0.024899749999999443
-0.017717000000001093
-0.010534250000000966
0.013407749999998941
-0.053630249999999435
-0.010534250000000966
-0.0009572500000007977
-0.02011124999999936
-0.039265249999999696
-0.008140250000000293
0.02298474999999911
0.008619499999998226
-0.005745750000000882
-0.02011099999999999
-0.034476250000000874
-0.03407725000000106
-0.03367825000000124
-0.03327924999999965
-0.03288024999999983
-0.03248125000000002
-0.0320822500000002
-0.031683250000000385
-0.03128425000000057
-0.030885250000000752
-0.03048624999999916
-0.030087249999999344
-0.029688249999999528
-0.008938583333332417
0.011811083333332917
0.03256075000000003
-0.0320822500000002
-0.09672525000000043
-0.058418249999999006
-0.02011124999999936
0.00861875000000012
-0.02011124999999936
-0.04884125000000061
-0.01053424999999919
0.027772750000000457
-0.029688249999999528
-0.018515250000000094
-0.007342249999998884
0.003830750000000549
-0.00574624999999962
-0.02011124999999936
0.018195750000000288
-0.027293750000000117
-0.02729425000000063
0.042137750000000196
0.003830750000000549
-0.034476250000000874
-0.07278325000000052
-0.04405325000000104
-0.018515250000000094
0.007022749999999078
0.03256075000000003
-0.07278325000000052
-0.04405325000000104
-0.015323249999999788
-0.010534749999999704
-0.00574624999999962
-0.03447674999999961
-0.0632072499999996
-0.04405350000000041
-0.024899749999999443
-0.005746000000000251
0.013407749999998941
-0.015323249999999788
-0.029688249999999528
-0.0025539166666668223
0.02458041666666766
0.051714750000000365
-0.034476250000000874
-0.02250525000000181
-0.010534250000000966
0.0205902499999997
0.051714750000000365
0.01819608333333278
-0.015322583333333029
-0.04884125000000061
0.027772750000000457
0.026575749999999232
0.025378749999999783
0.024181750000000335
0.02298474999999911
-0.08714924999999951
-0.044053583333333535
-0.0009579166666657812
0.042137750000000196
0.008619249999998857
-0.024899250000000706
-0.051235750000000024
-0.07757224999999934
-0.015322749999999274
0.04692674999999902
-0.05841825000000078
-0.06320675000000087
-0.06799525000000095
-0.04804358333333347
-0.02809191666666777
-0.008140250000000293
0.011811416666667185
0.03176308333333289
0.051714750000000365
0.0006384166666659752
-0.05043791666666664
-0.10151425000000103
-0.039265249999999696
-0.02170758333333289
-0.004149916666667863
0.013407749999998941
-0.03447674999999961
-0.01292825000000164
0.021787249999999148
0.056502749999999935
0.050916416666666464
0.04533008333333299
0.03974374999999952
0.03415741666666605
0.02857108333333258
0.02298474999999911
0.016998999999998432
0.01101324999999953
0.018195750000000288
0.019632350000000187
0.021068950000000086
0.022505549999999985
0.023942149999999884
0.025378749999999783
-0.02011124999999936
0.011811416666667185
0.04373408333333373
0.07565675000000027
0.011013250000001307
-0.053630249999999435
-0.038307249999999016
-0.022984250000000372
-0.007661249999999953
0.0076617499999986904
0.02298474999999911
0.04692674999999902
-0.0320822500000002
-0.018515250000000094
-0.004948249999999987
0.00861875000000012
-0.05841825000000078
-0.04596845000000016
-0.03351864999999954
-0.021068850000000694
-0.008619050000000072
0.003830750000000549
0.02298474999999911
-0.04884125000000061
-0.03687024999999977
-0.024899250000000706
-0.017716750000001724
-0.010534250000000966
-0.039265249999999696
-0.017717250000000462
0.003830750000000549
0.010215416666666144
0.016600083333333515
0.02298474999999911
0.015801999999998984
0.008619249999998857
0.0014365000000005068
-0.00574624999999962
-0.015322916666667297
-0.024899583333333197
-0.034476250000000874
-0.010534250000000966
0.013407749999998941
-0.039265249999999696
0.00861875000000012
0.011013000000000162
0.013407250000000204
0.015801500000000246
0.018195750000000288
0.037349750000000626
-0.04405325000000104
0.03256075000000003
0.020110949999999406
0.007661150000000561
-0.004788650000000061
-0.017238449999998906
-0.029688249999999528
-0.02011124999999936
-0.010534250000000966
-0.02011124999999936
0.03256075000000003
-0.04405325000000104
-0.015323249999999788
-0.02011124999999936
-0.024899250000000706
-0.017716750000001724
-0.010534250000000966
-0.011864361111111776
-0.013194472222222586
-0.014524583333333396
-0.015854694444445983
-0.017184805555556792
-0.018514916666667602
-0.019845027777778412
-0.021175138888889222
-0.02250525000000181
-0.02383536111111262
-0.02516547222222343
-0.02649558333333424
-0.027825694444445048
-0.029155805555555858
-0.030485916666666668
-0.031816027777779254
-0.033146138888890064
-0.034476250000000874
-0.015322583333334805
0.0038310833333330407
0.02298474999999911
0.00622524999999996
-0.010534250000000966
-0.015322583333334805
-0.020110916666666867
-0.024899250000000706
-0.008140250000000293
0.00861875000000012
0.001436250000001138
-0.00574624999999962
-0.05841825000000078
-0.02250525000000181
0.013407749999998941
0.0014367499999998756
-0.010534250000000966
-0.017716750000001724
-0.024899250000000706
-0.015322625000001366
-0.005746000000002027
-0.008140499999999662
-0.017716750000001724
-0.020510000000001583
-0.02330325000000144
-0.0260965000000013
-0.028889750000001158
-0.031683000000001016
-0.034476250000000874
-0.010534749999999704
-0.008140250000000293
-0.005745750000000882
-0.0009573750000004821
0.0038309999999981414
0.008619374999998541
0.013407749999998941
-0.0033517500000002087
-0.02011124999999936
-0.01532291666666552
-0.010534583333333458
-0.00574624999999962
-0.022505250000000032
-0.018514916666667602
-0.014524583333333396
-0.010534250000000966
-0.010534250000000966
-0.012928750000000377
-0.015323249999999788
-0.007661649999999298
-5.000000058430487e-08
0.007661549999999906
0.01532314999999862
0.02298474999999911
-0.00574624999999962
-0.010534250000000966
0.00861875000000012
0.0006380833333334834
-0.0073425833333331525
-0.015323249999999788
