0.03184288299999993
-0.10702081700000005
-0.0415793003333334
0.023862216333333297
0.08930373299999994
-0.03998315700000005
-0.011252717000000079
0.00949702633333327
0.030246769666666617
0.050996512999999966
-0.08307879700000004
0.015083472999999958
0.11324574299999993
-0.016041152000000114
-0.14532804700000007
0.005506662999999912
0.15634137299999995
0.010295077999999958
-0.13575121700000004
-0.03359861700000005
0.06855398299999996
0.17070658299999994
0.02944868299999992
-0.11180921700000007
0.024660277999999924
0.16112977299999995
0.10654197499999996
0.051954176999999935
-0.002633621000000086
-0.05722141900000005
-0.11180921700000007
0.12282255299999995
-0.05434837700000006
0.08451532299999995
0.034237082999999946
-0.016041157000000084
0.060573312999999934
0.04780423633333325
0.03503515966666659
0.022266082999999937
0.022266082999999937
0.024318254428571384
0.026370425857142776
0.028422597285714224
0.03047476871428567
0.03252694014285712
0.03457911157142851
0.03663128299999996
0.027054482999999963
0.01987187299999993
-0.020829557000000054
-7.98103333333744e-05
0.02066993633333325
0.04141968299999993
0.01987187299999993
-0.0016759370000000717
-0.00047883700000006524
0.0007182629999999413
0.0019153629999999477
0.0031124629999999542
0.03663128299999996
0.0031124629999999542
0.007900862999999925
0.007900862999999925
0.007900862999999925
0.007900862999999925
0.007900862999999925
0.007900862999999925
0.007900862999999925
0.007900862999999925
0.007900862999999925
0.007900862999999925
0.007900862999999925
0.007900862999999925
0.007900862999999925
0.007900862999999925
0.007900862999999925
0.007900862999999925
0.007900862999999925
0.007900862999999925
0.007900862999999925
0.007900862999999925
0.007900862999999925
0.007900862999999925
0.007900862999999925
0.007900862999999925
0.007900862999999925
0.01029506633333327
0.012689269666666614
0.015083472999999958
0.022266082999999937
0.015083472999999903
0.007900862999999925
0.010295072999999932
0.0031124629999999542
-0.0016759370000000717
0.0007182629999999413
-0.0016759370000000717
0.007900872999999975
0.01268926299999995
0.014285402999999974
0.015881542999999942
0.017477682999999966
-0.006464337000000042
0.01268926299999995
0.011492162999999944
0.010295062999999938
0.009097962999999931
0.007900862999999925
0.007900862999999925
0.007900862999999925
0.007900862999999925
0.007900862999999925
0.007900862999999925
-0.004070137000000029
-7.980366666671124e-05
0.003910529666666607
0.007900862999999925
0.010295062999999938
0.01268926299999995
0.007900862999999925
0.0031124629999999542
0.007900869666666643
0.012689276333333277
0.017477682999999966
0.01268926299999995
-0.006464337000000042
0.01268926299999995
0.01268926299999995
0.01268926299999995
0.01268926299999995
-0.006464337000000042
-0.0032720703333333767
-7.980366666671124e-05
0.0031124629999999542
-7.980366666671124e-05
-0.0032720703333333767
-0.006464337000000042
0.0031124629999999542
0.0031124629999999542
0.0031124629999999542
-0.011252717000000079
-0.009816199000000081
-0.008379681000000083
-0.0069431630000000855
-0.005506645000000088
-0.00407012700000009
-0.0026336090000000367
-0.001197091000000039
0.00023942699999995876
0.0016759449999999565
0.0031124629999999542
0.007900862999999925
0.0031124629999999542
0.0031124629999999542
-0.0016759370000000717
0.010295062999999938
0.0031124696666666174
-0.004070123666666758
-0.011252717000000079
0.000718272999999936
0.01268926299999995
0.010295062999999938
0.007900862999999925
0.012689272999999945
0.017477682999999966
0.017477682999999966
0.017477682999999966
0.017477682999999966
0.012689276333333277
0.007900869666666643
0.0031124629999999542
0.0031124629999999542
0.005506662999999912
0.007900862999999925
0.007900862999999925
0.007900862999999925
-0.0016759370000000717
-0.0016759370000000717
-0.0016759370000000717
-0.0016759370000000717
-0.004070137000000029
-0.006464337000000042
-0.004070137000000029
-0.0016759370000000717
0.0007182629999999413
0.0031124629999998987
0.005506662999999912
0.007900862999999925
0.01268926299999995
-0.006464337000000042
0.01268926299999995
0.010561085222222155
0.008432907444444415
0.00630472966666662
0.004176551888888824
0.0020483741111110843
-7.980366666671124e-05
-0.0022079814444445067
-0.004336159222222247
-0.006464337000000042
0.0031124679999999794
0.012689272999999945
-0.006464337000000042
-0.004336159222222247
-0.0022079814444445067
-7.980366666671124e-05
0.0020483741111110843
0.004176551888888824
0.00630472966666662
0.008432907444444415
0.010561085222222155
0.01268926299999995
-0.004070137000000029
0.012689272999999945
0.017477672999999916
0.007900862999999925
-0.011252717000000079
-0.01029504100000006
-0.009337365000000042
-0.008379689000000079
-0.007422013000000061
-0.006464337000000042
0.0007182629999999413
0.007900862999999925
0.0031124629999999542
0.0031124629999999542
0.0031124629999999542
0.0031124629999999542
0.017477682999999966
0.011093142999999972
0.004708602999999922
-0.0016759370000000717
0.007900862999999925
0.007900862999999925
0.007900862999999925
0.007900862999999925
0.007900862999999925
0.0031124629999998987
-0.0016759370000000717
0.0019153629999999477
0.005506662999999912
0.009097962999999931
0.01268926299999995
-0.0016759370000000717
-0.011252717000000079
-0.00407012700000009
0.0031124629999999542
0.005506662999999912
0.007900862999999925
0.007900862999999925
0.007900862999999925
0.007900862999999925
0.004708596333333259
0.0015163296666665937
-0.0016759370000000717
0.005506662999999912
0.004908112999999936
0.004309562999999961
0.0037110129999999297
0.0031124629999999542
0.007900862999999925
0.01268926299999995
-0.0016759370000000717
0.005506662999999912
0.01268926299999995
0.010295064999999937
0.007900866999999923
0.005506668999999964
0.00311247099999995
0.000718272999999936
-0.001675925000000078
-0.004070123000000092
-0.006464321000000051
-0.008858519000000065
-0.011252717000000079
-0.001675927000000077
0.007900862999999925
0.010295062999999938
0.01268926299999995
0.010295062999999938
0.007900862999999925
0.010295062999999938
0.01268926299999995
0.0031124629999999542
-0.006464337000000042
0.015083472999999958
0.03663128299999996
-0.020829557000000054
0.005506662999999912
0.03184288299999993
0.015083472999999903
-0.0016759370000000717
-0.020829557000000054
0.000718272999999936
0.03244144299999996
0.06416461299999993
0.09588778299999995
0.12761095299999994
-0.09265559700000003
0.010295072999999932
0.017477676333333247
0.024660279666666618
0.03184288299999993
0.027054482999999963
0.013487339666666598
-7.980366666671124e-05
-0.01364694700000002
-0.027214090333333385
-0.04078123366666675
-0.05434837700000006
0.0007182629999999413
0.04620809633333328
0.09169792966666662
0.13718776299999993
-0.01843535700000004
0.0031124629999999542
-0.00965661033333337
-0.02242568366666675
-0.035194757000000076
-0.01524307700000005
0.004708602999999922
0.02466028299999995
0.04461196299999992
0.06456364299999995
0.08451532299999995
-0.10702081700000005
-0.05913678100000003
-0.011252745000000064
0.036631290999999955
0.08451532699999995
0.13239936299999994
-0.028012152000000068
-0.01843535700000004
0.04740519299999996
0.11324574299999993
0.0055066729999999064
-0.10223239700000009
0.010295077999999958
0.12282255299999995
0.06895301549999994
0.015083477999999984
-0.038786059500000025
-0.09265559700000003
0.027054482999999963
0.07972692299999995
-0.10223239700000009
0.015083482999999953
0.13239936299999994
0.08068460699999994
0.028969850999999935
-0.022744905000000037
-0.07445966100000001
-0.12617441700000004
0.07493852299999995
-0.0016759370000000717
0.00849942049999991
0.018674777999999947
0.02885013549999993
0.03902549299999991
-0.13096281700000006
-0.04796382700000007
0.03503516299999998
0.11803415299999995
-0.03998315700000005
-0.033598623666666716
-0.027214090333333385
-0.020829557000000054
0.014285402999999919
0.04940036299999995
0.08451532299999995
0.042616797999999956
0.000718272999999936
-0.026216499500000046
-0.05315127200000003
-0.08008604450000006
-0.10702081700000005
-0.028012152000000068
0.050996512999999966
0.03184288299999993
-0.028012157000000037
-0.08786719700000006
0.12282255299999995
0.07302315899999995
0.023223764999999952
-0.026575629000000045
-0.07637502300000004
-0.12617441700000004
0.09888053299999994
0.07685388299999993
0.05482723299999992
0.03280058299999994
0.010773932999999958
-0.011252717000000079
0.0366312929999999
0.005985510999999888
-0.024660271000000067
-0.05530605300000008
-0.08595183500000003
-0.11659761700000004
-0.06312711366666673
-0.00965661033333337
0.04381389299999994
-0.011252717000000079
0.012689292999999935
0.03663130299999995
0.060573312999999934
0.08451532299999995
-0.09265559700000003
0.024660277999999924
-0.006464337000000042
0.03184288299999993
0.07015010299999994
-0.023223757000000067
-0.11659761700000004
-0.06392517950000004
-0.011252742000000038
0.04141969549999991
0.09409213299999994
-0.05434837700000006
0.022266082999999937
0.04141969799999995
0.060573312999999934
-0.01364694200000005
-0.08786719700000006
0.10845734299999993
0.050996502999999915
-0.006464337000000042
-0.06392517700000006
0.03663128299999996
0.039823549666666624
0.04301581633333329
0.046208082999999955
-0.0016759436666667349
-0.04955997033333337
-0.09744399700000006
0.11803415299999995
0.02226608799999996
-0.07350197700000005
-0.03519475200000005
0.003112472999999949
0.04141969799999995
-0.01604113950000008
-0.07350197700000005
-0.011252737000000068
0.050996502999999915
0.11324574299999993
-0.10702081700000005
-0.07158663300000007
-0.03615244900000003
-0.0007182650000000512
0.03471591899999993
0.07015010299999994
0.05259262966666661
0.03503515633333332
0.017477682999999966
-0.02082954700000006
-0.059136777000000085
0.11324574299999993
-0.10223239700000009
0.07493852299999995
0.04381389299999994
0.01268926299999995
-0.016041157000000084
-0.04477157700000006
-0.005267247000000086
0.034237082999999946
0.07374141299999992
0.11324574299999993
0.058179102999999954
0.0031124629999999542
-0.051954177000000046
-0.10702081700000005
0.04620809299999995
0.04215636761538455
0.0381046422307692
0.0340529168461538
0.0300011914615384
0.025949466076923056
0.021897740692307655
0.017846015307692253
0.013794289923076852
0.009742564538461507
0.005690839153846106
0.00163911376923076
-0.002412611615384641
-0.006464337000000042
-0.0076614395000000335
-0.008858542000000025
0.09888053299999994
-0.05434837700000006
-0.0016759370000000717
-0.025617952000000055
0.11803415299999995
-0.09744399700000006
0.046208082999999955
0.050996512999999966
-0.10223239700000009
-0.024021810333333393
0.0541887763333333
0.13239936299999994
-0.11659761700000004
-0.008858542000000025
0.09888053299999994
0.07541735699999993
0.05195418099999993
0.028491004999999958
0.005027828999999984
-0.018435347000000046
0.12761095299999994
0.036631286333333235
-0.054348380333333446
-0.14532804700000007
-0.004070142000000054
0.13718776299999993
0.10765927633333328
0.07813078966666662
0.04860230299999996
0.01907381633333327
-0.01045467033333336
-0.03998315700000005
-0.028810217000000027
-0.017637277000000062
-0.006464337000000042
0.07493852299999995
0.010295067999999963
-0.09744399700000006
-0.016041142000000064
0.06536171299999993
0.03184288299999993
0.012689270999999946
-0.00646434100000004
-0.025617953000000027
-0.04477156500000007
-0.06392517700000006
0.003112457999999929
0.055784900499999956
0.10845734299999993
0.0605733096666666
0.012689276333333277
-0.035194757000000076
-0.011252717000000079
0.041419707999999944
0.09409213299999994
0.07445967999999994
0.05482722699999992
0.03519477399999993
0.015562320999999935
-0.00407013200000006
-0.023702585000000054
-0.04333503800000005
-0.0629674910000001
-0.08259994400000004
-0.10223239700000009
-0.04836286200000006
0.005506672999999962
0.07972692299999995
-0.01364694700000002
0.14676456299999993
0.12282254761538455
0.09888053223076915
0.07493851684615377
0.05099650146153839
0.027054486076923012
0.0031124706923075784
-0.0208295446923078
-0.04477156007692318
-0.06871357546153856
-0.09265559084615393
-0.11659760623076931
-0.1405396216153847
-0.16448163700000007
-0.05434836366666673
0.055784909666666604
0.16591818299999994
-0.10223239700000009
-0.0399831570000001
0.022266082999999937
0.03663129799999998
0.050996512999999966
0.02106899049999994
-0.008858532000000086
-0.038786054500000056
-0.06871357700000008
0.09888053299999994
-0.07829041700000006
-0.0016759470000000665
0.07493852299999995
0.0031124663333332303
0.007900862999999925
0.027054482999999963
0.00023942299999996086
-0.02657563700000004
-0.05339069700000004
-0.08020575700000004
-0.10702081700000005
0.10366894299999993
0.07015011899999993
0.03663129499999995
0.00311247099999995
-0.030406353000000053
-0.06392517700000006
0.10845734299999993
0.027054482999999963
-0.13096281700000006
0.02466028799999992
0.18028339299999993
-0.12617441700000004
-0.0016759320000000466
0.12282255299999995
-0.059136777000000085
0.0007182679999999109
0.060573312999999934
0.04141969899999992
0.022266084999999936
0.0031124709999998945
-0.01604114300000009
-0.035194757000000076
0.04141968299999993
-0.011252717000000079
-0.001675927000000077
0.007900862999999925
0.015083472999999903
0.022266082999999937
-0.0016759370000000717
-0.02561795700000008
0.03184288299999993
0.022266075499999927
0.01268926799999992
0.003112460499999914
-0.0064643470000000924
-0.016041154500000043
-0.02561796200000005
-0.035194769500000056
-0.04477157700000006
0.005506667999999937
0.07015010299999994
-0.05434837700000006
-0.008060477000000066
0.03822742299999993
0.08451532299999995
0.01987187299999993
-0.04477157700000006
0.060573312999999934
-0.016041157000000084
-0.0032720770000000954
0.009497002999999948
0.022266082999999937
0.005506682999999901
-0.011252717000000079
0.017477682999999966
0.014484927999999953
0.011492172999999939
0.008499417999999925
0.005506662999999912
0.007900862999999925
0.010295062999999938
0.01268926299999995
0.007900862999999925
0.010295062999999938
0.01268926299999995
0.010295062999999938
0.007900862999999925
0.006943182999999908
0.005985502999999948
0.005027822999999931
0.0040701429999999705
0.0031124629999999542
0.0031124629999999542
0.017477682999999966
0.016280577999999934
0.015083472999999958
0.013886367999999982
0.01268926299999995
0.0031124629999999542
-7.980366666671124e-05
-0.0032720703333333767
-0.006464337000000042
0.007900872999999975
0.007900870999999976
0.007900868999999977
0.007900866999999923
0.007900864999999924
0.007900862999999925
-0.001675927000000077
-0.011252717000000079
0.010295082999999927
0.009497009666666612
0.00869893633333324
0.007900862999999925
0.0031124629999999542
0.0015163296666665937
-7.980366666671124e-05
-0.0016759370000000717
0.007900862999999925
0.014285402999999919
0.02066994299999997
0.027054482999999963
0.02500230871428566
0.02295013442857141
0.020897960142857108
0.018845785857142805
0.0167936115714285
0.014741437285714254
0.01268926299999995
0.010295072999999988
0.007900862999999925
0.022266082999999937
0.007900862999999925
0.015083472999999903
0.022266082999999937
0.015083472999999903
0.007900862999999925
0.0031124629999999542
-0.0016759370000000717
-0.006464337000000042
0.005506672999999962
0.017477682999999966
0.017477682999999966
0.010295072999999988
0.0031124629999999542
0.005506662999999912
0.007900862999999925
0.010295067999999907
0.012689272999999945
0.015083477999999984
0.017477682999999966
0.017477682999999966
0.01556232099999999
0.013646958999999959
0.011731596999999927
0.009816234999999951
0.007900872999999975
0.005985510999999943
0.004070148999999912
0.002154786999999936
0.0002394249999999598
-0.0016759370000000717
0.017477682999999966
-0.006464337000000042
0.0031124629999999542
0.01268926299999995
0.0031124629999999542
0.010295072999999988
0.017477682999999966
0.016679612999999982
0.015881542999999942
0.015083472999999958
0.014285402999999974
0.013487332999999935
0.01268926299999995
-0.006464337000000042
-0.003591297000000049
-0.0007182570000000554
0.002154782999999938
0.005027822999999931
0.007900862999999925
-0.00407012700000009
-0.004070129000000089
-0.004070131000000088
-0.004070133000000031
-0.00407013500000003
-0.004070137000000029
0.01268926299999995
0.011731582999999934
0.010773902999999918
0.009816222999999957
0.008858542999999941
0.007900862999999925
0.010295072999999988
0.01268926299999995
0.01268926299999995
0.01268926299999995
0.010295062999999938
0.007900862999999925
0.007900866333333256
0.007900869666666643
0.007900872999999975
0.011093142999999972
0.014285412999999969
0.017477682999999966
0.007900872999999975
-0.0016759370000000717
0.017477682999999966
0.015881542999999942
0.014285402999999974
0.01268926299999995
0.013487332999999935
0.014285402999999974
0.015083472999999958
0.015881542999999942
0.016679612999999982
0.017477682999999966
0.010295072999999988
0.006703767999999943
0.0031124629999999542
0.007900862999999925
