0.004429270000000041
0.014006069999999982
0.0020350699999999167
-0.009935930000000037
-0.005147530000000011
-0.0003591299999999853
-0.01233012999999994
-0.024301130000000004
-0.011532063333333342
0.0012370033333333197
0.014006069999999982
0.010414770000000018
0.006823469999999943
0.0032321699999999787
-0.0003591299999999853
0.009217669999999956
0.005027819999999905
0.0008379699999999657
-0.0033518799999999738
-0.007541730000000024
-0.006344629999999962
-0.005147530000000011
0.0012370033333333197
0.007621536666666651
0.014006069999999982
0.006823469999999943
-0.0003591299999999853
-0.005147530000000011
-0.008339796666666732
-0.011532063333333342
-0.014724330000000063
-0.0027533300000001093
0.009217669999999956
-0.0027533300000001093
-0.014724330000000063
-0.0003591299999999853
-0.006743663333333316
-0.013128196666666647
-0.019512729999999978
0.00442926999999993
-0.0003591299999999853
-0.005147530000000011
-0.0035513966666667063
-0.0019552633333332903
-0.0003591299999999853
-0.0003591299999999853
-0.0003591299999999853
-0.0003591299999999853
0.00442926999999993
0.009217669999999956
-0.0003591299999999853
-0.009935930000000037
-0.007541730000000024
-0.005147530000000011
0.006823469999999943
0.018794470000000008
0.0020350699999999167
-0.014724330000000063
-0.009935930000000037
-0.005147530000000011
0.00442926999999993
0.0028331366666666247
0.0012370033333333197
-0.0003591299999999853
0.002513910000000008
0.0053869500000000015
0.008259989999999995
0.011133029999999988
0.014006069999999982
-0.009935930000000037
0.009217669999999956
-0.005147530000000011
-0.0003591299999999853
0.00442926999999993
0.00442926999999993
0.00442926999999993
-0.0003591299999999853
-0.005147530000000011
-0.0015562300000000473
0.0020350699999999167
0.005626369999999992
0.009217669999999956
-0.019512729999999978
0.009217669999999956
0.006823469999999943
0.00442926999999993
-0.0003591300000000963
-0.005147530000000011
-0.009935930000000037
-0.0003591299999999853
0.009217669999999956
-0.0003591299999999853
-0.005147530000000011
-0.009935930000000037
-0.006743663333333316
-0.0035513966666667063
-0.0003591299999999853
-0.0015562299999999363
-0.0027533299999999983
-0.00395043000000006
-0.005147530000000011
0.00442926999999993
-0.0003591299999999853
-0.0003591299999999853
-0.005147530000000011
-0.009935930000000037
-0.0027533300000001093
0.00442926999999993
0.009217669999999956
0.006344629999999962
0.003471589999999969
0.0005985499999999755
-0.002274490000000018
-0.005147530000000011
-0.0003591299999999853
-0.0003591299999999853
-0.005147530000000011
-0.009935930000000037
0.0020350699999999167
0.014006069999999982
0.009217669999999956
0.004429270000000041
-0.0003591299999999853
-0.005147530000000011
-0.005147530000000011
-0.0003591299999999853
0.00442926999999993
0.0028331366666666247
0.0012370033333333197
-0.0003591299999999853
-0.001316809999999946
-0.002274490000000018
-0.0032321699999999787
-0.0041898500000000505
-0.005147530000000011
0.00442926999999993
-0.009935930000000037
-0.008339796666666732
-0.006743663333333316
-0.005147530000000011
-0.0027533299999999983
-0.0003591299999999853
-0.005147530000000011
-0.009935930000000037
-0.008738830000000086
-0.007541730000000024
-0.006344629999999962
-0.005147530000000011
-0.0003591299999999853
0.00442926999999993
0.0016360366666666737
-0.0011571966666666933
-0.00395043000000006
-0.006743663333333316
-0.009536896666666572
-0.01233012999999994
-0.007541730000000024
0.0008379699999999657
0.009217669999999956
0.0012370033333333197
-0.006743663333333427
-0.014724330000000063
-0.009935930000000037
-0.005147530000000011
-0.005147530000000011
-0.005147530000000011
-0.005147530000000011
-0.005147530000000011
-0.005147530000000011
-0.005147530000000011
-0.005147530000000011
-0.005147530000000011
0.009217669999999956
0.004429270000000041
-0.0003591299999999853
-0.005147530000000011
-0.009935930000000037
-0.006105210000000083
-0.002274490000000018
0.0015562299999999363
0.0053869500000000015
0.009217669999999956
-0.0003591299999999853
-0.009935930000000037
-0.008339796666666732
-0.006743663333333316
-0.005147530000000011
-0.0035513966666667063
-0.0019552633333332903
-0.0003591299999999853
0.006823469999999943
0.008020569999999894
0.009217669999999956
0.0053869500000000015
0.0015562299999999363
-0.002274490000000018
-0.006105210000000083
-0.009935930000000037
0.0020350699999999167
-0.00395043000000006
-0.009935930000000037
-0.006743663333333316
-0.0035513966666667063
-0.0003591299999999853
-0.014724330000000063
-0.009935930000000037
-0.005147530000000011
-0.0003591299999999853
-0.0003591299999999853
-0.0003591299999999853
0.009217669999999956
0.010414770000000018
0.011611869999999969
0.01280896999999992
0.014006069999999982
0.008020570000000005
0.0020350699999999167
-0.00395043000000006
-0.009935930000000037
0.009217669999999956
-0.009935930000000037
-0.005147530000000011
-0.0032321699999999787
-0.001316810000000057
0.0005985499999999755
0.002513909999999897
0.00442926999999993
-0.0003591299999999853
-0.0003591299999999853
-0.0003591299999999853
-0.0003591299999999853
-0.0003591299999999853
-0.0027533299999999983
-0.005147530000000011
-0.0003591299999999853
-0.005147530000000011
-0.009935930000000037
-0.005147530000000011
-0.0003591299999999853
0.0020350699999999167
0.00442926999999993
0.00442926999999993
0.00442926999999993
0.003830719999999954
0.0032321699999999787
0.002633620000000003
0.0020350699999999167
0.0014365199999999412
0.0008379699999999657
0.0002394199999999902
-0.0003591299999999853
-0.0003591299999999853
-0.009935930000000037
0.009217669999999956
0.006823469999999943
-0.019512729999999978
-0.013128196666666647
-0.006743663333333316
-0.0003591299999999853
-0.0027533299999999983
-0.005147530000000011
-0.005147530000000011
-0.005147530000000011
-0.005147530000000011
-0.006743663333333316
-0.008339796666666732
-0.009935930000000037
-0.019512729999999978
-0.02270501666666669
-0.025897303333333288
-0.02908959
-0.005147530000000011
0.014006069999999982
0.0020350699999999167
-0.009935930000000037
-0.0003591299999999853
-0.008978261999999959
-0.017597394000000044
-0.026216526000000018
-0.0348356580000001
-0.043454790000000076
-0.005147530000000011
-0.004615485555555576
-0.004083441111111141
-0.0035513966666667063
-0.0030193522222222713
-0.0024873077777777253
-0.0019552633333332903
-0.0014232188888888553
-0.0008911744444444203
-0.0003591299999999853
0.023582870000000034
-0.043454790000000076
0.014006069999999982
-0.02908959
0.00442926999999993
0.011611869999999969
0.018794469999999897
0.025977069999999935
0.033159669999999974
-0.0003591299999999853
0.02837126999999995
-0.02190695500000006
-0.07218518000000002
-0.031483755
0.009217669999999956
-0.009935930000000037
-0.005147530000000011
-0.0003591299999999853
0.006344629999999962
0.01304839000000002
0.01975214999999997
0.026455910000000027
0.033159669999999974
-0.005147530000000011
0.033159669999999974
-0.06739678000000004
-0.04185863000000001
-0.01632048000000008
0.009217669999999956
-0.005147530000000011
-0.019512729999999978
-0.007541730000000024
0.00442926999999993
-0.009935930000000037
-0.0003591299999999853
0.006344629999999962
0.01304839000000002
0.01975214999999997
0.026455910000000027
0.033159669999999974
-0.009935930000000037
0.042736510000000005
0.00442925999999999
-0.033877990000000024
0.014006069999999982
-0.017118555000000035
-0.04824318
0.002035064999999947
0.052313309999999946
0.006823460000000003
-0.03866639000000005
-0.023702624999999977
-0.008738860000000015
0.006224904999999947
0.02118867000000002
0.015203170000000044
0.009217669999999956
0.023582890000000023
0.03794810999999998
0.0020350599999999774
-0.033877990000000024
-0.030885231249999978
-0.027892472500000043
-0.024899713750000108
-0.02190695500000006
-0.018642134545454603
-0.015377314090909144
-0.012112493636363686
-0.008847673181818227
-0.005582852727272769
-0.0023180322727273106
0.0009467881818181478
0.004211608636363606
0.007476429090909065
0.010741249545454523
0.014006069999999982
-0.02908959
0.018794469999999897
0.023582890000000023
-0.043454790000000076
0.014006069999999982
-0.026695355000000087
-0.06739678000000004
-0.03148375500000011
0.00442926999999993
-0.005147530000000011
-0.014724330000000063
-0.003351875000000004
0.008020579999999944
0.019393034999999892
0.03076548999999995
0.005626379999999931
-0.019512729999999978
-0.0003591299999999853
0.018794470000000008
-0.02190695500000006
-0.06260838000000002
-0.031483755
-0.0003591299999999853
-0.033877990000000024
-0.031962618
-0.030047245999999972
-0.028131874000000057
-0.02621650200000003
-0.024301130000000004
-0.01771708000000005
-0.011133029999999988
-0.004548980000000036
0.0020350699999999167
0.00861911999999998
0.015203169999999933
0.021787219999999996
0.02837126999999995
0.023582869999999923
0.018794470000000008
0.014006069999999982
0.00442926499999996
-0.005147530000000011
-0.024301130000000004
0.004429270000000041
0.033159669999999974
-0.02908959
0.01161186000000003
0.052313309999999946
0.002035064999999947
-0.04824318
0.014006069999999982
0.01195389857142859
0.009901727142857086
0.007849555714285694
0.005797384285714302
0.00374521285714291
0.0016930414285714068
-0.0003591299999999853
0.003232165000000009
0.006823460000000003
-0.03866639000000005
0.033159669999999974
-0.0003591299999999853
-0.005147530000000011
-0.009935930000000037
-0.014724330000000063
0.042736510000000005
-0.005147534999999981
-0.05303158000000002
-0.030286657500000036
-0.007541734999999994
0.015203187499999937
0.03794810999999998
0.014006089999999971
-0.009935930000000037
-0.009935930000000037
-0.009935930000000037
-0.009935930000000037
-0.009935930000000037
-0.009935930000000037
0.05710170999999997
-0.07697361000000003
0.014006089999999971
0.0032321699999999787
-0.007541750000000014
-0.018315670000000006
-0.02908959
-0.02238581900000003
-0.01568204800000006
-0.008978276999999979
-0.0022745060000000095
0.00442926499999996
0.006823469999999943
-0.009935950000000027
-0.026695370000000107
-0.043454790000000076
0.042736510000000005
0.006823460000000003
-0.02908959
-0.019512729999999978
0.016400289999999984
0.052313309999999946
0.016400289999999984
-0.019512729999999978
-0.026695360000000057
-0.033877990000000024
-0.00993595666666669
0.014006076666666645
0.03794810999999998
0.017198363333333355
-0.00355138333333338
-0.024301130000000004
-0.009935930000000037
0.033159669999999974
-0.005147560000000051
-0.043454790000000076
-0.024301160000000044
-0.005147530000000011
0.011611869999999969
0.02837126999999995
0.009217649999999966
-0.009935970000000016
-0.02908959
-0.005147530000000011
0.0028331366666666247
0.010813803333333372
0.018794470000000008
-0.02908959
-0.019512760000000018
-0.009935930000000037
-0.007199701428571514
-0.0044634728571428806
-0.0017272442857143577
0.0010089842857142761
0.003745212857142799
0.006481441428571433
0.009217669999999956
-0.009935930000000037
-0.007275707777777862
-0.004615485555555576
-0.0019552633333334013
0.0007049588888888847
0.0033651811111110597
0.006025403333333346
0.00868562555555552
0.011345847777777807
0.014006069999999982
-0.024301130000000004
-0.009935930000000037
-0.005147530000000011
-0.02908959
0.014006069999999982
-0.005147530000000011
0.014006069999999982
-0.0019552833333333908
-0.017916636666666652
-0.033877990000000024
0.009217669999999956
0.009217669999999956
0.009217669999999956
0.009217669999999956
0.009217669999999956
-0.019512729999999978
0.042736510000000005
0.031791581428571414
0.020846652857142822
0.00990172428571423
-0.0010432042857142498
-0.011988132857142841
-0.022933061428571433
-0.033877990000000024
0.02118867000000002
-0.011133060000000028
-0.043454790000000076
0.052313309999999946
0.03603272999999996
0.01975214999999997
0.0034715699999999794
-0.01280901000000001
-0.02908959
-0.015522436666666639
-0.0019552833333333908
0.011611869999999969
-0.007541754999999983
-0.02549827250000003
-0.043454790000000076
-0.0003591299999999853
0.0016930414285714068
0.00374521285714291
0.005797384285714302
0.007849555714285694
0.009901727142857086
0.01195389857142859
0.014006069999999982
0.006344629999999962
-0.001316810000000057
-0.008978249999999965
-0.016639689999999985
-0.024301130000000004
0.004429270000000041
0.033159669999999974
0.015602203333333287
-0.0019552633333332903
-0.019512729999999978
-0.011532063333333342
-0.0035513966666667063
0.00442926999999993
0.0012370033333333197
-0.0019552633333334013
-0.005147530000000011
-0.0015562300000000473
-0.0003591299999999853
-0.0027533299999999983
-0.005147530000000011
0.004429270000000041
0.014006069999999982
0.011133029999999988
0.008259989999999995
0.0053869500000000015
0.002513910000000008
-0.0003591299999999853
-0.0003591299999999853
-0.0003591299999999853
-0.0003591299999999853
-0.0015562299999999363
-0.0027533299999999983
-0.00395043000000006
-0.005147530000000011
0.004429270000000041
0.0028331366666667357
0.0012370033333333197
-0.0003591299999999853
-0.0003591299999999853
-0.0003591299999999853
-0.0027533299999999983
-0.005147530000000011
-0.009935930000000037
-0.014724330000000063
-0.019512729999999978
-0.01280897000000003
-0.006105209999999972
0.0005985499999999755
0.007302310000000034
0.014006069999999982
-0.005147530000000011
-0.0003591299999999853
-0.0003591299999999853
-0.0003591299999999853
-0.0003591299999999853
-0.0003591299999999853
0.00442926999999993
0.00442926999999993
0.00442926999999993
0.00442926999999993
0.014006069999999982
0.008020570000000005
0.0020350699999999167
-0.00395043000000006
-0.009935930000000037
-0.0003591299999999853
0.0004389366666667227
0.0012370033333333197
0.0020350699999999167
0.0028331366666666247
0.0036312033333333327
0.00442926999999993
-0.0003591300000000963
-0.005147530000000011
-0.009935930000000037
-0.0003591299999999853
-0.009935930000000037
0.009217669999999956
0.018794470000000008
-0.009935930000000037
-0.008738830000000086
-0.007541730000000024
-0.006344629999999962
-0.005147530000000011
-0.0027533299999999983
-0.0003591299999999853
-0.0003591299999999853
-0.009935930000000037
-0.0003591299999999853
-0.0027533299999999983
-0.005147530000000011
-0.009935930000000037
-0.014724330000000063
-0.007541730000000024
-0.0003591299999999853
-0.0027533299999999983
