-0.004349441666665399
-0.010734108333330994
-0.017118774999998365
-0.021906774999997936
-0.02988744166666457
-0.037868108333332984
-0.04584877499999962
-0.041060274999999535
-0.03627177499999945
-0.041060274999999535
-0.04584877499999962
-0.05063727499999793
-0.05542577499999801
-0.04106077499999827
-0.0346761083333309
-0.028291441666665307
-0.021906774999997936
-0.0051472749999987855
-0.006344524999999379
-0.0075417749999981964
-0.0139261083333313
-0.02031044166666618
-0.026694774999999282
-0.02430077499999861
-0.021906774999997936
-0.01951277499999904
-0.017118774999998365
-0.031483774999998104
-0.026694774999999282
-0.031483774999998104
-0.03866627499999886
-0.04584877499999962
-0.04824277499999852
-0.05063677499999919
-0.0530312749999986
-0.05542577499999801
-0.0520054892857118
-0.04858520357142737
-0.04516491785714116
-0.041744632142854954
-0.038324346428568745
-0.03490406071428431
-0.031483774999998104
-0.03627177499999945
-0.021906774999997936
-0.012329774999999543
-0.0027527749999993745
-0.0011567749999983334
0.00043922500000093123
0.0020352250000019723
-0.021906774999997936
-0.021906774999997936
-0.025099108333330733
-0.028291441666665307
-0.031483774999998104
-0.0346761083333309
-0.037868441666665476
-0.04106077499999827
-0.05063677499999919
-0.03627177499999945
-0.029089274999998693
-0.021906774999997936
-0.014724274999998954
-0.0075417749999981964
-0.0075417749999981964
-0.0075417749999981964
-0.0075417749999981964
-0.021906774999997936
-0.02430077499999861
-0.026694774999999282
-0.027892024999999876
-0.029089274999998693
-0.03028652499999751
-0.031483774999998104
-0.021906774999997936
-0.021906774999997936
-0.021906774999997936
-0.02477987499999834
-0.027652974999998747
-0.030526074999997377
-0.03339917499999778
-0.03627227499999819
-0.021906774999997936
-0.04106077499999827
-0.031483774999998104
-0.029089608333331185
-0.026695441666664266
-0.024301274999999123
-0.021907108333332204
-0.019512941666665284
-0.017118774999998365
-0.021906774999997936
-0.021906774999997936
-0.021906774999997936
-0.021906774999997936
-0.021906774999997936
-0.021906774999997936
-0.021906774999997936
-0.021906774999997936
-0.021906774999997936
-0.03627177499999945
-0.031483774999998104
-0.026694774999999282
-0.031483774999998104
-0.026694774999999282
-0.023502774999998977
-0.02031077499999867
-0.017118774999998365
-0.014724274999998954
-0.012329774999999543
-0.031483774999998104
-0.021906774999997936
-0.026694774999999282
-0.03467544166666592
-0.042656108333332554
-0.05063677499999919
-0.04106077499999827
-0.03866627499999886
-0.03627177499999945
-0.03244117499999888
-0.028610574999998306
-0.02477997499999951
-0.020949374999998938
-0.017118774999998365
-0.01871477499999763
-0.02031077499999867
-0.021906774999997936
-0.014724274999998954
-0.02310402499999853
-0.031483774999998104
-0.017118774999998365
-0.01780277499999805
-0.018486774999997735
-0.01917077499999742
-0.01985477499999888
-0.020538774999998566
-0.02122277499999825
-0.021906774999997936
-0.02031077499999867
-0.01871477499999763
-0.017118774999998365
-0.021906774999997936
-0.026694774999999282
-0.04584877499999962
-0.031483774999998104
-0.029089774999999207
0.006823225000001543
0.0004388916666684395
-0.00594544166666644
-0.012329774999999543
-0.031483774999998104
-0.031483774999998104
-0.031483774999998104
-0.02669527499999802
-0.021906774999997936
-0.017118274999999628
-0.012329774999999543
-0.021906774999997936
-0.017118774999998365
-0.017118774999998365
-0.017118774999998365
-0.017118774999998365
-0.017118774999998365
-0.022505649999999378
-0.027892524999998614
-0.03327939999999785
-0.03866627499999886
-0.033079774999999145
-0.027493274999997652
-0.021906774999997936
-0.024300941666664855
-0.026695108333331774
-0.029089274999998693
-0.03148344166666561
-0.03387760833333253
-0.03627177499999945
-0.030286524999999287
-0.024301274999999123
-0.012329774999999543
-0.03627177499999945
-0.031483774999998104
-0.03866627499999886
-0.04584877499999962
-0.03627177499999945
-0.026694774999999282
-0.02956797499999908
-0.03244117499999888
-0.03531437499999868
-0.038187574999998475
-0.04106077499999827
-0.031483774999998104
-0.021906774999999712
-0.012329774999999543
-0.007541274999999459
-0.0027527749999993745
-0.014723775000000217
-0.026694774999999282
-0.029089274999998693
-0.031483774999998104
-0.026694774999999282
-0.03866577499999835
-0.05063677499999919
-0.03866577499999835
-0.026694774999999282
-0.021906774999997936
-0.017118774999998365
-0.017118774999998365
-0.017118774999998365
-0.017118774999998365
-0.017118774999998365
-0.017118774999998365
-0.017118774999998365
-0.017118774999998365
-0.017118774999998365
-0.017118774999998365
-0.01951277499999904
-0.021906774999997936
-0.026694774999999282
-0.02430077499999861
-0.026694774999999282
-0.04584877499999962
-0.05542577499999801
-0.026694774999999282
-0.027892024999999876
-0.029089274999998693
-0.03028652499999751
-0.031483774999998104
-0.017118774999998365
-0.017118774999998365
-0.01233027499999828
-0.0075417749999981964
-0.012330174999998889
-0.017118574999997804
-0.021906974999998496
-0.026695374999997412
-0.031483774999998104
-0.021906774999997936
-0.031483774999998104
-0.03327939999999785
-0.035075024999997595
-0.03687064999999912
-0.03866627499999886
-0.04046189999999861
-0.04225752500000013
-0.044053149999999874
-0.04584877499999962
-0.043454774999998946
-0.04106077499999827
-0.03627177499999945
-0.05063677499999919
-0.021906774999997936
-0.03627177499999945
-0.017118774999998365
-0.005945774999998932
0.005227225000002278
0.01640022500000171
0.08343822500000186
0.06308747500000145
0.04273672500000103
0.02238597500000239
0.0020352250000019723
-0.0051472749999987855
0.04513122500000044
0.023583225000001207
0.0020352250000019723
-0.04584877499999962
-0.04904110833333242
-0.052233441666665215
-0.05542577499999801
-0.050637441666664174
-0.04584910833333211
-0.04106077499999827
-0.05542577499999979
-0.06979077499999953
0.08343822500000186
-0.04584877499999962
0.011612225000000365
0.06907322500000035
0.02916989166666717
-0.01073344166666601
-0.05063677499999919
-0.0075417749999981964
-0.06260827499999877
-0.11767477499999934
-0.09852110833333327
-0.07936744166666543
-0.06021377499999936
-0.07457910833333337
-0.0889444416666656
-0.1033097749999996
-0.11767477499999934
-0.021906774999997936
0.0738612250000017
0.059496025000001396
0.045130825000001096
0.030765625000000796
0.016400425000000496
0.002035225000000196
0.12653322500000108
0.04991922500000001
-0.026694774999999282
-0.026694774999999282
-0.026694774999999282
-0.026694774999999282
-0.026694774999999282
-0.03148327499999937
-0.03627177499999945
-0.041060274999999535
-0.04584877499999962
-0.06021377499999936
-0.031483774999998104
-0.036272149999998504
-0.041060524999998904
-0.045848899999999304
-0.050637274999999704
-0.05542564999999833
-0.06021402499999873
-0.06500239999999913
-0.06979077499999953
-0.01951277499999904
0.03076522500000145
-0.04584877499999962
-0.12246277499999891
-0.10091527499999842
-0.07936777499999792
-0.06420444166666428
-0.04904110833333242
-0.03387777499999878
-0.018714441666665138
-0.003551108333333275
0.011612225000000365
-0.041060274999999535
-0.09373277499999944
0.014006225000002814
-0.0051472749999987855
0.010015891666666832
-0.00035902499999984627
-0.010733941666664748
-0.021108858333331426
-0.031483774999998104
-0.012329774999999543
-0.031483774999998104
-0.021906774999997936
-0.012329774999999543
-0.0027527749999993745
-0.00993577499999887
-0.017118774999998365
-0.01951277499999904
-0.021906774999997936
-0.08415577499999927
-0.041060274999999535
0.0020352250000019723
-0.007541574999997636
-0.01711837499999902
-0.026695174999998628
-0.03627197500000001
-0.04584877499999962
-0.098520774999999
0.011612225000000365
-0.08894477499999809
-0.03627227499999819
0.01640022500000171
-0.043454774999998946
-0.1033097749999996
-0.11288627499999926
-0.12246277499999891
-0.029089274999998693
0.06428422500000153
0.008419558333335075
-0.04744510833333315
-0.1033097749999996
-0.0027527749999993745
-0.041060274999999535
-0.07936777499999792
-0.06500277499999818
-0.040262608333332395
-0.015522441666664832
0.00921772500000273
0.033957891666668516
0.0586980583333343
0.08343822500000186
-0.04824277499999852
-0.035074774999998226
-0.021906774999997936
-0.03244117499999888
-0.042975574999998045
-0.05350997499999899
-0.06404437499999815
-0.0745787749999991
0.06428422500000153
0.04718279642857226
0.03008136785714477
0.012979939285715503
-0.004121489285711988
-0.021222917857141255
-0.038324346428568745
-0.05542577499999801
-0.03627177499999945
0.011611725000001627
0.005865625000001984
0.00011952500000234068
-0.005626574999999079
-0.011372674999998722
-0.017118774999998365
-0.02669527499999802
-0.03627177499999945
-0.06500277499999818
0.0738612250000017
-0.0075417749999981964
-0.08894477499999809
-0.021906774999997936
0.0020352250000019723
0.02597722500000188
-0.012329774999997767
-0.05063677499999919
-0.01073344166666601
0.02916989166666717
0.06907322500000035
0.04034272500000036
0.011612225000000365
-0.017118274999999628
-0.04584877499999962
0.0020352250000019723
-0.14161677499999925
-0.13682827499999917
-0.13203977499999908
-0.03866627499999886
0.05470722500000136
0.003631225000001237
-0.047444774999998884
-0.098520774999999
0.011612225000000365
0.023583225000001207
0.03555422500000205
0.03315997500000201
0.030765725000001964
0.028371475000001922
0.02597722500000188
-0.02430077499999861
-0.0745787749999991
-0.012329774999999543
-0.024300775000000385
-0.03627177499999945
-0.029089274999998693
-0.021906774999997936
-0.01951277499999904
-0.017118774999998365
-0.01233027499999828
-0.0075417749999981964
-0.0139261083333313
-0.02031044166666618
-0.026694774999999282
-0.02430077499999861
-0.021906774999997936
-0.04584877499999962
-0.024300775000000385
-0.0027527749999993745
-0.017118024999998482
-0.03148327499999937
-0.04584852500000025
-0.06021377499999936
0.0020352250000019723
-0.11767477499999934
-0.06260827499999877
-0.0075417749999981964
-0.02988744166666457
-0.05223310833333272
-0.0745787749999991
-0.057819774999998685
-0.04106077499999827
-0.03746927499999941
-0.03387777499999878
-0.030286274999998142
-0.026694774999999282
-0.03627177499999945
-0.03627177499999945
-0.031483774999998104
-0.050637274999999704
-0.06979077499999953
-0.021906774999997936
0.02597722500000188
-0.01951277499999904
-0.06500277499999818
-0.07138710833333128
-0.07777144166666616
-0.08415577499999927
-0.03387777499999878
0.01640022500000171
-0.06979077499999953
-0.09612677499999833
-0.12246277499999891
-0.04584877499999962
0.03076522500000145
0.002034891666667704
-0.026695441666664266
-0.05542577499999801
-0.04584877499999962
-0.03946410833333225
-0.033079441666666654
-0.026694774999999282
-0.012329774999999543
-0.01153177499999991
-0.010733774999998502
-0.00993577499999887
-0.009137774999999237
-0.008339774999997829
-0.0075417749999981964
-0.031483774999998104
-0.017118774999998365
-0.026694774999999282
-0.05063677499999919
-0.045848524999998475
-0.041060274999999535
-0.03627202499999882
-0.031483774999998104
-0.04106077499999827
-0.031483774999998104
-0.030286649999997195
-0.029089524999998062
-0.02789239999999893
-0.02669527499999802
-0.02549814999999711
-0.024301024999997978
-0.023103899999998845
-0.021906774999997936
-0.021906774999997936
-0.026694774999999282
-0.02713013863636249
-0.027565502272725695
-0.028000865909090678
-0.028436229545453884
-0.02887159318181709
-0.029306956818180296
-0.029742320454543503
-0.03017768409090671
-0.03061304772727169
-0.031048411363634898
-0.031483774999998104
-0.028291441666665307
-0.025099108333330733
-0.021906774999997936
-0.014724274999998954
-0.0075417749999981964
-0.014724274999998954
-0.021906774999997936
-0.014724274999998954
-0.0075417749999981964
-0.026694774999999282
-0.03148327499999937
-0.03627177499999945
-0.03627177499999945
-0.03627177499999945
-0.03627177499999945
-0.03409522954545352
-0.031918684090909366
-0.029742138636363435
-0.027565593181817505
-0.025389047727271574
-0.02321250227272742
-0.02103595681818149
-0.01885941136363556
-0.016682865909089628
-0.014506320454545474
-0.012329774999999543
-0.031483774999998104
-0.021906774999997936
-0.014724274999998954
-0.017118774999998365
-0.031483774999998104
-0.021906774999997936
-0.02669527499999802
-0.029089274999998693
-0.01711827499999785
-0.017118346428569353
-0.017118417857140855
-0.017118489285712357
-0.01711856071428386
-0.01711863214285536
-0.017118703571426863
-0.017118774999998365
-0.021906774999997936
-0.031483774999998104
-0.029089274999998693
-0.02988744166666457
-0.030685608333332226
-0.031483774999998104
-0.03627177499999945
-0.03453059318181673
-0.03278941136363578
-0.031048229545453054
-0.029307047727272106
-0.027565865909089382
-0.025824684090908434
-0.02408350227272571
-0.022342320454544762
-0.020601138636362037
-0.01885995681818109
-0.017118774999998365
-0.021906774999997936
-0.014724274999998954
-0.026694774999999282
-0.012329774999999543
-0.026694774999999282
-0.026694774999999282
-0.030286274999998142
-0.03387777499999878
-0.03746927499999941
-0.04106077499999827
-0.03387777499999878
-0.026694774999999282
-0.026694774999999282
-0.012329774999999543
