0.00598549600000009
0.003591296000000077
0.0011970960000000641
-0.0023942039999999
-0.005985503999999864
-0.009576803999999939
-0.013168103999999903
0.0011970960000000641
-0.003591303999999962
-0.008379703999999877
-0.0011971039999998379
0.00598549600000009
-0.003591303999999962
-0.013168103999999903
-0.003591303999999851
-0.005985503999999864
-0.008379703999999877
-0.008379703999999877
-0.008379703999999877
-0.004788403999999913
-0.0011971039999998379
0.002394196000000126
0.00598549600000009
-0.008379703999999877
-0.0011971039999998379
0.00598549600000009
-0.0011971039999998379
-0.008379703999999877
0.010773936000000095
0.00598552600000013
0.0011971160000001646
-0.0035912939999999116
-0.008379703999999877
-0.005985503999999864
-0.003591303999999851
-0.001995170666666546
-0.0003990373333332409
0.0011970960000000641
-0.003591303999999962
-0.008379703999999877
-0.005985503999999864
-0.003591303999999962
-0.0011971039999999489
0.0011970960000000641
0.003591296000000077
0.00598549600000009
0.0011970960000000641
-0.008379703999999877
-0.008379703999999877
-0.008379703999999877
0.0011970960000000641
-0.0003990373333332409
-0.001995170666666546
-0.003591303999999851
-0.001995170666666546
-0.0003990373333332409
0.0011970960000000641
-0.0011971039999998379
-0.003591303999999851
0.0011970960000000641
-0.0003990373333332409
-0.001995170666666546
-0.003591303999999851
0.0011970960000000641
0.0011970960000000641
0.0011970960000000641
0.00598549600000009
0.002394196000000126
-0.0011971039999998379
-0.004788403999999913
-0.008379703999999877
-0.006783570666666572
-0.005187437333333156
-0.003591303999999851
-0.003591303999999851
-0.003591303999999851
-0.003591303999999851
-0.003591303999999851
-0.003591303999999851
0.0011970960000000641
-0.013168103999999903
-0.013168103999999903
-0.01795650399999993
0.010773936000000095
0.029927536000000088
0.0171584560000001
0.004389376000000111
-0.008379703999999877
-0.003591303999999851
-0.0011971039999998379
0.0011970960000000641
0.003591296000000077
0.00598549600000009
0.0011970960000000641
-0.003591303999999851
0.010773936000000095
-0.005985483999999985
-0.022744903999999955
0.00598549600000009
0.003591296000000077
0.0011970960000000641
-0.003591303999999962
-0.008379703999999877
-0.009975837333333182
-0.011571970666666598
-0.013168103999999903
-0.013168103999999903
-0.013168103999999903
-0.0011970839999999594
0.010773936000000095
-0.003591303999999851
-0.005187437333333156
-0.006783570666666572
-0.008379703999999877
-0.013168103999999903
-0.013168103999999903
-0.013168103999999903
-0.005985503999999864
0.0011970960000000641
-0.0011971039999999489
-0.003591303999999962
-0.005985503999999864
-0.008379703999999877
-0.008379703999999877
-0.008379703999999877
-0.013168103999999903
0.0011970960000000641
0.008379716000000093
0.015562336000000121
0.005985516000000191
-0.003591303999999851
0.0035913160000000666
0.010773936000000095
0.005985522666666743
0.0011971093333335014
-0.003591303999999851
-0.0023942039999999
-0.0011971039999998379
-3.999999886872274e-09
0.0011970960000000641
0.0011970960000000641
0.0011970960000000641
-0.008379703999999877
-0.008379703999999877
-0.0011971039999998379
0.00598549600000009
-0.022744903999999955
-0.013168103999999903
-0.003591303999999851
-0.0011971039999998379
0.0011970960000000641
0.0011970960000000641
0.0011970960000000641
-0.0011971039999999489
-0.003591303999999962
-0.005985503999999864
-0.008379703999999877
-0.009576803999999939
-0.01077390399999989
-0.01197100399999984
-0.013168103999999903
0.00598549600000009
-0.003591303999999851
-0.008379703999999877
-0.005985503999999864
-0.003591303999999851
0.00598549600000009
0.0011970960000000641
-0.003591303999999851
-0.001995170666666546
-0.0003990373333332409
0.0011970960000000641
-0.008379703999999877
-0.005985503999999864
-0.003591303999999851
-0.008379703999999877
-0.013168103999999903
-0.01795650399999993
0.015562336000000121
0.0035913160000000666
-0.008379703999999877
-0.0011971039999998379
0.00598549600000009
0.013168116000000119
0.020350736000000147
0.013168116000000119
0.00598549600000009
0.003591296000000077
0.0011970960000000641
0.0059855160000000796
0.010773936000000095
0.0059855160000000796
0.0011970960000000641
0.0011970960000000641
0.0011970960000000641
-0.0011971039999998379
-0.003591303999999851
-0.005985503999999864
-0.008379703999999877
0.020350736000000147
0.0035913160000000666
-0.013168103999999903
-0.006783570666666572
-0.0003990373333332409
0.00598549600000009
-0.01795650399999993
-0.011571970666666598
-0.005187437333333267
0.0011970960000000641
-0.0011971039999998379
-0.003591303999999851
0.0011970960000000641
0.00598549600000009
-0.013168103999999903
-0.0011970839999999594
0.010773936000000095
0.0035913160000000666
-0.003591303999999851
-0.001995170666666546
-0.0003990373333332409
0.0011970960000000641
-0.0007182639999999685
-0.00263362399999989
-0.004548983999999923
-0.006464343999999844
-0.008379703999999877
0.015562336000000121
0.0011970960000000641
-0.003591303999999962
-0.008379703999999877
0.0011971160000001646
0.010773936000000095
0.0035913160000000666
-0.003591303999999851
-0.007422023999999916
-0.01125274399999987
-0.015083463999999935
-0.01891418399999989
-0.022744903999999955
-0.003591303999999851
-0.01795650399999993
-0.0035912839999998614
0.010773936000000095
-0.013168083999999913
-0.03711010399999992
0.015562336000000121
-0.008379683999999887
-0.032321703999999896
-0.005985483999999874
0.020350736000000147
-0.015562283999999815
-0.05147530399999989
-0.02593715733333324
-0.00039901066666658824
0.025139136000000062
0.004389389333333438
-0.016360357333333297
-0.03711010399999992
0.053869526000000056
-0.04668690399999986
-0.013168083999999913
0.020350736000000147
-0.015562283999999815
-0.05147530399999989
-0.008379683999999887
0.034715936000000114
0.0059855160000000796
-0.022744903999999955
-0.014764237333333319
-0.006783570666666572
0.0011970960000000641
-0.008379703999999877
-0.011571970666666598
-0.014764237333333208
-0.01795650399999993
0.0011970960000000641
-0.015562303999999916
-0.032321703999999896
0.0011971160000001646
0.034715936000000114
-0.0035912839999998614
-0.04189850399999995
0.001197111000000084
0.044292726000000116
0.021547818500000093
-0.001197088999999929
-0.02394199649999984
-0.04668690399999986
-0.005985483999999874
0.034715936000000114
-0.03711010399999992
0.029927536000000088
-0.008379683999999887
-0.04668690399999986
-0.01795648399999994
0.010773936000000095
0.017956536000000023
0.025139136000000062
-0.005985483999999985
-0.03711010399999992
-0.0011970839999999594
0.034715936000000114
-0.010773913999999829
-0.05626376399999988
-0.0035913189999998707
0.04908112600000014
0.012370029333333421
-0.02434106733333319
-0.06105216399999991
0.04908112600000014
0.010773911000000136
-0.02753330399999987
-0.0035912839999998614
0.020350736000000147
0.005985516000000191
-0.008379703999999877
-0.015562303999999916
-0.022744903999999955
0.004389362666666674
0.031523629333333414
0.05865789600000004
-0.04668690399999986
0.053869526000000056
0.025139116000000072
-0.0035912939999999116
-0.032321703999999896
-0.015562303999999916
0.0011970960000000641
0.013168116000000119
0.025139136000000062
0.009576826000000094
-0.005985483999999985
-0.021547793999999953
-0.03711010399999992
0.03950432600000009
-0.04668690399999986
-0.031124593999999894
-0.015562283999999815
2.60000001528482e-08
0.015562336000000121
0.0011971160000001646
-0.013168103999999903
-0.008379703999999877
-0.003591303999999851
0.010773936000000095
0.009032696000000118
0.0072914560000001405
0.005550216000000052
0.003808976000000075
0.0020677360000000977
0.00032649600000012047
-0.0014147439999998568
-0.003155983999999834
-0.004897223999999922
-0.0066384639999998996
-0.008379703999999877
-0.0011971039999998379
0.00598549600000009
-0.0011971039999998379
0.0011970960000000641
-0.008379703999999877
-0.0035912839999998614
-0.02753330399999987
0.015562336000000121
-0.005985483999999874
-0.02753330399999987
-0.032321703999999896
-0.022744903999999844
-0.013168103999999903
-0.003591303999999962
0.00598549600000009
-0.01795650399999993
0.025139136000000062
0.010773916000000106
-0.003591303999999851
-0.008379703999999877
-0.013168103999999903
0.0035913160000000666
0.020350736000000147
-0.0107738839999999
-0.04189850399999995
-0.008379683999999887
0.025139136000000062
0.017477688000000047
0.009816240000000032
0.0021547920000001275
-0.005506655999999888
-0.013168103999999903
0.0011971160000001646
0.015562336000000121
-0.0107738839999999
-0.03711010399999992
0.010773936000000095
-0.032321703999999896
0.025139136000000062
-0.008379683999999887
-0.04189850399999995
-0.005985483999999985
0.029927536000000088
-0.0011970839999999594
-0.032321703999999896
-0.016360357333333186
-0.00039901066666658824
0.015562336000000121
0.008379716000000093
0.0011970960000000641
-0.008379703999999877
0.0011971160000001646
0.010773936000000095
-0.0107738839999999
-0.032321703999999896
-0.005985483999999874
0.020350736000000147
-0.0107738839999999
-0.04189850399999995
-0.0107738839999999
0.020350736000000147
0.01735798100000019
0.01436522600000012
0.011372471000000162
0.008379716000000093
0.0053869610000001344
0.0023942060000001764
-0.0005985489999998928
-0.003591303999999851
0.0011970960000000641
0.00598549600000009
-0.015562303999999916
0.020350736000000147
-0.01795650399999993
0.010773936000000095
-0.00039901066666658824
-0.011571957333333271
-0.022744903999999955
0.020350736000000147
0.007581656000000159
-0.0051874239999999405
-0.01795650399999993
-0.014365203999999965
-0.01077390399999989
-0.007182603999999926
-0.003591303999999962
0.0011970960000000641
-0.003591303999999962
-0.008379703999999877
-0.003591303999999962
0.0011970960000000641
0.0011970960000000641
0.0011970960000000641
-0.003591303999999962
-0.008379703999999877
-0.007900863999999896
-0.007422023999999916
-0.006943183999999936
-0.006464343999999955
-0.005985503999999864
-0.005506663999999883
-0.005027823999999903
-0.004548983999999923
-0.004070143999999942
-0.003591303999999962
-0.008379703999999877
0.010773936000000095
0.008379716000000093
0.00598549600000009
0.003591296000000077
0.0011970960000000641
-0.001995170666666546
-0.005187437333333267
-0.008379703999999877
0.020350736000000147
-0.0011970839999999594
-0.022744903999999955
-0.013168103999999903
-0.003591303999999962
0.00598549600000009
-0.013168103999999903
-0.0011970839999999594
0.010773936000000095
-0.0011970839999999594
-0.013168103999999903
-0.0011970839999999594
0.010773936000000095
0.004788426000000068
-0.0011970839999999594
-0.007182593999999876
-0.013168103999999903
0.010773936000000095
-0.008379703999999877
-0.0011971039999998379
0.00598549600000009
-0.008379703999999877
-0.005985503999999864
-0.003591303999999851
0.0011970960000000641
0.00598549600000009
-0.0011971039999998379
-0.008379703999999877
0.0035913160000000666
0.015562336000000121
0.007581656000000159
-0.00039902399999991456
-0.008379703999999877
