-0.00909795999999996
-0.010694093333333266
-0.012290226666666682
-0.013886359999999986
-0.00909795999999996
-0.0043095599999999346
0.005267240000000117
0.0028730400000001044
0.0004788400000000914
0.0018469542857143528
0.0032150685714286142
0.004583182857142876
0.005951297142857248
0.0073194114285715095
0.008687525714285771
0.010055640000000032
0.0004788400000000914
-0.0043095599999999346
0.0004788400000000914
0.0004788400000000914
0.0004788400000000914
0.0004788400000000914
0.005267240000000006
0.010055640000000032
0.0073194114285715095
0.004583182857142876
0.0018469542857143528
-0.000889274285714281
-0.003625502857142804
-0.006361731428571438
-0.00909795999999996
0.010055640000000032
-0.013886359999999986
-0.013886359999999986
-0.011492159999999974
-0.00909795999999996
0.010055640000000032
0.010055640000000032
0.005267240000000117
0.005267240000000117
0.0036711066666668124
0.0020749733333333964
0.0004788400000000914
0.0004788400000000914
0.005267240000000117
-0.0027134266666665185
-0.010694093333333266
-0.0186747599999999
-0.010694093333333266
-0.0027134266666665185
0.005267240000000117
0.0016759400000001534
-0.0019153599999999216
-0.0007182599999999706
0.0004788400000000914
0.0010108844444445264
0.0015429288888889614
0.0020749733333333964
0.0026070177777778314
0.0031390622222223774
0.0036711066666668124
0.004203151111111247
0.004735195555555682
0.005267240000000117
0.0004788400000000914
-0.0043095599999999346
0.010055640000000032
0.0004788400000000914
0.005267240000000117
0.0016759400000001534
-0.0019153599999999216
-0.0055066599999999966
-0.00909795999999996
0.0004788400000000914
0.0028730400000001044
0.005267240000000006
0.007661440000000019
0.010055640000000032
0.005267240000000006
0.0004788400000000914
-0.01628056
-0.013287810000000011
-0.010295060000000023
-0.007302309999999923
-0.0043095599999999346
-0.0186747599999999
-0.01628055999999989
-0.013886359999999986
-0.011492159999999974
-0.007900859999999899
-0.0043095599999999346
-0.004993617142857065
-0.005677674285714196
-0.006361731428571327
-0.007045788571428568
-0.007729845714285699
-0.00841390285714283
-0.00909795999999996
-0.0043095599999999346
-0.0043095599999999346
0.005267240000000006
0.014844040000000058
0.010055640000000032
-0.0186747599999999
-0.00909795999999996
-0.0019153599999999216
0.005267240000000117
0.0004788400000000914
-0.0043095599999999346
-0.0067037599999999475
-0.00909795999999996
-0.0019153599999999216
0.005267240000000117
-0.0019153599999999216
-0.00909795999999996
-0.007045788571428568
-0.004993617142857065
-0.002941445714285673
-0.00088927428571417
0.0011628971428572221
0.0032150685714287253
0.005267240000000117
-0.013886359999999986
-0.0043095599999999346
-0.013886359999999986
-0.01628056
-0.0186747599999999
-0.01628056
-0.013886359999999986
-0.0019153599999999216
0.010055640000000032
0.005267240000000006
0.0004788399999999804
-0.0043095599999999346
-0.00909795999999996
-0.00909795999999996
-0.0067037599999999475
-0.0043095599999999346
-0.00909795999999996
-0.0067037599999999475
-0.0043095599999999346
0.0004788400000000914
0.005267240000000117
0.0028730400000001044
0.0004788400000000914
-0.0019153599999999216
-0.0043095599999999346
0.0016759500000000926
0.007661460000000009
0.013646970000000036
0.019632480000000063
-0.0043095599999999346
0.029209280000000115
-0.023463159999999927
-0.010694093333333266
0.0020749733333333964
0.014844040000000058
0.0028730400000001044
-0.00909795999999996
-0.0067037599999999475
-0.0043095599999999346
-0.0019153599999999216
0.0004788400000000914
-0.013886359999999986
-0.00909795999999996
-0.0043095599999999346
0.0004788400000000914
0.005267240000000117
-0.013886359999999986
-0.0067037599999999475
0.0004788400000000914
-0.013886359999999875
-0.028251559999999953
-0.021068959999999914
-0.013886359999999986
-0.0067037599999999475
0.0004788400000000914
0.007661440000000019
0.014844040000000058
0.005267260000000107
-0.013886359999999986
-0.010295060000000023
-0.0067037599999999475
-0.0031124599999998726
0.0004788400000000914
-0.0043095599999999346
0.010055640000000032
0.0004788400000000914
-0.0027134266666666296
-0.0059056933333332395
-0.00909795999999996
-0.0043095599999999346
-0.00909795999999996
-0.013886359999999986
0.0004788399999999804
0.014844040000000058
-0.0043095599999999346
-0.023463159999999927
-0.04261675999999992
-0.025059293333333232
-0.0075018266666666555
0.010055640000000032
0.00047885000000003064
-0.009097939999999971
-0.00909794999999991
-0.00909795999999996
0.005267260000000107
0.019632480000000063
-0.001915339999999932
-0.023463159999999927
-0.01229022666666657
-0.0011172933333333246
0.010055640000000032
-0.0043095599999999346
-0.0015733314285714117
0.0011628971428572221
0.003899125714285745
0.006635354285714379
0.009371582857142902
0.012107811428571535
0.014844040000000058
0.005267240000000006
0.010055640000000032
-0.0043095599999999346
-0.0186747599999999
0.029209280000000115
-0.001915339999999932
-0.03303995999999998
-0.006703739999999958
0.019632480000000063
0.007661470000000059
-0.004309539999999945
-0.01628054999999995
-0.028251559999999953
0.03399768000000003
0.007661460000000009
-0.0186747599999999
-0.0019153599999999216
0.014844040000000058
-0.04261675999999992
-0.006703739999999847
0.029209280000000115
0.024952920000000156
0.020696560000000086
0.016440200000000127
0.012183840000000057
0.007927480000000098
0.0036711200000000277
-0.0005852399999999314
-0.0048416000000000015
-0.00909795999999996
0.007661460000000009
0.02442088000000009
-0.023463159999999927
0.019632480000000063
-0.0043095599999999346
0.010055640000000032
0.0020749733333333964
-0.0059056933333333506
-0.013886359999999986
-0.011492159999999974
-0.00909795999999996
-0.0059056933333332395
-0.0027134266666666296
0.0004788400000000914
-0.013886359999999986
0.010055640000000032
-0.00909795999999996
-0.0043095599999999346
0.0004788400000000914
0.005267240000000117
0.0004788400000000914
-0.0043095599999999346
-0.0186747599999999
-0.017078626666666596
-0.015482493333333291
-0.013886359999999875
-0.01229022666666657
-0.010694093333333266
-0.00909795999999996
-0.0043095599999999346
-0.0043095599999999346
-0.0043095599999999346
-0.013886359999999875
-0.023463159999999927
0.005267240000000117
0.0004788400000000914
-0.0043095599999999346
-0.00909795999999996
0.03399768000000003
-0.001915339999999932
-0.037828359999999894
-0.004309539999999945
0.029209280000000115
-0.006703739999999847
-0.04261675999999992
-0.027054449999999952
-0.011492139999999873
0.004070170000000095
0.019632480000000063
-0.03303995999999998
0.029209280000000115
-0.0090979699999999
-0.047405219999999915
-0.0270544949999999
-0.006703769999999887
0.013646955000000016
0.03399768000000003
0.01165179999999999
-0.01069407999999994
-0.03303995999999998
-0.01628054999999995
0.0004788600000000809
0.014844040000000058
0.0004788400000000914
-0.013886359999999986
-0.028251559999999953
0.010055640000000032
0.0028730400000001044
-0.0043095599999999346
-0.0067037599999999475
-0.00909795999999996
0.02442088000000009
-0.001915339999999932
-0.028251559999999953
-0.004309539999999945
0.019632480000000063
-0.013886369999999926
-0.047405219999999915
-0.028251594999999963
-0.0090979699999999
0.010055655000000163
0.029209280000000115
0.014844070000000098
0.0004788600000000809
-0.013886349999999936
-0.028251559999999953
0.014844040000000058
0.0004788399999999804
-0.013886359999999986
0.029209280000000115
0.010055640000000032
0.0028730400000001044
-0.0043095599999999346
0.029209280000000115
0.01723827000000011
0.005267260000000107
-0.006703749999999897
-0.0186747599999999
-0.013202297142857033
-0.0077298342857141655
-0.0022573714285712976
0.0032150914285714594
0.008687554285714327
0.014160017142857195
0.019632480000000063
-0.0186747599999999
-0.0067037599999999475
-0.0186747599999999
-0.00909795999999996
-0.0186747599999999
-0.028251559999999953
0.005267240000000117
-0.0027134266666665185
-0.010694093333333266
-0.0186747599999999
-0.012090704999999868
-0.005506649999999946
0.0010774049999999757
0.007661460000000009
0.005267253333333333
0.0028730466666667676
0.0004788400000000914
0.010055640000000032
0.0004788399999999804
-0.00909795999999996
-0.0186747599999999
-0.028251559999999953
0.002873060000000094
0.005865805000000113
0.00885855000000002
0.01185129500000004
0.014844040000000058
0.01723826000000006
0.019632480000000063
0.005267260000000107
-0.00909795999999996
0.014844040000000058
0.0020749733333333964
-0.010694093333333266
-0.023463159999999927
0.010055640000000032
0.0004788400000000914
0.0012769066666667994
0.0020749733333333964
0.0028730400000001044
0.0036711066666668124
0.004469173333333409
0.005267240000000117
0.0016759400000001534
-0.0019153599999999216
-0.0067037599999999475
-0.011492159999999974
-0.01628056
-0.014484909999999962
-0.012689259999999924
-0.010893609999999998
-0.00909795999999996
-0.007302309999999923
-0.0055066599999999966
-0.003711009999999959
-0.0019153599999999216
0.005267240000000117
-0.0027134266666665185
-0.010694093333333266
-0.0186747599999999
-0.00909795999999996
-0.013886359999999986
-0.0043095599999999346
-0.0027134266666666296
-0.0011172933333332136
0.0004788400000000914
-0.0014365199999999412
-0.0033518799999998627
-0.005267239999999895
-0.007182599999999928
-0.00909795999999985
-0.011013319999999882
-0.012928679999999915
-0.014844039999999947
-0.01675939999999987
-0.0186747599999999
-0.0043095599999999346
0.005267240000000117
0.0028730400000001044
0.019632480000000063
0.012791902857142934
0.0059513257142858045
-0.0008892514285713249
-0.007729828571428565
-0.014570405714285695
-0.021410982857142824
-0.028251559999999953
-0.019871859999999963
-0.011492159999999974
-0.0031124599999998726
0.005267240000000117
-0.0019153599999999216
-0.00909795999999996
-0.0067037599999999475
-0.0043095599999999346
-0.00909795999999996
-0.0019153599999999216
-0.0043095599999999346
-0.0043095599999999346
-0.0043095599999999346
-0.0043095599999999346
-0.0043095599999999346
-0.0043095599999999346
-0.0043095599999999346
-0.0043095599999999346
0.00766144000000013
0.005267240000000117
0.0028730400000001044
0.0004788400000000914
0.0004788400000000914
0.0004788400000000914
0.0028730400000001044
0.005267240000000117
0.00766144000000013
0.010055640000000032
-0.0043095599999999346
-0.0186747599999999
-0.0019153599999999216
0.014844040000000058
0.0028730400000001044
-0.00909795999999996
-0.0043095599999999346
0.0004788400000000914
0.0004788400000000914
0.0004788400000000914
0.0004788400000000914
-0.0067037599999999475
-0.013886359999999986
0.014844040000000058
0.010055640000000032
0.005267240000000117
-0.0043095599999999346
-0.013886359999999986
-0.00909795999999996
-0.0067037599999999475
-0.0043095599999999346
-0.0019153599999999216
0.0004788400000000914
-0.013886359999999986
-0.00909795999999996
-0.0043095599999999346
0.0004788400000000914
0.005267240000000117
-0.00909795999999996
0.0004788400000000914
