-0.020829524999999904
-0.022026649999999037
-0.031603649999999206
-0.03639165000000055
-0.012449650000000645
-0.03639165000000055
-0.026814650000000384
-0.022026649999999037
-0.002872650000000476
0.0007185999999990145
0.0043098500000002815
0.007901099999999772
0.011492349999999263
0.0019153500000008705
-0.012449650000000645
-0.022026649999999037
-0.026814650000000384
-0.026814650000000384
-0.029209149999999795
-0.031603649999999206
-0.02681514999999912
-0.022026649999999037
-0.022026649999999037
-0.022026649999999037
-0.022026649999999037
-0.022026649999999037
-0.022026649999999037
-0.012449650000000645
-0.012449650000000645
-0.012449650000000645
-0.012449650000000645
-0.017238649999999467
-0.007661649999999298
-0.005267149999999887
-0.002872650000000476
-0.03639165000000055
-0.033199316666667755
-0.03000698333333318
-0.026814650000000384
-0.026814650000000384
-0.026814650000000384
-0.026814650000000384
-0.026814650000000384
-0.026814650000000384
-0.017238649999999467
-0.016280849999999347
-0.015323049999999228
-0.014365250000000884
-0.013407450000000765
-0.012449650000000645
-0.007661649999999298
-0.007661649999999298
-0.026814650000000384
-0.026814650000000384
-0.028011900000000978
-0.029209149999999795
-0.030406399999998612
-0.031603649999999206
-0.028012150000000346
-0.02442064999999971
-0.02352289999999968
-0.02262514999999965
-0.02172739999999962
-0.02082964999999959
-0.01993189999999956
-0.019034149999999528
-0.018136399999999497
-0.017238649999999467
-0.01404631666666667
-0.010853983333332096
-0.007661649999999298
-0.017238149999998953
-0.026814650000000384
-0.029209149999999795
-0.031603649999999206
-0.022026649999999037
-0.02442064999999971
-0.026814650000000384
-0.026814650000000384
-0.026814650000000384
-0.029209149999999795
-0.031603649999999206
-0.026814650000000384
-0.02442064999999971
-0.022026649999999037
-0.017238149999998953
-0.012449650000000645
-0.019632150000001403
-0.026814650000000384
-0.026814650000000384
-0.019632150000001403
-0.012449650000000645
-0.026814650000000384
-0.012449650000000645
-0.012449650000000645
-0.012449650000000645
-0.012449650000000645
-0.002872650000000476
-0.005266983333333641
-0.0076613166666668064
-0.010055649999999972
-0.0088584833333325
-0.0076613166666668064
-0.006464150000001112
-0.005266983333333641
-0.004069816666666171
-0.002872650000000476
-0.012449650000000645
-0.031603649999999206
-0.022026649999999037
-0.022710649999998722
-0.023394650000000183
-0.024078649999999868
-0.024762649999999553
-0.025446649999999238
-0.0261306500000007
-0.026814650000000384
-0.02442064999999971
-0.022026649999999037
-0.010055649999999972
0.0019153500000008705
-0.002873149999999214
-0.007661649999999298
-0.010055649999999972
-0.012449650000000645
-0.005267149999999887
0.0019153500000008705
-0.014844150000000056
-0.031603649999999206
-0.02681514999999912
-0.022026649999999037
-0.01963265000000014
-0.017238649999999467
-0.022026649999999037
-0.026814650000000384
-0.026814650000000384
-0.02362265000000008
-0.020430649999999773
-0.017238649999999467
-0.007661649999999298
-0.007661150000000561
-0.011252524999999736
-0.014843900000000687
-0.018435274999999862
-0.022026649999999037
-0.019632150000001403
-0.007661649999999298
-0.06033365000000046
-0.050756983333332784
-0.04118031666666688
-0.031603649999999206
-0.031603649999999206
-0.04357464999999827
-0.055545649999999114
-0.03319965000000025
-0.010853649999999604
0.011492349999999263
-0.022026649999999037
-0.014844150000000056
-0.007661649999999298
0.0019153499999990942
0.011492349999999263
-0.022026649999999037
-0.055545649999999114
0.0019153500000008705
-0.014844150000000056
-0.031603649999999206
-0.03319965000000025
-0.03479564999999951
-0.03639165000000055
-0.033997525000000195
-0.03160339999999984
-0.02920927499999948
-0.02681514999999912
-0.02442102500000054
-0.022026900000000182
-0.019632774999999825
-0.017238649999999467
-0.06991065000000063
0.0019153500000008705
0.004309350000001544
0.006703350000000441
-0.009257983333332831
-0.025219316666666103
-0.041180649999999375
-0.012449650000000645
-0.03639165000000055
-0.04117998333333439
-0.04596831666666645
-0.05075665000000029
-0.04437215000000094
-0.03798764999999982
-0.03160315000000047
-0.02521865000000112
-0.018834149999999994
-0.012449650000000645
-0.017238149999998953
-0.02362265000000008
-0.030007149999999427
-0.03639165000000055
-0.00047864999999980284
-0.016041149999999504
-0.031603649999999206
-0.01883464999999873
-0.0060656500000000335
0.006703350000000441
-0.026814650000000384
-0.026814650000000384
-0.026814650000000384
-0.022026649999999037
-0.017238649999999467
-0.03399764999999988
-0.05075665000000029
-0.019632150000001403
0.011492349999999263
-0.01723815000000073
-0.04596865000000072
-0.01963265000000014
0.006703350000000441
0.0019153499999990942
-0.002872650000000476
-0.007661078571429059
-0.012449507142857641
-0.017237935714286223
-0.022026364285714806
-0.026814792857143388
-0.03160322142857197
-0.03639165000000055
-0.03160315000000047
0.006703350000000441
-0.03639165000000055
-0.03280040000000106
-0.029209149999999795
-0.025617899999998528
-0.022026649999999037
0.02585735000000078
-0.06991065000000063
-0.03399764999999988
0.0019153500000008705
-0.02442064999999971
-0.05075665000000029
-0.03479531666666702
-0.018833983333333748
-0.002872650000000476
0.006703350000000441
-0.01963265000000014
-0.04596865000000072
-0.00047864999999980284
0.04501134999999934
-0.00047864999999980284
-0.04596865000000072
-0.024420650000001487
-0.002872650000000476
-0.015641983333333442
-0.02841131666666641
-0.041180649999999375
-0.06991065000000063
-0.0639251500000011
-0.05793964999999979
-0.051954150000000254
-0.04596865000000072
-0.03998314999999941
-0.03399764999999988
-0.02801214999999857
-0.022026649999999037
-0.010055649999999972
-0.012449650000000645
0.03064535000000035
0.01628035000000061
-0.02681514999999912
-0.06991065000000063
-0.04357465000000005
-0.017238649999999467
-0.03639214999999929
-0.05554565000000089
-0.07469915000000071
-0.09385265000000054
-0.052353316666666316
-0.010853983333333872
0.03064535000000035
-0.022026649999999037
-0.017238649999999467
0.02585735000000078
-0.0746986500000002
-0.04596831666666645
-0.017237983333334483
0.011492349999999263
-0.008858400000001154
-0.02920915000000157
-0.04955990000000021
-0.06991065000000063
-0.03639189999999992
-0.002873149999999214
-0.009257649999998563
-0.015642149999999688
-0.022026649999999037
0.04501134999999934
-0.02920915000000157
-0.1034296500000007
0.02106934999999943
-0.014843650000001318
-0.05075665000000029
-0.040581400000000656
-0.030406149999999244
-0.020230899999999608
-0.010055649999999972
0.00011959999999966442
0.0102948499999993
0.020470100000000713
0.03064535000000035
-0.007661649999999298
-0.03639165000000055
0.04022235000000052
-0.10821765000000028
-0.05554531666666662
-0.002872983333332968
0.049799350000000686
-0.08906464999999919
-0.048363149999998356
-0.007661649999999298
-0.03639165000000055
-0.04716565000000017
-0.05793964999999979
-0.0687136499999994
-0.07948764999999902
0.049799350000000686
-0.02442064999999971
-0.09864065000000011
-0.041179983333332615
0.0162806833333331
0.0737413500000006
-0.08427565000000037
-0.002872650000000476
0.02106934999999943
-0.043574149999999534
-0.10821765000000028
-0.082907507142858
-0.05759736428571394
-0.032287221428571655
-0.006977078571429374
0.018333064285712908
0.043643207142856966
0.06895334999999925
-0.024420650000001487
-0.11779465000000044
-0.0715066499999999
-0.02521865000000112
0.02106934999999943
-0.03639165000000055
-0.005267149999999887
-0.10821765000000028
0.0976833500000005
0.04022268333333301
-0.017237983333332707
-0.0746986500000002
-0.042775983333333656
-0.010853316666667112
0.02106934999999943
0.011492349999999263
-0.008619050000000072
-0.028730449999999408
-0.04884185000000052
-0.06895324999999985
-0.08906464999999919
0.06416435000000043
-0.1034296500000007
0.049799350000000686
0.013886350000001713
-0.022026649999999037
-0.03519464999999933
-0.04836264999999962
-0.06153064999999991
-0.0746986500000002
0.06416435000000043
0.03383784999999939
0.003511350000000135
-0.02681514999999912
-0.057141650000000155
-0.08746815000000119
-0.11779465000000044
0.054587350000000257
-0.04596865000000072
-0.04596865000000072
-0.04596865000000072
0.02106934999999943
-0.1034296500000007
0.06416435000000043
0.044053149999999874
0.023941949999999323
0.003830750000000549
-0.016280450000000002
-0.03639165000000055
-0.036092400000001135
-0.03579314999999994
-0.03549390000000052
-0.03519464999999933
-0.03489539999999991
-0.03459615000000049
-0.0342968999999993
-0.03399764999999988
-0.03369840000000046
-0.03339914999999927
-0.03309989999999985
-0.03280065000000043
-0.032501399999999236
-0.03220214999999982
-0.031902899999998624
-0.031603649999999206
0.0737413500000006
-0.1130066499999991
0.049799350000000686
-0.055545649999999114
-0.06033365000000046
0.049799350000000686
-0.1273716500000006
0.0019153499999990942
-0.06991065000000063
0.08331835000000076
-0.08906464999999919
0.02585735000000078
0.02585735000000078
-0.007661399999999929
-0.04118015000000064
-0.07469889999999957
-0.10821765000000028
0.04022235000000052
-0.026814650000000384
-0.014844150000000056
-0.041180649999999375
-0.05075731666666705
-0.06033398333333295
-0.06991065000000063
0.03543435000000095
0.006703850000000955
-0.022026649999999037
-0.030007316666665673
-0.037987983333334086
-0.04596865000000072
0.0043093499999997675
0.054587350000000257
0.021068850000000694
-0.012449650000000645
-0.04118015000000064
-0.06991065000000063
-0.031603649999999206
0.006703350000000441
-0.007661649999999298
-0.0531511499999997
-0.09864065000000011
-0.04836264999999962
0.0019153500000008705
0.010295100000000446
0.018674850000001797
0.027054600000001372
0.03543435000000095
-0.06991065000000063
-0.04916098333333352
-0.02841131666666641
-0.007661649999999298
0.04022235000000052
0.029687850000000182
0.019153349999999847
0.008618850000001288
-0.0019156499999990473
-0.012450149999999383
-0.022984649999999718
-0.03351915000000005
-0.04405364999999861
-0.05458814999999895
-0.06512264999999928
-0.03399764999999988
-0.002872650000000476
-0.012450149999999383
0.0019153500000008705
-0.0016759000000003965
-0.005267149999999887
-0.008858399999999378
-0.012449650000000645
-0.04596865000000072
0.01628035000000061
-0.031603649999999206
0.02585735000000078
-0.04596865000000072
-0.03639165000000055
-0.026814650000000384
-0.02043031666666728
-0.014045983333332401
-0.007661649999999298
-0.029209149999999795
-0.05075665000000029
-0.031603316666666714
-0.012449983333333137
0.006703350000000441
-0.03639165000000055
-0.026814650000000384
-0.010853316666667112
0.00510801666666616
0.02106934999999943
-0.014843650000001318
-0.05075665000000029
0.01628035000000061
0.009097849999999852
0.0019153499999990942
-0.005267149999999887
-0.012449650000000645
-0.03000731666666745
-0.04756498333333248
-0.06512264999999928
-0.007661649999999298
-0.013647149999998831
-0.01963265000000014
-0.022984450000000933
-0.02633624999999995
-0.029688050000000743
-0.03303984999999976
-0.03639165000000055
-0.02362265000000008
-0.010853649999999604
0.0019153500000008705
-0.002340983333333213
-0.00659731666666552
-0.010853649999999604
-0.015109983333333687
-0.019366316666665995
-0.02362265000000008
-0.027878983333334162
-0.03213531666666647
-0.03639165000000055
-0.007661150000000561
-0.014844150000000056
-0.02681514999999912
-0.03160339999999984
-0.03639165000000055
-0.024420650000001487
-0.012449650000000645
-0.015641983333333442
-0.01883431666666624
-0.022026649999999037
-0.02521898333333361
-0.02841131666666641
-0.031603649999999206
-0.007661649999999298
-0.014843650000001318
-0.006464150000001112
0.0019153500000008705
-0.002872983333332968
-0.0076613166666668064
-0.012449650000000645
-0.014844150000000056
-0.017238649999999467
-0.021228983333333673
-0.025219316666666103
-0.02920965000000031
-0.027214483333333206
-0.025219316666666103
-0.023224149999999
-0.021228983333333673
-0.01923381666666657
-0.017238649999999467
-0.007661649999999298
-0.005267149999999887
-0.016040900000000136
-0.026814650000000384
-0.022026649999999037
-0.017238649999999467
-0.03399764999999988
-0.05075665000000029
-0.045968399999999576
-0.04118015000000064
-0.03639189999999992
-0.031603649999999206
-0.014844150000000056
0.0019153500000008705
0.0019153500000008705
0.0019153500000008705
-0.022026649999999037
-0.04596865000000072
-0.06033365000000046
-0.04596865000000072
-0.031603649999999206
-0.03399764999999988
-0.03639165000000055
-0.03280040000000106
-0.029209149999999795
-0.025617900000000304
-0.022026649999999037
-0.018435399999999547
-0.014844150000000056
-0.011252899999998789
-0.007661649999999298
