-0.017238649999999467
-0.017238649999999467
-0.017238649999999467
-0.022026649999999037
-0.022026649999999037
-0.022026649999999037
-0.017238649999999467
-0.02362298333333257
-0.03000731666666745
-0.03639165000000055
-0.03639165000000055
-0.03639165000000055
-0.031603649999999206
-0.029209149999999795
-0.026814650000000384
-0.023223400000000893
-0.019632150000001403
-0.016040900000000136
-0.012449650000000645
-0.010055400000000603
-0.007661150000000561
-0.005266900000000518
-0.002872650000000476
0.006703350000000441
-0.01963265000000014
-0.02082964999999959
-0.022026649999999037
-0.02489965000000005
-0.027772649999999288
-0.030645650000000302
-0.03351864999999954
-0.03639165000000055
-0.041180649999999375
-0.022026649999999037
-0.02442089999999908
-0.02681514999999912
-0.029209399999999164
-0.031603649999999206
-0.024421150000000225
-0.017238649999999467
-0.007661649999999298
-0.012449650000000645
-0.012449650000000645
-0.012449650000000645
-0.012449650000000645
-0.012449650000000645
-0.012449650000000645
-0.012449650000000645
-0.012449650000000645
-0.022026649999999037
-0.031603649999999206
-0.031603649999999206
-0.031603649999999206
-0.017238649999999467
-0.0180366499999991
-0.018834650000000508
-0.01963265000000014
-0.018435649999998915
-0.017238649999999467
-0.014844150000000056
-0.012449650000000645
-0.012449650000000645
-0.012449650000000645
-0.007661150000000561
-0.002872650000000476
-0.005745850000000274
-0.008619050000000072
-0.01149224999999987
-0.014365449999999669
-0.017238649999999467
-0.012449650000000645
-0.01883431666666624
-0.02521898333333361
-0.031603649999999206
-0.026814650000000384
-0.029209149999999795
-0.031603649999999206
-0.02681514999999912
-0.022026649999999037
-0.022026649999999037
-0.022026649999999037
-0.012449650000000645
-0.013247816666666523
-0.014045983333334178
-0.014844150000000056
-0.015642316666665934
-0.01644048333333359
-0.017238649999999467
-0.012450149999999383
-0.007661649999999298
-0.010055649999999972
-0.02082964999999959
-0.031603649999999206
-0.03399764999999988
-0.03639165000000055
-0.03639165000000055
-0.03639165000000055
-0.026814650000000384
-0.026814650000000384
-0.026814650000000384
-0.026814650000000384
-0.026814650000000384
-0.026814650000000384
-0.03160315000000047
-0.03639165000000055
-0.017238649999999467
-0.017238649999999467
-0.016759750000000295
-0.016280849999999347
-0.015801950000000176
-0.015323049999999228
-0.014844150000000056
-0.017238649999999467
-0.02920965000000031
-0.041180649999999375
-0.012449650000000645
-0.016040900000000136
-0.019632150000001403
-0.023223400000000893
-0.026814650000000384
-0.027213733333333323
-0.027612816666666262
-0.028011900000000978
-0.028410983333333917
-0.028810066666666856
-0.029209149999999795
-0.02681514999999912
-0.022026899999998406
-0.017238649999999467
-0.010055649999999972
-0.002872650000000476
-0.012449650000000645
-0.016040900000000136
-0.019632150000001403
-0.023223400000000893
-0.026814650000000384
-0.033199316666667755
-0.03958398333333335
-0.04596865000000072
-0.026814650000000384
-0.022026649999999037
-0.017238249999998345
-0.01244984999999943
-0.007661449999998737
-0.0028730499999998216
0.0019153500000008705
-0.012449650000000645
-0.012449650000000645
-0.017238649999999467
-0.01963265000000014
-0.022026649999999037
-0.02442064999999971
-0.026814650000000384
-0.017238149999998953
-0.007661649999999298
-0.015642316666665934
-0.02362298333333257
-0.031603649999999206
-0.017238649999999467
-0.017238649999999467
-0.017238649999999467
-0.022026649999999037
-0.026814650000000384
-0.031603649999999206
-0.014844150000000056
0.0019153500000008705
-0.012449983333333137
-0.026815316666665368
-0.041180649999999375
-0.041180649999999375
-0.041180649999999375
-0.03399789999999925
-0.02681514999999912
-0.01963240000000077
-0.012449650000000645
-0.026814650000000384
-0.007661649999999298
-0.022026649999999037
-0.02442064999999971
-0.026814650000000384
-0.022026316666666546
-0.017237983333334483
-0.012449650000000645
-0.014045983333334178
-0.015642316666665934
-0.017238649999999467
-0.020111649999998704
-0.022984649999999718
-0.025857649999998955
-0.02873064999999997
-0.031603649999999206
-0.030406399999998612
-0.029209149999999795
-0.022026649999999037
-0.03639165000000055
-0.017238649999999467
-0.022026649999999037
-0.026814650000000384
-0.019632150000001403
-0.012449650000000645
-0.01039750714285681
-0.008345364285714751
-0.0062932214285709165
-0.004241078571428858
-0.002188935714285023
-0.0001367928571429644
0.0019153500000008705
0.004309350000001544
0.006703350000000441
0.0019153500000008705
-0.017238649999999467
-0.02681514999999912
-0.03639165000000055
-0.05075665000000029
-0.05458744999999965
-0.05841825000000078
-0.06224905000000014
-0.06607985000000127
-0.06991065000000063
-0.08188165000000147
-0.05674265000000034
-0.031603649999999206
-0.0531511499999997
-0.0746986500000002
-0.06671798333333356
-0.05873731666666693
-0.05075665000000029
-0.042775983333333656
-0.03479531666666702
-0.026814650000000384
0.011492349999999263
0.03064535000000035
0.03543385000000043
0.04022235000000052
0.0450108500000006
0.049799350000000686
-0.012449650000000645
-0.06512214999999877
-0.05714164999999838
-0.049161149999999765
-0.041180649999999375
-0.14173665000000035
-0.08667014999999978
-0.031603649999999206
-0.026814650000000384
0.0067038499999991785
0.04022235000000052
0.048841550000000566
0.057460750000000616
0.06607995000000066
0.07469915000000071
0.08331835000000076
0.03064535000000035
0.02106934999999943
-0.04596865000000072
-0.1130066499999991
-0.08906464999999919
-0.06512264999999928
-0.06272831666666612
-0.06033398333333295
-0.05793964999999979
-0.012449983333333137
0.033039683333333514
0.07852935000000016
0.07014984999999996
0.06177034999999975
0.053390849999999546
0.04501134999999934
0.04501134999999934
0.04501134999999934
0.04501134999999934
0.04501134999999934
0.04501134999999934
-0.06512215000000054
0.05458785000000077
0.09050060000000038
0.12641334999999998
0.06256801666666689
-0.001277316666666195
-0.06512264999999928
-0.06033365000000046
-0.06649022142857142
-0.07264679285714415
-0.0788033642857151
-0.08495993571428606
-0.09111650714285702
-0.09727307857142975
-0.1034296500000007
0.04261684999999993
0.07852935000000016
-0.014844150000000056
-0.10821765000000028
-0.03639165000000055
-0.00287315000000099
0.03064535000000035
0.02585735000000078
0.02106934999999943
0.048602600000000606
0.07613585
0.1036690999999994
0.13120235000000058
-0.04596865000000072
0.006703350000000441
0.0019153499999990942
-0.002872650000000476
-0.05554531666666662
-0.10821798333333454
-0.1608906500000007
0.0976833500000005
0.13359634999999948
0.16950935000000023
0.09050084999999974
0.011492349999999263
-0.0038306500000011567
-0.0191536499999998
-0.03447665000000022
-0.04979964999999886
-0.06512264999999928
-0.03958431666666584
-0.014045983333334178
0.011492349999999263
-0.03639214999999929
-0.29496564999999997
-0.13216014999999892
0.03064535000000035
0.004309350000001544
-0.022026649999999037
-0.031603649999999206
-0.041180649999999375
-0.03399764999999988
-0.026814650000000384
-0.015641816666667197
-0.004468983333334009
0.0067038499999991785
0.017876683333334142
0.02904951666666733
0.04022235000000052
-0.029209149999999795
-0.14293390000000095
-0.2566586500000003
0.011492349999999263
0.02585735000000078
0.04022235000000052
-0.01963265000000014
-0.07948764999999902
-0.06608005000000006
-0.052672449999999316
-0.03926485000000035
-0.02585724999999961
-0.012449650000000645
0.006703350000000441
0.0019149499999997488
-0.002873449999999167
-0.007661849999999859
-0.012450249999998775
-0.017238649999999467
-0.03639165000000055
-0.03351864999999954
-0.030645650000000302
-0.027772649999999288
-0.02489965000000005
-0.022026649999999037
0.02106934999999943
-0.007661649999999298
-0.18962065000000017
-0.1481211499999997
-0.10662164999999924
-0.06512214999999877
-0.02362265000000008
0.017876850000000388
0.059376350000000855
0.056981850000001444
0.054587350000000257
-0.0746986500000002
-0.007661649999999298
-0.017238649999999467
-0.022026649999999037
-0.041180649999999375
-0.007661649999999298
-0.024421150000000225
-0.041180649999999375
-0.03958431666666584
-0.037987983333334086
-0.03639165000000055
-0.029209149999999795
-0.022026649999999037
-0.023223774999999947
-0.02442089999999908
-0.025618024999998212
-0.02681514999999912
-0.02801227500000003
-0.029209399999999164
-0.030406524999998297
-0.031603649999999206
-0.012449649999998869
-0.012449649999998869
-0.012449650000000645
-0.012449650000000645
-0.012449650000000645
-0.041180649999999375
-0.1297656499999995
-0.050756983333332784
0.028251683333333943
0.10726035000000067
0.06655885000000161
0.02585735000000078
-0.014844150000000056
-0.055545649999999114
-0.07230515000000004
-0.08906464999999919
-0.07629548333333247
-0.06352631666666575
-0.050757150000000806
-0.037987983333334086
-0.025218816666667365
-0.012449650000000645
-0.017238649999999467
-0.022026649999999037
-0.017238649999999467
-0.022026649999999037
-0.017238649999999467
-0.024421150000000225
-0.031603649999999206
-0.038786149999999964
-0.03958431666666584
-0.040382483333333496
-0.041180649999999375
-0.038786149999999964
-0.03639165000000055
-0.2039856499999999
-0.15370748333333317
-0.10342931666666644
-0.0531511499999997
-0.002872983333332968
0.04740518333333377
0.0976833500000005
-0.022026649999999037
-0.023223650000000262
-0.02442064999999971
-0.02561764999999916
-0.026814650000000384
-0.022026316666666546
-0.017237983333334483
-0.012449650000000645
-0.024420650000001487
0.011492349999999263
-0.012449650000000645
-0.03639165000000055
-0.06033365000000046
-0.08427565000000037
-0.03639165000000055
-0.06991065000000063
-0.053493221428572824
-0.03707579285714324
-0.020658364285715436
-0.004240935714285854
0.012176492857141952
0.028593921428571534
0.04501134999999934
-0.022026649999999037
-0.04357465000000005
-0.013647149999998831
0.01628035000000061
0.009576550000000239
0.0028727499999998685
-0.0038310499999987258
-0.010534849999999096
-0.017238649999999467
-0.10821765000000028
-0.06512214999999877
-0.022026649999999037
-0.014365249999999108
-0.0067038499999991785
0.0009575500000007509
0.00861895000000068
0.01628035000000061
-0.03639165000000055
-0.03639165000000055
-0.00047914999999854047
-0.0024742333333325206
-0.004469316666666501
-0.006464400000000481
-0.008459483333332685
-0.010454566666666665
-0.012449650000000645
-0.03160315000000047
-0.026814650000000384
-0.029209149999999795
-0.031603649999999206
-0.031603649999999206
-0.02841131666666641
-0.025218983333331835
-0.022026649999999037
-0.031603649999999206
-0.031603649999999206
-0.031603649999999206
-0.02841131666666641
-0.025218983333331835
-0.022026649999999037
-0.017238649999999467
-0.02681514999999912
-0.03639165000000055
-0.029209149999999795
-0.022026649999999037
-0.02681514999999912
-0.031603649999999206
-0.030645849999999086
-0.029688049999998967
-0.028730250000000623
-0.027772450000000504
-0.026814650000000384
-0.02681514999999912
-0.028730449999999408
-0.030645749999999694
-0.03256104999999998
-0.034476350000000267
-0.03639165000000055
-0.026814650000000384
-0.017238149999998953
-0.007661649999999298
-0.026814650000000384
-0.007661649999999298
-0.00925765000000034
