0.013646939999999885
0.004070139999999944
0.005985499999999977
0.007900859999999899
0.009816219999999931
0.011731579999999853
0.013646939999999885
0.023223739999999937
0.022026639999999875
0.020829539999999924
0.019632439999999973
0.01843533999999991
0.013646939999999885
0.013646939999999885
0.013646939999999885
0.013646939999999885
0.013646939999999885
0.00885853999999997
0.011252739999999872
0.010853706666666518
0.010454673333333275
0.010055639999999921
0.009656606666666567
0.009257573333333324
0.00885853999999997
0.00885853999999997
0.00885853999999997
0.01843533999999991
0.013646939999999885
0.01205080666666658
0.010454673333333275
0.00885853999999997
0.013646939999999885
0.00885853999999997
0.004070139999999944
0.010454673333333275
0.016839206666666606
0.023223739999999937
0.020350699999999944
0.01747765999999995
0.014604619999999957
0.011731579999999964
0.00885853999999997
0.023223739999999937
0.006464339999999957
0.010055639999999921
0.013646939999999885
0.011518762222222145
0.009390584444444294
0.007262406666666554
0.005134228888888814
0.0030060511111109633
0.0008778733333332234
-0.0012503044444445166
-0.0033784822222223676
-0.005506660000000108
-0.005506660000000108
0.00885853999999997
0.01843533999999991
0.013646939999999996
0.00885853999999997
0.016041139999999898
0.023223739999999937
0.013646939999999996
0.004070139999999944
0.0016759399999999314
-0.0007182600000000816
-0.0007182600000000816
-0.0007182600000000816
0.0024740066666666394
0.005666273333333249
0.00885853999999997
0.01843533999999991
0.016839206666666606
0.01524307333333319
0.013646939999999885
0.004070139999999944
0.0016759399999999314
-0.0007182600000000816
-0.0007182600000000816
-0.0007182600000000816
0.0016759399999999314
0.004070139999999944
0.004070139999999944
0.004070139999999944
0.011252739999999872
0.01843533999999991
0.01723823999999985
0.016041139999999898
0.014844039999999947
0.013646939999999885
0.015562299999999918
0.01747765999999995
0.019393019999999872
0.021308379999999905
0.023223739999999937
0.01843533999999991
0.013646939999999885
-0.0007182600000000816
-0.005506660000000108
0.01843533999999991
0.01723823999999985
0.016041139999999898
0.014844039999999947
0.013646939999999885
-0.0007182600000000816
0.004070139999999944
0.006943179999999938
0.009816219999999931
0.012689259999999924
0.015562299999999918
0.01843533999999991
0.00885853999999997
0.013646939999999885
0.00885853999999997
0.00885853999999997
0.00885853999999997
0.00885853999999997
0.00885853999999997
-0.0007182600000000816
0.0016759399999999314
0.004070139999999944
0.006464339999999957
0.00885853999999997
0.011252739999999872
0.013646939999999885
0.016041139999999898
0.01843533999999991
0.011252739999999872
0.004070139999999944
0.00885853999999997
0.00885853999999997
0.00885853999999997
0.004070139999999944
0.01843533999999991
0.01723823999999985
0.016041139999999898
0.014844039999999947
0.013646939999999885
0.016041139999999898
0.01843533999999991
0.01651997999999988
0.014604619999999957
0.012689259999999924
0.010773899999999892
0.00885853999999997
0.006943179999999938
0.005027819999999905
0.0031124599999998726
0.001197099999999951
-0.0007182600000000816
0.0016759399999999314
0.004070139999999944
0.006464339999999957
0.00885853999999997
0.01205080666666658
0.015243073333333301
0.01843533999999991
0.013646939999999885
0.00885853999999997
0.006464339999999957
0.004070139999999944
0.00885853999999997
0.00885853999999997
0.011252739999999872
0.004070139999999944
0.005666273333333249
0.007262406666666665
0.00885853999999997
0.010454673333333275
0.01205080666666658
0.013646939999999885
0.011252739999999872
0.00885853999999997
0.006464339999999957
0.004070139999999944
0.012449839999999934
0.020829539999999924
0.017637273333333203
0.014445006666666593
0.011252739999999872
0.005267239999999895
-0.0007182600000000816
0.01843533999999991
0.020031473333333216
0.021627606666666632
0.023223739999999937
0.00885853999999997
-0.005506660000000108
-0.004309560000000157
-0.0031124600000000946
-0.0019153600000000326
-0.0007182600000000816
0.00047883999999986937
0.0016759399999999314
0.0028730399999999934
0.004070139999999944
0.004070139999999944
0.016839206666666495
0.004070139999999944
0.004070139999999944
0.004070139999999944
0.004070139999999944
0.004070139999999944
0.006464339999999957
0.00885853999999997
0.010454673333333275
0.01205080666666658
0.013646939999999885
0.016041139999999898
0.01843533999999991
-0.0007182600000000816
0.013646939999999885
0.013646939999999885
0.010055639999999921
0.006464339999999846
0.0028730399999998824
-0.0007182600000000816
0.00885853999999997
0.01843533999999991
0.016639689999999874
0.014844039999999947
0.01304838999999991
0.011252739999999872
0.004070139999999944
0.013646939999999996
0.023223739999999937
0.016041139999999898
0.00885853999999997
0.013646939999999885
0.011252739999999872
0.00885853999999997
0.00885853999999997
0.00885853999999997
0.00885853999999997
0.016041139999999898
0.023223739999999937
0.01843533999999991
0.013646939999999996
0.00885853999999997
0.013646939999999885
0.004070139999999944
0.00885853999999997
0.013646939999999885
0.004070139999999944
-0.005506660000000108
-0.0031124600000000946
-0.0007182600000000816
0.0016759399999999314
0.004070139999999944
0.004070139999999944
0.004070139999999944
0.004070139999999944
0.004070139999999944
0.004070139999999944
0.020829539999999924
0.038786059999999956
0.05674257999999999
0.013646929999999946
-0.029448720000000095
0.013646929999999946
0.05674257999999999
0.02960827999999993
0.0024739799999999867
-0.02466032000000007
0.020829529999999985
0.06631937999999993
-0.019871920000000043
0.0008778333333332444
0.021627586666666643
0.04237733999999993
0.011252709999999944
-0.019871920000000043
-0.0031124900000000233
0.013646939999999885
-0.005506660000000108
-0.005506660000000108
-0.005506660000000108
0.00885853999999997
0.023223739999999937
0.011252739999999872
-0.0007182600000000816
0.020829539999999924
0.04237733999999993
0.023223739999999937
0.004070139999999944
-0.015083460000000048
0.030406354999999885
0.07589616999999993
0.03280055500000001
-0.010295060000000023
0.05195417999999996
0.011252729999999933
-0.029448720000000095
0.01843532999999986
0.06631937999999993
0.03439667999999996
0.0024739799999998757
-0.029448720000000095
0.004070109999999905
0.037588939999999904
-0.029448720000000095
-0.018674805000000072
-0.00790089000000005
0.0028730249999998625
0.013646939999999885
-0.0031124900000000233
-0.019871920000000043
-0.010295060000000023
-0.009337380000000062
-0.008379700000000101
-0.007422020000000029
-0.006464340000000068
-0.005506660000000108
-0.015083460000000048
0.047165779999999935
-0.019871920000000043
0.07110777999999995
0.047165754999999976
0.023223729999999887
-0.0007182950000000909
-0.02466032000000007
0.09504973999999988
-0.03902551000000004
0.008858506666666655
0.056742523333333295
0.10462653999999993
-0.06296751000000006
0.011252729999999933
0.08547296999999998
0.03758894333333329
-0.010295083333333399
-0.05817911000000009
0.05195417999999996
0.020031483333333266
-0.011891213333333428
-0.04381391000000007
-0.01747768500000002
0.00885853999999997
-0.019871920000000043
-0.010295090000000062
-0.0007182600000000816
0.01843533999999991
0.015442589999999923
0.012449839999999934
0.009457089999999946
0.006464339999999846
0.003471589999999858
0.00047883999999986937
-0.002513910000000119
-0.005506660000000108
0.016839219999999933
0.03918509999999986
0.0615309799999999
0.020829529999999985
-0.019871920000000043
0.03280052499999997
0.08547296999999998
0.011252729999999933
-0.06296751000000006
0.011252729999999933
0.08547296999999998
0.004070119999999955
-0.07733273000000007
-0.01747769500000007
0.04237733999999993
-0.0007182900000001213
-0.0007182850000000407
0.02481986666666658
0.05035801833333331
0.07589616999999993
0.004070114999999874
-0.06775594000000007
0.0615309799999999
-0.019871920000000043
0.013646929999999946
0.047165779999999935
0.035793313749999944
0.024420847499999954
0.013048381249999963
0.0016759149999999723
0.03639184749999991
0.07110777999999995
0.02960828333333332
-0.011891213333333428
-0.05339071000000006
-0.03982356833333339
-0.02625642666666672
-0.012689285000000106
0.00087785666666651
0.014444998333333237
0.028012139999999852
0.020829534999999844
0.013646929999999835
-0.015083490000000088
-0.04381391000000007
0.07110777999999995
0.03599281333333326
0.0008778466666665707
-0.03423712000000012
-0.01827576666666675
-0.002314413333333487
0.013646939999999885
0.028012149999999902
0.04237735999999992
0.05674256999999994
0.07110777999999995
-0.04381391000000007
-0.0318429016666667
-0.01987189333333339
-0.00790088500000008
0.004070123333333231
0.016041131666666653
0.028012139999999963
0.01843533999999991
0.004070109999999905
-0.0007182600000000816
0.013646939999999885
0.028012139999999963
0.04237733999999993
-0.0007182900000001213
0.010454653333333286
0.021627596666666582
0.03280053999999999
-0.0007182600000000816
0.00023941999999987917
0.001197099999999951
0.0021547799999999118
0.0031124599999999836
0.004070139999999944
0.04237733999999993
0.004070139999999944
0.0002394199999999902
-0.003591300000000075
-0.007422020000000029
-0.011252740000000094
-0.015083460000000048
0.037588939999999904
-0.015083460000000048
-0.010295060000000134
-0.005506660000000108
0.013646939999999996
0.03280053999999999
0.004070139999999944
0.006464339999999957
0.00885853999999997
0.023223739999999937
0.016041139999999898
0.00885853999999997
0.0061223114285714475
0.0033860828571428137
0.0006498542857142908
-0.002086374285714343
-0.004822602857142866
-0.0075588314285715
-0.010295060000000023
0.03280053999999999
-0.010295060000000023
0.011252739999999872
0.00885853999999986
0.006464339999999957
0.004070139999999944
0.006464339999999957
0.00885853999999997
0.008259989999999995
0.007661440000000019
0.007062889999999933
0.006464339999999957
0.005865789999999982
0.005267239999999895
0.00466868999999992
0.004070139999999944
0.011252739999999872
-0.005506660000000108
-0.0034544885714287155
-0.0014023171428572123
0.0006498542857141798
0.002702025714285683
0.004754197142857075
0.006806368571428578
0.00885853999999997
-0.0007182900000001213
0.00885853999999997
0.023223739999999937
-0.019871920000000043
0.008858513333333318
0.03758894666666657
0.06631937999999993
0.059668818888888864
0.05301825777777769
0.046367696666666625
0.03971713555555545
0.033066574444444385
0.02641601333333321
0.019765452222222146
0.013114891111110971
0.006464329999999907
-0.015083460000000048
-0.010295060000000023
-0.0055066599999999966
-0.0007182600000000816
0.004070139999999944
0.00885853999999997
0.013646939999999996
0.04237733999999993
-0.02466032000000007
0.03280053999999999
-0.005506660000000108
0.004070139999999944
0.013646939999999885
0.023223739999999937
0.011252739999999872
-0.03423712000000012
0.037588939999999904
0.029448654999999935
0.021308369999999965
0.013168084999999885
0.005027799999999916
-0.0031124850000000537
-0.011252770000000134
-0.019393055000000103
-0.027533340000000073
-0.03567362500000004
-0.04381391000000007
0.07110777999999995
-0.019871920000000043
0.01843533999999991
0.004070139999999944
-0.010295060000000023
0.006464339999999957
0.0067037599999999475
0.006943179999999938
0.007182599999999928
0.007422019999999918
0.007661440000000019
0.00790086000000001
0.00814028
0.00837969999999999
0.00861911999999998
0.00885853999999997
0.01843533999999991
-0.010295060000000023
0.023223739999999937
0.019033889999999887
0.014844039999999947
0.010654190000000008
0.006464339999999957
0.011252729999999933
0.03280053999999999
0.021627606666666632
0.010454673333333275
-0.0007182600000000816
0.016839219999999933
0.03439669999999995
0.05195417999999996
0.011252729999999933
-0.029448720000000095
0.020829529999999985
0.07110777999999995
0.006464334999999877
-0.05817911000000009
0.004070134999999975
0.06631937999999993
-0.02466032000000007
-0.00790089000000005
0.00885853999999997
0.023223739999999937
0.037588939999999904
0.028012131428571285
0.018435322857142777
0.008858514285714159
-0.0007182942857143493
-0.010295102857142968
-0.019871911428571587
-0.029448720000000095
-0.010295095000000143
0.00885852999999992
0.028012154999999983
0.047165779999999935
-0.04381391000000007
0.028012139999999963
0.00885853999999997
0.00885853999999997
0.028012139999999963
0.00885851999999998
-0.010295100000000112
-0.029448720000000095
0.07589616999999993
-0.06296751000000006
-0.003112465000000064
0.05674257999999999
-0.04860231000000009
0.0016759349999999618
0.05195417999999996
0.020829560000000025
-0.010295060000000023
0.006464339999999957
0.023223739999999937
0.020829539999999924
0.01843533999999991
0.016041139999999898
0.013646939999999885
-0.0007182600000000816
0.001253434117647001
0.0032251282352940835
0.005196822352941055
0.007168516470588138
0.00914021058823522
0.011111904705882303
0.013083598823529385
0.015055292941176468
0.01702698705882344
0.018998681176470522
0.020970375294117605
0.022942069411764687
0.02491376352941177
0.026885457647058852
0.028857151764705824
0.030828845882352907
0.03280053999999999
0.004070139999999944
0.00885853999999997
0.01843533999999991
0.011252739999999872
0.011252739999999872
0.023223739999999937
-0.0007182600000000816
0.0016759399999999314
0.004070139999999944
-0.0031124599999999836
-0.010295060000000023
-0.0067037600000000586
-0.0031124599999999836
0.0004788399999999804
0.004070139999999944
0.013646939999999885
0.011252739999999872
0.00885853999999997
0.01843533999999991
0.020829539999999924
0.023223739999999937
0.015243073333333301
0.007262406666666554
-0.0007182600000000816
-0.005506660000000108
-0.010295060000000023
-0.0023143933333333866
0.005666273333333249
0.013646939999999885
0.00885853999999997
0.004070139999999944
0.005267239999999895
0.006464339999999957
0.007661440000000019
0.00885853999999997
0.00885853999999997
0.023223739999999937
0.028012139999999963
0.016041139999999898
0.004070139999999944
0.004070139999999944
0.00885853999999997
0.013646939999999885
0.01205080666666658
0.010454673333333275
0.00885853999999997
0.011252739999999983
0.013646939999999996
0.016041139999999898
0.01843533999999991
0.00885853999999997
0.01843533999999991
0.004070139999999944
0.007262406666666554
0.010454673333333275
0.013646939999999885
0.00885853999999997
0.004070139999999944
0.013646939999999885
0.01843533999999991
0.023223739999999937
0.019632439999999973
0.016041139999999898
0.012449839999999934
0.00885853999999997
0.013646939999999885
0.028012139999999963
0.024021806666666645
0.020031473333333327
0.016041139999999898
