-0.036391983333333044
-0.041180649999999375
-0.03905242777777751
-0.036924205555555645
-0.034795983333332
-0.03266776111111014
-0.030539538888888274
-0.02841131666666641
-0.026283094444442767
-0.024154872222220902
-0.022026649999999037
-0.017238149999998953
-0.012449650000000645
-0.012450149999999383
-0.012449650000000645
-0.022026649999999037
-0.031603649999999206
-0.007661649999999298
-0.012449650000000645
-0.010055649999999972
-0.007661649999999298
-0.031603649999999206
-0.026814650000000384
-0.02489944999999949
-0.022984250000000372
-0.02106904999999948
-0.01915385000000036
-0.017238649999999467
-0.01963265000000014
-0.022026649999999037
-0.026814650000000384
-0.017238649999999467
-0.022026649999999037
-0.018435399999999547
-0.014844150000000056
-0.011252899999998789
-0.007661649999999298
-0.031603649999999206
-0.031603649999999206
-0.029209399999999164
-0.02681514999999912
-0.02442089999999908
-0.022026649999999037
-0.041180649999999375
-0.026814650000000384
-0.02442064999999971
-0.022026649999999037
-0.01883431666666624
-0.015641983333333442
-0.012449650000000645
0.011492349999999263
0.011492349999999263
0.011492349999999263
0.011492349999999263
-0.022026649999999037
-0.022026649999999037
-0.022026649999999037
-0.022026649999999037
-0.031603649999999206
-0.041180649999999375
-0.022026649999999037
-0.014844150000000056
-0.007661649999999298
-0.002873149999999214
0.0019153500000008705
-0.00047864999999980284
-0.002872650000000476
-0.004468983333334009
-0.006065316666665765
-0.007661649999999298
-0.007661649999999298
-0.022026649999999037
-0.03639165000000055
-0.03399764999999988
-0.031603649999999206
-0.034795983333332
-0.03798831666666658
-0.041180649999999375
-0.031603649999999206
-0.01963265000000014
-0.007661649999999298
-0.010055649999999972
-0.012449650000000645
-0.011252650000001196
-0.010055649999999972
-0.008858649999998747
-0.007661649999999298
-0.002873149999999214
0.0019153500000008705
-0.0020749833333315593
-0.006065316666665765
-0.010055649999999972
-0.014045983333332401
-0.01803631666666483
-0.022026649999999037
-0.031603649999999206
-0.03639165000000055
-0.03399764999999988
-0.031603649999999206
0.0019153500000008705
-0.005267149999999887
-0.012449650000000645
-0.007661649999999298
0.0019153500000008705
0.004309350000001544
0.006703350000000441
0.004651207142858382
0.0025990642857145474
0.0005469214285724888
-0.0015052214285713461
-0.0035573642857134047
-0.00560950714285724
-0.007661649999999298
-0.015642316666665934
-0.02362298333333257
-0.031603649999999206
-0.026815316666665368
-0.022026983333333305
-0.017238649999999467
-0.022026649999999037
-0.026814650000000384
-0.02442064999999971
-0.022026649999999037
-0.02442089999999908
-0.02681514999999912
-0.029209399999999164
-0.031603649999999206
-0.026016983333333243
-0.02043031666666728
-0.014843650000001318
-0.002872650000000476
-0.007661649999999298
-0.005267649999998625
-0.01039807857142705
-0.015528507142855474
-0.0206589357142839
-0.0257893642857141
-0.030919792857142525
-0.03605022142857095
-0.041180649999999375
-0.031603649999999206
-0.030007316666665673
-0.028410983333333917
-0.026814650000000384
-0.03639165000000055
-0.017238149999998953
0.0019153500000008705
-0.002872650000000476
-0.012449650000000645
-0.022026649999999037
-0.030007316666665673
-0.037987983333334086
-0.04596865000000072
-0.031603649999999206
-0.031603649999999206
-0.031603649999999206
-0.031603649999999206
-0.041180649999999375
-0.031603649999999206
-0.022026650000000814
-0.012449650000000645
-0.017238649999999467
-0.01628094999999874
-0.015323249999999788
-0.014365549999999061
-0.01340785000000011
-0.012450149999999383
-0.01404631666666667
-0.01564248333333218
-0.017238649999999467
-0.022026649999999037
-0.022026649999999037
-0.022026649999999037
-0.022026649999999037
-0.022026649999999037
-0.022026649999999037
-0.022026649999999037
-0.03639165000000055
-0.02681514999999912
-0.017238649999999467
-0.017238649999999467
-0.017238649999999467
-0.017717449999999246
-0.018196249999999026
-0.01867505000000058
-0.01915385000000036
-0.01963265000000014
-0.026814650000000384
-0.024899350000000098
-0.02298404999999981
-0.021068749999999525
-0.01915344999999924
-0.017238149999998953
-0.012449899999998237
-0.007661649999999298
-0.03798798333333231
-0.0683143166666671
-0.09864065000000011
-0.022026649999999037
-0.02309076111110997
-0.024154872222220902
-0.025218983333331835
-0.026283094444442767
-0.027347205555555476
-0.02841131666666641
-0.02947542777777734
-0.030539538888888274
-0.031603649999999206
-0.02681514999999912
-0.022026649999999037
0.0043098500000002815
-0.017238149999998953
-0.017238649999999467
-0.05075665000000029
-0.04596865000000072
-0.041180649999999375
-0.03519514999999984
-0.02920965000000031
-0.023224149999999
-0.017238649999999467
0.006703350000000441
-0.002872650000000476
-0.03160315000000047
-0.06033365000000046
-0.0531511499999997
-0.04596865000000072
-0.05793964999999979
-0.06991065000000063
0.011492349999999263
0.013886349999999936
0.01628035000000061
0.01580155000000083
0.01532275000000105
0.014843949999999495
0.014365149999999716
0.013886349999999936
-0.01244981666666689
-0.03878598333333372
-0.06512215000000054
-0.06192998333333399
-0.058737816666665665
-0.055545649999999114
-0.014844150000000056
0.02585735000000078
0.03064535000000035
-0.012450149999999383
-0.055545649999999114
-0.04756498333333248
-0.03958431666666584
-0.031603649999999206
-0.04756498333333248
-0.06352631666666575
-0.07948764999999902
-0.033997816666666125
0.011492016666668547
0.056981850000001444
0.01508360000000053
-0.026814650000000384
-0.055545150000000376
-0.08427565000000037
-0.09145814999999935
-0.09864065000000011
-0.08427546818181852
-0.06991028636363694
-0.05554510454545358
-0.041179922727272
-0.026814740909090418
-0.012449559090908835
0.0019156227272727477
0.01628080454545433
0.03064598636363769
0.04501116818181927
0.059376350000000855
0.03064535000000035
-0.05793964999999979
-0.026814650000000384
0.00550684999999973
0.037828349999999844
0.07014984999999996
0.10247135000000007
0.011492349999999263
-0.12258265000000002
-0.026814650000000384
0.0737413500000006
0.05578485000000022
0.037828349999999844
0.019871850000001245
0.0019153500000008705
-0.14173665000000035
0.02825185000000019
-0.011252400000000051
-0.05075665000000029
-0.13694865000000078
-0.038786149999999964
0.059376350000000855
0.04740535000000001
0.03543435000000095
0.0019155500000014314
-0.03160324999999986
-0.06512204999999938
-0.09864085000000067
-0.13215965000000018
-0.002872650000000476
0.013886683333332428
0.03064601666666711
0.04740535000000001
0.06416468333333292
0.0809240166666676
0.0976833500000005
-0.08906464999999919
0.013886350000001713
0.11683735000000084
-0.002872650000000476
-0.020111050000000574
-0.03734945000000067
-0.054587849999998994
-0.07182624999999909
-0.08906464999999919
0.054587849999998994
-0.1034296500000007
-0.0076616500000010745
0.08810635000000033
0.06416435000000043
0.04022235000000052
-0.038786149999999964
-0.11779465000000044
-0.03639165000000055
0.037828349999999844
0.11204835000000024
-0.012450150000001159
-0.13694865000000078
-0.10821815000000079
-0.07948764999999902
-0.05075714999999903
-0.022026649999999037
-0.003671149999998846
0.014684350000001345
0.03303984999999976
0.05139534999999995
0.06975085000000014
0.08810635000000033
-0.07948764999999902
-0.09624714999999817
-0.1130066499999991
0.13599035000000015
0.09289475000000103
0.049799150000000125
0.006703550000001002
-0.0363920499999999
-0.07948764999999902
-0.1034296500000007
-0.1273716500000006
0.02346284999999959
-0.04596865000000072
-0.03040640000000039
-0.014844150000000056
0.0007181000000002769
0.01628035000000061
-0.06272814999999987
-0.14173665000000035
-0.022026649999999037
0.0976833500000005
0.07134734999999992
0.04501134999999934
-0.06272765000000113
-0.17046664999999983
-0.07709314999999961
0.01628035000000061
0.049799350000000686
0.0019153500000008705
-0.04596865000000072
-0.09385265000000054
0.07852935000000016
0.02346284999999959
-0.031603649999999206
-0.07230515000000004
-0.1130066499999991
-0.002873149999999214
0.10726035000000067
0.021068850000000694
-0.06512264999999928
-0.06113231666666685
-0.05714198333333265
-0.05315164999999844
-0.04916131666666601
-0.04517098333333358
-0.041180649999999375
-0.014844150000000056
0.011492349999999263
-0.1034296500000007
-0.08619145000000117
-0.06895324999999985
-0.05171505000000032
-0.034476849999999004
-0.017238649999999467
0.03303984999999976
-0.13215965000000018
-0.022026649999999037
0.08810635000000033
0.07374110000000123
0.05937585000000034
0.04501059999999946
0.03064535000000035
-0.050757150000000806
-0.13215965000000018
0.03064535000000035
-0.03639165000000055
0.023463350000000105
0.08331835000000076
-0.03399764999999988
-0.15131365000000052
-0.1349532333333343
-0.1185928166666681
-0.10223240000000011
-0.0858719833333339
-0.06951156666666769
-0.0531511499999997
-0.03679073333333349
-0.02043031666666728
-0.00406990000000107
0.012290516666665141
0.02865093333333313
0.04501134999999934
0.0019153499999990942
-0.041180649999999375
-0.007661649999999298
0.02585735000000078
-0.024420650000001487
-0.13215965000000018
-0.10183314999999915
-0.0715066499999999
-0.04118015000000064
-0.010853649999999604
0.01947285000000143
0.049799350000000686
-0.06751615000000122
-0.0040698999999992935
0.059376350000000855
-0.09385265000000054
-0.024420650000001487
0.04501134999999934
0.03543454999999973
0.025857750000000124
0.01628094999999874
0.006704149999999132
-0.002872650000000476
0.0019153499999990942
-0.013817935714286023
-0.029551221428572916
-0.04528450714285803
-0.06101779285714315
-0.07675107857142827
-0.09248436428571516
-0.10821765000000028
0.02106934999999943
-0.014844150000000056
-0.002872650000000476
-0.03639165000000055
-0.06991065000000063
0.04501134999999934
-0.019632150000001403
-0.08427565000000037
-0.019632150000001403
0.04501134999999934
0.008300016666666465
-0.02841131666666641
-0.06512264999999928
-0.01963265000000014
0.02585735000000078
0.01217620714285772
-0.0015049357142853381
-0.015186078571428396
-0.028867221428571455
-0.04254836428571451
-0.05622950714285757
-0.06991065000000063
0.011492349999999263
-0.03399764999999988
-0.06033365000000046
0.0019153500000008705
-0.005267149999999887
-0.012449649999998869
-0.019632149999999626
-0.026814650000000384
-0.012449650000000645
-0.004468983333334009
0.003511683333332627
0.011492349999999263
0.004788549999998892
-0.001915249999999702
-0.008619050000000072
-0.015322849999998667
-0.022026649999999037
0.03064535000000035
-0.05075665000000029
-0.055545649999999114
-0.04979945000000008
-0.04405324999999927
-0.03830705000000023
-0.03256084999999942
-0.026814650000000384
-0.022026649999999037
-0.017238649999999467
-0.012449650000000645
-0.017238149999998953
-0.022026649999999037
-0.002872650000000476
-0.002872650000000476
-0.017238149999998953
-0.031603649999999206
-0.022026649999999037
-0.012449650000000645
-0.012449650000000645
-0.012449650000000645
-0.013646899999999462
-0.014844150000000056
-0.01604140000000065
-0.017238649999999467
-0.031603649999999206
0.0019153500000008705
-0.0076613166666668064
-0.017237983333332707
-0.026814650000000384
-0.02489944999999949
-0.022984250000000372
-0.02106904999999948
-0.01915385000000036
-0.017238649999999467
-0.012449650000000645
-0.012449650000000645
-0.012449650000000645
-0.010853483333333358
-0.009257316666667847
-0.007661150000000561
-0.006064983333333274
-0.004468816666667763
-0.002872650000000476
-0.01963265000000014
-0.031603649999999206
-0.03639165000000055
-0.03160315000000047
-0.026814650000000384
-0.026814650000000384
-0.026814650000000384
-0.026814650000000384
-0.012449650000000645
-0.011252650000001196
-0.010055649999999972
-0.008858649999998747
-0.007661649999999298
-0.004469316666666501
-0.0012769833333337033
0.0019153499999990942
0.005107683333333668
0.008300016666666465
0.011492349999999263
-0.017238649999999467
-0.012449650000000645
-0.02681514999999912
-0.017238649999999467
-0.024421150000000225
-0.031603649999999206
-0.02841131666666641
-0.025218983333331835
-0.022026649999999037
-0.015641983333333442
-0.009257316666666071
-0.002872650000000476
-0.005267149999999887
-0.007661649999999298
-0.002872650000000476
-0.017238649999999467
-0.02681514999999912
-0.03639165000000055
-0.03160315000000047
-0.026814650000000384
-0.026814650000000384
-0.026814650000000384
-0.026814650000000384
-0.029208900000000426
-0.03160315000000047
-0.03399740000000051
