-0.00718260000000015
0.003591299999999853
0.014365199999999967
0.011970999999999954
0.009576799999999941
0.004788399999999915
-1.1102230246251565e-16
-1.1102230246251565e-16
-1.1102230246251565e-16
-0.004788400000000026
-0.009576800000000052
-0.002394200000000124
0.004788399999999915
0.005985499999999977
0.007182599999999928
0.008379699999999879
0.009576799999999941
0.019153599999999882
-1.1102230246251565e-16
-0.004788400000000137
-0.009576800000000052
-0.014365200000000078
-0.00718260000000015
-1.1102230246251565e-16
-1.1102230246251565e-16
-0.003192266666666721
-0.006384533333333442
-0.009576800000000052
-0.011172933333333357
-0.012769066666666773
-0.014365200000000078
-0.00718260000000015
-0.004788400000000137
-0.002394200000000124
-1.1102230246251565e-16
-0.002394200000000124
-0.004788400000000137
-1.1102230246251565e-16
0.004788399999999915
0.002394199999999902
-1.1102230246251565e-16
-1.1102230246251565e-16
-1.1102230246251565e-16
0.004788399999999915
0.009576799999999941
0.00638453333333322
0.00319226666666661
-1.1102230246251565e-16
-0.004788400000000137
-0.002394200000000124
-1.1102230246251565e-16
-0.004788400000000026
-0.009576800000000052
-0.004788400000000026
-1.1102230246251565e-16
0.002394199999999902
0.004788399999999915
0.002394199999999902
-1.1102230246251565e-16
0.002394199999999902
0.004788399999999915
0.014365199999999856
0.023941999999999908
0.015961333333333272
0.007980666666666525
-1.1102230246251565e-16
-1.1102230246251565e-16
-0.009576800000000052
-0.0077811500000000144
-0.005985500000000088
-0.0041898500000001615
-0.002394200000000124
-0.003192266666666832
-0.003990333333333429
-0.004788400000000137
-0.019153600000000104
-0.011971000000000176
-0.004788400000000137
-0.004788400000000137
-0.004788400000000137
-0.004788400000000137
-0.004788400000000137
-0.009576800000000052
-0.014365200000000078
0.009576799999999941
-0.004788400000000026
-0.019153600000000104
0.019153599999999882
0.009576799999999941
-1.1102230246251565e-16
-0.009576800000000052
-0.014365200000000078
0.0
0.014365199999999967
0.011172933333333246
0.007980666666666636
0.004788399999999915
-0.004788400000000137
-0.001596133333333416
0.001596133333333194
0.004788399999999915
-1.1102230246251565e-16
-0.004788400000000137
0.004788399999999915
-0.001596133333333416
-0.007980666666666747
-0.014365200000000078
-1.1102230246251565e-16
-0.001197100000000173
-0.002394200000000124
-0.003591300000000075
-0.004788400000000137
-0.014365200000000078
-0.008379700000000101
-0.002394200000000124
0.003591299999999964
0.009576799999999941
0.00319226666666661
-0.003192266666666721
-0.009576800000000052
-0.014365200000000078
-0.009576800000000052
-0.004788400000000137
0.009576799999999941
0.009576799999999941
0.009576799999999941
0.00638453333333322
0.00319226666666661
-1.1102230246251565e-16
0.001596133333333194
0.00319226666666661
0.004788399999999915
0.002394199999999902
-1.1102230246251565e-16
-1.1102230246251565e-16
-1.1102230246251565e-16
0.002394199999999902
0.004788399999999915
-0.004788400000000026
-0.014365200000000078
-0.009576800000000052
-0.004788400000000137
-1.1102230246251565e-16
0.004788399999999915
0.009576799999999941
0.007182599999999928
0.004788399999999915
0.002394199999999902
-1.1102230246251565e-16
-1.1102230246251565e-16
-1.1102230246251565e-16
0.002394199999999902
0.004788399999999915
0.007182599999999928
-0.001197100000000062
-0.009576800000000052
-0.002394200000000124
0.004788399999999915
0.002394199999999902
-1.1102230246251565e-16
-1.1102230246251565e-16
-1.1102230246251565e-16
0.001197099999999951
0.002394199999999902
0.003591299999999853
0.004788399999999915
-0.014365200000000078
0.014365199999999967
0.002394199999999902
-0.009576800000000052
0.0
0.009576799999999941
0.004788399999999915
-1.1102230246251565e-16
0.00319226666666661
0.00638453333333322
0.009576799999999941
0.019153619999999982
0.028730439999999913
0.01755749333333323
0.006384546666666546
-0.004788400000000137
-1.1102230246251565e-16
0.009576799999999941
0.007182599999999928
0.004788399999999915
-1.1102230246251565e-16
-0.004788400000000137
0.004788399999999915
0.014365199999999967
0.006384533333333331
-0.001596133333333416
-0.009576800000000052
0.004788399999999915
0.003990333333333207
0.00319226666666661
0.002394199999999902
0.001596133333333194
0.000798066666666597
-1.1102230246251565e-16
-1.1102230246251565e-16
-1.1102230246251565e-16
-0.0009576800000000718
-0.0019153600000001436
-0.0028730400000001044
-0.003830720000000176
-0.004788400000000137
-0.00718260000000015
-0.009576800000000052
-0.011971000000000065
-0.014365200000000078
-0.00718260000000015
-1.1102230246251565e-16
0.002394199999999902
0.004788399999999915
-1.1102230246251565e-16
-0.004788400000000137
-0.014365200000000078
-1.1102230246251565e-16
0.002394199999999902
-0.001795657500000103
-0.005985515000000108
-0.010175372500000113
-0.014365230000000118
-0.009576820000000152
-0.004788410000000076
-1.1102230246251565e-16
-1.1102230246251565e-16
-1.1102230246251565e-16
0.028730439999999913
0.011971019999999832
-0.004788400000000137
-0.003192266666666832
-0.001596133333333416
-1.1102230246251565e-16
0.009576799999999941
-0.01675943000000002
-0.04309566000000009
-0.007182610000000089
0.028730439999999913
0.004788419999999904
-0.019153600000000104
0.007182619999999917
0.03351883999999994
0.011172959999999899
-0.01117292000000003
-0.03351880000000007
0.014365199999999967
0.002394199999999902
-0.009576800000000052
-0.008778733333333344
-0.007980666666666747
-0.00718260000000015
-0.006384533333333442
-0.005586466666666734
-0.004788400000000137
0.002394199999999902
0.014365199999999967
0.007182599999999928
-1.1102230246251565e-16
-0.006384533333333442
-0.012769066666666773
-0.019153600000000104
-0.009576800000000052
-0.0053869500000001125
-0.001197100000000062
0.0029927499999999885
0.007182599999999928
0.005985499999999977
0.004788399999999915
0.028730439999999913
0.015961359999999924
0.0031922799999999363
-0.009576800000000052
-0.002394200000000124
0.004788399999999915
-0.003830732000000059
-0.012449864000000033
-0.021068996000000118
-0.02968812800000009
-0.038307260000000065
-0.01675943000000002
0.004788399999999915
-0.004788400000000026
-0.014365200000000078
-0.004788400000000026
0.004788399999999915
-0.002394200000000124
-0.009576800000000052
0.011971019999999943
0.03351883999999994
-0.014365200000000078
0.0
0.014365199999999967
0.010175349999999916
0.005985499999999977
0.0017956499999999265
-0.002394200000000124
-0.0065840500000000635
-0.010773900000000114
-0.014963750000000053
-0.019153600000000104
0.011971019999999943
-0.015961353333333483
0.004788399999999915
-1.1102230246251565e-16
-0.004788400000000137
0.01596134333333321
0.03671108666666656
0.05746082999999991
0.03192268666666653
0.00638454333333327
-0.019153600000000104
0.004788399999999915
-0.014365200000000078
0.007182619999999917
0.028730439999999913
0.01675941999999986
0.004788399999999915
0.02633621999999991
0.047884039999999906
0.019153606666666545
-0.009576826666666705
-0.038307260000000065
-0.02968812800000009
-0.021068996000000118
-0.012449864000000033
-0.003830732000000059
0.004788399999999915
-0.009576800000000052
-0.004788400000000026
-1.1102230246251565e-16
0.004788399999999915
-1.1102230246251565e-16
-0.004788400000000137
-0.009576800000000052
-0.014365200000000078
-0.002394200000000124
0.009576799999999941
-0.02394200000000013
-0.0175574666666668
-0.011172933333333468
-0.004788400000000137
-0.003192266666666832
-0.001596133333333416
-1.1102230246251565e-16
0.011970999999999954
0.023941999999999908
0.017557466666666577
0.011172933333333246
0.004788399999999915
-0.001596133333333416
-0.007980666666666747
-0.014365200000000078
0.019153599999999882
-0.009576800000000052
-1.1102230246251565e-16
0.009576799999999941
-0.009576800000000052
-0.010534480000000013
-0.011492160000000085
-0.012449840000000045
-0.013407520000000117
-0.014365200000000078
0.014365199999999967
-0.002394200000000124
-0.003591300000000075
-0.004788400000000137
-0.006384533333333442
-0.007980666666666747
-0.009576800000000052
0.004788399999999915
0.019153599999999882
-0.002394200000000124
-0.02394200000000013
-0.002394200000000124
0.019153599999999882
0.015961333333333272
0.012769066666666551
0.009576799999999941
-0.019153600000000104
-0.013407520000000117
-0.00766144000000013
-0.0019153600000000326
0.003830719999999954
0.009576799999999941
-0.019153600000000104
0.023941999999999908
0.011172933333333246
-0.001596133333333416
-0.014365200000000078
-0.004788400000000137
0.014365199999999967
0.005985499999999977
-0.002394200000000124
-0.010773900000000114
-0.019153600000000104
-1.1102230246251565e-16
-0.009576800000000052
-0.007980666666666747
-0.006384533333333442
-0.004788400000000137
-0.009576800000000052
-0.002394200000000124
0.004788399999999915
-0.009576800000000052
-0.009576800000000052
-0.009576800000000052
-0.008619120000000091
-0.00766144000000013
-0.0067037600000000586
-0.005746080000000098
-0.004788400000000137
-0.014365200000000078
-0.009576800000000052
-0.004788400000000137
-1.1102230246251565e-16
0.009576799999999941
0.002394199999999902
-0.004788400000000137
-0.004788400000000137
-0.004788400000000137
-0.007980666666666747
-0.011172933333333468
-0.014365200000000078
-1.1102230246251565e-16
0.001197099999999951
0.002394199999999902
0.003591299999999853
0.004788399999999915
-0.009576800000000052
-0.004788400000000137
-0.004788400000000137
-0.004788400000000137
-0.004788400000000137
0.004788399999999915
0.002394199999999902
-1.1102230246251565e-16
-0.004788400000000137
-0.009576800000000052
-0.014365200000000078
-0.004788400000000026
0.004788399999999915
0.0053869499999998904
0.005985499999999977
0.0065840499999999524
0.007182599999999928
-1.1102230246251565e-16
-1.1102230246251565e-16
-1.1102230246251565e-16
-1.1102230246251565e-16
-1.1102230246251565e-16
-1.1102230246251565e-16
0.004788399999999915
-0.002394200000000124
-0.009576800000000052
-0.009576800000000052
-0.009576800000000052
-0.007182600000000039
-0.004788400000000026
-0.002394200000000124
-1.1102230246251565e-16
0.004788399999999915
0.004788399999999915
0.002394199999999902
-1.1102230246251565e-16
0.00319226666666661
0.00638453333333322
0.009576799999999941
-0.004788400000000137
-0.00718260000000015
-0.009576800000000052
-0.011971000000000065
-0.014365200000000078
-0.00718260000000015
-1.1102230246251565e-16
-1.1102230246251565e-16
-1.1102230246251565e-16
-1.1102230246251565e-16
-1.1102230246251565e-16
-1.1102230246251565e-16
-1.1102230246251565e-16
-1.1102230246251565e-16
-0.002394200000000124
-1.1102230246251565e-16
0.004788399999999915
0.007980666666666636
0.011172933333333246
0.014365199999999967
0.009576799999999941
0.009576799999999941
0.009576799999999941
0.009576799999999941
0.009576799999999941
0.009576799999999941
0.009576799999999941
-1.1102230246251565e-16
-0.019153600000000104
-0.009576800000000052
-1.1102230246251565e-16
-0.002394200000000124
