-0.009097973000000037
-0.0019153630000000588
0.005267246999999975
-0.0011172930000000192
-0.007501833000000013
-0.013886373000000007
-0.009097973000000037
-0.005506668000000048
-0.0019153630000000588
0.0016759419999999858
0.005267246999999975
-0.009097973000000037
0.00047884700000000446
0.00047884700000000446
0.00047884700000000446
0.00047884700000000446
-0.004309573000000011
-0.009097973000000037
-0.013886373000000007
-0.009097966333333318
-0.004309559666666685
0.00047884700000000446
-0.0019153630000000033
-0.004309573000000011
-0.0049081229999999865
-0.0055066730000000175
-0.0061052230000000485
-0.006703773000000024
-0.004309573000000011
-0.004309573000000011
-0.004309573000000011
-0.004309573000000011
-0.004309573000000011
0.010055647000000001
0.014844046999999971
0.00526723699999998
-0.004309573000000011
-0.004309573000000011
-0.004309573000000011
-0.0007182680000000219
0.002873036999999967
0.006464342000000012
0.010055647000000001
-0.018674773000000033
0.005267246999999975
-0.0019153630000000588
-0.009097973000000037
-0.012290239666666702
-0.015482506333333368
-0.018674773000000033
-0.013886373000000007
-0.01149217300000005
-0.009097973000000037
-0.004309563000000016
0.00047884700000000446
-0.0019153630000000033
-0.004309573000000011
-0.004309573000000011
-0.004309573000000011
-0.004309573000000011
-0.004309573000000011
-0.004309573000000011
-0.004309573000000011
-0.004309573000000011
0.002873036999999967
-0.004309573000000011
0.005267246999999975
0.0020749736666666463
-0.0011172996666666823
-0.004309573000000011
-0.018674773000000033
-0.01149217300000005
-0.004309573000000011
-0.006703773000000024
-0.009097973000000037
-0.011492172999999994
-0.013886373000000007
-0.009097973000000037
-0.004309573000000011
-0.0019153630000000033
0.00047884700000000446
-0.006703762999999974
-0.013886373000000007
-0.009097973000000037
-0.004309573000000011
-0.006703773000000024
-0.009097973000000037
-0.018674773000000033
-0.015482503000000036
-0.01229023300000004
-0.009097962999999987
-0.00590569299999999
-0.0027134229999999926
0.00047884700000000446
-0.004309563000000016
-0.009097973000000037
-0.004309573000000011
0.0004788369999999542
0.005267246999999975
-0.004309573000000011
-0.009097973000000037
-0.01149217300000005
-0.013886373000000007
-0.01628057300000002
-0.018674773000000033
-0.016622601571428586
-0.014570430142857194
-0.012518258714285746
-0.010466087285714298
-0.00841391585714285
-0.006361744428571459
-0.004309573000000011
-0.004309573000000011
-0.004309563000000016
-0.0019153605000000185
0.00047884199999997934
0.002873044499999977
0.005267246999999975
-0.009097973000000037
-0.0019153630000000588
-0.002713433000000043
-0.003511503000000027
-0.004309573000000011
-0.004309573000000011
-0.004309573000000011
-0.004309573000000011
-0.009097973000000037
0.010055647000000001
0.012449847000000014
0.014844046999999971
0.017238246999999984
0.019632446999999997
0.014844046999999971
0.010055647000000001
0.005267246999999975
-0.023463173000000004
0.005267246999999975
-0.004309573000000011
-0.00790087300000003
-0.01149217300000005
-0.015083473000000014
-0.018674773000000033
0.010055647000000001
0.00526724700000003
0.00047884700000000446
0.00047884700000000446
0.00047884700000000446
0.00047884700000000446
0.007661446999999988
0.014844046999999971
0.01005564449999996
0.00526724199999995
0.00047883949999999453
-0.004309563000000016
-0.007900863000000036
-0.011492163
-0.01508346300000002
-0.01867476300000004
-0.015482499666666705
-0.01229023633333337
-0.009097973000000037
0.00047884700000000446
-0.0019153630000000033
-0.004309573000000011
0.0004788369999999542
0.005267246999999975
0.0020749736666666463
-0.0011172996666666823
-0.004309573000000011
0.00047884700000000446
-0.002713426333333324
-0.005905699666666708
-0.009097973000000037
-0.0075018396666666765
-0.0059057063333333715
-0.004309573000000011
-0.004309568000000041
-0.004309563000000016
-0.005905699666666708
-0.007501836333333345
-0.009097973000000037
-0.005107633
-0.0011172930000000192
0.0028730470000000174
-0.0007182629999999968
-0.004309573000000011
-0.0059057063333333715
-0.0075018396666666765
-0.009097973000000037
-0.009097973000000037
-0.009097973000000037
-0.009097973000000037
-0.004309573000000011
-0.004309573000000011
-0.004309573000000011
-0.006703773000000024
-0.009097973000000037
-0.0019153630000000588
0.005267246999999975
0.0004788369999999542
-0.004309573000000011
-0.018674773000000033
-0.01628057300000002
-0.013886373000000007
-0.01149217300000005
-0.009097973000000037
-0.006703773000000024
-0.004309573000000011
-0.004841617444444446
-0.005373661888888881
-0.0059057063333333715
-0.0064377507777778065
-0.0069697952222222415
-0.0075018396666666765
-0.008033884111111167
-0.008565928555555602
-0.009097973000000037
-0.01628057300000002
0.002873036999999967
-0.012290239666666702
-0.005905696333333377
0.00047884700000000446
-0.004309559666666685
-0.009097966333333318
-0.013886373000000007
0.005267246999999975
-0.0019153630000000588
-0.009097973000000037
0.0004788369999999542
0.010055647000000001
0.00526724700000003
0.00047884700000000446
0.0020749803333333094
0.00367111366666667
0.005267246999999975
-0.013886373000000007
-0.01149217300000005
-0.009097973000000037
-0.005905699666666708
-0.002713426333333324
0.00047884700000000446
-0.004309573000000011
-0.004309573000000011
-0.004309573000000011
-0.004309573000000011
-0.004309573000000011
-0.0019153630000000033
0.00047884700000000446
-0.0019153630000000033
-0.004309573000000011
-0.02106898300000004
-0.037828393000000016
-0.0019153579999999781
0.033997677000000004
0.010055653666666664
-0.013886369666666676
-0.037828393000000016
-0.009097973000000037
-0.01628057300000002
-0.023463173000000004
-0.017078639666666673
-0.010694106333333342
-0.004309573000000011
0.04357447699999997
-0.006703758000000004
-0.05698199300000001
-0.004309557999999991
0.04836287699999997
0.017238251999999954
-0.013886373000000007
-0.023463183000000054
-0.033039993000000045
-0.07134721300000002
-0.109654433
-0.07294334133333336
-0.03623224966666666
0.00047884199999997934
0.037189933666666675
0.07390102533333331
0.11061211699999998
0.0447715695
-0.021068978000000016
0.019632446999999997
0.03160346199999997
0.04357447699999997
-0.13838485300000003
-0.021068973000000046
0.09624690699999996
0.021228586999999965
-0.053789733000000006
-0.12880805300000003
-0.04620809050000002
0.03639187199999999
0.061530989499999966
0.08667010699999997
-0.011492163
-0.109654433
-0.011492163
0.08667010699999997
0.02601698699999999
-0.03463613300000001
-0.09528925300000002
-0.0458090796666667
0.003671093666666625
0.053151266999999974
-0.013886373000000007
0.00885854450000001
0.03160346199999997
0.05434837949999999
0.07709329699999998
-0.09050081300000001
-0.04261678300000005
0.005267246999999975
0.010055647000000001
-0.0019153630000000033
-0.013886373000000007
-0.02585738300000001
0.013646941999999995
0.053151266999999974
0.04596867199999999
0.038786076999999974
-0.020270899666666675
-0.07932787633333338
-0.13838485300000003
0.09624690699999996
0.056343546999999966
0.016440186999999995
-0.023463173000000004
0.002873036999999967
0.029209246999999994
-0.100077633
-0.006703763000000029
0.08667010699999997
0.02202665699999995
-0.04261679300000004
-0.025857383000000067
-0.009097973000000037
-0.007501836333333345
-0.005905699666666708
-0.004309563000000016
-0.002713426333333324
-0.0011172896666666876
0.00047884700000000446
-0.07613561300000005
-0.05778006633333338
-0.03942451966666666
-0.02106897299999999
0.07230489699999998
0.019632451999999967
-0.033039993000000045
-0.018076230500000068
-0.003112468000000035
0.011851294499999998
0.026815056999999975
-0.006224925000000048
-0.039264907000000016
-0.07230488900000004
-0.105344871
-0.13838485300000003
0.002873036999999967
-0.03663128800000004
-0.07613561300000005
0.050757076999999956
0.17764976699999996
-0.143173253
-0.04261678299999999
0.05793968699999999
0.026815056999999975
-0.004309573000000011
-0.02904965300000001
-0.053789733000000006
-0.078529813
-0.103269893
-0.128009973
-0.152750053
0.19680338199999997
-0.17190368300000003
-0.04501099550000004
0.08188169199999998
-0.045010995499999984
-0.17190368300000003
0.005267244000000004
0.18243817099999998
0.12677297999999998
0.07110778899999998
0.015442597999999974
-0.04022259300000003
-0.045410029666666685
-0.05059746633333334
-0.05578490300000005
-0.06097233966666671
-0.06615977633333336
-0.07134721300000002
0.06751648699999999
-0.023463173000000004
-0.018674773000000033
0.12497732699999997
-0.025857373000000017
-0.176692073
0.172861367
0.07230489366666665
-0.028251579666666693
-0.12880805300000003
-0.02346317800000003
0.08188169699999998
0.024420860333333294
-0.03303997633333333
-0.09050081300000001
0.08188169699999998
0.06683242985714283
0.05178316271428571
0.03673389557142859
0.02168462842857144
0.006635361285714292
-0.008413905857142856
-0.023463173000000004
-0.02825157300000003
0.053151281999999966
0.134554137
-0.09050081300000001
-0.04580904966666666
-0.001117286333333356
0.04357447699999997
-0.004309573000000011
-0.015482513000000031
-0.026655452999999996
-0.037828393000000016
0.012449846999999958
0.06272808699999999
-0.09050081300000001
-0.039424512999999994
0.011651786999999969
0.06272808699999999
-0.04740519300000001
-0.03303998633333333
-0.018674779666666697
-0.004309573000000011
-0.009097973000000037
-0.013886373000000007
-0.018674772999999978
-0.023463173000000004
0.00047884700000000446
-0.009097973000000037
-0.010694106333333342
-0.012290239666666702
-0.013886373000000007
-0.005905699666666653
0.0020749736666666463
0.010055647000000001
0.0004788369999999542
0.0020749736666666463
0.003671110333333283
0.005267246999999975
0.004070146999999968
0.0028730470000000174
0.001675947000000011
0.00047884700000000446
0.00047884700000000446
-0.004309573000000011
0.005267246999999975
0.0028730470000000174
0.00047884700000000446
-0.0019153630000000033
-0.004309573000000011
-0.009097973000000037
-0.013886373000000007
-0.004309563000000016
0.005267246999999975
0.005267246999999975
0.005267246999999975
-0.0011172930000000192
-0.007501833000000013
-0.013886373000000007
0.00047884700000000446
-0.0007182580000000272
-0.0019153630000000033
-0.0031124679999999794
-0.004309573000000011
-0.0055066730000000175
-0.006703773000000024
-0.0031124630000000097
0.00047884700000000446
-0.004309563000000016
-0.009097973000000037
-0.006703773000000024
-0.004309573000000011
-0.0055066730000000175
-0.006703773000000024
-0.00790087300000003
-0.009097973000000037
-0.018674773000000033
-0.01388636900000001
-0.009097965000000041
-0.004309561000000017
0.00047884299999995106
0.005267246999999975
-0.009097973000000037
-0.0019153630000000588
-0.007900868000000005
-0.013886373000000007
-0.004309563000000016
0.005267246999999975
0.005267246999999975
0.005267246999999975
0.005267246999999975
0.005267246999999975
-0.013886373000000007
-0.004309573000000011
0.00047883366666667815
0.005267240333333312
0.010055647000000001
-0.023463173000000004
-0.009097962999999987
0.005267246999999975
0.005267246999999975
0.005267246999999975
0.010055646999999945
0.014844046999999971
0.010055647000000001
0.005267246999999975
0.00047884700000000446
-0.004309563000000016
-0.009097973000000037
-0.013886373000000007
-0.004309563000000016
0.005267246999999975
0.0028730419999999923
0.0004788369999999542
-0.0019153680000000284
-0.004309573000000011
-0.009097973000000037
0.010055647000000001
0.002873036999999967
-0.004309573000000011
0.002873036999999967
0.010055647000000001
0.007661446999999988
0.00526724700000003
0.0028730470000000174
0.00047884700000000446
-0.009097973000000037
-0.013886373000000007
-0.009097973000000037
-0.004309573000000011
