-0.002052171428571503
-0.0034202857142857646
-0.004788400000000026
-0.006156514285714398
-0.00752462857142866
-0.008892742857142921
-0.010260857142857183
-0.011628971428571555
-0.012997085714285816
-0.014365200000000078
-0.009576800000000052
-0.004788400000000137
0.004788399999999915
-0.001197100000000173
-0.00718260000000015
-0.005985500000000199
-0.004788400000000137
0.014365199999999967
-0.004788400000000137
-0.014365200000000078
0.004788399999999915
-0.004788400000000137
-0.003591300000000075
-0.002394200000000124
-0.001197100000000173
-1.1102230246251565e-16
0.004788399999999915
-0.002394200000000124
-1.1102230246251565e-16
0.001197099999999951
0.002394199999999902
0.003591299999999853
0.004788399999999915
0.005985499999999977
0.007182599999999928
0.008379699999999879
0.009576799999999941
-0.009576800000000052
-0.002394200000000124
0.0005985499999998645
0.003591299999999853
0.0065840499999999524
0.009576799999999941
-1.1102230246251565e-16
0.001596133333333194
0.00319226666666661
0.004788399999999915
-0.001596133333333416
-0.007980666666666747
-0.014365200000000078
0.002394199999999902
-0.014365200000000078
-0.00718260000000015
-1.1102230246251565e-16
-0.00718260000000015
-0.014365200000000078
-0.013168100000000127
-0.011971000000000065
-0.010773900000000003
-0.009576800000000052
-0.004788400000000026
-1.1102230246251565e-16
0.002394199999999902
0.004788399999999915
-0.009576800000000052
-0.011971000000000065
-0.014365200000000078
-1.1102230246251565e-16
0.004788399999999915
0.009576799999999941
-0.004788400000000026
-0.019153600000000104
-0.01532288000000015
-0.011492160000000085
-0.00766144000000013
-0.003830720000000065
-1.1102230246251565e-16
-0.004788400000000026
-0.009576800000000052
0.009576799999999941
0.004788399999999915
-1.1102230246251565e-16
-0.004788400000000137
-0.004788400000000137
-0.002394200000000124
-1.1102230246251565e-16
0.004788399999999915
0.009576799999999941
0.009576799999999941
0.009576799999999941
0.009576799999999941
0.009576799999999941
0.009576799999999941
0.009576799999999941
0.009576799999999941
0.004788399999999915
0.009576799999999941
-1.1102230246251565e-16
0.001596133333333194
0.00319226666666661
0.004788399999999915
-0.009576800000000052
0.0
0.0
0.0
-1.1102230246251565e-16
-1.1102230246251565e-16
0.001596133333333194
0.00319226666666661
0.004788399999999915
0.004788399999999915
0.004788399999999915
0.004788399999999915
0.002394199999999902
-1.1102230246251565e-16
-0.004788400000000137
-1.1102230246251565e-16
-0.003192266666666721
-0.006384533333333442
-0.009576800000000052
-0.003192266666666721
0.00319226666666661
0.009576799999999941
0.007182599999999928
0.004788399999999915
0.002394199999999902
-1.1102230246251565e-16
0.007182599999999928
0.014365199999999856
0.007182599999999928
-1.1102230246251565e-16
-0.00718260000000015
-0.014365200000000078
-1.1102230246251565e-16
0.001596133333333194
0.00319226666666661
0.004788399999999915
0.001596133333333194
-0.001596133333333416
-0.004788400000000137
-0.0019153600000001436
0.0009576799999998498
0.003830719999999954
0.0067037599999999475
0.009576799999999941
0.004788399999999915
-1.1102230246251565e-16
-1.1102230246251565e-16
0.00957679999999983
0.019153599999999882
0.009576799999999941
0.009576799999999941
0.009576799999999941
0.009576799999999941
0.009576799999999941
0.007182599999999928
0.004788399999999915
0.014365199999999967
0.002394199999999902
-0.009576800000000052
-0.008778733333333344
-0.007980666666666747
-0.00718260000000015
-0.006384533333333442
-0.005586466666666734
-0.004788400000000137
-0.004788400000000137
-0.004788400000000137
-0.004788400000000137
-0.003990333333333429
-0.003192266666666832
-0.002394200000000124
0.004788399999999915
0.00319226666666661
0.001596133333333305
0.0
0.0
-1.1102230246251565e-16
-1.1102230246251565e-16
-0.004788400000000137
-1.1102230246251565e-16
-0.003192266666666721
-0.006384533333333442
-0.009576800000000052
-0.002394200000000124
0.004788399999999915
-1.1102230246251565e-16
-0.003591300000000075
-0.00718260000000015
-0.010773900000000114
-0.014365200000000078
-1.1102230246251565e-16
-0.004788400000000137
0.004788399999999915
0.014365199999999967
0.010773900000000003
0.007182599999999928
0.003591299999999853
-1.1102230246251565e-16
0.004788399999999915
0.0028730399999998824
0.0009576799999998498
-0.0009576800000000718
-0.0028730400000001044
-0.004788400000000137
0.004788399999999915
0.003830719999999954
0.0028730399999998824
0.0019153599999999216
0.0009576799999998498
-1.1102230246251565e-16
-1.1102230246251565e-16
0.004788399999999915
-0.019153600000000104
-0.004788400000000137
0.004788399999999915
0.004788399999999915
0.004788399999999915
0.004788399999999915
0.007182599999999928
0.009576799999999941
0.002394199999999902
-0.004788400000000137
-0.002394200000000124
-1.1102230246251565e-16
0.002394199999999902
0.004788399999999915
-1.1102230246251565e-16
-1.1102230246251565e-16
-0.014365200000000078
-0.009576800000000052
-0.002394200000000124
0.004788399999999915
0.007182599999999928
0.009576799999999941
0.007980666666666636
0.00638453333333322
0.004788399999999915
0.004788399999999915
0.004788399999999915
0.004788399999999915
0.004788399999999915
0.004788399999999915
0.014365199999999967
-0.02394200000000013
-0.004788386666666811
0.01436522666666662
0.03351883999999994
0.007980673333333299
-0.01755749333333345
-0.04309566000000009
0.007182589999999989
0.05746082999999991
0.04389369166666657
0.030326553333333228
0.01675941499999989
0.003192276666666549
-0.01037486166666679
-0.02394200000000013
0.00957681999999993
0.019153599999999882
-0.004788400000000026
-0.028730400000000045
-0.014365200000000078
-1.1102230246251565e-16
-0.009576800000000052
-0.019153600000000104
-0.015961333333333383
-0.012769066666666773
-0.009576800000000052
-0.008619120000000091
-0.00766144000000013
-0.0067037600000000586
-0.005746080000000098
-0.004788400000000137
-0.028730400000000045
0.019153599999999882
0.002394184999999882
-0.014365230000000118
-0.031124645000000117
-0.04788406000000012
-0.009576830000000092
0.028730439999999913
0.010773914999999912
-0.007182610000000089
-0.02513913500000009
-0.04309566000000009
-1.0000000161269895e-08
0.04309563999999988
0.0287304233333332
0.014365206666666519
-1.0000000161269895e-08
-0.01436522666666673
-0.02873044333333341
-0.04309566000000009
-0.01117296000000012
0.02074973999999996
0.05267243999999993
0.0023941899999999627
-0.04788406000000012
0.08140279999999989
0.014365169999999816
-0.05267246000000014
0.014365169999999816
0.08140279999999989
0.01675936999999994
-0.05267246000000014
0.014365169999999816
0.08140279999999989
-0.038307260000000065
-0.029209290000000054
-0.020111320000000044
-0.011013350000000033
-0.001915380000000022
0.007182589999999989
0.01755747333333335
0.027932356666666602
0.038307239999999965
-0.02394200000000013
-1.0000000050247593e-08
0.0015961266666666418
0.003192263333333223
0.004788399999999915
0.002394199999999902
-1.1102230246251565e-16
-0.000798066666666819
-0.001596133333333416
-0.002394200000000124
-0.003192266666666832
-0.003990333333333429
-0.004788400000000137
-0.014365200000000078
0.014365199999999967
-0.011971029999999994
-0.038307260000000065
0.028730439999999913
0.0035913174999999686
-0.021547805000000086
-0.04668692750000014
-0.07182605000000009
0.03351883999999994
-0.04788406000000012
-0.0023942100000000632
0.04309563999999988
-0.014365205000000048
-0.07182605000000009
-0.009576805000000022
0.05267243999999993
-0.011971005000000146
-0.07661445000000011
-0.014365205000000048
0.047884039999999906
0.03569537454545446
0.023506709090909017
0.011318043636363573
-0.0008706218181818715
-0.013059287272727316
-0.02524795272727287
-0.037436618181818315
-0.04962528363636376
-0.061813949090909204
-0.07400261454545465
-0.08619128000000009
-0.019153620000000093
-0.004788410000000076
-0.007182640000000129
-0.008978285000000086
-0.010773930000000043
-0.01256957500000011
-0.014365220000000067
0.020749753333333287
0.05586472666666653
0.09097969999999989
-0.0957680700000001
-0.004788435000000035
0.08619119999999991
0.04070138249999988
-0.004788435000000035
-0.050278252500000065
-0.0957680700000001
0.08619119999999991
-0.10534487000000009
-0.00718258500000013
0.09097969999999989
-0.00718258500000013
-0.10534487000000009
-0.051475327500000057
0.002394214999999922
0.0562637574999999
0.11013329999999988
0.08003476142857135
0.04993622285714272
0.019837684285714197
-0.010260854285714327
-0.04035939285714296
-0.07045793142857149
-0.10055647000000006
0.11013329999999988
-0.11013327000000006
0.09097969999999989
-0.009576785000000143
-0.11013327000000006
0.10534489999999996
-0.10055647000000006
0.11971009999999993
0.00957681499999996
-0.10055647000000006
0.1149216999999999
0.021547824999999854
-0.07182605000000009
-0.023942012500000054
0.023942024999999978
0.0718260624999999
0.11971009999999993
-0.09097968000000006
0.10534489999999996
0.009576809999999991
-0.08619128000000009
0.014365209999999906
0.1149216999999999
0.04948018333333326
-0.015961333333333383
-0.08140285000000008
0.09576809999999991
0.04309564999999993
-0.009576800000000052
-0.06224925000000009
-0.03543419400000014
-0.008619138000000137
0.018195917999999867
0.04501097399999987
0.07182602999999987
-0.05267246000000014
-1.0000000161269895e-08
0.05267243999999993
-0.004788405000000107
-0.007524632857142999
-0.01026086071428578
-0.012997088571428672
-0.015733316428571564
-0.018469544285714456
-0.021205772142857238
-0.02394200000000013
0.009576799999999941
-0.021547800000000117
-0.01628056000000011
-0.011013320000000104
-0.005746080000000098
-0.0004788400000000914
0.004788399999999915
-0.02394200000000013
0.03351883999999994
-0.05746085000000006
-0.02713428666666673
0.003192276666666549
0.03351883999999994
-0.05746085000000006
0.04309563999999988
0.018195941999999854
-0.006703756000000061
-0.031603454000000086
-0.05650315200000011
-0.08140285000000008
0.06703762999999996
-0.07661445000000011
-0.03830723750000009
-2.500000007010783e-08
0.03830718749999984
0.07661439999999986
-0.07661445000000011
0.011971024999999913
0.10055649999999994
-0.07661445000000011
-0.04022258000000012
-0.003830710000000126
0.03256115999999998
0.06895302999999997
0.10534489999999996
0.01675942499999994
-0.06703765000000012
0.01675942499999994
0.10055649999999994
0.0538695549999999
0.007182609999999867
-0.03950433500000006
-0.08619128000000009
0.10534489999999996
0.047884049999999956
-0.009576800000000052
-0.06703765000000012
-0.03471593000000006
-0.0023942100000000632
0.029927509999999935
0.06224922999999993
0.0023941899999999627
-0.038307260000000065
-0.007182630000000079
0.023941999999999908
-0.007182630000000079
-0.038307260000000065
-0.03172320250000005
-0.02513914500000003
-0.01855508750000001
-0.011971029999999994
-0.005386972500000087
0.0011970849999999311
0.007781142499999949
0.014365199999999967
-0.009576800000000052
-0.014365200000000078
-0.021547800000000006
-0.028730400000000045
0.023941999999999908
-0.04309566000000009
0.028730439999999913
-0.019153605000000073
-0.06703765000000012
-0.014365205000000048
0.038307239999999965
0.009576806666666604
-0.019153626666666757
-0.04788406000000012
0.05746082999999991
0.015961336666666548
-0.02553815666666681
-0.06703765000000012
-0.04788403500000016
-0.028730420000000145
-0.009576805000000133
0.00957680999999988
0.028730424999999893
0.047884039999999906
-0.06703765000000012
-0.009576805000000022
0.06224922999999993
0.03232170999999995
0.0023941899999999627
-0.027533330000000023
-0.05746085000000006
0.04309563999999988
-0.03351880000000007
0.0023942200000000025
0.038307239999999965
0.019153626666666645
1.3333333215292953e-08
-0.019153600000000104
0.038307239999999965
0.01675941999999986
-0.004788400000000137
0.014365219999999956
0.03351883999999994
0.024899711999999963
0.016280583999999987
0.0076614559999999
-0.000957672000000076
-0.009576800000000052
-1.1102230246251565e-16
-0.002394200000000124
-0.004788400000000137
-0.014365200000000078
-0.009576800000000052
-0.004788400000000137
-1.1102230246251565e-16
-1.1102230246251565e-16
-0.004788400000000137
0.002394199999999902
0.009576799999999941
0.007980666666666636
0.00638453333333322
0.004788399999999915
0.005985499999999977
0.007182599999999928
0.008379699999999879
0.009576799999999941
-0.009576800000000052
-1.1102230246251565e-16
0.004788399999999915
-0.002394200000000124
-0.009576800000000052
-0.004788400000000026
-1.1102230246251565e-16
-0.002394200000000124
-0.004788400000000137
-1.1102230246251565e-16
0.004788399999999915
0.002394199999999902
-1.1102230246251565e-16
-0.002394200000000124
-0.004788400000000137
-0.004788400000000137
-0.004788400000000137
-0.004788400000000137
-0.004788400000000137
-0.004788400000000137
-0.004788400000000137
-0.004788400000000137
-0.004788400000000137
-1.1102230246251565e-16
0.004788399999999915
-0.002394200000000124
-0.009576800000000052
0.0
0.009576799999999941
-0.009576800000000052
-0.014365200000000078
-0.004788400000000026
0.004788399999999915
0.004788399999999915
0.004788399999999915
0.002394199999999902
-1.1102230246251565e-16
-0.004788400000000137
-0.0029927500000000995
-0.001197100000000173
0.0005985499999998645
0.002394199999999902
0.0041898499999999395
0.005985499999999977
0.007781149999999903
0.009576799999999941
-1.1102230246251565e-16
0.002394199999999902
0.00319226666666661
0.003990333333333207
0.004788399999999915
-1.1102230246251565e-16
-1.1102230246251565e-16
-1.1102230246251565e-16
-1.1102230246251565e-16
-1.1102230246251565e-16
-1.1102230246251565e-16
0.007182599999999928
0.014365199999999967
0.011172933333333246
0.007980666666666636
0.004788399999999915
0.001596133333333194
-0.001596133333333416
-0.004788400000000137
0.009576799999999941
0.014365199999999967
0.004788399999999915
-0.004788400000000137
0.004788399999999915
0.00638453333333322
0.007980666666666636
0.009576799999999941
-1.1102230246251565e-16
0.001596133333333194
0.00319226666666661
0.004788399999999915
0.001596133333333194
-0.001596133333333416
-0.004788400000000137
0.004788399999999915
-0.002394200000000124
-0.009576800000000052
-0.003192266666666721
0.00319226666666661
0.009576799999999941
0.023941999999999908
0.011970999999999954
-1.1102230246251565e-16
-1.1102230246251565e-16
-1.1102230246251565e-16
0.002394199999999902
0.004788399999999915
-0.009576800000000052
0.001596133333333305
0.012769066666666551
0.023941999999999908
0.004788399999999915
0.005746079999999876
0.0067037599999999475
0.007661439999999908
0.00861911999999998
0.009576799999999941
0.004788399999999915
-1.1102230246251565e-16
-0.009576800000000052
0.0
0.009576799999999941
0.00319226666666661
-0.003192266666666721
-0.009576800000000052
-0.009044755555555617
-0.008512711111111182
