-1.1102230246251565e-16
-0.004788400000000137
0.002394199999999902
0.009576799999999941
0.00861911999999998
0.007661439999999908
0.0067037599999999475
0.005746079999999876
0.004788399999999915
0.003830719999999954
0.0028730399999998824
0.0019153599999999216
0.0009576799999998498
-1.1102230246251565e-16
-0.004788400000000137
-0.002394200000000124
-0.002394200000000124
-0.014365200000000078
-0.00718260000000015
-1.1102230246251565e-16
0.00047883999999986937
0.0009576799999998498
0.0014365199999999412
0.0019153599999999216
0.002394199999999902
0.0028730399999998824
0.0033518799999998627
0.003830719999999954
0.0043095599999999346
0.004788399999999915
-1.1102230246251565e-16
-1.1102230246251565e-16
-0.002394200000000124
-0.004788400000000137
-1.1102230246251565e-16
0.001596133333333194
0.00319226666666661
0.004788399999999915
0.001197099999999951
-0.002394200000000124
-0.005985500000000088
-0.009576800000000052
-1.1102230246251565e-16
-0.0009576800000000718
-0.0019153600000001436
-0.0028730400000001044
-0.003830720000000176
-0.004788400000000137
-0.014365200000000078
0.014365199999999967
0.01675939999999998
0.019153599999999882
0.011172933333333246
0.003192266666666499
-0.004788400000000137
-0.003990333333333429
-0.003192266666666832
-0.002394200000000124
-0.001596133333333416
-0.000798066666666819
-1.1102230246251565e-16
-0.002394200000000124
-0.004788400000000026
-0.004788400000000137
0.004788399999999915
-1.1102230246251565e-16
0.004788399999999915
0.009576799999999941
-0.009576800000000052
-0.009576800000000052
-0.009576800000000052
-0.009576800000000052
-0.009576800000000052
-0.009576800000000052
-0.004788400000000026
-1.1102230246251565e-16
-1.1102230246251565e-16
-0.004788400000000137
0.009576799999999941
0.005746079999999987
0.0019153599999999216
-0.0019153600000000326
-0.005746080000000098
-0.009576800000000052
0.004788399999999915
0.009576799999999941
-1.1102230246251565e-16
0.00319226666666661
0.00638453333333322
0.009576799999999941
0.011970999999999954
0.014365199999999967
0.009576799999999941
0.004788399999999915
0.014365199999999967
0.007182599999999928
-1.1102230246251565e-16
0.002394199999999902
0.004788399999999915
0.009576799999999941
0.014365199999999967
0.007182599999999928
-1.1102230246251565e-16
0.004788399999999915
0.00957679999999983
0.014365199999999856
0.019153599999999882
-0.004788400000000137
0.014365199999999967
0.004788399999999915
-0.004788400000000137
-0.002394200000000124
-1.1102230246251565e-16
0.001596133333333194
0.00319226666666661
0.004788399999999915
0.004788399999999915
0.004788399999999915
0.004788399999999915
0.005586466666666623
0.00638453333333322
0.007182599999999928
0.007980666666666636
0.008778733333333233
0.009576799999999941
-1.1102230246251565e-16
-0.004788400000000026
-0.009576800000000052
-0.002394200000000124
-0.003591300000000075
-0.004788400000000137
-1.1102230246251565e-16
0.004788399999999915
-1.1102230246251565e-16
-0.004788400000000026
-0.009576800000000052
-1.1102230246251565e-16
0.002394199999999902
0.004788399999999915
-0.002394200000000124
-0.009576800000000052
-0.002394200000000124
0.004788399999999915
0.007980666666666636
0.011172933333333246
0.014365199999999967
-1.1102230246251565e-16
-0.002394200000000124
-0.004788400000000137
-0.002394200000000124
-1.1102230246251565e-16
0.002394199999999902
0.004788399999999915
0.004788399999999915
0.004788399999999915
0.004788399999999915
0.009576799999999941
0.007182599999999928
0.004788399999999915
0.004788399999999915
0.004788399999999915
-1.1102230246251565e-16
-0.004788400000000026
-0.009576800000000052
0.0
0.009576799999999941
-0.004788400000000137
-0.009576800000000052
-0.014365200000000078
-0.00718260000000015
-1.1102230246251565e-16
0.001197099999999951
0.002394199999999902
0.003591299999999853
0.004788399999999915
-0.003591300000000075
-0.011971000000000065
-0.005985500000000088
-1.1102230246251565e-16
-0.002394200000000124
-0.004788400000000137
0.002394199999999902
0.009576799999999941
0.002394199999999902
-0.004788400000000137
-0.004788400000000137
-0.004788400000000137
-0.004788400000000137
-0.004788400000000137
-0.004788400000000137
-0.004788400000000137
-0.004788400000000137
0.004788399999999915
0.004788399999999915
0.004788399999999915
0.00319226666666661
0.001596133333333194
-1.1102230246251565e-16
0.014365199999999967
0.002394199999999902
-0.009576800000000052
-0.002394200000000124
0.004788399999999915
-1.1102230246251565e-16
-0.004788400000000137
-0.009576800000000052
-0.014365200000000078
-0.019153600000000104
-0.009576800000000052
-0.004788400000000137
0.001596133333333194
0.007980666666666636
0.014365199999999967
-0.019153600000000104
0.047884039999999906
0.0023941899999999627
-0.04309566000000009
0.014365184999999947
0.07182602999999987
0.05347048166666657
0.035114933333333265
0.01675938499999985
-0.0015961633333334557
-0.01995171166666676
-0.038307260000000065
-0.0031922966666667607
0.031922666666666655
0.06703762999999996
0.004788389999999976
-0.05746085000000006
0.007182589999999878
0.07182602999999987
0.043095607499999966
0.014365184999999947
-0.04309566000000009
0.014365214999999987
0.025139118749999967
0.03591302249999995
0.04668692624999993
0.05746082999999991
-0.04309566000000009
-0.02873044875000008
-0.014365237500000072
-2.6250000062510992e-08
0.014365184999999947
0.028730396249999846
0.043095607499999855
0.057460818749999865
0.07182602999999987
0.007182589999999878
-0.05746085000000006
-0.04788404666666668
-0.03830724333333335
-0.028730440000000024
-0.019153636666666696
-0.009576833333333368
-3.0000000039720476e-08
0.009576773333333288
0.019153576666666616
0.028730379999999944
0.03830718333333327
0.0478839866666666
0.05746078999999993
0.06703759333333326
0.07661439666666658
0.08619119999999991
0.05626369999999992
0.02633619999999992
-0.003591300000000075
-0.03351880000000007
0.023941999999999908
0.08140279999999989
-0.04309566000000009
0.011970984999999934
0.06703762999999996
0.02713426666666663
-0.012769096666666813
-0.05267246000000014
-0.009576840000000142
0.03351877999999986
0.07661439999999986
-0.05746085000000006
0.004788374999999845
0.06703762999999996
-0.002394225000000083
-0.009576805000000133
-0.01675940500000006
-0.026336215000000163
-0.03351881500000009
-0.09097968000000006
-0.057460853333333395
-0.023942026666666782
0.009576799999999941
-0.08140285000000008
0.023941999999999908
-0.04788406000000012
-0.021547830000000046
0.004788399999999915
-0.019153630000000144
-0.04309566000000009
-0.028730440000000135
-0.014365220000000067
-1.1102230246251565e-16
0.001596133333333194
0.00319226666666661
0.004788399999999915
0.004788399999999915
0.004788399999999915
0.004788399999999915
0.011970999999999954
0.02753331999999986
0.04309563999999988
-0.009576800000000052
0.019153599999999882
0.04788399999999993
0.07661439999999986
-0.009576800000000052
0.017557476666666627
0.044691753333333195
0.07182602999999987
0.03351879999999985
-0.004788430000000066
-0.04309566000000009
0.08619119999999991
-0.05746085000000006
-0.003192266666666721
0.051076316666666566
0.10534489999999996
0.011971024999999913
-0.08140285000000008
0.0095768249999999
0.10055649999999994
0.08020578124999989
0.059855062499999945
0.03950434374999989
0.019153624999999952
-0.0011970937500001
-0.02154781250000004
-0.04189853125000009
-0.06224925000000009
0.09576809999999991
-0.10055647000000006
-0.05386955250000003
-0.007182635000000048
0.03950428249999993
0.08619119999999991
-0.10055647000000006
0.06224922999999993
-0.10534487000000009
0.047884039999999906
-0.08619128000000009
-0.0664391162500001
-0.0466869525000001
-0.026934788750000105
-0.007182625000000109
0.012569538749999887
0.03232170249999988
0.05207386624999988
0.07182602999999987
-0.09097968000000006
0.047884039999999906
-0.06703765000000012
0.04309563999999988
-0.05267246000000014
0.038307239999999965
-0.009576800000000052
0.009576799999999941
0.011970999999999954
0.014365199999999856
0.01675939999999987
0.019153599999999882
0.002394199999999902
-0.014365200000000078
0.05267243999999993
-0.02394200000000013
0.011172933333333246
0.04628786666666651
0.08140279999999989
0.011970974999999884
-0.05746085000000006
0.09097969999999989
0.07422028199999986
0.057460863999999834
0.04070144599999992
0.023942027999999893
0.007182609999999867
-0.0017956466666667614
-0.010773903333333501
-0.01975216000000013
-0.028730416666666758
-0.03770867333333339
-0.046686930000000126
-0.055665186666666755
-0.06464344333333344
-0.07362170000000007
-0.08259995666666675
-0.09157821333333338
-0.10055647000000006
-0.014365200000000078
0.11013329999999988
-0.01675945000000012
-0.023942035000000028
-0.03711013875000002
-0.050278242500000125
-0.06344634625000012
-0.07661445000000011
-0.0581448942857144
-0.03967533857142869
-0.02120578285714292
-0.0027362271428572615
0.015733328571428506
0.034202884285714164
0.05267243999999993
0.025538159999999976
-0.0015961200000000897
-0.028730400000000045
0.028730439999999913
-1.1102230246251565e-16
-0.009576800000000052
-0.00239419333333335
0.004788413333333241
0.011971019999999943
0.019153626666666645
0.026336233333333237
0.03351883999999994
-0.02394200000000013
0.06703762999999996
0.039264893999999995
0.011492157999999919
-0.016280578000000046
-0.04405331400000012
-0.07182605000000009
-0.04022260000000011
-0.008619150000000131
0.022984299999999847
0.054587749999999935
0.08619119999999991
0.004788414999999935
-0.020749750000000122
0.021547809999999945
0.00957681499999996
0.059855057499999864
0.11013329999999988
0.002394214999999922
-0.10534487000000009
-0.05506662750000013
-0.004788385000000117
0.0454898574999999
0.09576809999999991
-0.10534487000000009
0.1149216999999999
0.04309564333333327
-0.02873041333333337
-0.10055647000000006
-0.002394185000000104
0.09576809999999991
-0.10055647000000006
-0.007182635000000048
0.08619119999999991
-4.000000008996807e-08
-0.08619128000000009
-0.03351884333333344
0.01915359333333322
0.07182602999999987
-0.08619128000000009
-0.011971025000000024
0.06224922999999993
0.04389368166666663
0.025538133333333213
0.007182584999999908
-0.011172963333333397
-0.029528511666666812
-0.04788406000000012
0.028730439999999913
-0.004788400000000137
-0.000798066666666819
0.00319226666666661
0.007182599999999928
-0.019153600000000104
-0.00718260000000015
0.004788399999999915
-1.1102230246251565e-16
-0.004788400000000137
-0.004788400000000137
-0.004788400000000137
-1.1102230246251565e-16
0.004788399999999915
0.009576799999999941
0.014365199999999967
0.014365199999999967
0.014365199999999856
0.014365199999999856
0.004788399999999915
0.007182599999999928
0.009576799999999941
0.00855071428571419
0.007524628571428549
0.006498542857142797
0.005472457142857046
0.004446371428571294
0.0034202857142856535
0.002394199999999902
0.0013681142857141504
0.00034202857142850984
-0.0006840571428572417
-0.0017101428571429933
-0.002736228571428745
-0.0037623142857143854
-0.004788400000000137
0.004788399999999915
-0.009576800000000052
-1.1102230246251565e-16
-0.0009576800000000718
-0.0019153600000001436
-0.0028730400000001044
-0.003830720000000176
-0.004788400000000137
-0.004788400000000137
0.014365199999999967
0.009576799999999941
-1.1102230246251565e-16
0.019153599999999882
0.004788399999999915
0.00425635555555548
0.003724311111111045
0.00319226666666661
0.002660222222222175
0.002128177777777629
0.001596133333333194
0.001064088888888759
0.000532044444444324
-1.1102230246251565e-16
-0.009576800000000052
-1.1102230246251565e-16
0.007182599999999928
0.009576799999999941
-0.00718260000000015
0.009576799999999941
0.012769066666666551
0.015961333333333272
0.019153599999999882
0.009576799999999941
-0.004788400000000137
0.004788399999999915
0.014365199999999967
-0.004788400000000137
-0.004788400000000137
-0.004788400000000137
-0.001596133333333416
0.001596133333333194
0.004788399999999915
0.004788399999999915
0.004788399999999915
0.004788399999999915
0.009576799999999941
0.009576799999999941
0.009576799999999941
-0.004788400000000137
-0.0041898500000001615
-0.003591300000000075
-0.0029927500000000995
-0.002394200000000124
-1.1102230246251565e-16
0.002394199999999902
