-0.003591299999999964
-0.010773900000000003
-0.005985499999999977
-0.001197099999999951
-0.004788399999999915
-0.008379699999999879
-0.011970999999999954
-0.015562299999999918
-0.005985499999999977
-0.010773900000000003
-0.007581633333333282
-0.004389366666666672
-0.001197099999999951
-0.020350699999999944
-0.005985499999999977
-0.010773900000000003
-0.015562299999999918
-0.020350699999999944
-0.013168099999999905
-0.005985499999999977
-0.004389366666666672
-0.002793233333333256
-0.001197099999999951
-0.005985499999999977
-0.010773899999999892
-0.015562299999999918
-0.010773900000000003
0.003591300000000075
-0.001197099999999951
-0.005985499999999977
-0.005985499999999977
-0.005985499999999977
0.001197099999999951
0.00837969999999999
-0.015562299999999918
-0.011731579999999964
-0.007900859999999899
-0.004070139999999944
-0.00023941999999987917
0.003591300000000075
-0.010773900000000003
0.00837969999999999
0.001197099999999951
-0.005985499999999977
-0.001197099999999951
0.003591300000000075
-0.001197099999999951
-0.005985499999999977
-0.001197099999999951
-0.001197099999999951
-0.001197099999999951
0.000399033333333354
0.00199516666666677
0.003591300000000075
0.007182600000000039
0.010773900000000003
0.014365200000000078
0.017956500000000042
0.014365200000000078
0.010773900000000003
0.007182600000000039
0.003591300000000075
-0.005985499999999977
-0.0031124599999999836
-0.0002394199999999902
0.002633620000000003
0.0055066599999999966
0.00837969999999999
-0.003591299999999964
-0.015562299999999918
-0.001197099999999951
-0.005985499999999977
-0.007581633333333282
-0.009177766666666698
-0.010773900000000003
-0.005985499999999977
-0.005985499999999977
-0.005985499999999977
0.003591300000000075
-0.005985499999999977
-0.015562299999999918
-0.015562299999999918
-0.015562299999999918
-0.010773899999999892
-0.005985499999999977
-0.001197099999999951
-0.005985499999999977
-0.010773900000000003
-0.00837969999999999
-0.005985499999999977
-0.010773900000000003
-0.015562299999999918
-0.005985499999999977
-0.013168099999999905
-0.020350699999999944
-0.018982585714285682
-0.01761447142857142
-0.01624635714285716
-0.014878242857142787
-0.013510128571428526
-0.012142014285714264
-0.010773900000000003
0.003591300000000075
-0.003591299999999964
0.00837969999999999
0.003591299999999964
-0.001197099999999951
-0.005985499999999977
-0.010773899999999892
-0.015562299999999918
-0.01476423333333321
-0.013966166666666613
-0.013168099999999905
-0.014365199999999856
-0.015562299999999918
-0.013168099999999905
-0.010773900000000003
-0.009975833333333295
-0.009177766666666698
-0.00837969999999999
-0.007581633333333282
-0.006783566666666685
-0.005985499999999977
-0.005985499999999977
-0.005985499999999977
-0.003933328571428585
-0.0018811571428570817
0.00017101428571431043
0.0022231857142857026
0.004275357142857095
0.006327528571428598
0.00837969999999999
-0.00837969999999999
-0.001197099999999951
-0.003591299999999964
-0.001197099999999951
0.000399033333333354
0.00199516666666677
0.003591300000000075
-0.005985499999999977
0.017956500000000042
0.013168100000000016
0.00837969999999999
0.003591300000000075
-0.001197099999999951
-0.005985499999999977
-0.010773900000000003
-0.009177766666666698
-0.007581633333333282
-0.005985499999999977
-0.010773900000000003
-0.013168129999999945
-0.013766672499999966
-0.014365214999999987
-0.014963757499999897
-0.015562299999999918
-0.014365214999999987
-0.013168129999999945
0.003591300000000075
0.003591300000000075
0.003591300000000075
0.00199516666666677
0.000399033333333354
-0.001197099999999951
0.013168100000000016
0.001197099999999951
-0.010773900000000003
-0.010773900000000003
-0.010773900000000003
-0.011731579999999964
-0.012689259999999924
-0.013646939999999996
-0.014604619999999957
-0.015562299999999918
-0.001197099999999951
-0.004389366666666672
-0.007581633333333282
-0.010773900000000003
-0.010773900000000003
0.001197099999999951
0.013168100000000016
-0.010773900000000003
-0.001197099999999951
-0.0025652142857142124
-0.003933328571428585
-0.005301442857142846
-0.006669557142857108
-0.008037671428571369
-0.009405785714285742
-0.010773900000000003
0.005985499999999977
0.004548980000000036
0.0031124599999999836
0.0016759400000000424
0.0002394199999999902
-0.001197099999999951
-0.010773900000000003
-0.001197099999999951
-0.004389366666666672
-0.007581633333333282
-0.010773900000000003
-0.015562299999999918
-0.001197099999999951
-0.025139159999999938
-0.010773929999999932
0.003591300000000075
-0.020350699999999944
-0.012370033333333308
-0.004389366666666561
0.003591300000000075
-0.015562299999999918
-0.010773900000000003
-0.005985499999999977
0.00837969999999999
-0.005985499999999977
-0.020350699999999944
-0.009177766666666587
0.001995166666666659
0.013168100000000016
-0.001197099999999951
-0.015562299999999918
0.003591300000000075
-0.001197099999999951
-0.005985499999999977
-0.003591299999999964
-0.001197099999999951
0.001197100000000062
0.003591300000000075
0.000399033333333354
-0.002793233333333256
-0.005985499999999977
0.013168100000000016
-0.015562324999999988
-0.044292749999999936
-0.02992753749999999
-0.015562324999999988
-0.001197112499999986
0.013168100000000016
-0.025139159999999938
-0.015562329999999958
-0.005985499999999977
-0.005985499999999977
-0.00837969999999999
-0.010773900000000003
-0.010773900000000003
-0.010773900000000003
-0.011731579999999964
-0.012689260000000036
-0.013646939999999996
-0.014604619999999957
-0.015562300000000029
-0.01651997999999999
-0.01747765999999995
-0.01843533999999991
-0.019393019999999983
-0.020350699999999944
-0.001197099999999951
-0.003591299999999964
-0.005985499999999977
-0.001197099999999951
0.003591300000000075
-0.001197099999999951
-0.005985499999999977
-0.010773899999999892
-0.015562299999999918
-0.020350699999999944
-0.010773900000000003
0.003591300000000075
-0.00023941999999987917
-0.004070139999999944
-0.007900859999999899
-0.011731579999999964
-0.015562299999999918
-0.013168099999999905
-0.010773900000000003
0.013168100000000016
-0.020350699999999944
-0.013168099999999905
-0.005985499999999977
-0.025139159999999938
-0.013168129999999945
-0.001197099999999951
-0.001197099999999951
-0.001197099999999951
0.003591300000000075
0.00837969999999999
0.005985499999999977
0.003591300000000075
0.001197100000000062
-0.001197099999999951
-0.015562299999999918
-0.005985499999999977
-0.003591299999999964
-0.001197099999999951
-0.001197099999999951
-0.001197099999999951
-0.001197099999999951
-0.010773900000000003
-0.005985499999999977
-0.001197099999999951
0.003591300000000075
-0.015562299999999918
-0.010773899999999892
-0.005985499999999977
-0.001197099999999951
0.003591300000000075
0.006783566666666685
0.009975833333333406
0.013168100000000016
0.013168100000000016
0.013168100000000016
0.001197099999999951
-0.010773900000000003
-0.005985499999999977
-0.001197099999999951
-0.020350699999999944
-0.008379699999999879
0.003591300000000075
0.000399033333333354
-0.002793233333333256
-0.005985499999999977
-0.025139159999999938
-0.018754616666666557
-0.012370073333333287
-0.005985530000000017
0.00039901333333336453
0.006783556666666746
0.013168100000000016
-0.020350699999999944
-0.010773900000000003
0.00837969999999999
-0.010773930000000043
-0.029927559999999964
-0.020350729999999984
-0.010773900000000003
-0.013168099999999905
-0.015562299999999918
-0.001197099999999951
-0.001197099999999951
-0.001197099999999951
-0.001197099999999951
-0.001197099999999951
-0.010773900000000003
-0.020350699999999944
-0.015562299999999918
0.017956500000000042
-0.0035913299999998927
-0.025139159999999938
-0.013168129999999945
-0.001197099999999951
-0.002394199999999902
-0.003591299999999964
-0.004788400000000026
-0.005985499999999977
-0.010773900000000003
-0.009861823809523829
-0.008949747619047654
-0.00803767142857148
-0.007125595238095195
-0.0062135190476190205
-0.005301442857142846
-0.004389366666666672
-0.0034772904761904977
-0.0025652142857143234
-0.0016531380952381491
-0.0007410619047618638
0.00017101428571431043
0.0010830904761904847
0.001995166666666659
0.0029072428571428333
0.0038193190476190075
0.004731395238095182
0.005643471428571467
0.006555547619047641
0.007467623809523816
0.00837969999999999
0.00518743333333338
0.001995166666666659
-0.001197099999999951
-0.002793233333333256
-0.004389366666666672
-0.005985499999999977
-0.001197099999999951
0.003591300000000075
-0.010773900000000003
-0.00837969999999999
-0.005985499999999977
-0.010773900000000003
-0.009177766666666587
-0.015562300000000029
-0.010773900000000003
-0.007581633333333282
-0.004389366666666672
-0.001197099999999951
-0.010773900000000003
-0.010773900000000003
-0.013168099999999905
-0.002394199999999902
0.00837969999999999
0.00518743333333338
0.001995166666666659
-0.001197099999999951
-0.004389366666666672
-0.007581633333333282
-0.010773900000000003
-0.010773900000000003
-0.005985499999999977
-0.001197099999999951
-0.020350699999999944
-0.001197099999999951
0.017956500000000042
0.00518743333333338
-0.007581633333333282
-0.020350699999999944
-0.013168099999999905
-0.005985499999999977
-0.005985499999999977
-0.005985499999999977
-0.00837969999999999
-0.010773900000000003
-0.012370033333333308
-0.013966166666666613
-0.015562299999999918
-0.005985499999999977
-0.010773900000000003
-0.010773900000000003
-0.010773900000000003
-0.007182599999999928
-0.003591299999999964
0.0
0.003591300000000075
0.00199516666666677
0.000399033333333465
-0.001197099999999951
-0.002793233333333256
-0.004389366666666561
-0.005985499999999977
-0.007581633333333282
-0.009177766666666587
-0.010773899999999892
-0.012370033333333197
-0.013966166666666613
-0.015562299999999918
-0.008379699999999879
-0.001197099999999951
-0.003591299999999964
-0.025139159999999938
-0.010773900000000003
0.00837969999999999
-0.015562299999999918
-0.013168099999999905
-0.010773899999999892
-0.00837969999999999
-0.005985499999999977
-0.003591299999999964
-0.001197099999999951
0.001197100000000062
0.003591299999999964
0.005985499999999977
0.00837969999999999
0.003591300000000075
-0.001197099999999951
-0.005985499999999977
-0.010773900000000003
-0.009177766666666698
-0.007581633333333282
-0.005985499999999977
-0.007581633333333282
-0.009177766666666587
-0.010773899999999892
0.000399033333333354
-0.004921411111111107
-0.010241855555555457
-0.015562299999999918
-0.013168099999999905
-0.010773900000000003
-0.001197099999999951
-0.005027819999999905
-0.00885853999999997
-0.012689259999999924
-0.01651997999999999
-0.020350699999999944
-0.020350699999999944
-0.020350699999999944
-0.020350699999999944
-0.010773900000000003
-0.005985499999999977
-0.001197099999999951
0.003591300000000075
-0.020350699999999944
-0.008379699999999879
0.003591300000000075
0.00837969999999999
-0.003591299999999964
-0.015562299999999918
-0.010773900000000003
-0.005985499999999977
-0.00837969999999999
-0.010773900000000003
-0.009576800000000052
-0.00837969999999999
