-0.048602400000000046
-0.0557849000000008
-0.05817890000000148
-0.060572900000000374
-0.05698165000000088
-0.05339040000000139
-0.049799150000000125
-0.046207900000000635
-0.046207900000000635
-0.046207900000000635
-0.046207900000000635
-0.03663115000000161
-0.02705440000000081
-0.025857337499999744
-0.024660275000000453
-0.023463212500001163
-0.022266150000000096
-0.02106908749999903
-0.019872024999999738
-0.018674962500000447
-0.01747789999999938
-0.031842900000000895
-0.046207900000000635
-0.022265900000000727
-0.03902539999999988
-0.0557849000000008
-0.0557849000000008
-0.036630900000000466
-0.0557849000000008
-0.041419900000001064
-0.02705489999999955
-0.022265900000000727
-0.02705440000000081
-0.031842900000000895
-0.036630900000000466
-0.02705489999999955
-0.028850524999999294
-0.03064614999999904
-0.032441774999998785
-0.03423739999999853
-0.03603302500000005
-0.0378286499999998
-0.03962427499999954
-0.04141989999999929
-0.03822756666666649
-0.03503523333333369
-0.031842900000000895
-0.041419900000001064
-0.05099689999999946
-0.04381389999999996
-0.036630900000000466
-0.046207900000000635
-0.0557849000000008
-0.048602400000000046
-0.04141989999999929
-0.04141989999999929
-0.04141989999999929
-0.031842900000000895
-0.022265900000000727
-0.029448399999999708
-0.036630900000000466
-0.041419566666666796
-0.046208233333333126
-0.05099689999999946
-0.04860256666666629
-0.046208233333333126
-0.04381389999999996
-0.04860190000000131
-0.04381389999999996
-0.04301590000000033
-0.04221789999999892
-0.04141989999999929
-0.05099689999999946
-0.046208233333333126
-0.041419566666666796
-0.036630900000000466
-0.03902539999999988
-0.04141989999999929
-0.046207900000000635
-0.04812330000000031
-0.05003869999999999
-0.051954100000001446
-0.053869500000001125
-0.0557849000000008
-0.029448900000000222
-0.0557849000000008
-0.031842900000000895
-0.03343890000000016
-0.0350349000000012
-0.036630900000000466
-0.036630900000000466
-0.036630900000000466
-0.036630900000000466
-0.036630900000000466
-0.04141989999999929
-0.04141989999999929
-0.04141989999999929
-0.03822756666666649
-0.03503523333333369
-0.031842900000000895
-0.03280060000000162
-0.033758300000000574
-0.034715999999999525
-0.03567370000000025
-0.03663140000000098
-0.03758909999999993
-0.03854679999999888
-0.03950449999999961
-0.04046220000000034
-0.04141989999999929
-0.048602400000000046
-0.0557849000000008
-0.04141989999999929
-0.03663140000000098
-0.02705489999999955
-0.04141989999999929
-0.031842900000000895
-0.022265900000000727
-0.036630900000000466
-0.07014990000000054
-0.06775577500000018
-0.06536164999999983
-0.06296752499999947
-0.06057339999999911
-0.05817927500000053
-0.05578515000000017
-0.053391024999999814
-0.05099689999999946
-0.07015039999999928
-0.08930390000000088
0.01125309999999935
-0.05099689999999946
-0.046207900000000635
-0.012688900000000558
-0.01747789999999938
-0.07014990000000054
0.006464100000000528
-0.0015165666666661082
-0.009497233333332744
-0.01747789999999938
-0.025458566666666016
-0.03343923333333265
-0.04141989999999929
-0.08451490000000028
-0.031842900000000895
-0.04141989999999929
-0.060572900000000374
-0.036630900000000466
-0.012688900000000558
0.004070099999999854
0.020829100000000267
0.004668349999999322
-0.011492399999999847
-0.027653149999999016
-0.04381389999999996
-0.059974650000000906
-0.07613540000000008
-0.09229614999999924
-0.10845690000000019
-0.003112899999999641
-0.04860190000000131
-0.046606733333334205
-0.0446115666666671
-0.0426164
-0.04062123333333467
-0.03862606666666757
-0.036630900000000466
-0.01747789999999938
-0.048602400000000046
0.001676099999999181
-0.10366890000000062
-0.06695790000000024
-0.030246899999999854
0.006464100000000528
-0.00790114999999858
-0.022266399999999464
-0.03663165000000035
-0.05099689999999946
-0.07972690000000071
0.02561809999999909
-0.060572900000000374
-0.05418856666666727
-0.04780423333333239
-0.04141989999999929
-0.019871900000000053
0.001676099999999181
-0.031842900000000895
-0.0653618999999992
-0.09888089999999927
-0.0629679000000003
-0.02705489999999955
-0.020670233333332177
-0.014285566666666583
-0.007900899999999211
-0.016793614285713687
-0.025686328571428163
-0.03457904285714264
-0.043471757142857115
-0.05236447142857159
-0.061257185714286067
-0.07014990000000054
-0.04860215000000068
-0.02705440000000081
-0.005506649999999169
0.016041100000000696
0.006464100000000528
-0.003112899999999641
-0.05339090000000013
-0.10366890000000062
-0.0557849000000008
-0.007900899999999211
0.039983100000000604
-0.06057339999999911
-0.041419399999998774
-0.024660400000000138
-0.10845690000000019
-0.08132273333333373
-0.05418856666666727
-0.02705440000000081
7.97666666674246e-05
0.027213933333333884
0.05434810000000034
-0.0019154000000014548
-0.05817890000000148
0.001676099999999181
-0.10845690000000019
-0.0932937333333328
-0.07813056666666718
-0.06296739999999978
-0.04780423333333239
-0.032641066666666774
-0.01747789999999938
-0.03423689999999979
-0.023462900000000175
-0.012688900000000558
-0.05817890000000148
-0.10366890000000062
-0.03423689999999979
0.03519509999999926
0.018435600000000107
0.001676099999999181
-0.015083399999999969
-0.03184289999999912
-0.048602400000000046
-0.0653618999999992
-0.03064589999999967
0.004070099999999854
-0.020669899999999686
-0.045409900000001
-0.07014990000000054
-0.07014990000000054
-0.07972690000000071
-0.03822756666666649
0.003271766666665954
0.044771100000000175
-0.011093566666666277
-0.0669582333333345
-0.12282290000000096
-0.007900899999999211
-0.022266150000000096
-0.036631399999999203
-0.05099664999999831
-0.0653618999999992
-0.00071840000000023
0.06392510000000051
-0.029448900000000222
-0.12282290000000096
-0.09888090000000105
-0.07493889999999936
-0.05099689999999946
-0.02705489999999955
-0.003112899999999641
-0.028012499999999108
-0.05291210000000035
-0.07781169999999982
-0.10271130000000106
-0.12761090000000053
-0.09489023333333435
-0.0621695666666664
-0.029448900000000222
0.003271766666665954
0.035992433333333906
0.06871310000000008
-0.09409190000000045
-0.046207900000000635
0.016041100000000696
-0.04620789999999886
-0.06775589999999987
-0.049799399999999494
-0.03184289999999912
-0.01388640000000052
0.004070099999999854
0.02202660000000023
0.039983100000000604
-0.05339090000000013
-0.14676490000000086
0.059137099999999165
-0.003112399999999127
-0.0653618999999992
-0.003112899999999641
-0.00892732857142775
-0.014741757142857637
-0.020556185714285746
-0.026370614285713856
-0.032185042857141966
-0.03799947142857185
-0.04381389999999996
-0.01747789999999938
-0.07972690000000071
-0.06955152500000139
-0.059376150000000294
-0.049200775000000974
-0.03902539999999988
-0.028850025000000556
-0.018674650000001236
-0.00849927500000014
0.001676099999999181
-0.10845690000000019
-0.062169233333333906
-0.015881566666665847
0.030406100000000436
-0.06775589999999987
-0.06153089999999928
-0.05530590000000046
-0.04908089999999987
-0.04285590000000106
-0.036630900000000466
0.011252599999998836
-0.10845690000000019
-0.017477400000000642
-0.012689149999999927
-0.007900899999999211
-0.019871900000000053
-0.031842900000000895
-0.06775590000000165
-0.10366890000000062
-0.0653618999999992
-0.02705489999999955
-0.02705489999999955
-0.02705489999999955
-0.02705489999999955
-0.02705489999999955
-0.02705489999999955
-0.02705489999999955
-0.02705489999999955
-0.024660400000000138
-0.022265900000000727
-0.045250300000001076
-0.06823470000000142
-0.0912191
-0.11420350000000035
-0.1371879000000007
-0.007900899999999211
-0.03902539999999988
-0.01747789999999938
-0.03064589999999967
-0.04381389999999996
-0.05698190000000025
-0.07014990000000054
0.01125309999999935
-0.05099639999999894
-0.041419566666666796
-0.03184273333333287
-0.022265900000000727
-0.03423739999999853
-0.045011150000000555
-0.0557849000000008
-0.031842900000000895
-0.007900899999999211
-0.01029506666666613
-0.01268923333333305
-0.015083399999999969
-0.01747756666666689
-0.019871733333333808
-0.022265900000000727
-0.031842900000000895
-0.0557849000000008
-0.036630900000000466
-0.038227233333334
-0.039823566666665755
-0.04141989999999929
-0.03822756666666649
-0.03503523333333369
-0.031842900000000895
-0.02705489999999955
-0.04141989999999929
-0.012688900000000558
-0.01907356666666793
-0.025458233333333524
-0.031842900000000895
-0.03663140000000098
-0.04141989999999929
-0.03822756666666649
-0.03503523333333369
-0.031842900000000895
-0.035833233333333325
-0.03982356666666753
-0.04381389999999996
-0.060572900000000374
-0.03902539999999988
-0.01747789999999938
-0.03423739999999853
-0.05099689999999946
-0.05099689999999946
-0.05099689999999946
-0.05099689999999946
-0.05099689999999946
-0.046207900000000635
-0.03902539999999988
-0.031842900000000895
-0.031842900000000895
-0.031842900000000895
-0.031842900000000895
-0.031842900000000895
-0.031842900000000895
-0.01747789999999938
-0.022265900000000727
-0.031842900000000895
-0.03423689999999979
-0.036630900000000466
-0.04141940000000055
-0.046207900000000635
-0.05099639999999894
-0.05578489999999903
-0.06057339999999911
-0.0653618999999992
-0.05458789999999958
-0.04381389999999996
-0.0557849000000008
-0.012688900000000558
-0.036630900000000466
-0.029448399999999708
-0.022265900000000727
-0.02525865000000138
-0.02825140000000026
-0.031244149999999138
-0.03423689999999979
-0.03758889999999937
-0.04094089999999895
-0.0442929000000003
-0.04764489999999988
-0.05099689999999946
-0.036630900000000466
-0.036630900000000466
-0.036630900000000466
-0.031842900000000895
-0.02705489999999955
-0.031842900000000895
-0.036630900000000466
-0.036630900000000466
-0.036630900000000466
-0.036630900000000466
-0.036630900000000466
-0.036630900000000466
-0.036630900000000466
-0.036630900000000466
-0.036630900000000466
-0.046207900000000635
-0.031842900000000895
-0.02705489999999955
-0.012688900000000558
-0.01747789999999938
-0.04141989999999929
-0.04141989999999929
-0.04141989999999929
-0.04620839999999937
-0.05099689999999946
-0.05099689999999946
-0.05099689999999946
-0.05099689999999946
-0.04141989999999929
-0.039025649999999246
-0.03663140000000098
-0.03423715000000094
-0.031842900000000895
-0.022265900000000727
-0.025458233333333524
-0.028650566666668098
-0.031842900000000895
-0.036630900000000466
-0.031842900000000895
-0.03423689999999979
-0.036630900000000466
-0.04141940000000055
-0.046207900000000635
-0.05099689999999946
-0.05099689999999946
-0.05099689999999946
-0.05099689999999946
-0.05099689999999946
-0.03663140000000098
-0.022265900000000727
-0.01747756666666689
-0.01268923333333305
-0.007900899999999211
-0.031842900000000895
-0.031842900000000895
-0.031842900000000895
-0.031842900000000895
-0.03423689999999979
-0.036630900000000466
