0.008507392966666694
0.012497736300000006
0.012497736300000006
-0.009050093699999984
-0.002665550366666658
0.0037189929666666677
0.010103536299999993
-0.004261693700000013
-0.0018674937000000003
0.0005267063000000127
0.0005267063000000127
0.0005267063000000127
0.0005267063000000127
0.0005267063000000127
0.007709321300000016
0.014891936299999992
0.005315121300000003
-0.004261693700000013
0.0005267212999999771
0.005315136300000023
0.005315136300000023
0.005315136300000023
0.005315136300000023
0.0005267212999999771
-0.004261693700000013
-0.0038626603666666592
-0.0034636270333333607
-0.0030645937000000067
-0.0026655603666666527
-0.0022665270333333543
-0.0018674937000000003
-0.0014684603666666463
-0.0010694270333333478
-0.0006703936999999938
-0.00027136036666663976
0.00012767296666665873
0.0005267063000000127
-0.004261693700000013
-0.004261693699999958
0.026862946300000023
0.010103533800000064
-0.006655878699999951
-0.01383849370000001
-0.01024719369999999
-0.006655893699999971
-0.0030645937000000067
0.0005267063000000127
0.002122844633333343
0.003718982966666673
0.005315121300000003
-0.009050093699999984
-0.004261693700000013
0.00292092129999999
0.010103536299999993
0.011699669633333354
0.013295802966666659
0.014891936299999992
0.0005267212999999771
-0.01383849370000001
0.0005267063000000127
0.003718982966666673
0.006911259633333333
0.010103536299999993
0.005315136300000023
-0.0018674786999999804
-0.009050093699999984
-0.0018674786999999804
0.005315136300000023
0.012497736300000006
0.01968033629999999
0.01728613329999998
0.014891930299999995
0.012497727299999983
0.0101035243
0.007709321300000016
0.005315118299999977
0.0029209152999999932
0.0005267123000000096
-0.0018674907000000296
-0.004261693700000013
0.014891936299999992
-0.0018674786999999804
0.007709321300000016
0.024468726299999993
0.014891931299999994
0.005315136300000023
0.006512236300000029
0.007709336300000036
0.008906436299999987
0.010103536299999993
0.0005267063000000127
0.0005267063000000127
0.0005267063000000127
0.005315136300000023
0.005315136300000023
0.005315136300000023
0.00292092129999999
0.0005267063000000127
0.0005267063000000127
0.0005267063000000127
-0.006655893699999971
-0.01383849370000001
-0.012641393700000003
-0.011444293699999997
-0.01024719369999999
-0.009050093699999984
-0.007852993700000033
-0.006655893700000026
-0.00545879370000002
-0.004261693700000013
-0.004261693700000013
0.005315136300000023
-0.006655893699999971
0.010103536299999993
0.0065122288000000195
0.00292092129999999
-0.0006703862000000393
-0.004261693700000013
0.01968033629999999
0.0005267063000000127
-0.0010694270333333478
-0.0026655603666666527
-0.004261693700000013
0.017286126299999982
0.038833946300000005
0.012497726300000012
-0.01383849370000001
0.024468726299999993
-0.01383849370000001
0.0005267212999999771
0.014891936299999992
0.017286136299999977
0.01968033629999999
0.005315121300000003
-0.009050093699999984
-0.005219367699999977
-0.0013886416999999707
0.0024420842999999803
0.006272810299999987
0.010103536299999993
-0.01862689369999998
-0.0018674786999999804
0.014891936299999992
0.014891936299999992
0.014891936299999992
0.014891936299999992
0.014891936299999992
0.014891936299999992
0.014891936299999992
0.014891936299999992
0.014891936299999992
0.014891936299999992
0.014891936299999992
0.014891936299999992
0.014891936299999992
0.014891936299999992
0.014891936299999992
0.014891936299999992
0.014891936299999992
0.014891936299999992
0.014891936299999992
0.014891936299999992
-0.01862689369999998
0.014891931299999994
0.012497736300000006
0.007709336300000036
-0.004261693700000013
-0.0018674786999999804
0.0005267212999999771
0.0012107795142857203
0.001894837728571408
0.0025788959428570957
0.003262954157142839
0.003947012371428582
0.00463107058571427
0.0053151287999999575
0.005999187014285701
0.006683245228571444
0.007367303442857132
0.00805136165714282
0.008735419871428562
0.009419478085714306
0.010103536299999993
-0.01862689369999998
-0.001867478700000036
-0.004261693700000013
0.0005267063000000127
-0.028203693699999977
0.0005267063000000127
0.03404554630000001
-0.01383849370000001
-0.002665550366666658
0.008507392966666638
0.01968033629999999
-0.01383849370000001
0.02925714630000001
0.010103528799999983
-0.009050088700000014
0.024468726299999993
0.014891919633333334
0.005315112966666646
-0.004261693700000013
0.010103536299999993
0.000526728799999987
-0.009050078699999964
-0.01862688619999997
-0.028203693699999977
-0.01024718619999998
0.007709321300000016
0.0048362782999999965
0.0019632353000000324
-0.0009098076999999871
-0.003782850699999951
-0.006655893699999971
-0.023415293700000006
0.007709326299999986
0.038833946300000005
0.014891926300000025
-0.009050093699999984
-0.01024719369999999
-0.011444293699999997
-0.012641393700000003
-0.01383849370000001
-0.01383849370000001
-0.01383849370000001
-0.004261693700000013
-0.004261691825000025
-0.0042616899499999805
-0.004261688074999992
-0.004261686200000003
-0.004261684325000015
-0.004261682450000026
-0.004261680574999982
-0.004261678699999993
0.03404554630000001
0.005315121300000003
0.010103526299999999
0.014891931299999994
0.01968033629999999
-0.009050088700000014
-0.03778051370000002
0.0436223563
0.03803588129999999
0.03244940630000001
0.026862931300000004
-0.003064591200000022
-0.03299211369999999
-0.0234153037
-0.01383849370000001
0.02925714630000001
0.012497726300000012
-0.004261693700000013
0.0005267163000000075
0.005315126299999973
0.010103536299999993
-0.011444288700000027
-0.03299211369999999
0.005315121300000003
0.0436223563
0.02446874630000001
0.005315136300000023
-0.0018674786999999804
-0.009050093699999984
-0.016232693700000023
-0.023415293700000006
-0.021021093699999993
-0.01862689369999998
0.01968033629999999
0.05798756629999999
0.030853279633333314
0.0037189929666666677
-0.023415293700000006
-0.011444293699999997
0.0005267063000000127
-0.01862689369999998
0.0005267212999999771
0.01968033629999999
0.0268629413
0.03404554630000001
0.013694831299999988
-0.0066558837000000315
-0.027006598699999995
-0.047357313700000014
0.03404554630000001
0.005315136300000023
0.010103538299999992
0.014891940300000017
0.019680342300000014
0.02446874430000001
0.02925714630000001
-0.0329921037
0.03404554630000001
0.019680332966666686
0.005315119633333365
-0.009050093699999984
0.014891936299999992
-0.0026655470333333264
-0.020223030366666672
-0.03778051370000002
-0.027405640366666706
-0.01703076703333334
-0.006655893700000026
0.0037189796333333414
0.014093852966666653
0.024468726299999993
0.01968033629999999
-0.004261693700000013
-0.016232693700000023
-0.006313857985714322
0.0036049777285714346
0.013523813442857135
0.023442649157142836
0.033361484871428565
0.043280320585714294
0.053199156299999995
-0.04256891369999999
0.024468726299999993
0.017286121299999985
0.010103516300000004
0.0029209112999999953
-0.004261693700000013
0.005315136300000023
0.05798756629999999
0.02925715129999998
0.0005267362999999969
-0.028203678700000012
-0.05693409370000002
0.038833946300000005
0.005315121300000003
0.0029209138000000356
0.0005267063000000127
-0.04256891369999999
0.005315121300000003
0.053199156299999995
0.03244940630000001
0.011699656300000028
-0.009050093699999984
0.007709316299999991
0.024468726299999993
-0.028203693699999977
-0.017030750366666625
-0.005857807033333329
0.005315136300000023
0.011699666300000022
0.018084196299999994
0.024468726299999993
0.011699654633333334
-0.0010694170333332975
-0.013838488699999985
-0.028203693699999977
-0.01383848369999996
0.0005267263000000022
0.01489193630000002
0.02925714630000001
0.0436223563
-0.01383849370000001
-0.006655893699999971
0.0005267063000000127
0.0015907985222222143
0.0026548907444444714
0.003718982966666673
0.0047830751888888745
0.005847167411111132
0.006911259633333333
0.007975351855555535
0.009039444077777792
0.010103536299999993
0.0005267063000000127
0.007709321300000016
0.005315116299999978
0.008507389633333307
0.011699662966666635
0.014891936299999992
0.010103536299999993
0.005315136300000023
-0.0018674786999999804
-0.001525452271428529
-0.0011834258428571331
-0.0008413994142856818
-0.0004993729857142859
-0.00015734655714283452
0.00018467987142856135
0.0005267063000000127
-0.004261693700000013
0.005315121300000003
0.002920917550000013
0.0005267138000000227
-0.001867489950000023
-0.004261693700000013
-0.009050093699999984
-0.004261693700000013
-0.009050093699999984
-0.005857827033333318
-0.0026655603666666527
0.0005267063000000127
-0.009050093699999984
-0.004261693699999958
0.0005267063000000127
0.005315116300000033
0.010103526299999999
0.014891936299999992
0.014891936299999992
0.011061210300000013
0.007230484300000006
0.0033997583
-0.0004309677000000067
-0.004261693700000013
-0.009050093699999984
0.010103536299999993
-0.004261693700000013
-0.004261693700000013
-0.004261693700000013
0.00292092129999999
0.010103536299999993
0.012497736300000006
0.014891936299999992
0.0005267212999999771
-0.01383849370000001
-0.0058578170333333235
0.002122859633333307
0.010103536299999993
0.007709336300000036
0.005315136300000023
-0.004261693700000013
0.0005267212999999771
0.005315136300000023
0.0005267212999999771
-0.004261693700000013
0.0005267212999999771
0.005315136300000023
0.0005267063000000127
0.0009620181181818066
0.001397329936363656
0.0018326417545454499
0.0022679535727272992
0.002703265390909093
0.0031385772090909425
0.0035738890272727364
0.004009200845454586
0.00444451266363638
0.004879824481818229
0.005315136300000023
0.0037189929666666677
0.002122849633333368
0.0005267063000000127
0.005315136300000023
0.0005267063000000127
-0.0018674937000000003
-0.006655893699999971
-0.01383849370000001
-0.012641393700000003
-0.011444293699999997
-0.01024719369999999
-0.009050093699999984
-0.004261693700000013
-0.001069417033333353
0.0021228596333333627
0.005315136300000023
0.005315136300000023
0.005315136300000023
0.005315136300000023
0.008507402966666688
0.011699669633333354
0.014891936299999992
0.011699669633333354
0.008507402966666688
0.005315136300000023
0.0005267063000000127
-0.0010694270333333478
-0.0026655603666666527
-0.004261693700000013
0.0014843902999999714
0.007230474300000012
0.012976558299999996
0.01872264229999998
0.024468726299999993
0.005315136300000023
0.0065122288000000195
0.007709321300000016
0.014891936299999992
0.0005267063000000127
0.0005267063000000127
0.0005267063000000127
0.0005267063000000127
0.005315116300000033
0.010103526299999999
0.014891936299999992
0.0005267063000000127
0.0005267112999999823
0.0005267163000000075
0.0005267212999999771
-0.004261686200000003
-0.009050093699999984
-0.006655893699999971
-0.004261693700000013
0.00292092129999999
0.010103536299999993
0.007709336300000036
0.005315136300000023
0.0005267212999999771
-0.004261693700000013
