-0.0023942119999998956
0.007182618000000196
0.007182633000000105
0.007182648000000125
0.00239421800000017
-0.0023942119999998956
0.00239421800000017
0.007182648000000125
0.009576848000000138
0.01197104800000015
0.016759448000000066
0.02154784800000009
0.016759448000000066
0.01197104800000015
0.007182648000000125
0.004189883000000116
0.001197118000000108
-0.0017956469999999003
-0.004788411999999909
-0.005586478666666617
-0.006384545333333214
-0.007182611999999922
0.01197104800000015
-0.007182611999999922
-0.002394191999999906
0.0023942280000001093
0.007182648000000125
0.007182648000000125
0.008379748000000187
0.009576848000000138
0.010773948000000089
0.01197104800000015
0.007182648000000125
0.0023941880000001303
0.004788418000000072
0.007182648000000125
0.006384576333333447
0.0055865046666667695
0.004788433000000203
0.003990361333333525
0.0031922896666668477
0.00239421800000017
0.016759448000000066
0.0023941880000001303
-0.0023942119999998956
-0.007182611999999922
-0.011971011999999948
-0.004788411999999909
0.0023941880000001303
0.007182648000000125
0.009576848000000138
0.01197104800000015
0.010374914666666846
0.00877878133333343
0.007182648000000125
-0.007182611999999922
-0.004788411999999909
-0.0023942119999998956
0.007182648000000125
0.00622495600000017
0.005267264000000105
0.00430957200000015
0.003351880000000085
0.0023941880000001303
-0.007182611999999922
-0.007182611999999922
0.007182648000000125
0.007182648000000125
0.007182648000000125
0.007182648000000125
0.010374914666666735
0.013567181333333456
0.016759448000000066
0.014365248000000164
0.01197104800000015
0.010773940500000134
0.009576833000000118
0.008379725500000101
0.007182618000000196
0.00598551050000018
0.004788403000000163
0.0035912955000001467
0.0023941880000001303
0.0023941880000001303
0.004788418000000072
-0.0023942119999998956
-0.0023942119999998956
0.007182618000000085
0.016759448000000066
0.009576818000000098
0.0023941880000001303
0.0023941880000001303
0.0023941880000001303
0.0023941880000001303
0.0023941880000001303
0.0023941880000001303
0.0023941880000001303
0.0023941880000001303
0.005985503000000114
0.009576818000000098
0.003990341333333425
-0.0015961353333332484
-0.007182611999999922
0.01197104800000015
0.009576848000000138
0.007182648000000125
-0.004788376999999899
-0.016759401999999868
0.007182648000000125
0.013567181333333456
0.019951714666666787
0.026336248000000118
0.014365218000000124
0.0023941880000001303
-0.004788411999999909
-0.011971011999999948
-0.007182611999999922
-0.0023942119999998956
-0.0023942119999998956
3.0000001371988105e-09
0.00239421800000017
0.004788433000000092
0.007182648000000125
0.00644596646153861
0.005709284923077096
0.0049726033846154705
0.004235921846153956
0.0034992403076924417
0.0027625587692309272
0.002025877230769302
0.0012891956923077874
0.000552514153846273
-0.0001841673846152414
-0.0009208489230768668
-0.0016575304615383812
-0.0023942119999998956
0.0023941880000001303
0.004788418000000072
0.007182618000000196
-0.007182611999999922
-0.0043095599999999346
-0.0014365079999999475
0.0014365440000001506
0.004309596000000138
0.007182648000000125
0.004788418000000072
0.0007980546666668253
-0.0018621675555554607
-0.004522389777777636
-0.007182611999999922
0.0023941880000001303
-0.004788411999999909
-0.011971011999999948
-0.002394181999999856
0.007182648000000125
0.007182648000000125
0.007182648000000125
0.004788418000000072
0.0023941880000001303
0.004788418000000072
0.007182648000000125
0.00239421800000017
-0.0023942119999998956
0.003990341333333425
0.010374894666666745
0.016759448000000066
0.0023941880000001303
0.007182618000000196
0.01197104800000015
0.007182628000000135
0.00239420800000012
-0.0023942119999998956
0.02154784800000009
0.014365248000000164
0.007182648000000125
1.8000000046036746e-08
-0.007182611999999922
-0.005985511999999971
-0.004788411999999909
-0.0035913119999998466
-0.0023942119999998956
-1.1999999882661427e-08
0.0023941880000001303
0.026336248000000118
0.0023941880000001303
0.016759418000000137
0.031124648000000144
0.01915364800000019
0.007182648000000125
1.8000000046036746e-08
-0.007182611999999922
0.011971018000000111
0.031124648000000144
0.019951694666666797
0.00877874133333345
-0.0023942119999998956
0.00239421800000017
0.007182648000000125
0.0023941880000001303
-1.1999999882661427e-08
-0.0023942119999998956
0.009576818000000098
0.02154784800000009
2.3000000126671694e-08
-0.021547801999999894
2.3000000126671694e-08
0.02154784800000009
0.011971018000000111
0.0023941880000001303
-0.0023942119999998956
-0.007182611999999922
-0.011971011999999948
0.031124648000000144
2.3000000126671694e-08
-0.03112460199999989
-0.0135671186666666
0.003990364666666801
0.02154784800000009
-0.011971011999999948
-0.009576811999999935
-0.007182611999999922
0.007182618000000085
0.02154784800000009
-0.007182576999999912
-0.035913001999999916
-0.0023941769999998863
0.031124648000000144
0.02035073300000012
0.009576818000000098
-0.0011970969999999248
-0.011971011999999948
0.01197104800000015
0.019951714666666787
0.027932381333333423
0.03591304800000006
-0.035913001999999916
0.04548984800000011
0.016759418000000026
-0.011971011999999948
1.8000000046036746e-08
0.01197104800000015
0.010374908000000183
0.008778768000000103
0.007182628000000135
0.005586488000000167
0.003990348000000088
0.00239420800000012
0.0007980680000001517
-0.0007980719999999275
-0.0023942119999998956
-0.016759401999999868
0.004788418000000072
-0.0023941769999998863
-0.0007980453333332749
0.0007980863333334476
0.002394218000000059
0.0023942105000001046
0.002394203000000039
0.0023941955000000847
0.0023941880000001303
0.0023941880000001303
-0.002394209499999911
-0.007182606999999841
-0.011971004499999882
-0.016759401999999868
0.02154784800000009
0.015695353555555625
0.009842859111111157
0.003990364666666801
-0.0018621297777776658
-0.007714624222222133
-0.0135671186666666
-0.01941961311111101
-0.025272107555555423
-0.03112460199999989
0.009576823000000068
0.01915364800000008
0.008140318000000035
-0.002873011999999897
-0.01388634199999994
-0.02489967199999993
-0.035913001999999916
0.031124648000000144
-0.016759401999999868
-0.003990318666666548
0.008778764666666716
0.02154784800000009
-0.011971011999999948
-0.007182611999999922
-0.0023942119999998956
-0.004788411999999909
-0.0017956469999999003
0.001197118000000108
0.004189883000000116
0.007182648000000125
0.0023941880000001303
0.026336248000000118
-0.0023941769999998863
-0.03112460199999989
0.03591304800000006
0.011971018
-0.011971011999999948
-0.002394196999999987
0.007182618000000085
0.016759433000000157
0.026336248000000118
0.007182648000000125
0.007182648000000125
0.006584090500000084
0.005985533000000154
0.005386975500000113
0.004788418000000072
0.005586494666666719
0.0063845713333334775
0.007182648000000125
0.0023941880000001303
0.00513042514285722
0.00786666228571442
0.01060289942857151
0.013339136571428711
0.0160753737142858
0.018811610857143002
0.02154784800000009
0.007182623000000055
-0.02633620199999992
-0.011970985333333295
0.0023942313333333853
0.016759448000000066
-0.007182611999999922
0.007182648000000125
0.004788418000000072
0.0023941880000001303
0.0035912955000001467
0.004788403000000163
0.00598551050000018
0.007182618000000196
0.008379725500000101
0.009576833000000118
0.010773940500000134
0.01197104800000015
0.01197104800000015
0.01197104800000015
0.01197104800000015
0.01060292942857155
0.00923481085714295
0.00786669228571446
0.00649857371428586
0.00513045514285726
0.0037623365714286594
0.00239421800000017
0.0010260994285715697
-0.0003420191428570307
-0.001710137714285631
-0.0030782562857142315
-0.004446374857142721
-0.005814493428571321
-0.007182611999999922
-0.010374875333333256
-0.01356713866666659
-0.016759401999999868
0.0023942230000001397
0.02154784800000009
0.009576835500000103
-0.0023941769999998863
-0.014365189499999875
-0.02633620199999992
-0.010374851999999879
0.005586498000000106
0.02154784800000009
-0.0023942119999998956
2.3000000126671694e-08
0.031124648000000144
-0.010374851999999879
0.007182618000000085
0.007182648000000125
0.01197104800000004
0.004788435500000077
-0.0023941769999998863
-0.00957678949999985
-0.016759401999999868
0.04548984800000011
0.0282515980000001
0.01101334800000009
-0.006224901999999921
-0.023463151999999876
-0.04070140199999989
0.01197104800000015
0.014365218000000124
-0.016759401999999868
0.026336248000000118
-0.0023941769999998863
-0.03112460199999989
-0.024740063111110988
-0.018355524222222086
-0.011970985333333184
-0.005586446444444282
0.0007980924444445092
0.007182631333333411
0.013567170222222313
0.019951709111111215
0.026336248000000118
0.0023941880000001303
0.007182618000000085
0.009576818000000098
0.013168133000000082
0.016759448000000066
0.02154784800000009
0.026336248000000118
0.023942043714285877
0.021547839428571525
0.019153635142857284
0.016759430857142932
0.01436522657142869
0.011971022285714339
0.009576818000000098
0.014365218000000124
-0.00598549199999987
-0.02633620199999992
0.01197104800000015
0.008978290500000097
0.005985533000000154
0.0029927755000001
1.8000000046036746e-08
0.0023942280000001093
0.0047884380000000615
0.007182648000000125
0.007182642000000072
0.007182636000000131
0.007182630000000079
0.007182624000000137
0.007182618000000085
-0.011971011999999948
-0.002394199999999902
0.007182612000000033
0.016759424000000078
0.026336236000000013
0.03591304800000006
-0.0023941769999998863
0.01197104800000015
0.003990361333333414
-0.003990325333333211
-0.011971011999999948
-0.007866660571428485
-0.0037623091428571342
0.00034204228571432793
0.00444639371428579
0.008550745142857252
0.012655096571428603
0.016759448000000066
-0.011971011999999948
0.004788418000000072
0.026336248000000118
0.0023941880000001303
0.0023941880000001303
0.0023941880000001303
0.0023941880000001303
0.0023941880000001303
0.01197104800000015
0.010374904666666795
0.00877876133333344
0.007182618000000196
0.005586474666666841
0.0039903313333334856
0.0023941880000001303
0.01197104800000015
-0.004788411999999909
-0.0023942119999998956
0.007182618000000085
0.016759448000000066
0.016759448000000066
0.016759448000000066
0.016759448000000066
0.007182648000000125
0.007182648000000125
0.007182648000000125
0.00877878133333343
0.010374914666666846
0.01197104800000015
0.004788418000000072
-0.0023942119999998956
-0.021547801999999894
-0.007182585333333269
0.007182631333333411
0.02154784800000009
0.01197104800000015
0.007182618000000196
0.0023941880000001303
0.004788418000000072
0.007182648000000125
0.00239421800000017
-0.0023942119999998956
-0.003990345333333201
-0.005586478666666617
-0.007182611999999922
-0.011971011999999948
1.8000000046036746e-08
0.01197104800000015
0.01197104800000015
0.01197104800000015
0.016759448000000066
0.02154784800000009
