0.0019153594999999912
-0.0028730405000000347
-0.012449830499999981
0.0019153594999999912
-0.0028730405000000347
-0.0015049262142857733
-0.0001368119285714009
0.0012313023571428605
0.002599416642857122
0.003967530928571383
0.005335645214285756
0.006703759500000017
0.006703759500000017
0.006703759500000017
-0.0028730405000000347
-0.007661430499999955
0.006703759500000017
0.0019153594999999912
0.016280619500000038
0.006703759500000017
0.005506659500000066
0.004309559500000004
0.003112459499999942
0.0019153594999999912
-0.007661430499999955
-0.007661430499999955
-0.0060653004999999816
-0.004469170500000064
-0.0028730405000000347
-0.0028730405000000347
-0.0028730405000000347
-0.012449830499999981
-0.009257567166666647
-0.006065303833333369
-0.0028730405000000347
-0.0028730405000000347
-0.003978055115384627
-0.0050830697307692185
-0.0061880843461539214
-0.007293098961538513
-0.008398113576923105
-0.009503128192307697
-0.010608142807692345
-0.011713157423076936
-0.012818172038461528
-0.013923186653846176
-0.015028201269230768
-0.016133215884615415
-0.017238230500000007
-0.017238230500000007
-0.017238230500000007
-0.0028730405000000347
0.0019153594999999912
0.006703759500000017
-0.007661430499999955
0.006703759500000017
0.004309559500000004
0.0019153594999999912
-0.007661430499999955
-0.007661430499999955
-0.0038307124999999997
5.500000010982831e-09
0.0038307235000000217
0.0076614415000000324
0.011492159500000043
0.011492159500000043
0.011492159500000043
0.011492159500000043
0.011492159500000043
0.011492159500000043
0.011492159500000043
0.005107629499999988
-0.0012769004999999556
-0.007661430499999955
-0.004469167166666677
-0.0012769038333333427
0.0019153594999999912
-0.0012769055000000362
-0.004469170499999953
0.004309559500000004
0.0019153594999999912
0.0019153594999999912
0.0019153594999999912
-0.002873035499999954
-0.007661430499999955
0.013886389499999985
-0.017238230500000007
-0.012449833833333368
-0.007661437166666674
-0.0028730405000000347
0.016280619500000038
0.011492189500000083
0.006703759500000017
-0.0028730405000000347
0.006703789500000057
0.016280619500000038
0.011492189500000083
0.006703759500000017
0.006703759500000017
0.006703759500000017
0.006703759500000017
-0.010055635499999993
-0.026815030500000003
-0.02415480938888892
-0.021494588277777782
-0.0188343671666667
-0.01617414605555556
-0.013513924944444478
-0.010853703833333339
-0.008193482722222256
-0.005533261611111118
-0.0028730405000000347
0.0019153594999999912
0.030645819500000004
0.00909799450000004
-0.012449830499999981
-0.022026645499999997
0.016280619500000038
0.016280619500000038
0.016280619500000038
0.016280619500000038
0.011492189500000083
0.006703759500000017
0.0003192294999999623
-0.0060653004999999816
-0.012449830499999981
-0.012449830499999981
-0.009576792499999986
-0.006703754500000048
-0.0038307164999999976
-0.0009576784999999477
0.0019153594999999912
0.016280619500000038
0.0019153645000000719
0.001915361999999976
0.0019153594999999912
-0.001675937999999988
-0.005267235499999967
-0.008858533000000002
-0.012449830499999981
-0.010055630499999968
-0.007661430499999955
-0.007661430499999955
-0.007661430499999955
-0.007661430499999955
-0.007661430499999955
-0.002873035499999954
0.02585741949999998
-0.017238230500000007
-0.022026630499999977
-0.026815030500000003
-0.010853680499999963
0.005107669500000078
0.021069019500000064
0.006703799499999996
-0.00766142049999996
-0.022026640499999972
-0.036391860499999984
-0.031603445499999994
-0.026815030500000003
-0.014045955499999985
-0.0012768804999999661
0.011492194500000052
0.02426126949999996
0.03703034449999998
0.0497994195
-0.005267215499999978
-0.022026630499999977
-0.023394746928571408
-0.02476286335714284
-0.02613097978571427
-0.0274990962142857
-0.028867212642857132
-0.030235329071428563
-0.03160344549999994
-0.03297156192857137
-0.0343396783571428
-0.03570779478571423
-0.03707591121428566
-0.03844402764285709
-0.039812144071428524
-0.041180260499999954
0.009097994499999928
-0.009257567166666647
-0.005267235499999967
-0.00047884050000002176
-0.0028730405000000347
-0.0028730405000000347
-0.0028730405000000347
-0.0028730405000000347
-0.0028730405000000347
-0.007661430499999955
-0.017238230500000007
-0.014844030499999994
-0.012449830499999981
-0.012449830499999981
-0.012449830499999981
0.0019153945000000006
0.016280619500000038
0.016280619500000038
0.016280619500000038
-0.00047880550000001243
-0.017238230500000007
-0.016440163833333354
-0.015642097166666646
-0.014844030499999994
-0.014045963833333341
-0.013247897166666633
-0.012449830499999981
0.006703759500000017
0.006703759500000017
0.006703759500000017
0.006703759500000017
0.0043095603333332955
0.0019153611666666848
-0.00047883799999992593
-0.0028730371666666477
-0.005267236333333369
-0.00766143549999998
-0.010055634666666646
-0.012449833833333313
-0.014844032999999979
-0.017238232166666645
-0.01963243133333331
-0.022026630499999977
-0.00766143549999998
0.006703759500000017
-0.012449830499999981
-0.019632430499999964
-0.026815030500000003
0.016280619500000038
-0.012449830499999981
0.011492159500000043
0.011492159500000043
-0.012449830499999981
0.011492159500000043
0.021069019500000064
0.017876732833333353
0.014684446166666754
0.011492159500000043
0.006703759500000017
-0.0012769038333333427
-0.009257567166666647
-0.017238230500000007
-0.012449830499999981
-0.0028730405000000347
-0.0028730405000000347
-0.00047884050000002176
0.0019153594999999912
0.004309559500000004
0.006703759500000017
0.016280619500000038
0.012449887499999979
0.00861915550000003
0.004788423499999972
0.0009576915000000241
-0.0028730405000000347
0.006703759500000017
-0.0028730405000000347
-0.005267235499999967
-0.007661430499999955
-0.008459498833333301
-0.009257567166666647
-0.010055635499999993
0.0019153828333333678
0.013886401166666618
0.02585741949999998
0.02000492505555551
0.014152430611111044
0.008299936166666688
0.002447441722222221
-0.003405052722222246
-0.009257547166666658
-0.015110041611111125
-0.020962536055555536
-0.026815030500000003
-0.022026630499999977
-0.017238230500000007
0.011492159500000043
-0.036391860499999984
-0.0252189138333333
-0.014045967166666673
-0.0028730204999999343
0.008299926166666638
0.01947287283333332
0.030645819500000004
0.0019153594999999912
0.0019153594999999912
0.0019153594999999912
0.0019153594999999912
0.0019153594999999912
0.0019153594999999912
0.006703759500000017
-0.007661430499999955
-0.022026630499999977
-0.014844030499999994
-0.007661430499999955
0.030645819500000004
-0.005267235499999967
-0.0028730405000000347
-0.005267235499999967
-0.007661430499999955
-0.007661430499999955
-0.007661430499999955
-0.007661430499999955
-0.007661430499999955
-0.007661430499999955
-0.012449830499999981
-0.011851281749999998
-0.01125273299999996
-0.010654184249999976
-0.010055635499999993
0.0019153594999999912
0.006703759500000017
0.006703759500000017
0.006703759500000017
0.0019153594999999912
-0.0028730405000000347
0.001915371499999985
0.0067037835000000046
0.011492195500000024
0.016280607500000044
0.021069019500000064
0.016280599500000048
0.011492179500000033
0.006703759500000017
-0.012449830499999981
0.0019153594999999912
-0.00047883925000002936
-0.00287303800000005
-0.0052672367499999595
-0.00766143549999998
-0.01005563425
-0.012449833000000021
-0.014844031749999986
-0.017238230500000007
-0.002873035499999954
0.011492159500000043
-0.0028730405000000347
0.006703759500000017
0.004309559500000004
0.0019153594999999912
0.021069019500000064
0.0019153594999999912
0.004309559500000004
0.006703759500000017
0.006703759500000017
0.006703759500000017
0.006703759500000017
0.006703759500000017
0.0019153615000000457
-0.002873036500000037
-0.007661434500000008
-0.01244983249999998
-0.017238230500000007
-0.0164401643888889
-0.015642098277777794
-0.014844032166666687
-0.014045966055555581
-0.013247899944444474
-0.012449833833333368
-0.011651767722222262
-0.010853701611111155
-0.010055635499999993
-0.009257569388888887
-0.00845950327777778
-0.007661437166666674
-0.006863371055555567
-0.006065304944444461
-0.005267238833333354
-0.004469172722222248
-0.0036711066111111412
-0.0028730405000000347
-0.0028730405000000347
0.00031922950000007333
-0.004070133000000031
-0.022026630499999977
-0.012449830499999981
-0.012449830499999981
-0.012449830499999981
-0.012449830499999981
-0.012449830499999981
0.0043095945000000135
0.011492159500000043
0.010295059500000092
0.00909795950000003
0.007900859499999968
0.006703759500000017
0.0003192294999999623
-0.0060653004999999816
-0.012449830499999981
-0.01723823049999995
-0.013048382999999997
-0.008858535499999987
-0.004668687999999976
-0.00047884050000002176
0.005506659500000066
0.011492159500000043
0.0019153645000000719
-0.007661430499999955
-0.007661430499999955
-0.007661430499999955
-0.007661430499999955
-0.007661430499999955
-0.007661430499999955
-0.007661430499999955
-0.007661430499999955
-0.0028730405000000347
-0.002873035499999954
0.001915361999999976
0.006703759500000017
0.004309559500000004
0.0019153594999999912
-0.002873035499999954
-0.007661430499999955
0.006703759500000017
0.004309559500000004
0.0019153594999999912
0.0023941994999999716
0.002873039499999952
0.0033518795000000434
0.003830719500000024
0.004309559500000004
-0.007661430499999955
0.00670378616666667
0.02106900283333335
0.03543421950000003
0.023463189500000037
0.011492159500000043
-0.026815030500000003
-0.019632430499999964
-0.012449830499999981
-0.009257567166666647
-0.006065303833333369
-0.0028730405000000347
0.005107646166666702
0.013088332833333327
0.021069019500000064
0.016280599500000048
0.011492179500000033
0.006703759500000017
-0.002873035499999954
-0.00047883799999992593
0.0019153594999999912
0.011492189500000083
0.021069019500000064
0.006703759500000017
0.0019153628333333783
-0.0028730338333332606
-0.007661430499999955
-0.00047883549999994113
0.006703759500000017
0.0019153628333333783
-0.0028730338333332606
-0.007661430499999955
-0.017238230500000007
-0.012449830499999981
-0.007661430499999955
-0.007661430499999955
0.0043095945000000135
0.016280619500000038
0.01867481950000005
0.021069019500000064
0.01947288216666676
0.017876744833333347
0.016280607500000044
0.014684470166666741
0.013088332833333327
0.011492195500000024
0.009896058166666721
0.008299920833333307
0.0067037835000000046
0.005107646166666702
0.0035115088333332878
0.001915371499999985
0.00031923416666668203
-0.0012769031666667319
-0.0028730405000000347
-0.004469170500000064
-0.0060653004999999816
-0.007661430499999955
-0.007661430499999955
-0.005267235499999967
-0.0028730405000000347
-0.012449830499999981
-0.007661430499999955
-0.010055630499999968
-0.012449830499999981
-0.0028730405000000347
-0.010055635499999993
-0.017238230500000007
-0.012449830499999981
-0.007661430499999955
0.004309559500000004
0.006703759500000017
-0.010055630499999968
-0.009576790499999988
-0.009097950499999952
-0.008619110499999971
-0.008140270499999935
-0.007661430499999955
