-0.029448689500000014
-0.04141968950000002
-0.05339068950000003
0.04955998049999999
0.15251065049999998
-0.01268926450000002
-0.1778891795
0.006464345500000024
0.1908178705
0.032800555499999995
-0.1252167595
-0.07015011700000001
-0.015083474499999971
0.03998316800000001
0.0950498105
-0.029448689500000014
-0.01907381283333337
-0.008698936166666671
0.0016759405000000283
0.012050817166666672
0.022425693833333316
0.032800570500000015
-0.005506659500000011
-0.0055066695000000054
0.008858550500000006
0.008858550500000006
0.008858550500000006
0.010773910499999984
0.012689270500000016
0.014604630499999993
0.016519990500000026
0.018435350500000003
0.014604626499999995
0.010773902499999988
0.00694317849999998
0.0031124544999999726
-0.000718269500000035
0.008858550500000006
-0.000718269500000035
0.013646950499999977
0.0280121505
0.016041160499999985
0.00407017049999997
0.005985526499999949
0.007900882499999984
0.009816238499999963
0.011731594499999998
0.013646950499999977
0.01604115049999999
0.018435350500000003
0.018435350500000003
0.018435350500000003
0.018435350500000003
0.018435350500000003
0.00407017049999997
0.008858560499999946
0.018435350500000003
0.016839217166666642
0.015243083833333337
0.013646950499999977
0.008858550500000006
0.006943186499999976
0.005027822500000001
0.0031124584999999705
0.0011970944999999955
-0.000718269500000035
0.008858550500000006
0.008858550500000006
0.008858550500000006
0.008858550500000006
0.008858550500000006
0.008858550500000006
0.00407017049999997
0.006464360499999988
0.008858550500000006
0.01125275050000002
0.013646950499999977
0.012848883833333324
0.012050817166666672
0.01125275050000002
0.010454683833333311
0.009656617166666659
0.008858550500000006
0.004070145500000011
-0.0007182594999999847
0.013646950499999977
0.008858550500000006
0.004070140499999986
-0.000718269500000035
0.008858540499999956
0.018435350500000003
0.02082955049999996
0.023223750499999973
0.022026650499999967
0.02082955049999996
0.019632450499999954
0.018435350499999947
0.017238250499999996
0.01604115049999999
0.014844050499999983
0.013646950499999977
0.014844050499999983
0.01604115049999999
0.01244985049999997
0.008858550500000006
0.00407017049999997
0.00407017049999997
0.00407017049999997
0.013646950499999977
0.006464340499999943
-0.000718269500000035
0.00047884049999996625
0.0016759504999999675
0.0028730604999999687
0.00407017049999997
0.00407017049999997
0.00407017049999997
0.00407017049999997
0.00407017049999997
0.00407017049999997
0.00407017049999997
-0.000718269500000035
0.011252760499999959
-0.000718269500000035
0.0024740038333332937
0.005666277166666678
0.008858550500000006
0.008858550500000006
0.008858550500000006
0.008858550500000006
0.008858550500000006
0.008858550500000006
0.008858550500000006
0.008858550500000006
0.008858550500000006
0.008858560499999946
0.008858550500000006
0.01125275050000002
0.013646950499999977
0.008858550500000006
0.008858550500000006
0.008858550500000006
0.008858550500000006
0.008858550500000006
0.008858550500000006
0.008858550500000006
0.008858550500000006
0.008858550500000006
0.008858550500000006
0.008858550500000006
0.00407017049999997
0.006464360499999988
0.008858550500000006
0.008858550500000006
0.008858550500000006
0.008858550500000006
0.006464360499999988
0.00407017049999997
0.011252760499999959
0.018435350500000003
0.018435350500000003
0.018435350500000003
0.018435350500000003
0.018435350500000003
0.018435350500000003
0.018435350500000003
0.018435350500000003
0.018435350500000003
0.023223750499999973
0.021855636214285712
0.020487521928571395
0.019119407642857134
0.017751293357142817
0.016383179071428555
0.015015064785714238
0.013646950499999977
0.013646950499999977
0.01364695716666664
0.018435350500000003
0.016998832500000005
0.015562314500000007
0.01412579650000001
0.012689278500000012
0.011252760499999959
0.009816242499999961
0.008379724499999963
0.006943206499999965
0.005506688499999968
0.00407017049999997
0.013646950499999977
0.018435350500000003
0.014445013833333353
0.010454677166666648
0.008858550500000006
0.010454683833333311
0.012050817166666672
0.013646950499999977
0.013646950500000032
0.013646950500000032
0.013646950500000032
0.013646950499999977
0.013646950499999977
0.01604115049999999
0.018435350500000003
0.008858550500000006
0.008858550500000006
0.01125275050000002
0.013646950499999977
0.013646950499999977
0.013646950499999977
0.011252755499999989
0.008858560499999946
0.006464365499999958
0.00407017049999997
0.00407015549999995
0.004070140499999986
0.0040701504999999805
0.004070160499999975
0.00407017049999997
-0.005506649500000016
-0.015083469500000002
-0.0031124594999999977
0.008858550500000006
0.013646950499999977
0.01125275050000002
0.008858550500000006
0.008858550500000006
0.008858550500000006
0.008858550500000006
0.008858550500000006
0.008858550500000006
0.008858550500000006
0.008858550500000006
0.018435350500000003
0.013646950499999977
0.011731594499999998
0.009816238499999963
0.007900882499999984
0.005985526499999949
0.00407017049999997
0.008858550500000006
-0.010295069500000031
-0.005506666166666674
-0.0007182628333333718
0.004070140499999986
0.008858543833333343
0.013646947166666645
0.018435350500000003
0.013646950500000032
-0.000718269500000035
0.006464340499999943
0.013646950499999977
0.013646950499999977
0.008858550500000006
0.004070140499999986
-0.000718269500000035
0.04237736049999996
0.08547299049999998
0.03758896049999999
-0.010295069500000031
-0.0019153645000000163
0.006464340499999943
0.014844045499999958
0.023223750499999973
0.04237737050000001
0.07430006050000001
0.10622275050000002
0.1381454405
-0.17310077950000002
-0.08212111616666667
0.00885854716666662
0.0998382105
0.03280056383333335
-0.03423708283333332
-0.1012747295
0.08068459549999998
0.05386953849999998
0.02705448149999995
0.00023942449999997395
-0.0265756325
-0.05339068950000003
0.018435350500000003
-0.06775590949999999
0.11420342049999999
0.0567425755
-0.000718269500000035
-0.010295069500000031
-0.019871869500000028
0.01125275050000002
0.04237737050000001
0.025617960500000037
0.008858550500000006
0.009177776500000012
0.009497002500000018
0.009816228500000024
0.01013545450000003
0.010454680500000035
0.010773906499999986
0.011093132499999991
0.011412358499999997
0.011731584500000003
0.012050810500000009
0.10941502049999999
-0.0007182594999999847
0.018435355500000028
0.037588970499999985
-0.13000515950000002
-0.09032981521428574
-0.05065447092857145
-0.010979126642857162
0.028696217642857125
0.06837156192857141
0.1080469062142857
0.14772225049999999
0.05554549049999996
-0.03663126950000001
-0.000718269500000035
0.12378023049999998
-0.02944866949999997
-0.18267756949999997
0.12378023049999998
0.03519477049999997
-0.05339068950000003
-0.07254430950000001
-0.0916979295
-0.0217872395
0.0481234505
0.1180341405
0.1879448305
0.2578555205
-0.2640804695
0.19560628049999998
0.140539643
0.08547300549999998
0.030406368000000017
-0.0246602695
-0.13000515950000002
0.2770091385
-0.2545036295
-0.0414196845
0.1716642605
0.1410184785
0.1103726965
0.0797269145
0.04908113250000001
0.018435350500000003
0.02801215800000001
0.037588965500000016
0.0068063733571428475
-0.023976218785714265
-0.05475881092857143
-0.08554140307142855
-0.11632399521428571
-0.14710658735714283
-0.1778891795
0.0519541905
-0.000718269500000035
0.023223750499999973
0.04716577049999998
0.03485273335714284
0.022539696214285698
0.010226659071428557
-0.002086378071428585
-0.014399415214285727
-0.02671245235714287
-0.03902548950000001
0.06153098549999997
-0.18267756949999997
0.20997149049999997
0.05674258049999997
-0.09648632950000002
-0.07015010950000006
-0.043813889500000036
0.08307880049999997
0.20997149049999997
0.12090718649999999
0.0318428825
-0.057221421500000036
-0.14628572550000002
-0.2353500295
0.24827871549999997
-0.08690950950000004
-0.0677558995
-0.04860228950000001
0.1764526605
-0.010295054500000067
-0.19704276950000005
-0.0007182445000000204
0.19560628049999998
0.13910312249999995
0.08259996449999996
0.02609680649999996
-0.030406351500000095
-0.08690950950000004
0.03758896549999996
0.011731586499999946
-0.014125792500000012
-0.039983171500000025
-0.06584055049999998
-0.0916979295
-0.03423708616666665
0.023223757166666636
0.08068460049999998
0.008858555499999976
-0.06296752950000001
0.0016759355000000031
0.06631940050000001
0.008858555499999976
-0.04860228950000001
-0.0414196845
-0.034237079500000045
-0.027054474500000036
-0.019871869500000028
0.0950498105
-0.13958195950000002
0.03040636049999995
0.20039468049999998
0.136349788
0.07230489550000002
0.008260003000000016
-0.05578488949999999
0.05554548549999999
0.1668758605
0.03599283049999996
-0.09489019950000005
-0.22577322950000006
-0.11085154600000008
0.0040701374999999596
0.118991821
0.23391350449999998
0.0782903975
-0.07733270949999999
-0.058179096166666666
-0.03902548283333335
-0.019871869500000028
0.1333570405
-0.007900864499999993
-0.01927332074999999
-0.030645776999999985
-0.04201823325000004
-0.05339068950000003
-0.03343900783333337
-0.013487326166666702
0.006464355499999963
0.026416037166666684
0.04636771883333335
0.06631940050000001
0.03758897216666662
0.008858543833333288
0.0024740049444443857
-0.003910533944444461
-0.010295072833333363
-0.016679611722222265
-0.02306415061111111
-0.029448689500000014
0.14772225049999999
-0.011891196166666673
-0.014793259196969721
-0.017695322227272714
-0.020597385257575762
-0.02349944828787881
-0.02640151131818186
-0.02930357434848485
-0.0322056373787879
-0.03510770040909095
-0.038009763439393995
-0.04091182646969699
-0.043813889500000036
0.1812410705
-0.019871872000000013
0.0280121505
-0.015083469500000002
0.008858550500000006
0.032800570500000015
0.013646950500000032
-0.0055066695000000054
-0.024660289499999988
-0.043813909500000026
-0.06296752950000001
0.1381454405
-0.18267756949999997
-0.10797848149999995
-0.033279393499999976
0.04141969449999999
0.11611878250000002
0.1908178705
-0.05578489950000004
0.1908178705
-0.015083479500000052
-0.22098482950000004
-0.17416488394444446
-0.12734493838888894
-0.08052499283333336
-0.033705047277777844
0.013114898277777731
0.05993484383333331
0.10675478938888883
0.1535747349444444
0.20039468049999998
0.10382855383333334
0.007262427166666641
-0.06296752950000001
-0.007900879500000013
0.04716577049999998
-0.05339068950000003
0.023223760499999968
0.0998382105
-0.11563992950000002
-0.09369308116666669
-0.07174623283333337
-0.04979938450000004
-0.027852536166666664
-0.00590568783333334
0.016041160499999985
0.037988008833333364
0.05993485716666663
0.08188170549999998
0.10382855383333334
0.12577540216666666
0.14772225049999999
0.08547300383333331
0.023223757166666636
-0.056582969500000024
0.05035804049999998
0.15729905049999998
0.09888052849999998
0.04046200649999998
-0.017956515499999992
-0.07637503750000002
-0.1347935595
0.12378023049999998
0.04836287550000001
-0.027054479500000006
0.12378023049999998
0.11044110578571426
0.09710198107142856
0.08376285635714284
0.07042373164285715
0.057084606928571424
0.0437454822142857
0.03040635749999998
0.026575633499999973
0.022744909499999966
0.018914185500000014
0.015083461500000006
0.011252737499999999
-0.005506654499999986
-0.060573292
-0.11563992950000002
0.08547299049999998
0.07062894349999999
0.055784896500000014
0.04094084949999999
0.02609680249999996
0.011252755499999989
0.008858550500000006
0.002017973357142877
-0.004822603785714308
-0.011663180928571437
-0.018503758071428567
-0.025344335214285696
-0.03218491235714288
-0.03902548950000001
0.0016759504999999675
0.014844055499999953
0.028012160499999994
0.02801215549999997
0.0280121505
0.01125274049999997
-0.0055066695000000054
-0.0020863809285714408
0.001333907642857124
0.004754196214285689
0.008174484785714309
0.011594773357142873
0.015015061928571438
0.018435350500000003
0.013646950499999977
0.01125275050000002
0.008858550500000006
0.007262423833333309
0.005666297166666667
0.00407017049999997
0.018435350500000003
0.01604115049999999
0.013646950499999977
0.01604115049999999
0.018435350500000003
0.017751293357142872
0.017067236214285686
0.016383179071428555
0.015699121928571425
0.015015064785714294
0.014331007642857108
0.013646950499999977
0.004070140499999986
0.0280121505
0.013646950499999977
0.0016759404999999727
-0.010295069500000031
0.004070140499999986
0.018435350500000003
-0.010295069500000031
0.006464340499999943
0.023223750499999973
0.019233413833333324
0.015243077166666619
0.01125274049999997
0.00726240383333332
0.0032720671666666146
-0.000718269500000035
0.01604115049999999
0.013048405499999971
0.010055660500000008
0.007062915499999989
0.00407017049999997
0.008858563833333333
0.01364695716666664
0.018435350500000003
-0.000718269500000035
0.023223760500000024
0.016041155500000015
0.008858550500000006
0.010773910499999984
0.012689270500000016
0.014604630499999993
0.016519990500000026
0.018435350500000003
0.023223750499999973
0.0280121505
0.023223750499999973
0.022744910499999993
0.022266070499999957
0.021787230499999977
0.02130839049999994
0.02082955049999996
0.0280121505
0.00407017049999997
0.008858560499999946
0.013646950499999977
0.013646950499999977
0.013646950499999977
0.013646950499999977
0.013646950499999977
0.013646950499999977
0.013646950499999977
-0.0055066695000000054
0.018435350500000003
0.010454677166666648
0.002474003833333349
-0.0055066695000000054
0.00407017049999997
0.008858550500000006
0.006464360499999988
0.00407017049999997
0.004868233833333291
0.005666297166666667
0.006464360499999988
0.007262423833333309
0.008060487166666686
0.008858550500000006
0.008858550500000006
0.010773910499999984
0.012689270500000016
0.014604630499999993
0.016519990500000026
0.018435350500000003
0.006464360499999988
0.01125274049999997
0.010654195499999963
0.010055650499999957
0.009457105499999952
0.008858560499999946
0.010055657999999967
0.011252755499999989
0.012449852999999955
0.013646950499999977
0.00407017049999997
0.011252760499999959
0.018435350500000003
0.018435350500000003
0.018435350500000003
0.018435350500000003
0.018435350500000003
0.006464340499999943
0.007661445499999975
0.008858550500000006
