0.018435350500000003
0.018435350500000003
0.018435350500000003
0.018435350500000003
0.018435350500000003
0.018435350500000003
0.018435350500000003
0.018435350500000003
0.018435350500000003
0.018435350500000003
0.018435350500000003
0.018435350500000003
0.018435350500000003
0.008858550500000006
0.00407017049999997
0.010454677166666648
0.013646950499999977
0.013646950499999977
0.013646950499999977
0.013646950499999977
0.013646950499999977
0.013646950499999977
0.013646950499999977
0.013646950499999977
0.008858545499999981
0.004070140499999986
-0.000718269500000035
0.008858540499999956
0.018435350500000003
0.007661460499999995
0.0082600055
0.008858550500000006
0.01125275050000002
0.013646950500000032
0.01604115049999999
0.018435350500000003
0.023223750499999973
0.013646960499999972
0.00407017049999997
-0.000718269500000035
-0.000718269500000035
-0.000718269500000035
0.006464340499999943
0.013646950499999977
0.018435350499999947
0.023223750499999973
0.018435350499999947
0.013646950499999977
0.01604115049999999
0.018435350500000003
0.013646950500000032
0.008858550500000006
0.007900874499999988
0.00694319849999997
0.005985522500000007
0.005027846499999988
0.00407017049999997
0.008858560499999946
0.013646955500000002
0.018435350500000003
0.013646950500000032
0.008858550500000006
0.006464360499999988
0.00407017049999997
0.013646950499999977
0.013646950499999977
0.013646950499999977
0.014844050499999983
0.01604115049999999
0.017238250499999996
0.018435350499999947
0.019632450499999954
0.02082955049999996
0.022026650499999967
0.023223750499999973
0.013646950499999977
0.01125275050000002
0.008858550500000006
0.008858550500000006
0.007661455500000025
0.006464360499999988
0.007661455500000025
0.008858550500000006
0.01125275050000002
0.013646950499999977
0.012848883833333324
0.012050817166666672
0.01125275050000002
0.010454683833333311
0.009656617166666659
0.008858550500000006
0.023223750499999973
-0.000718269500000035
0.0016759354999999476
0.004070140499999986
0.005666277166666678
0.007262413833333314
0.008858550500000006
-0.000718269500000035
0.006464340499999943
0.013646950499999977
0.011731594499999998
0.009816238499999963
0.007900882499999984
0.005985526499999949
0.00407017049999997
0.008858540499999956
0.00766144799999996
0.006464355499999963
0.0052672629999999665
0.00407017049999997
-0.0055066695000000054
0.023223750499999973
0.01604115049999999
0.008858550500000006
0.013646950500000032
0.018435350500000003
0.017238250499999996
0.01604115049999999
0.014844050499999983
0.013646950500000032
0.012449850500000026
0.01125275050000002
0.010055650500000013
0.008858550500000006
0.004070140499999986
0.018435350500000003
0.008858550500000006
0.010055650500000013
0.01125275050000002
0.01244985049999997
0.013646950499999977
0.011252760499999959
0.01963245549999998
0.0280121505
0.02322375449999997
0.0184353585
0.01364696249999997
0.008858566499999998
0.00407017049999997
0.013646950499999977
0.013646950499999977
0.01268927049999996
0.0117315905
0.010773910499999984
0.009816230500000023
0.008858550500000006
0.013646950499999977
0.006464360499999988
0.010055655499999983
0.013646950499999977
0.00981622649999997
0.005985502499999962
0.0021547785000000097
-0.0016759454999999979
-0.0055066695000000054
-0.0019153645000000163
0.0016759405000000283
0.005267245500000017
0.008858550500000006
0.01125275050000002
0.010910721928571454
0.010568693357142889
0.010226664785714323
0.009884636214285702
0.009542607642857137
0.009200579071428572
0.008858550500000006
0.012050817166666672
0.012370043833333344
0.012689270500000016
0.013008497166666633
0.013327723833333305
0.013646950499999977
0.012848883833333324
0.012050817166666672
0.01045468783333331
0.008858558500000002
0.00726242916666664
0.0056662998333333325
0.00407017049999997
0.0016759405000000283
0.018435350500000003
0.013646950500000032
0.008858550500000006
0.008858550500000006
0.008858550500000006
0.008858550500000006
0.008858550500000006
0.008858550500000006
0.008858550500000006
0.009656613833333327
0.010454677166666648
0.01205081383333334
0.013646950499999977
0.013646950499999977
0.007262410499999983
0.0008778704999999887
-0.0055066695000000054
-0.0007182495000000455
0.00407017049999997
0.005027846499999988
0.005985522500000007
0.00694319849999997
0.007900874499999988
0.008858550500000006
0.023223750499999973
0.013646950499999977
0.018435350500000003
0.014844055500000009
0.011252760499999959
0.007661465499999964
0.00407017049999997
0.013646950499999977
-0.0055066695000000054
0.00407017049999997
0.004868233833333291
0.005666297166666667
0.006464360499999988
0.007262423833333309
0.008060487166666686
0.008858550500000006
0.010055655499999983
0.011252760499999959
0.013646950499999977
0.013114906055555542
0.012582861611111107
0.012050817166666672
0.011518772722222237
0.010986728277777746
0.010454683833333311
0.009922639388888876
0.009390594944444441
0.008858550500000006
0.010454683833333311
0.012050817166666672
0.013646950500000032
0.015243083833333337
0.016839217166666642
0.018435350500000003
0.008858550500000006
0.004070140499999986
0.007262410500000038
0.006996387166666673
0.006730363833333308
0.006464340499999943
0.0124498455
0.018435350500000003
0.013646950499999977
0.015243083833333337
0.016839217166666642
0.018435350500000003
0.018435350500000003
0.016839217166666642
0.015243083833333337
0.013646950499999977
0.013168110499999996
0.012689270500000016
0.01221043049999998
0.0117315905
0.01125275050000002
-0.043813889500000036
0.03519476549999995
0.11420342049999999
-0.09648632950000002
0.08068460049999998
0.06951165883333332
0.058338717166666665
0.04716577549999995
0.03599283383333329
0.024819892166666635
0.013646950499999977
-0.027054479500000006
-0.06775590949999999
0.016041155500000015
0.016839221833333362
0.01763728816666671
0.0184353545
0.019233420833333348
0.020031487166666695
-0.03104481116666663
-0.08212110950000001
-0.007900854499999999
0.06631940050000001
0.049081146500000006
0.0318428925
0.014604638499999989
-0.0026336155000000194
-0.019871869500000028
0.04237737050000001
0.0232237555
0.004070140500000041
-0.015083474499999971
-0.034237089499999984
0.02561796049999998
-0.010295069500000031
-0.005506669500000061
-0.000718269500000035
0.0663193855
0.1333570405
0.07781156249999999
0.022266084500000005
-0.03327939350000003
-0.08882487150000001
-0.1443703495
0.16208745049999998
0.12018892049999999
0.07829039049999997
0.036391860499999984
-0.0055066695000000054
-0.12042832949999999
0.2147598945
-0.15394717950000003
0.12856863049999998
0.08068460049999998
0.032800570500000015
0.019632460500000004
0.0064643504999999934
-0.006703759500000017
-0.019871869500000028
0.0280121505
0.026096790500000022
0.02418143049999999
0.022266070500000013
0.02035071049999998
0.018435350500000003
-0.0246602695
-0.030406353499999983
-0.03615243750000002
-0.04189852150000001
-0.04764460550000005
-0.05339068950000003
0.058338712166666695
-0.000718269500000035
-0.040940861500000036
-0.08116345350000004
-0.12138604550000004
-0.16160863750000004
-0.20183122950000004
0.2578555205
-0.1778891795
0.07110780049999998
0.06392518549999998
0.05674257049999998
0.025617950499999986
-0.0055066695000000054
-0.0366312895
-0.06775590949999999
0.10941502049999999
0.06512228799999997
0.020829555499999985
-0.023463177
-0.06775590949999999
-0.06679823349999997
-0.06584055750000001
-0.06488288149999999
-0.06392520550000003
-0.06296752950000001
0.24349032049999997
0.1410184825
0.03854664449999995
-0.06392519350000003
-0.16639703150000007
-0.26886886950000005
0.09504980749999997
-0.13000515950000002
0.2722207355
0.14173674425
0.011252753000000004
-0.11923123824999998
-0.24971522949999997
-0.04381388949999998
0.16208745049999998
0.1374613762142857
0.11283530192857141
0.0882092276428571
0.06358315335714282
0.038957079071428535
0.014331004785714252
-0.010295069500000031
-0.05339068950000003
0.030406365499999977
0.013646950499999977
-0.0055066695000000054
0.0663193855
0.1381454405
-0.16352397950000003
-0.07254431450000004
0.018435350499999947
0.10941501549999999
0.20039468049999998
0.061530985500000024
-0.07733270949999999
0.2051830905
-0.2640804695
0.001675930499999978
0.2674323305
0.0782904005
-0.11085152949999999
-0.09409211950000002
-0.07733270949999999
-0.06057329950000001
-0.043813889500000036
-0.027054479500000006
-0.010295069500000031
-0.0031124594999999977
0.01634042925000001
0.03579331800000002
0.05524620674999997
0.07469909549999998
0.09415198424999999
0.113604873
0.13305776174999998
0.15251065049999998
-0.0055066695000000054
-0.000718269500000035
0.0216276205
0.04397351049999998
0.06631940050000001
-0.043813889500000036
-0.010295069500000031
0.02442085549999995
0.059136780499999986
0.09385270549999997
0.12856863049999998
0.07908846216666665
0.0296082938333333
-0.019871874499999997
-0.06935204283333335
-0.1188322111666667
-0.1683123795
0.020031491833333304
0.0444295459285714
0.0688276000238095
0.0932256541190476
0.1176237082142857
0.1420217623095238
0.1664198164047619
0.1908178705
-0.03064577949999997
0.046567225499999976
0.12378023049999998
-0.12042832949999999
-0.1079048141153846
-0.09538129873076923
-0.08285778334615385
-0.07033426796153847
-0.057810752576923086
-0.045287237192307706
-0.032763721807692325
-0.020240206423076945
-0.007716691038461565
0.004806824346153815
0.017330339730769195
0.02985385511538463
0.04237737050000001
-0.015083469500000002
-0.07254430950000001
-0.0118912095
0.021893637166666646
0.05567848383333335
0.0894633305
0.12324817716666667
0.15703302383333334
0.1908178705
-0.007900879500000013
-0.013886381166666684
-0.019871882833333354
-0.025857384500000025
-0.031842886166666695
-0.037828387833333366
-0.043813889500000036
-0.04860228950000001
0.012050820500000003
0.07270393050000001
0.1333570405
-0.11563992950000002
0.04556964383333334
-0.0916979295
0.004070140499999986
0.0998382105
0.08472481425
0.06961141799999998
0.054498021750000014
0.03938462549999999
0.02427122924999997
0.009157833000000004
-0.005955563250000018
-0.02106895950000004
0.0335986405
0.08826624049999998
0.1429338405
-0.06775590949999999
-0.04620809616666666
-0.024660282833333325
-0.0031124694999999925
0.01843534383333334
0.03998315716666667
0.061530970500000004
0.008858540499999956
0.007900866499999937
0.006943192499999973
0.005985518499999953
0.005027844499999989
0.00407017049999997
0.025617955499999956
-0.03902548950000001
-0.024660279499999993
-0.010295069500000031
0.0399831705
0.0902614105
-0.0007182594999999847
-0.0916979295
0.018435350500000003
0.12856863049999998
0.05993485049999997
-0.008698929500000008
-0.07733270949999999
0.04716577049999998
0.01604115049999999
-0.015083469500000002
-0.007900869500000018
-0.000718269500000035
0.008858540499999956
0.018435350500000003
-0.0031124594999999977
-0.0246602695
0.013646950500000032
0.05195417050000001
0.02082955049999996
-0.010295069500000031
-0.004974620611111147
0.0003458282777777377
0.005666277166666622
0.010986726055555507
0.016307174944444447
0.02162762383333333
0.026948072722222216
0.0322685216111111
0.037588970499999985
-0.010295069500000031
0.005267245500000017
0.01903390799999999
0.032800570500000015
0.028012160499999994
0.023223750499999973
0.01963245050000001
0.01604115049999999
0.01244985049999997
0.008858550500000006
0.013646950500000032
0.018435350500000003
0.013646950499999977
0.007262410499999983
0.0008778704999999887
-0.0055066695000000054
-0.0007182495000000455
0.00407017049999997
0.011252760499999959
0.018435350500000003
0.006464340499999999
-0.0055066695000000054
0.005666270500000015
0.01683921049999998
0.0280121505
0.023223750499999973
0.018435350500000003
0.013646950499999977
-0.000718269500000035
0.0003078176428570889
0.0013339047857142683
0.002359991928571392
0.003386079071428516
0.00441216621428564
0.005438253357142819
0.006464340499999943
0.0124498455
0.018435350500000003
0.008858550500000006
0.013646950500000032
0.018435350500000003
0.018435350500000003
0.015562314500000007
0.012689278500000012
0.009816242499999961
0.006943206499999965
0.00407017049999997
0.008858550500000006
0.013646950500000032
0.018435350500000003
0.023223750499999973
0.0280121505
0.00407017049999997
0.018435350500000003
0.023223750499999973
0.0280121505
0.016041160499999985
0.00407017049999997
0.0032720971666666543
0.002474023833333283
0.0016759504999999675
0.0008778771666666518
7.980383333328067e-05
-0.000718269500000035
-0.000718269500000035
0.0011970944999999955
0.0031124584999999705
0.005027822500000001
0.006943186499999976
0.008858550500000006
0.018435350500000003
0.013646950499999977
0.013646950499999977
0.013646950499999977
0.008858550500000006
0.010454683833333311
0.012050817166666672
0.013646950499999977
0.012050820500000003
0.010454690499999975
0.008858560499999946
0.007262430499999972
0.005666300499999999
0.00407017049999997
0.00407017049999997
0.008858560499999946
0.008858555499999976
0.008858550500000006
0.004070145500000011
-0.0007182594999999847
-0.005506664500000036
-0.010295069500000031
-0.004309564500000029
0.0016759404999999727
0.007661445499999975
0.013646950499999977
0.008858550500000006
0.00407017049999997
0.00407017049999997
0.00407017049999997
0.006464360499999988
0.008858550500000006
0.008858550500000006
0.008858550500000006
0.006464360499999988
0.00407017049999997
0.008858560499999946
0.013646950499999977
0.011594776214285674
0.009542601928571426
0.007490427642857123
0.005438253357142819
0.003386079071428516
0.0013339047857142683
-0.000718269500000035
0.008858560499999946
0.008858560499999946
0.008858560499999946
0.008858560499999946
0.013646950499999977
0.013646950499999977
0.015243083833333337
0.016839217166666642
0.018435350500000003
0.016519990500000026
0.014604630499999993
0.012689270500000016
