0.00407017049999997
0.008858560499999946
0.013646950499999977
0.0117315885
0.00981622649999997
0.007900864499999993
0.005985502499999962
0.004070140499999986
0.00407015549999995
0.00407017049999997
0.005666297166666667
0.007262423833333309
0.008858550500000006
0.0016759504999999675
0.004369425499999968
0.007062900499999969
0.00975637549999997
0.01244985049999997
0.015143325499999971
0.017836800499999972
0.020530275499999973
0.023223750499999973
-0.000718269500000035
0.02082955049999996
0.017836800499999972
0.014844050499999983
0.011851300499999995
0.008858550500000006
0.004070140499999986
-0.000718269500000035
0.0032720738333332777
0.007262417166666646
0.011252760499999959
0.013646950499999977
-0.000718269500000035
0.004070135499999961
0.008858540499999956
0.013646945500000007
0.018435350500000003
0.0016759504999999675
0.008260000499999975
0.014844050499999983
0.02142810049999999
0.0280121505
0.025019402999999996
0.022026655499999992
0.01903390799999999
0.016041160499999985
0.013048412999999981
0.010055665499999977
0.007062917999999974
0.00407017049999997
0.005267255499999957
0.006464340499999943
0.008858540499999956
0.013646950499999977
0.013247917166666623
0.012848883833333324
0.01244985049999997
0.012050817166666672
0.011651783833333318
0.01125275050000002
0.010853717166666665
0.010454683833333311
0.010055650500000013
0.009656617166666659
0.00925758383333336
0.008858550500000006
0.008858557166666614
0.008858548833333313
0.008858540499999956
0.01604115049999999
0.015442600500000014
0.014844050499999983
0.014245500500000008
0.013646950500000032
0.008858545500000037
0.004070140499999986
0.008858543833333343
0.013646947166666645
0.018435350500000003
0.00407017049999997
0.00407017049999997
0.00407017049999997
0.005267265499999951
0.006464360499999988
0.007661455500000025
0.008858550500000006
0.009656617166666659
0.010454683833333367
0.01125275050000002
0.012050817166666672
0.01284888383333338
0.013646950500000032
0.00407017049999997
0.008858550500000006
0.008858550500000006
0.008858550500000006
0.008858550500000006
0.008858550500000006
0.008858550500000006
0.009656617166666659
0.010454683833333311
0.01125275050000002
0.012050817166666672
0.012848883833333324
0.013646950499999977
0.013646950500000032
0.012449850500000026
0.01125275050000002
0.010055650500000013
0.008858550500000006
0.023223750499999973
0.008858550500000006
0.004070140499999986
-0.000718269500000035
0.004070140499999986
0.008858550500000006
0.007900874499999988
0.00694319849999997
0.005985522500000007
0.005027846499999988
0.00407017049999997
0.018435350500000003
0.012449855499999996
0.006464360499999988
0.009457107999999992
0.012449855499999996
0.015442603
0.018435350500000003
0.0280121505
0.018435350500000003
0.02082955049999996
0.023223750499999973
0.022266070499999957
0.021308390499999996
0.02035071049999998
0.019393030499999964
0.018435350499999947
0.017477670499999987
0.01651999049999997
0.015562310499999954
0.014604630499999993
0.013646950499999977
0.013646950499999977
0.013646950499999977
0.013646950500000032
0.008858560499999946
0.008858550500000006
0.00407017049999997
0.010454697166666638
0.016839223833333306
0.023223750499999973
0.02048752478571425
0.017751299071428528
0.015015073357142805
0.012278847642857138
0.009542621928571415
0.006806396214285693
0.00407017049999997
0.023223750499999973
0.01125275050000002
-0.000718269500000035
0.004070145499999955
0.008858560499999946
0.0056662838333332854
0.0024740071666666252
-0.000718269500000035
0.005666270499999959
0.012050810500000009
0.018435350500000003
0.00407017049999997
-0.000718269500000035
0.0008778771666666518
0.002474023833333283
0.00407017049999997
0.011252760499999959
0.018435350500000003
0.004070140499999986
-0.010295069500000031
-0.007900869500000018
-0.005506669500000061
-0.003112469500000048
-0.000718269500000035
0.018435350500000003
0.015243083833333337
0.012050817166666672
0.008858550500000006
0.018435350500000003
-0.0055066695000000054
0.004070140499999986
0.013646950499999977
0.013646950499999977
0.013646950499999977
-0.000718269500000035
0.00034582049999998254
0.0014099104999999446
0.002474000499999962
0.0035380904999999796
0.004602180499999997
0.005666270499999959
0.006730360499999977
0.007794450499999994
0.008858540499999956
0.009922630499999974
0.010986720499999991
0.012050810500000009
0.01311490049999997
0.014178990499999988
0.015243080500000006
0.016307170500000023
0.017371260499999985
0.018435350500000003
0.015243087166666669
0.012050823833333335
0.018435350500000003
0.008858550500000006
0.018435350500000003
0.013646950499999977
0.0016759504999999675
0.013646950499999977
0.014125790499999957
0.014604630499999993
0.015083470499999974
0.01556231050000001
0.01604115049999999
0.01651999049999997
0.016998830500000006
0.017477670499999987
0.017956510500000022
0.018435350500000003
-0.000718269500000035
0.032800570500000015
0.006464360499999988
0.013646950500000032
0.00885854675000003
0.004070143000000026
-0.0007182607499999771
-0.00550666449999998
-0.010295068249999983
-0.015083471999999987
-0.01987187574999999
-0.024660279499999993
0.016839217166666642
-0.006304736166666658
-0.029448689500000014
0.11899183049999998
0.008858550500000006
-0.1012747295
-0.02944867950000002
0.04237737050000001
0.036631286500000027
0.030885202499999986
0.0251391185
0.01939303449999996
0.013646950499999977
-0.010295069500000031
-0.0031124495000000585
0.00407017049999997
0.00407017049999997
0.008858560499999946
0.013646950499999977
0.016041148833333296
0.01843534716666667
0.02082954549999999
0.006863366333333343
-0.007102812833333361
-0.02106899200000001
-0.03503517116666666
-0.04900135033333336
-0.06296752950000001
-0.05195419950000002
-0.04094086950000003
-0.02992753949999999
-0.0189142095
-0.007900879500000013
0.0031124504999999747
0.014125780499999963
0.025139110500000006
0.036152440499999994
0.04716577049999998
0.031204426333333313
0.015243082166666644
7.980683333330685e-05
-0.01508346850000003
-0.03024674383333331
-0.04541001916666665
-0.060573294499999986
-0.031244324499999976
-0.001915354499999966
0.027413615499999988
0.0567425855
-0.1252167595
0.037588970499999985
0.04908113850000001
0.06057330649999998
0.0720654745
0.0835576425
0.0950498105
-0.034237079500000045
-0.02192404378571433
-0.009611008071428617
0.002702027642857152
0.015015063357142866
0.02732809907142858
0.039641134785714294
0.05195417050000001
0.0028730379999999944
-0.04620809450000002
0.059136780499999986
0.03339911299999998
0.007661445499999975
-0.01807622200000003
-0.043813889500000036
0.3057395585
0.05195416450000001
-0.20183122950000004
-0.08850567283333338
0.02481988383333328
0.1381454405
0.05035804049999998
-0.03742935949999998
-0.1252167595
0.24827871549999997
0.1525106465
0.0567425775
-0.039025491499999954
-0.13479356049999996
-0.23056162949999998
0.1381454405
0.0016759405000000283
-0.006703764499999987
-0.015083469500000002
-0.009816225499999998
-0.004548981499999993
0.0007182625000000109
0.005985506500000015
0.01125275050000002
0.016519994500000024
0.021787238499999972
0.027054482499999977
0.03232172649999998
0.037588970499999985
-0.016280571999999993
0.11420342049999999
-0.10606312950000002
0.03280056549999999
0.1716642605
0.10558429250000001
0.03950432450000002
-0.026575643500000024
-0.09265561150000001
-0.1587355795
0.07589619050000002
0.012050817166666672
-0.05179455616666667
-0.11563992950000002
0.16208745049999998
0.016041145499999965
-0.13000515950000002
0.004070140499999986
0.1381454405
-0.005506654500000041
-0.14915874950000002
0.025617965500000006
0.20039468049999998
0.10821791549999998
0.01604115049999999
-0.0761356145
-0.1683123795
0.12856863049999998
0.0615309805
-0.0055066695000000054
-0.034237099500000034
-0.06296752950000001
0.10941502049999999
0.08726865549999999
0.06512229050000001
0.04297592550000001
0.02082956050000001
0.004469182166666696
-0.011891196166666673
-0.028251574499999987
-0.0446119528333333
-0.060972331166666616
-0.07733270949999999
-0.05841851650000002
-0.039504323499999994
-0.020590130500000026
-0.001675937500000002
0.017238255499999966
0.022625202999999983
0.0280121505
0.025617950499999986
0.023223750499999973
0.00407017049999997
0.0016759504999999675
-0.000718269500000035
0.008858540499999956
0.018435350499999947
0.028012160499999994
0.037588970499999985
0.024819890499999997
0.012050810499999953
-0.000718269500000035
0.008858550500000006
0.006863380500000016
0.004868210500000025
0.0028730404999999792
0.0008778704999999887
0.0003458238333333141
-0.00018622283333336043
-0.000718269500000035
0.0280121505
0.004070140499999986
-0.019871869500000028
-0.007900864499999993
0.004070140499999986
0.016041145499999965
0.0280121505
0.02082954549999999
0.013646940499999982
0.006464335499999974
-0.000718269500000035
0.004070140499999986
0.04237737050000001
0.02082955049999996
-0.000718269500000035
0.004070137166666654
0.008858543833333288
0.013646950499999977
0.018435350500000003
0.018435350500000003
0.018435350500000003
0.018435350500000003
0.018435350500000003
0.018435350500000003
0.01604115049999999
0.007661440500000005
-0.000718269500000035
0.006464340499999943
0.013646950499999977
0.018435350499999947
0.023223750499999973
0.018435350499999947
0.013646950499999977
0.013646950499999977
0.013646950499999977
0.010055645499999988
0.006464340499999943
0.002873035499999954
-0.000718269500000035
-0.000718269500000035
0.00407017049999997
0.005666300499999999
0.007262430499999972
0.008858560499999946
0.010454690499999975
0.012050820500000003
0.013646950499999977
0.011252760499999959
0.00885855799999996
0.006464355499999963
0.004070152999999965
0.0016759504999999675
0.023223750499999973
0.01963245050000001
0.01604115049999999
0.01244985049999997
0.008858550500000006
0.018435350500000003
0.013646950500000032
0.008858550500000006
0.009816230500000023
0.010773910499999984
0.0117315905
0.01268927049999996
0.013646950499999977
0.01125275050000002
0.018435350500000003
0.012050810500000009
0.005666270499999959
-0.000718269500000035
0.008858550500000006
0.009542607642857137
0.010226664785714268
0.010910721928571399
0.011594779071428585
0.012278836214285715
0.012962893357142846
0.013646950499999977
-0.000718269500000035
0.004070140499999986
0.008858550500000006
0.008858550500000006
0.008858550500000006
0.013646950499999977
0.008858550500000006
0.008858550500000006
0.008858550500000006
0.008858550500000006
0.008858550500000006
0.008858550500000006
0.008858550500000006
0.008858550500000006
0.012050817166666672
0.015243083833333282
0.018435350499999947
0.00407017049999997
0.018435350500000003
0.018435350500000003
0.018435350500000003
0.0280121505
0.022026655499999992
0.016041160499999985
0.010055665499999977
0.00407017049999997
0.005666297166666667
0.007262423833333309
0.008858550500000006
0.018435350500000003
0.013646950499999977
0.006464340499999943
-0.000718269500000035
0.008858550500000006
0.01125275050000002
0.013646950499999977
0.004070140499999986
-0.0055066695000000054
0.004070140499999986
