-0.0231034250000004
-0.027891924999998707
-0.03268042499999879
-0.037468924999998876
-0.03507442500000124
-0.033278800000001496
-0.03148317500000175
-0.02968755000000023
-0.027891925000000484
-0.03507442500000124
-0.04225692500000022
-0.030285925000001157
-0.018314925000000315
-0.027891924999998707
-0.037468924999998876
-0.037468924999998876
-0.037468924999998876
-0.03567329999999913
-0.033877674999999385
-0.03208204999999964
-0.030286424999999895
-0.028490799999998373
-0.026695174999998628
-0.024899549999998882
-0.023103924999999137
-0.018314925000000315
-0.037468924999998876
-0.037468924999998876
-0.037468924999998876
-0.03507492499999998
-0.032680924999999306
-0.047045924999999045
-0.05183392500000039
-0.04864175833333384
-0.04544959166666729
-0.04225742499999896
-0.03906525833333241
-0.03587309166666586
-0.032680924999999306
-0.037468924999998876
-0.033877674999999385
-0.030286424999999895
-0.026695174999998628
-0.023103924999999137
-0.030286424999999895
-0.032680924999999306
-0.027891925000000484
-0.0231034250000004
-0.018314925000000315
-0.022145724999999672
-0.02597652499999903
-0.029807325000000162
-0.03363812499999952
-0.037468924999998876
-0.018314925000000315
-0.027891925000000484
-0.027891925000000484
-0.027891925000000484
-0.030286424999999895
-0.032680924999999306
-0.032680924999999306
-0.032680924999999306
-0.032680924999999306
-0.030286424999999895
-0.027891925000000484
-0.032680924999999306
-0.03188275833333343
-0.031084591666665773
-0.030286424999999895
-0.029488258333334016
-0.028690091666666362
-0.027891925000000484
-0.027891925000000484
-0.047045924999999045
-0.04225692500000022
-0.04225692500000022
-0.04225692500000022
-0.027891925000000484
-0.027891925000000484
-0.027891925000000484
-0.027891925000000484
-0.027891925000000484
-0.013526924999998968
-0.0195124249999985
-0.02549792499999981
-0.03148342499999934
-0.037468924999998876
-0.023103924999999137
-0.04225692500000022
-0.041059924999999
-0.03986292499999955
-0.0386659250000001
-0.037468924999998876
-0.047045924999999045
-0.03986342500000006
-0.032680924999999306
-0.027892258333332975
-0.023103591666666645
-0.018314925000000315
-0.017357325000000756
-0.01639972499999942
-0.015442124999999862
-0.014484524999998527
-0.013526924999998968
-0.018314925000000315
-0.023103591666666645
-0.027892258333332975
-0.032680924999999306
-0.039862925000001326
-0.041059925000000774
-0.04225692500000022
-0.04225692500000022
-0.043454175000000816
-0.044651424999999634
-0.04584867499999845
-0.047045924999999045
-0.04567778214285667
-0.04430963928571252
-0.04294149642857015
-0.041573353571427774
-0.0402052107142854
-0.03883706785714125
-0.037468924999998876
-0.023103924999999137
-0.027891924999998707
-0.037468924999998876
-0.03507492499999998
-0.032680924999999306
-0.037468924999998876
-0.04225692500000022
-0.04225692500000022
-0.04225692500000022
-0.041059924999999
-0.03986292499999955
-0.0386659250000001
-0.037468924999998876
-0.027891925000000484
-0.02549792499999981
-0.023103924999999137
-0.030286424999999895
-0.037468924999998876
-0.03507492499999998
-0.032680924999999306
-0.02549792499999981
-0.018314925000000315
-0.027891925000000484
-0.02549792499999981
-0.023103924999999137
-0.024061524999998696
-0.02501912500000003
-0.02597672499999959
-0.026934325000000925
-0.027891925000000484
-0.029488258333334016
-0.031084591666665773
-0.032680924999999306
-0.03507492499999998
-0.05183392500000039
-0.039862925000001326
-0.027891925000000484
-0.0231034250000004
-0.018314925000000315
-0.030285925000001157
-0.04225692500000022
-0.030285925000001157
-0.018314925000000315
-0.023103591666666645
-0.027892258333332975
-0.032680924999999306
-0.027891925000000484
-0.037468924999998876
-0.047045924999999045
-0.04225742499999896
-0.037468924999998876
-0.030286424999999895
-0.023103924999999137
-0.030286424999999895
-0.037468924999998876
-0.044651424999999634
-0.05183392500000039
-0.04225742499999896
-0.032680924999999306
-0.026296258333331934
-0.01991159166666634
-0.013526924999998968
-0.032680924999999306
-0.02789242499999922
-0.023103924999999137
-0.023103924999999137
-0.023103924999999137
-0.023103924999999137
-0.023103924999999137
-0.023103924999999137
-0.023103924999999137
-0.023103924999999137
-0.037468924999998876
-0.05183392500000039
-0.0482426750000009
-0.044651424999999634
-0.04106017499999837
-0.037468924999998876
-0.027891925000000484
-0.03268042499999879
-0.037468924999998876
-0.023103924999999137
-0.008738924999999398
-0.01831542500000083
-0.027891925000000484
-0.027891925000000484
-0.027891925000000484
-0.030286424999999895
-0.032680924999999306
-0.030286424999999895
-0.027891925000000484
-0.027891925000000484
-0.027891925000000484
-0.027891925000000484
-0.027891925000000484
-0.05183392500000039
-0.05183392500000039
-0.04066092500000096
-0.02948792499999975
-0.018314925000000315
-0.013526924999998968
-0.027891924999998707
-0.04225692500000022
-0.044651424999999634
-0.047045924999999045
-0.042257591666665206
-0.037469258333333144
-0.032680924999999306
0.005627074999999593
-0.003949925000000576
-0.013526925000000745
-0.023103924999999137
-0.032680924999999306
-0.05183392500000039
-0.05183392500000039
-0.04513012500000002
-0.03842632499999965
-0.031722525000001056
-0.025018725000000686
-0.018314925000000315
-0.032680924999999306
-0.047045924999999045
-0.06619892500000013
-0.03507442500000124
-0.003949925000000576
-0.005865325000000254
-0.007780724999999933
-0.009696124999999611
-0.01161152499999929
-0.013526924999998968
-0.030286424999999895
-0.047045924999999045
-0.05183392500000039
-0.037468924999998876
0.0008380750000007708
-0.0063444249999982105
-0.013526924999998968
-0.04943992499999972
-0.08535292500000047
-0.05662292499999921
-0.0478440916666667
-0.03906525833333241
-0.030286424999999895
-0.02150759166666738
-0.01272875833333309
-0.003949925000000576
-0.018314925000000315
-0.0757759250000003
-0.0757759250000003
-0.0757759250000003
-0.02549792499999981
0.02478007500000068
-0.003949925000000576
-0.007611630882353282
-0.011273336764705988
-0.014935042647058694
-0.0185967485294114
-0.022258454411765882
-0.025920160294118588
-0.029581866176471294
-0.033243572058824
-0.036905277941176706
-0.04056698382352941
-0.04422868970588212
-0.047890395588234824
-0.05155210147058931
-0.05521380735294201
-0.05887551323529472
-0.06253721911764742
-0.06619892500000013
-0.06141092500000056
-0.05662292499999921
-0.04225742499999896
-0.027891925000000484
-0.0231034250000004
-0.018314925000000315
-0.0757759250000003
-0.07338192499999963
-0.07098792499999895
-0.018314925000000315
-0.00873842500000066
0.0008380750000007708
-0.020709424999999726
-0.04225692500000022
-0.047045924999999045
0.0008380750000007708
-0.01592142499999838
-0.08535292500000047
-0.018314925000000315
-0.020709424999999726
-0.0757759250000003
-0.00873842500000066
-0.005865325000000254
-0.0029922249999998485
-0.00011912500000121895
0.002753974999999187
0.005627074999999593
-0.06141092500000056
-0.05183392500000039
0.019992075000001108
0.004030741666667836
-0.011930591666667212
-0.027891925000000484
-0.0757759250000003
-0.0757759250000003
-0.0757759250000003
-0.0757759250000003
-0.013526924999998968
-0.008738424999998884
-0.003949925000000576
0.0008385749999995085
0.005627074999999593
-0.01592092499999964
-0.037468924999998876
-0.0757759250000003
-0.018314925000000315
-0.0055459249999998406
0.007223075000000634
0.019992075000001108
-0.037468924999998876
-0.041386743181817565
-0.04530456136363448
-0.049222379545453165
-0.053140197727271854
-0.05705801590909054
-0.060975834090907455
-0.06489365227272614
-0.06881147045454483
-0.07272928863636352
-0.07664710681818043
-0.08056492499999912
-0.05901692499999811
-0.037468924999998876
0.0008380750000007708
0.0008380750000007708
0.0008380750000007708
0.0008380750000007708
0.0008380750000007708
-0.06619892500000013
-0.0757759250000003
-0.037468924999998876
0.0008380750000007708
0.019992075000001108
-0.008738924999999398
-0.08535292500000047
-0.05662292499999921
0.005627074999999593
-0.008738924999999398
-0.06619892500000013
-0.09014092500000004
-0.07577572499999974
-0.06141052499999944
-0.047045325000000915
-0.032680125000000615
-0.018314925000000315
0.043934075000001016
0.029568875000000716
0.015203675000000416
0.0008384750000001162
-0.013526725000000184
-0.027891925000000484
-0.08056492499999912
-0.032680924999999306
0.01041507500000094
0.01041507500000094
-0.047045924999999045
-0.09492992499999886
-0.08714879999999958
-0.07936767499999853
-0.07158654999999925
-0.0638054249999982
-0.05602429999999892
-0.04824317499999964
-0.040462049999998584
-0.032680924999999306
0.01041507500000094
-0.03986292499999955
-0.04884117499999974
-0.057819424999999924
-0.06679767500000011
-0.0757759250000003
0.01520307500000051
0.03914507500000042
-0.023103924999999137
-0.06619942500000064
-0.10929492500000038
-0.08535292500000047
-0.06141092500000056
0.005627074999999593
0.004258932142857219
0.002890789285713069
0.0015226464285706953
0.0001545035714283216
-0.001213639285714052
-0.002581782142858202
-0.003949925000000576
-0.043454425000000185
-0.0829589249999998
0.015203575000001024
0.00562670000000054
-0.003950174999999945
-0.013527049999998653
-0.023103924999999137
-0.09014092500000004
-0.07816992500000097
-0.06619892500000013
0.01041507500000094
0.009816575000000327
0.009218074999999715
0.008619575000000879
0.008021075000000266
0.007422574999999654
0.006824075000000818
0.006225575000000205
0.005627074999999593
-0.07098792499999895
-0.09971792500000021
-0.07625482499999947
-0.05279172500000051
-0.029328624999999775
-0.005865525000000815
0.01759757499999992
-0.003949925000000576
-0.08056442499999861
-0.04704559166666478
-0.013526758333332722
0.019992075000001108
0.019992075000001108
-0.0757759250000003
-0.09014142499999878
-0.10450692499999903
-0.07817042499999971
-0.05183392500000039
-0.024699591666667686
0.0024347416666667954
0.0295690749999995
0.019992186111110755
0.010415297222222009
0.0008384083333332626
-0.008738480555555483
-0.01831536944444423
-0.027892258333332975
-0.03746914722222172
-0.04704603611111047
-0.05662292499999921
-0.07817042499999971
-0.09971792500000021
-0.09213634166666651
-0.08455475833333281
-0.07697317499999912
-0.0693915916666672
-0.0618100083333335
-0.0542284249999998
-0.046646841666666106
-0.03906525833333241
-0.03148367500000049
-0.02390209166666679
-0.016320508333333095
-0.008738924999999398
-0.03507492499999998
-0.06141092500000056
0.01041507500000094
-0.032680924999999306
-0.05183425833333288
-0.013526924999998968
-0.06619892500000013
-0.056622425000000476
-0.047045924999999045
-0.04225742499999896
-0.037468924999998876
0.005626575000000855
0.048722075000000586
0.004030408333333568
-0.04066125833333345
-0.039862925000001326
-0.048641591666667594
-0.05742025833333386
-0.06619892500000013
-0.027891925000000484
-0.02310352499999979
-0.018315125000000876
-0.013526725000000184
-0.008738325000001268
-0.003949925000000576
-0.02310359166666487
-0.03507475833333196
-0.047045924999999045
-0.02789242499999922
-0.008738924999999398
-0.017118424999999604
-0.02549792499999981
-0.03387742500000002
-0.04225692500000022
-0.018314925000000315
-0.0231034250000004
-0.027891924999998707
-0.03268042499999879
-0.037468924999998876
-0.03507492499999998
-0.033877924999998754
-0.032680924999999306
-0.03507492499999998
-0.037468924999998876
-0.008738924999999398
-0.01592142499999838
-0.023103924999999137
-0.02908942499999867
-0.03507492499999998
-0.04106042499999951
-0.047045924999999045
-0.018314925000000315
-0.02469959166666591
-0.03108425833333328
-0.037468924999998876
-0.037468924999998876
-0.03986292499999955
-0.04225692500000022
-0.044651424999999634
-0.047045924999999045
-0.023103924999999137
-0.02948825833333224
-0.03587259166666712
-0.04225692500000022
-0.03587259166666712
-0.02948825833333224
-0.023103924999999137
-0.018314925000000315
-0.020709424999999726
-0.023103924999999137
-0.018314925000000315
-0.023103591666666645
-0.027892258333332975
-0.032680924999999306
-0.032680924999999306
-0.032680924999999306
-0.032680924999999306
-0.04225742499999896
-0.05183392500000039
-0.05183392500000039
-0.05183392500000039
-0.05183392500000039
-0.05183392500000039
-0.05183392500000039
-0.023103924999999137
-0.04225692500000022
-0.018314925000000315
-0.03268042499999879
-0.047045924999999045
-0.03427692499999857
-0.021507924999999872
-0.008738924999999398
-0.023103924999999137
-0.037468924999998876
-0.03268042499999879
-0.027891925000000484
-0.028576067857143173
-0.02926021071428586
-0.02994435357142855
-0.03062849642857124
-0.03131263928571393
-0.03199678214285662
-0.032680924999999306
-0.03587292499999961
-0.03906492499999992
-0.04225692500000022
-0.03268042499999879
-0.023103924999999137
-0.03268042499999879
-0.04225692500000022
-0.047045924999999045
-0.03268042499999879
-0.018314925000000315
-0.030286175000000526
-0.04225742499999896
-0.023103924999999137
-0.011132924999998295
-0.014484724999999088
-0.01783652499999988
-0.021188324999998898
-0.02454012499999969
-0.027891925000000484
-0.04225692500000022
-0.04225692500000022
-0.027891925000000484
-0.027891925000000484
-0.027891925000000484
-0.02549792499999981
-0.023103924999999137
-0.027892174999999853
-0.03268042499999879
-0.03746867499999951
-0.04225692500000022
-0.023103924999999137
-0.01991159166666634
-0.016719258333331766
-0.013526924999998968
-0.037468924999998876
-0.04225692500000022
-0.044651424999999634
-0.047045924999999045
-0.05183425833333288
-0.05662259166666672
-0.06141092500000056
-0.06141092500000056
-0.053430258333333924
-0.04544959166666551
-0.037468924999998876
