-0.018314925000000315
-0.018314925000000315
-0.018314925000000315
-0.018314925000000315
-0.018314925000000315
-0.018314925000000315
-0.027891925000000484
-0.05183442499999913
-0.047045674999999676
-0.04225692500000022
-0.04225692500000022
-0.04225692500000022
-0.018314925000000315
-0.013526925000000745
-0.008738924999999398
-0.013527258333333236
-0.0183155916666653
-0.023103924999999137
-0.020709424999999726
-0.018314925000000315
-0.020709424999999726
-0.023103924999999137
-0.023103924999999137
-0.023103924999999137
-0.023103924999999137
-0.026296258333331934
-0.029488591666666508
-0.032680924999999306
-0.037468924999998876
-0.037468924999998876
-0.037468924999998876
-0.03627192499999943
-0.03507492499999998
-0.033877924999998754
-0.032680924999999306
-0.0345961250000002
-0.03651132499999932
-0.03842652500000021
-0.04034172499999933
-0.04225692500000022
-0.02549792499999981
-0.01592117499999901
-0.0063444249999982105
-0.012329675000000151
-0.018314925000000315
-0.027891924999998707
-0.037468924999998876
-0.04225742499999896
-0.047045924999999045
-0.047045924999999045
-0.047045924999999045
-0.047045924999999045
-0.04943992499999972
-0.05183392500000039
-0.047843591666666185
-0.043853258333333756
-0.03986292499999955
-0.03587259166666534
-0.031882258333332913
-0.027891924999998707
-0.023103924999999137
-0.013526925000000745
-0.003949925000000576
-0.01592092499999964
-0.027891925000000484
-0.031483174999999974
-0.03507442500000124
-0.03866567500000073
-0.04225692500000022
-0.03866567500000073
-0.03507442500000124
-0.031483174999999974
-0.027891925000000484
-0.04704542500000031
-0.037468924999998876
-0.03268042499999879
-0.027891925000000484
-0.026295924999999443
-0.024699925000000178
-0.023103924999999137
-0.04225692500000022
-0.037468639285714644
-0.032680353571429066
-0.027892067857143488
-0.023103782142856133
-0.018315496428570555
-0.013527210714284976
-0.008738924999999398
-0.014724174999999562
-0.020709424999999726
-0.037468924999998876
-0.037468924999998876
-0.038426524999998435
-0.03938412499999977
-0.04034172499999933
-0.041299325000000664
-0.04225692500000022
-0.023103924999999137
-0.027891925000000484
-0.032680924999999306
-0.032680924999999306
-0.032680924999999306
-0.032680924999999306
-0.032680924999999306
-0.027891925000000484
-0.037468924999998876
-0.040661258333331673
-0.04385359166666625
-0.047045924999999045
-0.047045924999999045
-0.047045924999999045
-0.030286424999999895
-0.013526924999998968
-0.037468924999998876
-0.030286424999999895
-0.023103924999999137
-0.020709424999999726
-0.018314925000000315
-0.019911147222222425
-0.021507369444444535
-0.023103591666666645
-0.024699813888888755
-0.026296036111110865
-0.027892258333332975
-0.029488480555555086
-0.031084702777777196
-0.032680924999999306
-0.023103924999999137
-0.013526924999998968
-0.020709424999999726
-0.027891925000000484
-0.030286424999999895
-0.032680924999999306
-0.02789242499999922
-0.023103924999999137
-0.04225692500000022
-0.037468924999998876
-0.027891924999998707
-0.021507591666665604
-0.015123258333332501
-0.008738924999999398
-0.023103924999999137
-0.028690424999998854
-0.03427692500000035
-0.03986342500000006
-0.047045924999999045
-0.04944017499999909
-0.05183442499999913
-0.05422867499999917
-0.05662292499999921
-0.04544992499999978
-0.03427692499999857
-0.023103924999999137
-0.027891925000000484
-0.0231034250000004
-0.018314925000000315
-0.018314925000000315
-0.018314925000000315
-0.018314925000000315
-0.023103924999999137
-0.03507492499999998
-0.047045924999999045
-0.04567778214285667
-0.04430963928571252
-0.04294149642857015
-0.041573353571427774
-0.0402052107142854
-0.03883706785714125
-0.037468924999998876
-0.03986292499999955
-0.04225692500000022
-0.008738924999999398
-0.023103924999999137
-0.02549792499999981
-0.027891925000000484
-0.023103924999999137
-0.021507591666665604
-0.019911258333333848
-0.018314925000000315
-0.037468924999998876
-0.027891925000000484
-0.029260067857142857
-0.03062821071428523
-0.031996353571427605
-0.033364496428571755
-0.03473263928571413
-0.0361007821428565
-0.037468924999998876
-0.027891925000000484
-0.047045924999999045
-0.047045924999999045
-0.032680924999999306
-0.032680924999999306
-0.027891925000000484
-0.0290891749999993
-0.030286424999999895
-0.03148367500000049
-0.032680924999999306
-0.023103924999999137
-0.020709424999999726
-0.018314925000000315
-0.023103924999999137
-0.031084591666665773
-0.03906525833333241
-0.047045924999999045
-0.047045924999999045
-0.047045924999999045
-0.037468924999998876
-0.037468924999998876
-0.037468924999998876
-0.0355535249999992
-0.03363812499999952
-0.03172272499999984
-0.029807325000000162
-0.027891925000000484
-0.027891925000000484
-0.029488258333334016
-0.031084591666665773
-0.032680924999999306
-0.027891925000000484
-0.026694925000001035
-0.02549792499999981
-0.03387742500000002
-0.04225692500000022
-0.03986292499999955
-0.037468924999998876
-0.03986292499999955
-0.04225692500000022
-0.03507442500000124
-0.027891925000000484
-0.03268025833333432
-0.037468591666666384
-0.04225692500000022
-0.037468924999998876
-0.03986292499999955
-0.04225692500000022
-0.03986292499999955
-0.037468924999998876
-0.03507492499999998
-0.032680924999999306
-0.027891925000000484
-0.027891925000000484
-0.03268042499999879
-0.037468924999998876
-0.03268042499999879
-0.027891925000000484
-0.029488258333334016
-0.031084591666665773
-0.032680924999999306
-0.036272174999998796
-0.03986342500000006
-0.043454674999999554
-0.047045924999999045
-0.04584867499999845
-0.044651424999999634
-0.043454175000000816
-0.04225692500000022
-0.02549792499999981
-0.0195124249999985
-0.013526924999998968
-0.023103924999999137
-0.032680924999999306
-0.03986342500000006
-0.047045924999999045
-0.01592142499999838
0.01520307500000051
-0.01831542500000083
-0.05183392500000039
-0.037468924999998876
-0.023103924999999137
-0.037468924999998876
-0.05183392500000039
-0.05901642499999937
-0.06619892500000013
-0.05183392500000039
-0.037468924999998876
-0.027891924999998707
-0.018314925000000315
0.01041507500000094
0.03914507500000042
-0.0007582583333327619
-0.04066159166666594
-0.08056492499999912
-0.032680924999999306
-0.047045924999999045
-0.06141092500000056
-0.00873842500000066
0.043934075000001016
0.01280957500000035
-0.018314925000000315
-0.030285925000001157
-0.04225692500000022
-0.07816992500000097
-0.11408292499999995
-0.08774692500000114
-0.06141092500000056
-0.0386659250000001
-0.01592092499999964
0.006824074999999041
0.0295690749999995
0.003232575000000182
-0.023103924999999137
-0.047045924999999045
-0.13323692500000028
-0.091338425
-0.04943992499999972
-0.007541424999999435
0.03435707500000085
0.005627074999999593
0.019992075000001108
-0.04385325833333198
-0.10769859166666684
-0.17154392499999993
-0.003949925000000576
-0.003949925000000576
-0.003949925000000576
-0.003949925000000576
-0.003949925000000576
0.08702907500000023
-0.17154392499999993
-0.13323667499999914
-0.09492942500000012
-0.05662217500000111
-0.018314925000000315
-0.011132424999999557
-0.003949925000000576
0.04632807499999991
0.0966060750000004
-0.01831542500000083
-0.13323692500000028
-0.07817042499999971
-0.023103924999999137
-0.023103924999999137
-0.023103924999999137
0.03914557500000093
0.101395075000001
-0.14281392500000045
-0.11168942499999979
-0.08056492499999912
-0.032680924999999306
-0.002753424999999865
0.027174075000001352
0.05710157500000079
0.08702907500000023
-0.09014092500000004
-0.013526924999998968
-0.032680924999999306
-0.013527258333333236
0.005626408333334609
0.02478007500000068
0.04393374166666675
0.0630874083333346
0.08224107500000066
-0.13802492499999985
-0.018315424999999053
0.0008383250000001397
0.019992075000001108
-0.04066092499999918
-0.10131392499999947
-0.16196692499999976
0.0295690749999995
0.00403074166666606
-0.021507591666665604
-0.047045924999999045
-0.033877674999999385
-0.020709424999999726
-0.007541175000000067
0.005627074999999593
-0.15239092500000062
0.03914507500000042
0.02158774166666788
0.004030408333333568
-0.013526924999998968
-0.023103924999999137
-0.027652874999999355
-0.03220182499999957
-0.03675077499999979
-0.04129972500000001
-0.04584867499999845
-0.05039762499999867
-0.05494657499999889
-0.059495524999999105
-0.06404447499999932
-0.06859342499999954
-0.07314237499999976
-0.07769132499999998
-0.0822402750000002
-0.08678922500000041
-0.09133817500000063
-0.09588712499999907
-0.10043607499999929
-0.10498502499999951
-0.10953397499999973
-0.11408292499999995
-0.035074424999999465
0.043934075000001016
0.013607408333333737
-0.016719258333331766
-0.047045924999999045
-0.0757759250000003
-0.09253542500000123
-0.10929492500000038
-0.030286424999999895
0.048722075000000586
-0.07098792499999895
-0.056622425000000476
-0.04225692500000022
-0.04225692500000022
-0.003949925000000576
0.03435707500000085
-0.09014092500000004
-0.08535292499999869
-0.08056492499999912
-0.02549792499999981
0.0295690749999995
-0.003949925000000576
-0.06619942500000064
-0.12844892499999894
-0.05781967499999929
0.01280957500000035
-0.07817042499999971
0.058299075000000755
-0.14281392500000045
0.005626575000000855
-0.09732392500000131
-0.0632065500000003
-0.029089175000001077
0.005028199999998151
0.039145574999999155
0.01999199166666621
0.0008384083333332626
-0.01831517500000146
-0.037468758333334407
-0.05662234166666735
-0.0757759250000003
-0.11887192500000054
0.012809074999999837
-0.029488258333334016
-0.0717855916666661
-0.11408292499999995
-0.04225692500000022
-0.011930591666667212
0.018395741666667575
0.048722075000000586
-0.10450692499999903
-0.09780312499999866
-0.09109932499999829
-0.0843955249999997
-0.07769172499999932
-0.07098792499999895
0.043934075000001016
-0.013526924999998968
-0.04385359166666625
-0.07418025833333175
-0.10450692499999903
-0.013526924999998968
0.058299075000000755
0.051355875000000495
0.044412675000000235
0.037469474999999974
0.03052627500000149
0.02358307500000123
0.01663987500000097
0.00969667500000071
0.0027534750000004493
-0.004189724999999811
-0.011132924999998295
-0.018076124999998555
-0.025019324999998815
-0.031962524999999076
-0.038905724999999336
-0.045848924999999596
-0.052792124999999857
-0.05973532499999834
-0.0666785249999986
-0.07362172499999886
-0.08056492499999912
-0.08056492499999912
-0.08056492499999912
-0.04465192500000015
-0.008738924999999398
0.019992075000001108
-0.09014092500000004
-0.06141092500000056
-0.01831542500000083
0.02478007500000068
0.01041507500000094
-0.08535292500000047
-0.0542284249999998
-0.023103924999999137
-0.013526924999998968
-0.003949925000000576
-0.09492992499999886
-0.013526924999998968
-0.023103924999999137
-0.032680924999999306
-0.003949925000000576
-0.039862925000001326
-0.037468924999998876
-0.03268042499999879
0.02478007500000068
0.014604700000001358
0.0044293250000002615
-0.005746049999999059
-0.01592142499999838
-0.026096799999999476
-0.036272174999998796
-0.04644754999999989
-0.05662292499999921
-0.020709924999998464
0.01520307500000051
-0.047045924999999045
-0.10929492500000038
0.0008380750000007708
-0.037468924999998876
-0.0757759250000003
0.005627074999999593
-0.005013813888888663
-0.015654702777778695
-0.02629559166666695
-0.03693648055555521
-0.04757736944444524
-0.058218258333333495
-0.06885914722222175
-0.07950003611111178
-0.09014092500000004
-0.05183392500000039
-0.013526924999998968
0.02478007500000068
0.005626575000000855
-0.013526925000000745
-0.03268042500000057
-0.05183392500000039
0.03435707500000085
-0.08535292500000047
-0.03986342500000006
-0.03108425833333328
-0.04544959166666551
-0.03640470277777652
-0.027359813888889306
-0.018314925000000315
-0.037468924999998876
-0.023103591666666645
-0.008738258333332638
0.005627074999999593
-0.002353591666667043
-0.010334258333333679
-0.018314925000000315
-0.02629559166666695
-0.03427625833333359
-0.04225692500000022
-0.05023759166666686
-0.058218258333333495
-0.06619892500000013
-0.04225692500000022
-0.047045924999999045
-0.04106042499999951
-0.03507492499999998
-0.05662292499999921
-0.042257591666665206
-0.027892258333332975
-0.013526924999998968
-0.04225692500000022
0.0008380750000007708
-0.0034714249999989732
-0.007780924999998717
-0.012090425000000238
-0.016399924999999982
-0.020709424999999726
-0.02501892499999947
-0.029328424999999214
-0.033637925000000735
-0.03794742500000048
-0.04225692500000022
0.0008380750000007708
-0.06141092500000056
-0.030286424999999895
-0.030685508333332834
-0.031084591666665773
-0.03148367500000049
-0.03188275833333343
-0.03228184166666637
-0.032680924999999306
-0.023103924999999137
-0.02549817499999918
-0.02789242499999922
-0.030286674999999263
-0.032680924999999306
-0.023103924999999137
-0.05183392500000039
-0.04943967500000035
-0.04704542500000031
-0.044651175000000265
-0.04225692500000022
-0.047045924999999045
-0.03906525833333241
-0.031084591666665773
-0.023103924999999137
-0.003949925000000576
-0.006822924999999813
-0.009695925000000827
-0.012568925000000064
-0.015441925000001078
-0.018314925000000315
-0.023103924999999137
-0.023103924999999137
-0.023103924999999137
-0.023103924999999137
-0.023103924999999137
-0.023103924999999137
-0.023103924999999137
-0.023103924999999137
-0.023103924999999137
-0.023103924999999137
-0.032680924999999306
-0.037468924999998876
-0.032680924999999306
-0.03188275833333343
-0.031084591666665773
-0.030286424999999895
-0.047045924999999045
-0.018314925000000315
-0.020709424999999726
-0.023103924999999137
-0.02789242499999922
-0.032680924999999306
-0.032680924999999306
-0.032680924999999306
-0.03507492499999998
-0.037468924999998876
-0.04385359166666625
-0.05023825833333184
-0.05662292499999921
-0.047045924999999045
-0.037468924999998876
-0.03507492499999998
-0.032680924999999306
-0.03507492499999998
-0.037468924999998876
-0.03507492499999998
-0.032680924999999306
-0.030286424999999895
-0.027891925000000484
-0.028849725000000603
-0.029807525000000723
-0.030765324999999066
-0.031723124999999186
-0.032680924999999306
-0.032680924999999306
-0.02789242499999922
-0.023103924999999137
-0.032680924999999306
-0.030286424999999895
-0.027891925000000484
-0.028849725000000603
-0.029807525000000723
-0.030765324999999066
-0.031723124999999186
-0.032680924999999306
-0.027891925000000484
-0.037468924999998876
-0.032680924999999306
-0.023103924999999137
-0.023103924999999137
-0.023103924999999137
-0.023103924999999137
-0.023103924999999137
-0.023103924999999137
-0.023103924999999137
-0.023103924999999137
-0.023103924999999137
-0.023103924999999137
-0.023103924999999137
-0.04225692500000022
-0.047045924999999045
-0.044651424999999634
-0.04225692500000022
-0.04225692500000022
-0.04225692500000022
-0.04225692500000022
-0.03507442500000124
-0.027891925000000484
-0.027891925000000484
-0.027891925000000484
-0.027891925000000484
-0.027891925000000484
-0.037468924999998876
