-0.0037110129999999852
-0.0037110129999999852
-0.0037110129999999852
-0.0037110129999999852
-0.0037110129999999852
-0.0037110129999999852
-0.0037110129999999852
-0.0013168129999999723
0.0010773869999999297
0.005865787000000067
0.015442587000000008
-0.0013168129999999723
0.0026735203333333457
0.006663853666666664
0.010654186999999982
0.009970129857142851
0.00928607271428572
0.00860201557142859
0.007917958428571459
0.007233901285714328
0.006549844142857197
0.005865787000000067
0.005865787000000067
0.0010773870000000407
0.00825998700000008
0.0010773870000000407
0.0010773870000000407
0.0010773870000000407
0.0010773870000000407
0.010654186999999982
0.00825998700000008
0.005865787000000067
0.004668687000000005
0.0034715870000000537
0.0022744870000001027
0.0010773870000000407
-0.0005187463333332643
-0.0021148796666666803
-0.0037110129999999852
-0.0037110129999999852
0.0010773870000000407
0.005865787000000067
0.0068234670000000275
0.007781146999999988
0.00873882700000006
0.00969650700000002
0.010654186999999982
0.005865787000000067
0.006464337000000042
0.007062887000000018
0.007661436999999993
0.00825998700000008
0.008858537000000055
0.00945708700000003
0.010055637000000006
0.010654186999999982
-0.0037110129999999852
0.005865787000000067
-0.0037110129999999852
-0.0037110129999999852
-0.0017956529999999526
0.00011970700000007994
0.0020350670000000015
0.003950427000000034
0.005865787000000067
0.005865787000000067
0.005865787000000067
0.010654186999999982
0.010654186999999982
0.010654186999999982
0.010654186999999982
0.010654186999999982
0.010654186999999982
0.010654186999999982
0.010654186999999982
0.010654186999999982
0.010654186999999982
0.005865787000000067
-0.0037110129999999852
0.010654186999999982
0.013048386999999995
0.015442587000000008
-0.008499413000000011
0.010654186999999982
0.010654186999999982
0.010654186999999982
0.013048397000000045
0.015442606999999997
0.01783681699999995
0.020231027000000013
0.018315658999999984
0.016400290999999956
0.014484923000000038
0.01256955500000001
0.010654186999999982
0.0010773870000000407
0.0010773870000000407
0.005865786999999956
0.005865786999999956
0.005865786999999956
0.005865786999999956
0.005865786999999956
0.005865787000000067
0.005865787000000067
0.005865787000000067
0.005865787000000067
0.0034715870000000537
0.010654186999999982
0.010654189857142837
0.010654192714285693
0.010654195571428549
0.010654198428571515
0.01065420128571437
0.010654204142857227
0.010654207000000082
0.0010773870000000407
0.0010773870000000407
0.0002793203333333327
-0.0005187463333332643
-0.0013168129999999723
-0.0021148796666666803
-0.0029129463333332772
-0.0037110129999999852
0.0010773870000000407
0.005865787000000067
0.004668687000000005
0.0034715870000000537
0.0022744870000001027
0.0010773870000000407
-0.008499413000000011
0.015442587000000008
0.005865787000000067
0.015442587000000008
-0.008499413000000011
-0.006903279666666706
-0.00530714633333329
-0.0037110129999999852
-0.0021148796666666803
-0.0005187463333332643
0.0010773870000000407
0.010654186999999982
0.00825998700000008
0.01783680700000001
0.009058067000000003
0.0002793269999999959
-0.008499413000000011
0.010654186999999982
0.010654186999999982
0.010654186999999982
0.010654186999999982
0.010654186999999982
0.0034715870000000537
-0.0037110129999999852
-0.0029129463333332772
-0.0021148796666666803
-0.0013168129999999723
-0.0005187463333332643
0.0002793203333333327
0.0010773870000000407
0.0010773869999999297
0.00825998700000008
0.009058053666666788
0.009856120333333385
0.010654187000000093
0.01145225366666669
0.012250320333333398
0.013048386999999995
0.013846453666666703
0.0146445203333333
0.015442587000000008
0.010654186999999982
0.005865786999999956
0.0010773869999999297
0.0010773870000000407
0.0018754536666667487
0.0026735203333333457
0.0034715870000000537
0.010654207000000082
0.009058067000000114
0.007461927000000035
0.005865787000000067
0.004269653666666762
0.0026735203333333457
0.0010773870000000407
0.0010773870000000407
0.0010773870000000407
0.0010773870000000407
0.0010773870000000407
0.004269653666666651
0.007461920333333372
0.010654186999999982
0.0010773870000000407
0.005865787000000067
0.005865787000000067
0.005865787000000067
0.005865787000000067
0.005865787000000067
0.005865787000000067
0.005865787000000067
0.005865787000000067
0.005865787000000067
0.005865787000000067
0.005865787000000067
0.005865787000000067
0.005865787000000067
0.005865787000000067
0.005865787000000067
0.00825998700000008
-0.0013168129999999723
0.015442587000000008
0.010654186999999982
0.005865787000000067
0.0010773870000000407
-0.0005187463333332643
-0.00019951966666664767
0.00011970700000007994
0.00043893366666669653
0.0007581603333334241
0.0010773870000000407
0.015442587000000008
0.013048397000000045
0.010654207000000082
0.0010773870000000407
0.0007781119999999975
0.00047883700000006524
0.00017956200000002198
-0.00011971300000002127
-0.0004189879999999535
-0.0007182629999999968
-0.001017537999999929
-0.0013168129999999723
0.00825998700000008
0.005865787000000067
0.0034715870000000537
0.0010773870000000407
0.0034715870000000537
0.005865786999999956
0.008259986999999969
0.010654186999999982
0.010654186999999982
0.005865787000000067
0.0010773870000000407
-0.0037110129999999852
0.0034715870000000537
0.010654186999999982
0.00825998700000008
0.005865787000000067
0.005865787000000067
0.005865787000000067
0.005865787000000067
-0.022864612999999978
-0.016879113
-0.010893613000000024
-0.004908112999999936
0.0010773870000000407
0.0020350709999999994
0.002992755000000069
0.003950439000000028
0.0049081230000000975
0.005865807000000056
0.013048406999999984
-0.00730230300000001
-0.027653013000000004
-0.016879113
-0.006105212999999998
0.004668687000000005
0.015442587000000008
-0.013287813000000037
0.020231027000000013
0.014644553666666726
0.00905808033333333
0.003471606999999932
-0.002114866333333354
-0.00770133966666664
-0.013287813000000037
0.020231027000000013
-0.022864612999999978
0.02501942700000004
-0.0037110129999999852
-0.0027533330000000245
-0.0017956529999999526
-0.0008379729999999919
0.00011970700000007994
0.0010773870000000407
0.0010773870000000407
0.0010773870000000407
0.0010773870000000407
0.0010773870000000407
0.02501942700000004
0.0010773870000000407
-0.00011971300000002127
-0.0013168129999999723
0.00526724700000003
0.011851307000000033
0.018435367000000036
0.02501942700000004
-0.013287813000000037
-0.008499413000000011
-0.0037110129999999852
0.0010773870000000407
0.005865787000000067
-0.008499413000000011
0.015442587000000008
0.012250320333333398
0.009058053666666677
0.005865786999999956
0.0026735203333333457
-0.0005187463333332643
-0.0037110129999999852
-0.008499413000000011
0.029807827000000064
0.005865787000000067
0.02501942700000004
0.01448493900000003
0.0039504510000000215
-0.006584036999999987
-0.017118524999999996
-0.027653013000000004
0.010654186999999982
-0.008499413000000011
0.010654186999999982
0.005865786999999956
0.0010773869999999297
-0.0037110129999999852
-0.008499413000000011
-0.013287813000000037
0.005865787000000067
0.0010773870000000407
0.005865787000000067
0.0068234670000000275
0.007781146999999988
0.00873882700000006
0.00969650700000002
0.010654186999999982
-0.013287813000000037
0.010654186999999982
0.020231007000000023
0.029807827000000064
0.026615555888888975
0.023423284777777886
0.020231013666666686
0.017038742555555597
0.013846471444444508
0.010654200333333419
0.007461929222222219
0.00426965811111113
0.0010773870000000407
0.015442587000000008
-0.0013168129999999723
0.010654186999999982
0.00962810128571423
0.00860201557142859
0.007575929857142838
0.006549844142857086
0.005523758428571446
0.004497672714285694
0.0034715870000000537
0.002445501285714302
0.0014194155714285506
0.00039332985714291
-0.0006327558571428415
-0.0016588415714285931
-0.0026849272857142337
-0.0037110129999999852
0.008260006999999958
0.020231027000000013
0.005865807000000056
-0.008499413000000011
0.010654207000000082
0.029807827000000064
0.010654207000000082
-0.008499413000000011
0.0034715870000000537
0.015442587000000008
-0.018076212999999952
-0.0013168129999999723
0.015442587000000008
0.0034715870000000537
-0.0084994129999999
0.005865787000000067
0.005865786999999956
0.008260006999999958
-0.013287813000000037
0.0010774070000000302
0.008260012000000039
0.015442617000000047
0.022625222000000056
0.029807827000000064
-0.037229812999999945
0.039384627000000005
0.025019413666666712
0.010654200333333308
-0.0037110129999999852
0.0010773870000000407
0.005865787000000067
0.009457097000000081
0.013048406999999984
0.016639717
0.020231027000000013
0.0010773870000000407
0.00586579366666673
0.010654200333333419
0.015442607000000108
0.020231013666666686
0.025019420333333375
0.029807827000000064
-0.013287813000000037
0.02501942700000004
0.010654202000000002
-0.022864612999999978
-0.006903266333333269
0.00905808033333333
0.02501942700000004
0.013846480333333355
0.002673533666666672
-0.008499413000000011
-0.0013168129999999723
0.005865787000000067
0.005865787000000067
0.005865787000000067
0.005865787000000067
0.005865787000000067
0.005865787000000067
0.005865787000000067
0.005865787000000067
0.005865787000000067
0.005865787000000067
0.02501942700000004
-0.013287813000000037
0.029807827000000064
0.003471607000000043
-0.022864612999999978
0.03459622699999998
-0.018076212999999952
0.02501942700000004
0.016400299000000063
0.007781171000000087
-0.0008379570000000003
-0.009457084999999976
-0.018076212999999952
0.020231027000000013
0.005865786999999956
0.007461920333333261
0.009058053666666677
0.010654186999999982
-0.008499413000000011
-0.00530714633333329
-0.0021148796666666803
0.0010773869999999297
0.004269653666666651
0.007461920333333372
0.010654186999999982
-0.0037110129999999852
0.0010774070000000302
0.022625216999999975
0.04417302700000003
0.022625207000000036
0.0010773870000000407
0.005865786999999956
0.010654186999999982
0.004269653666666651
-0.0021148796666666803
-0.008499413000000011
0.0034715870000000537
0.015442587000000008
0.015007277909090955
0.01457196881818179
0.014136659727272738
0.013701350636363685
0.013266041545454521
0.012830732454545468
0.012395423363636304
0.011960114272727251
0.011524805181818198
0.011089496090909035
0.010654186999999982
-0.00011971300000002127
-0.010893613000000024
0.005865787000000067
0.00825998700000008
0.020231007000000023
0.013846467000000029
0.007461927000000035
0.0010773870000000407
0.003471596999999993
0.005865807000000056
0.0038136327142858084
0.0017614584285714496
-0.00029071585714279813
-0.002342890142857157
-0.004395064428571405
-0.0064472387142857635
-0.008499413000000011
-0.005763184428571488
-0.0030269558571428545
-0.0002907272857143317
0.002445501285714302
0.005181729857142825
0.007917958428571459
0.010654186999999982
-0.0037110129999999852
0.00825998700000008
0.00921766700000004
0.010175347000000001
0.011133027000000073
0.012090707000000034
0.013048386999999995
0.00825998700000008
0.02501942700000004
0.01863488033333338
0.012250333666666724
0.005865787000000067
0.010654186999999982
0.005865786999999956
0.004269653666666651
0.0026735203333333457
0.0010773870000000407
0.0010773870000000407
0.005865787000000067
0.004269653666666762
0.0026735203333333457
0.0010773870000000407
0.0005985470000000603
0.00011970700000007994
-0.00035913300000001147
-0.0008379729999999919
-0.0013168129999999723
0.015442587000000008
0.00825998700000008
0.0010773870000000407
-0.0037110129999999852
-0.008499413000000011
-0.0013168129999999723
0.005865787000000067
0.0010773870000000407
0.004269653666666651
0.007461920333333372
0.010654186999999982
0.010654186999999982
0.005865786999999956
0.0010773870000000407
0.0010773870000000407
0.0010773870000000407
0.0010773870000000407
0.0010773870000000407
0.0034715870000000537
0.005865787000000067
0.00825998700000008
0.010654186999999982
0.013048386999999995
0.015442587000000008
0.013048386999999995
0.010654186999999982
-0.0013168129999999723
-0.013287813000000037
-0.0037110129999999852
0.005865787000000067
0.005865787000000067
0.005865787000000067
0.010654186999999982
0.015442587000000008
0.015442587000000008
0.015442587000000008
0.015442587000000008
0.015442587000000008
0.015442587000000008
0.015442587000000008
0.015442587000000008
0.015442587000000008
0.010654186999999982
0.005865787000000067
0.005865786999999956
0.0010773870000000407
0.015442587000000008
0.0010773870000000407
0.0034715870000000537
0.005865787000000067
0.004668687000000005
0.0034715870000000537
0.0022744870000001027
0.0010773870000000407
0.005865787000000067
0.010654186999999982
0.005865786999999956
0.0010773870000000407
0.00825998700000008
0.015442587000000008
0.010654186999999982
0.005865787000000067
0.0010773870000000407
-0.0037110129999999852
-0.008499413000000011
-0.004908113000000047
-0.0013168129999999723
0.0022744870000001027
0.005865787000000067
0.004269653666666762
0.0026735203333333457
0.0010773870000000407
0.005865787000000067
-0.0037110129999999852
0.00011970699999996892
0.003950427000000034
0.007781146999999988
0.011611867000000053
0.015442587000000008
0.0010773870000000407
0.00825998700000008
