-0.0031124599999999836
-0.0031124599999999836
-0.007900859999999899
-0.012689259999999924
-0.012689259999999924
-0.012689259999999924
-0.012689259999999924
-0.012689259999999924
-0.012689259999999924
-0.012689259999999924
-0.012689259999999924
-0.007900859999999899
-0.012689259999999924
-0.01747765999999995
-0.015083459999999937
-0.012689259999999924
-0.0055066599999999966
0.0016759400000000424
-0.0031124599999998726
-0.007900859999999899
0.0016759400000001534
0.011252740000000094
0.00742202000000014
0.003591300000000075
-0.00023941999999987917
-0.004070139999999944
-0.007900859999999899
-0.007900859999999899
-0.0031124599999999836
0.006464340000000068
-0.0031124599999998726
-0.012689259999999924
-0.0031124599999998726
0.006464340000000068
0.0016759400000000424
-0.0031124599999999836
-0.01747765999999995
-0.01747765999999995
-0.01747765999999995
-0.01747765999999995
-0.012689259999999924
-0.00790086000000001
-0.0031124599999999836
-0.012689259999999924
-0.007900859999999899
-0.0031124599999999836
0.006464340000000068
0.0016759400000000424
-0.0031124599999999836
-0.0031124599999999836
-0.0031124599999999836
-0.007900859999999899
-0.012689259999999924
-0.012689259999999924
-0.012689259999999924
-0.012689259999999924
-0.0055066599999999966
0.0016759400000000424
-0.007900859999999899
-0.01747765999999995
-0.010295060000000023
-0.0031124599999999836
-0.010295060000000023
-0.01747765999999995
-0.0031124599999999836
-0.00790086000000001
-0.012689259999999924
-0.01747765999999995
-0.01747765999999995
-0.01747765999999995
-0.01428539333333323
-0.01109312666666662
-0.007900859999999899
-0.009496993333333204
-0.01109312666666662
-0.012689259999999924
-0.010295059999999912
-0.007900859999999899
-0.007900859999999899
-0.007900859999999899
-0.007900859999999899
-0.007900859999999899
-0.010295059999999912
-0.012689259999999924
-0.0031124599999999836
0.0016759400000000424
0.006464340000000068
0.011252740000000094
-0.0031124599999999836
-0.0015163266666666786
7.980666666673741e-05
0.0016759400000000424
-0.0015163266666665676
-0.0047085933333332886
-0.007900859999999899
-0.0031124599999999836
-0.012689259999999924
-0.015881526666666645
-0.019073793333333255
-0.022266059999999976
-0.0031124599999999836
-0.015083459999999937
-0.02705445999999989
-0.019871859999999852
-0.012689259999999924
-0.011492159999999974
-0.010295059999999912
-0.00909795999999996
-0.007900859999999899
-0.0067037599999999475
-0.0055066599999999966
-0.0043095599999999346
-0.0031124599999999836
-0.00909795999999996
-0.015083459999999937
-0.0031124599999999836
-0.0007182599999999706
-0.0043095599999999346
-0.007900859999999899
-0.007900859999999899
-0.007900859999999899
-0.007900859999999899
-0.015083459999999937
-0.022266059999999976
-0.015881526666666645
-0.009496993333333315
-0.0031124599999999836
-0.012689259999999924
-0.007900859999999899
-0.0031124599999999836
0.0016759400000000424
-0.0031124599999998726
-0.007900859999999899
-0.0031124599999998726
0.0016759400000000424
0.004070140000000055
0.006464340000000068
0.006464340000000068
0.006464340000000068
0.0032720733333333474
7.980666666673741e-05
-0.0031124599999999836
-0.0031124599999999836
-0.010295060000000023
-0.01747765999999995
-0.0063047266666665935
0.004868206666666763
0.01604114000000012
-0.007900859999999899
-0.007900859999999899
-0.007900859999999899
-0.0055066599999999966
-0.0031124599999999836
-0.009496993333333315
-0.015881526666666645
-0.022266059999999976
-0.019073793333333255
-0.015881526666666645
-0.012689259999999924
-0.01747765999999995
-0.01747765999999995
-0.01747765999999995
-0.01747765999999995
0.0016759400000000424
-0.012689259999999924
-0.007900859999999899
-0.0031124599999999836
0.0016759400000000424
0.0016759400000000424
-0.0015163266666665676
-0.0047085933333332886
-0.007900859999999899
-0.008698926666666607
-0.009496993333333204
-0.010295059999999912
-0.01109312666666662
-0.011891193333333216
-0.012689259999999924
-0.01109312666666662
-0.009496993333333315
-0.007900859999999899
-0.0007182599999999706
0.006464340000000068
0.004070140000000055
0.0016759400000000424
-0.010295060000000023
-0.022266059999999976
-0.010295060000000023
0.0016759400000000424
-0.001316809999999946
-0.004309560000000046
-0.007302310000000034
-0.010295060000000023
-0.013886359999999986
-0.01747765999999995
-0.015881526666666645
-0.01428539333333323
-0.012689259999999924
0.006464340000000068
0.0028730400000001044
-0.0007182599999999706
-0.0043095599999999346
-0.007900859999999899
-0.0031124599999998726
0.0016759400000000424
-0.004309560000000046
-0.010295060000000023
-0.004309560000000046
0.0016759400000000424
-0.0031124599999998726
-0.007900859999999899
-0.012689259999999924
-0.01747765999999995
-0.012689259999999924
-0.010295059999999912
-0.007900859999999899
-0.007900859999999899
-0.007900859999999899
-0.007900859999999899
-0.0031124599999999836
-0.010295060000000023
-0.01747765999999995
-0.01679360285714282
-0.01610954571428569
-0.015425488571428558
-0.014741431428571317
-0.014057374285714186
-0.013373317142857055
-0.012689259999999924
-0.007900859999999899
-0.022266059999999976
-0.0186747599999999
-0.015083459999999937
-0.011492159999999974
-0.007900859999999899
0.004070140000000055
0.0032720733333333474
0.0024740066666667504
0.0016759400000000424
-0.010295060000000023
-0.022266059999999976
-0.016679593333333353
-0.01109312666666662
-0.0055066599999999966
-0.0019153599999999216
0.0016759400000000424
-0.0031124599999998726
-0.007900859999999899
-0.0007182599999999706
0.006464340000000068
0.006464340000000068
0.006464340000000068
0.006464340000000068
-0.0007182599999999706
-0.007900859999999899
-0.0031124599999998726
0.0016759400000000424
-0.0023143933333332756
-0.0063047266666667046
-0.010295060000000023
-0.01628056
-0.022266059999999976
-0.019871859999999963
-0.01747765999999995
-0.0055066599999999966
0.006464340000000068
7.980666666673741e-05
-0.0063047266666665935
-0.012689259999999924
-0.0031124599999999836
-0.00909795999999996
-0.015083459999999937
-0.021068959999999914
-0.02705445999999989
0.01604114000000012
-0.0055066599999998855
-0.02705445999999989
-0.021068959999999914
-0.015083459999999937
-0.00909795999999996
-0.0031124599999999836
-0.0007182599999999706
-0.0043095599999999346
-0.007900859999999899
-0.010295059999999912
-0.012689259999999924
-0.0007182599999999706
0.011252740000000094
-0.012689289999999964
-0.03663131999999991
-0.015881566666666624
0.004868186666666774
0.02561794000000006
-0.02705445999999989
-0.007900859999999899
0.011252740000000094
-0.012689289999999964
-0.03663131999999991
-0.005506689999999925
0.02561794000000006
-0.010295089999999951
-0.046208119999999964
-0.024660289999999918
-0.0031124599999999836
-0.01747767999999994
-0.03184290000000001
-0.046208119999999964
0.01604114000000012
0.0016759400000001534
-0.012689259999999924
-0.010295059999999912
-0.007900859999999899
-0.010295059999999912
-0.012689259999999924
-0.024660289999999918
-0.03663131999999991
-0.003112469999999923
0.030406380000000066
0.006464360000000058
-0.01747765999999995
-0.0007182599999999706
0.01604114000000012
-0.0019153724999998456
-0.019871884999999923
-0.03782839749999989
-0.05578490999999991
0.030406380000000066
-0.003112469999999923
-0.03663131999999991
-0.014285419999999882
0.008060480000000037
0.030406380000000066
-0.05578490999999991
-0.03343902666666654
-0.011093143333333222
0.011252740000000094
-0.04141971999999994
0.0016759400000000424
0.0032720733333333474
0.004868206666666763
0.006464340000000068
-0.046208119999999964
-0.02386223333333326
-0.001516346666666668
0.020829540000000035
-0.05099651999999999
-0.012689289999999964
0.02561794000000006
-0.05578490999999991
-0.019073813333333245
0.017637283333333365
0.054348380000000085
-0.07015010999999993
-0.04716577199999994
-0.024181433999999946
-0.001197095999999953
0.02178724200000004
0.04477158000000003
0.006464360000000058
-0.03184285999999992
0.006464340000000068
-0.01747765999999995
-0.010295060000000023
-0.0031124599999999836
0.011252740000000094
-0.015083489999999866
-0.04141971999999994
0.0016759299999999921
0.04477158000000003
0.024660282000000033
0.004548984000000034
-0.015562313999999966
-0.035673611999999966
-0.05578490999999991
0.03519478000000009
-0.03663131999999991
0.05913677000000006
0.04682373357142866
0.03451069714285715
0.02219766071428575
0.00988462428571435
-0.0024284121428570504
-0.014741448571428561
-0.02705448499999996
-0.019871859999999963
-0.015425488571428558
-0.010979117142857042
-0.006532745714285637
-0.002086374285714232
0.002359997142857173
0.006806368571428689
0.011252740000000094
-0.007900859999999899
0.011252740000000094
-0.0007182749999998794
-0.012689289999999964
-0.024660304999999938
-0.03663131999999991
-0.005506664999999966
0.02561794000000006
-0.005506689999999925
-0.03663131999999991
-0.029106682857142796
-0.02158204571428557
-0.014057408571428454
-0.006532771428571338
0.0009918657142857779
0.008516502857143005
0.01604114000000012
-0.007900859999999899
-0.03184285999999992
-0.019073793333333255
-0.0063047266666665935
0.006464340000000068
-0.007900859999999899
-0.01907381666666652
-0.003910538333333213
0.011252740000000094
-0.05099651999999999
-0.03184290000000001
-0.012689280000000025
0.006464340000000068
0.02561796000000005
0.04477158000000003
-0.06536170999999996
0.020829540000000035
-0.0031124599999999836
-0.0031124599999999836
-0.0031124599999999836
-0.0055066599999999966
-0.007900859999999899
-0.01747765999999995
-0.02705445999999989
-0.010295059999999912
0.006464340000000068
-0.0031124599999998726
-0.012689259999999924
-0.022266059999999976
-0.03184285999999992
0.006464340000000068
-0.03184285999999992
-0.0007182399999998701
0.030406380000000066
-0.003112469999999923
-0.03663131999999991
0.004070130000000116
0.04477158000000003
-0.003112470000000034
-0.05099651999999999
-0.012689289999999964
0.02561794000000006
-0.0007182599999999706
-0.02705445999999989
-0.02166750999999989
-0.01628056
-0.010893609999999998
-0.0055066599999999966
-0.0047085933333332886
-0.003910526666666692
-0.0031124599999999836
0.006464340000000068
-0.010295059999999912
-0.02705445999999989
-0.0055066599999998855
0.01604114000000012
7.980666666673741e-05
-0.015881526666666534
-0.03184285999999992
-0.012689259999999924
0.006464340000000068
-0.009497013333333304
-0.025458366666666565
-0.04141971999999994
0.01604114000000012
-0.0055066599999998855
-0.02705445999999989
0.006464340000000068
-0.012689259999999924
-0.03184285999999992
-0.012689259999999924
0.006464340000000068
-0.010295059999999912
-0.02705445999999989
-0.010295059999999912
0.006464340000000068
-0.0031124599999998726
-0.012689259999999924
-0.015881526666666645
-0.019073793333333255
-0.022266059999999976
-0.0031124599999999836
-0.010295060000000023
-0.01747765999999995
-0.015083459999999937
-0.012689259999999924
-0.015083459999999937
-0.01747765999999995
-0.0063047266666665935
0.004868206666666763
0.01604114000000012
-0.0055066599999998855
-0.02705445999999989
-0.01747765999999995
-0.007900859999999899
0.0016759400000001534
0.011252740000000094
-0.03663131999999991
0.0016759400000000424
-0.0043095599999999346
-0.010295060000000023
-0.01628056
-0.022266059999999976
0.0016759400000000424
-0.012689259999999924
0.006464340000000068
-0.0007182599999999706
-0.007900859999999899
-0.0031124599999998726
0.0016759400000000424
0.0016759400000000424
0.0016759400000000424
0.0016759400000000424
0.0016759400000000424
0.0016759400000000424
0.0016759400000000424
-0.010295059999999912
-0.011625171111111055
-0.012955282222222197
-0.01428539333333323
-0.015615504444444372
-0.016945615555555515
-0.01827572666666666
-0.01960583777777769
-0.020935948888888833
-0.022266059999999976
-0.007900859999999899
-0.009496993333333315
-0.0041765488888888536
0.0011438955555556074
0.006464340000000068
-0.012689259999999924
-0.010295059999999912
-0.007900859999999899
-0.022266059999999976
-0.015083459999999937
-0.007900859999999899
-0.010295059999999912
-0.012689259999999924
-0.01109312666666662
-0.009496993333333204
-0.007900859999999899
-0.012689259999999924
-0.012689259999999924
-0.012689259999999924
-0.012689259999999924
-0.012689259999999924
-0.012689259999999924
-0.012689259999999924
-0.007900859999999899
-0.007900859999999899
-0.007900859999999899
-0.012689259999999924
-0.012689259999999924
-0.012689259999999924
-0.010295059999999912
-0.007900859999999899
-0.0031124599999998726
0.0016759400000000424
0.0004788399999999804
-0.0007182599999999706
-0.0019153599999999216
-0.0031124599999999836
-0.012689259999999924
-0.010295059999999912
-0.007900859999999899
-0.007900859999999899
-0.015083459999999937
-0.022266059999999976
-0.015881526666666645
-0.009496993333333315
-0.0031124599999999836
-0.012689259999999924
-0.007900859999999899
-0.0031124599999999836
-0.0002394199999999902
0.002633620000000003
0.005506660000000108
0.008379700000000101
0.011252740000000094
-0.0015163266666665676
-0.01428539333333323
-0.02705445999999989
-0.0031124599999999836
0.0016759400000000424
0.0016759400000000424
0.0016759400000000424
-0.0055066599999999966
-0.012689259999999924
-0.007900859999999899
-0.0031124599999999836
-0.0031124599999999836
-0.0031124599999999836
-0.0031124599999999836
-0.005027820000000016
-0.006943179999999938
-0.00885853999999997
-0.010773899999999892
-0.012689259999999924
0.0016759400000000424
-0.012689259999999924
-0.012689259999999924
-0.012689259999999924
-0.012689259999999924
-0.0055066599999999966
0.0016759400000000424
-0.012689259999999924
-0.007900859999999899
-0.0031124599999999836
-0.0027704314285713627
-0.002428402857142853
