0.0005985499999998645
-0.0029927500000000995
-0.0053869500000001125
-0.0077811500000001255
-0.010175350000000138
-0.01256955000000004
-0.014963750000000053
-0.017357950000000066
-0.0029927500000000995
-0.002308692857142969
-0.001624635714285838
-0.0009405785714287074
-0.00025652142857146565
0.00042753571428566506
0.0011115928571427958
0.0017956499999999265
-0.0077811500000000144
-0.0077811500000000144
-0.01256955000000004
-0.0077811500000000144
0.0017956499999999265
-0.017357950000000066
-0.010973416666666735
-0.0045888833333334045
0.0017956499999999265
-0.0013966166666666835
-0.0045888833333334045
-0.0077811500000000144
-0.017357950000000066
-0.010175350000000138
-0.0029927500000000995
-0.0029927500000000995
-0.0053869500000001125
-0.0077811500000000144
-0.0053869500000001125
-0.0029927500000000995
-0.0005985500000000865
0.0017956499999999265
0.0041898499999999395
0.0065840499999999524
0.008978249999999965
0.011372449999999978
-0.0029927500000000995
0.0017956499999999265
0.0041898499999999395
-0.0029927500000000995
-0.010175350000000027
-0.017357950000000066
-0.0077811500000000144
-0.0053869500000001125
-0.0029927500000000995
-0.0029927500000000995
-0.0029927500000000995
-0.0029927500000000995
-0.0029927500000000995
-0.0029927500000000995
-0.0037908166666666965
-0.0045888833333334045
-0.0053869500000001125
-0.0061850166666667095
-0.0069830833333333064
-0.0077811500000000144
-0.0053869500000001125
-0.0077811500000000144
-0.0077811500000000144
-0.0077811500000000144
0.0065840499999999524
0.0017956499999999265
-0.0029927499999999885
-0.0077811500000000144
-0.0077811500000000144
-0.0077811500000000144
-0.0077811500000000144
-0.0077811500000000144
-0.0077811500000000144
-0.0077811500000000144
-0.0077811500000000144
-0.0077811500000000144
-0.0077811500000000144
-0.0077811500000000144
-0.010175350000000027
-0.01256955000000004
-0.0077811500000000144
-0.010175350000000027
-0.01256955000000004
0.0017956499999999265
-0.0005985500000000865
-0.0029927500000000995
0.0065840499999999524
-0.01256955000000004
-0.01256955000000004
-0.01256955000000004
-0.0077811500000000144
-0.0053869500000001125
-0.0029927500000000995
-0.0029927500000000995
-0.0029927500000000995
-0.0029927500000000995
-0.0029927500000000995
-0.0029927500000000995
-0.0029927500000000995
-0.0077811500000000144
-0.0029927500000000995
-0.0077811500000001255
-0.01256955000000004
-0.017357950000000066
-0.022146350000000092
-0.0077811500000000144
-0.0029927500000000995
-0.0029927500000000995
-0.0029927500000000995
-0.0029927500000000995
-0.022146350000000092
-0.018384035714285818
-0.014621721428571544
-0.01085940714285727
-0.007097092857142884
-0.0033347785714286093
0.00042753571428566506
0.0041898499999999395
0.0017956499999999265
-0.0017956500000000375
-0.0053869500000001125
-0.008978250000000076
-0.01256955000000004
-0.0077811500000000144
-0.00831319444444445
-0.008845238888888884
-0.00937728333333332
-0.009909327777777754
-0.0104413722222223
-0.010973416666666735
-0.01150546111111117
-0.012037505555555605
-0.01256955000000004
-0.0061850166666667095
-0.0005985500000000865
-0.002394200000000124
-0.0041898500000000505
-0.005985499999999977
-0.0077811500000000144
-0.0053869500000001125
-0.0029927500000000995
-0.0005985500000000865
0.0017956499999999265
0.0041898499999999395
0.0065840499999999524
0.0017956499999999265
-0.0005985500000000865
-0.0017956500000000375
-0.0029927500000000995
-0.0029927500000000995
-0.0029927500000000995
-0.001624635714285838
-0.00025652142857146565
0.0011115928571427958
0.002479707142857057
0.0038478214285713186
0.005215935714285691
0.0065840499999999524
-0.0029927500000000995
-0.0029927500000000995
-0.0029927500000000995
-0.0029927500000000995
-0.0029927500000000995
0.0017956500000000375
-0.0077811500000000144
-0.006823470000000054
-0.005865789999999982
-0.004908110000000021
-0.00395043000000006
-0.0029927499999999885
-0.0020350700000000277
-0.001077390000000067
-0.0001197099999999951
0.0008379699999999657
0.0017956499999999265
0.0027533299999999983
0.003711009999999959
0.00466868999999992
0.005626369999999992
0.0065840499999999524
-0.0005985500000000865
-0.0077811500000000144
-0.0077811500000000144
-0.022146350000000092
0.0065840499999999524
-0.0029927500000000995
-0.0029927500000000995
-0.0045888833333334045
-0.0061850166666667095
-0.0077811500000000144
-0.01256955000000004
0.0065840499999999524
-0.0077811500000000144
-0.0053869500000001125
-0.0051209277777778395
-0.0048549055555556775
-0.0045888833333334045
-0.0043228611111112425
-0.0040568388888889695
-0.0037908166666668075
-0.0035247944444445345
-0.0032587722222223725
-0.0029927500000000995
-0.01256955000000004
-0.0077811500000000144
0.0017956499999999265
-0.01256955000000004
-0.026934750000000007
0.025737649999999945
0.012968583333333283
0.0001995166666666215
-0.01256955000000004
-0.010175350000000027
-0.0077811500000000144
-0.0053869500000001125
-0.0029927500000000995
0.0017956499999999265
-0.0029927500000000995
-0.0077811500000001255
-0.01256955000000004
-0.017357950000000066
-0.022146350000000092
0.0041898499999999395
-0.03172315000000003
-0.010175350000000027
0.011372449999999978
0.0041898499999999395
-0.0029927500000000995
-0.014963750000000053
-0.026934750000000007
-0.017357950000000066
-0.0077811500000000144
-0.0029927499999999885
0.0017956500000000375
0.0065840499999999524
0.011372449999999978
0.016160850000000004
-0.026934750000000007
-0.02613668333333341
-0.025338616666666702
-0.024540549999999994
-0.023742483333333397
-0.0229444166666668
-0.022146350000000092
0.0065840499999999524
-0.022146350000000092
-0.014365200000000078
-0.0065840500000000635
0.001197099999999951
0.008978249999999965
-0.026934750000000007
-0.01975214999999997
-0.01256955000000004
-0.0013966166666666835
0.009776316666666562
0.02094924999999992
0.011372449999999978
0.0017956499999999265
-0.0077811500000000144
-0.017357950000000066
-0.026934750000000007
0.0065840499999999524
0.011372449999999978
0.0017956499999999265
0.0065840499999999524
-0.017357950000000066
-0.017357950000000066
-0.017357950000000066
-0.017357950000000066
-0.017357950000000066
0.025737649999999945
0.0065840499999999524
-0.01256955000000004
-0.017357950000000066
0.006584069999999942
0.03052608999999995
0.006584069999999942
-0.017357950000000066
-0.010175350000000138
-0.0029927500000000995
-0.0029927500000000995
-0.0029927500000000995
-0.0061850166666667095
-0.00937728333333343
-0.01256955000000004
-0.0077811500000000144
-0.0029927500000000995
-0.0017956500000000375
-0.0005985500000000865
0.0005985499999998645
0.0017956499999999265
-0.01256955000000004
-0.026934750000000007
0.02094924999999992
-0.03172315000000003
-0.022146350000000092
0.0017956499999999265
0.025737649999999945
0.0041898499999999395
-0.017357950000000066
-0.00937728333333343
-0.0013966166666666835
0.0065840499999999524
-0.01256955000000004
-0.015305778571428563
-0.018042007142857197
-0.02077823571428572
-0.023514464285714354
-0.026250692857142877
-0.02898692142857151
-0.03172315000000003
-0.0029927499999999885
-0.0077811500000000144
-0.01256955000000004
-0.017357950000000066
-0.022146350000000092
0.025737649999999945
-0.017357950000000066
-0.01576181666666676
-0.014165683333333345
-0.01256955000000004
0.0065840499999999524
-0.03172315000000003
0.03052608999999995
0.004189869999999929
-0.022146350000000092
-0.01975215000000008
-0.017357950000000066
0.006584069999999942
0.03052608999999995
0.004189869999999929
-0.022146350000000092
-0.014165683333333456
-0.0061850166666667095
0.0017956499999999265
0.0017956499999999265
-0.0024607122222223277
-0.006717074444444471
-0.010973436666666725
-0.015229798888888979
-0.019486161111111122
-0.023742523333333376
-0.02799888555555563
-0.032255247777777774
-0.03651161000000003
0.006584069999999942
-0.026934750000000007
-0.01256958000000008
0.035314489999999976
0.03132415333333327
0.027333816666666677
0.023343479999999972
0.019353143333333267
0.015362806666666673
0.011372469999999968
0.007382133333333263
0.003391796666666669
-0.0005985400000000363
-0.004588876666666741
-0.008579213333333335
-0.01256955000000004
-0.03172315000000003
0.03052608999999995
-0.007781160000000065
-0.04608841000000008
0.011372449999999978
0.011372449999999978
-0.050876810000000106
0.008978234999999946
0.0065840499999999524
0.014564729999999915
0.022545409999999988
0.03052608999999995
-0.004588873333333354
-0.03970383666666677
-0.07481880000000007
-0.0029927600000000387
0.06883328
0.027333786666666637
-0.014165706666666722
-0.055665200000000026
-0.0029927500000000995
0.023343469999999922
0.04967968999999994
0.02214634999999987
-0.005386990000000091
-0.0281319000000001
-0.050876810000000106
-0.03651159500000012
-0.022146380000000132
-0.007781165000000034
0.0065840499999999524
0.010688398571428559
0.014792747142857054
0.01889709571428566
0.023001444285714268
0.027105792857142874
0.03121014142857137
0.035314489999999976
0.006584060000000003
-0.02932899
0.0065840499999999524
-0.03651157500000002
-0.07960720000000004
-0.05566518125000003
-0.03172316250000007
-0.007781143750000052
0.016160874999999963
0.04010289374999987
0.0640449125
0.0879869312499999
0.11192894999999992
-0.017358000000000096
-0.022146350000000092
-0.055665200000000026
-0.0013966166666666835
0.0528719666666666
0.10714055
-0.014963750000000053
-0.13706805000000005
-0.0029927500000000995
0.1310825499999999
-0.034117364999999955
-0.00897825749999992
0.016160850000000004
-0.024540575000000064
-0.06524200000000008
0.025737674999999904
0.11671734999999994
-0.0077811500000000144
-0.13227965000000003
-0.05247291666666665
0.027333816666666677
0.10714055
-0.09876082000000003
-0.04928065000000004
0.00019952000000000858
0.04967968999999994
0.0017956499999999265
-0.004908110000000021
-0.01161187000000008
-0.018315630000000027
-0.025019390000000086
-0.03172315000000003
0.059256479999999945
-0.08439563000000005
0.05446808999999997
0.03244143199999994
0.010414774000000016
-0.011611884000000017
-0.03363854200000005
-0.055665200000000026
0.03052608999999995
0.0065840499999999524
-0.03172315000000003
0.001795669999999916
0.035314489999999976
-0.010175354999999997
-0.055665200000000026
-0.005386955000000082
0.04489128999999992
0.01376666999999987
-0.017357950000000066
-0.0077811500000000144
0.0017956499999999265
0.009776316666666562
0.01775698333333331
0.025737649999999945
-0.0029927499999999885
-0.03172315000000003
0.011372449999999978
0.0065840499999999524
0.0017956499999999265
-0.0029927500000000995
-0.0029927500000000995
-0.0029927500000000995
-0.0029927500000000995
0.016160850000000004
-0.0029927500000000995
-0.0029927500000000995
-0.0029927500000000995
-0.0005985500000000865
0.0017956499999999265
0.0041898499999999395
0.0065840499999999524
-0.001077390000000067
-0.008738830000000086
-0.016400269999999995
-0.024061710000000014
-0.03172315000000003
0.0065840499999999524
-0.0053869500000001125
-0.0077811500000000144
-0.0077811500000000144
-0.0077811500000000144
0.0065840499999999524
0.02094924999999992
0.005386934999999982
-0.010175380000000067
