-0.0023257942857143332
0.03119302571428567
0.021616219047619012
0.012039412380952297
0.0024626057142856372
0.012039405714285634
0.00485680571428565
-0.0023257942857143332
0.00485680571428565
0.012039405714285634
0.015630710714285623
0.019222015714285612
0.022813320714285656
0.026404625714285646
0.012039405714285634
0.01299708571428565
0.013954765714285666
0.014912445714285627
0.015870125714285643
0.01682780571428566
0.021616225714285675
0.00964520571428562
0.006053905714285657
0.0024626057142856372
0.00485680571428565
0.007251005714285663
0.007251005714285663
0.007251005714285663
0.007251005714285663
0.007251005714285663
0.007251005714285663
0.01682780571428566
0.01682780571428566
0.0024626057142856372
0.0008664723809523323
-0.0007296609523810282
-0.0023257942857143332
0.012039405714285634
0.016827815714285654
0.021616225714285675
0.014433615714285697
0.007251005714285663
0.00964520571428562
0.012039405714285634
0.008847139047618968
0.005654872380952303
0.0024626057142856372
6.840571428567976e-05
-0.0023257942857143332
0.012039405714285634
0.014433605714285647
0.01682780571428566
0.014433605714285647
0.012039405714285634
0.014433605714285647
0.01682780571428566
0.00964520571428562
0.0024626057142856372
0.005654872380952303
0.008847139047618968
0.012039405714285634
0.007251005714285663
0.0024626057142856372
-0.0023257942857143332
0.0036597057142856437
0.00964520571428562
0.015630715714285648
0.021616225714285675
0.016827815714285654
0.012039405714285634
0.00964520571428562
0.007251005714285663
0.012039405714285634
0.01682780571428566
0.01682780571428566
0.01682780571428566
0.014433605714285647
0.012039405714285634
0.01323650571428564
0.014433605714285647
0.015630705714285653
0.01682780571428566
0.0024626057142856372
-0.00711417428571437
0.004856815714285645
0.01682780571428566
0.012039405714285634
0.007251005714285663
0.016827815714285654
0.026404625714285646
0.016827815714285654
0.007251005714285663
0.0024626057142856927
-0.0023257942857143332
-0.003693911428571506
-0.005062028571428623
-0.006430145714285795
-0.0077982628571429125
-0.009166380000000085
-0.010534497142857202
-0.011902614285714375
0.0024626057142856372
0.00964520571428562
-0.0023257942857143332
0.007251005714285663
0.014433615714285697
0.021616225714285675
0.015231685714285681
0.008847145714285631
0.0024626057142856372
0.005654872380952303
0.008847139047618968
0.012039405714285634
-0.0023257942857143332
0.007251005714285663
0.01682780571428566
0.012039405714285634
0.007251005714285663
0.007251005714285663
0.007251005714285663
0.00485680571428565
0.0024626057142856372
0.007251005714285663
0.014433615714285697
0.021616225714285675
0.018423952380952346
0.015231679047618962
0.012039405714285634
0.002462615714285632
-0.00711417428571437
0.007251025714285653
0.021616225714285675
0.021616225714285675
0.021616225714285675
0.016827815714285654
0.012039405714285634
0.012039405714285634
0.012039405714285634
0.007251005714285663
0.00485680571428565
0.0024626057142856372
0.00964520571428562
0.01682780571428566
0.014433605714285647
0.012039405714285634
0.009645205714285676
0.007251005714285663
-0.0023257942857143332
0.012039405714285634
0.014433605714285647
0.01682780571428566
0.014433605714285647
0.012039405714285634
0.00964520571428562
0.007251005714285663
0.005654872380952303
0.004058739047618998
0.0024626057142856372
0.007251005714285663
0.006053905714285657
0.00485680571428565
0.0036597057142856437
0.0024626057142856372
0.0024626057142856372
0.00964520571428562
0.01682780571428566
0.013635539047618994
0.010443272380952329
0.007251005714285663
0.012039405714285634
-0.0023257942857143332
0.00485680571428565
0.012039405714285634
0.014433605714285647
0.01682780571428566
0.014433605714285647
0.012039405714285634
0.009645205714285676
0.007251005714285663
0.01682780571428566
0.01682780571428566
0.01682780571428566
0.021616225714285675
0.019222015714285667
0.01682780571428566
0.004856815714285645
-0.00711417428571437
0.002462615714285632
0.012039405714285634
0.016827815714285654
0.021616225714285675
0.007251025714285653
-0.00711417428571437
-0.0011286792857143624
0.004856815714285645
0.010842310714285652
0.01682780571428566
0.015630705714285653
0.014433605714285647
-0.0011287042857143215
-0.016691014285714345
6.839571428562952e-05
0.01682780571428566
0.021616215714285625
0.026404625714285646
0.016827815714285654
0.007251005714285663
0.00964520571428562
0.012039405714285634
0.013635539047618994
0.0152316723809523
0.01682780571428566
0.007250999047619
-0.002325807619047715
-0.011902614285714375
0.01682780571428566
0.012039405714285634
0.007251005714285663
0.0024626057142856927
-0.0023257942857143332
0.012039405714285634
0.012039405714285634
-0.002325800952381052
-0.016691007619047682
-0.031056214285714367
0.03119302571428567
0.02959689238095231
0.028000759047619006
0.026404625714285646
-0.0023257942857143332
0.0016645423809523163
0.005654879047619021
0.009645215714285671
0.006053910714285626
0.0024626057142856372
0.03119303071428564
0.059923455714285645
0.02161622071428565
-0.016691014285714345
0.00485680571428565
0.026404625714285646
0.021616215714285625
0.01682780571428566
-0.0071142076190476855
-0.03105622095238103
-0.054998234285714376
-0.03644317053571433
-0.01788810678571434
0.0006669569642856477
0.019222020714285692
0.02640462238095237
0.03358722404761899
0.04076982571428567
-0.007114204285714354
-0.054998234285714376
-0.0023258042857143835
0.050346625714285664
0.02640461571428565
0.0024626057142856372
-0.010306467619047688
-0.023075540952381013
-0.03584461428571434
0.021616225714285675
0.07907706571428566
-0.06457503428571437
-0.02626781428571434
0.012039405714285634
0.024010415714285638
0.03598142571428564
-0.031056214285714367
0.005654879047618966
0.0423659723809523
0.07907706571428566
-0.02626781428571434
-0.023075540952381013
-0.019883267619047684
-0.016690994285714356
-0.013498720952381027
-0.010306447619047698
-0.00711417428571437
0.03119302571428567
0.016827818214285695
0.0024626107142856624
0.0024626082142856776
0.0024626057142856372
-0.009508404285714367
-0.02147941428571437
0.012039405714285634
0.04555822571428564
-0.04063303428571435
-0.021479420952381034
-0.0023258076190476595
0.01682780571428566
0.03358721571428569
0.050346625714285664
0.02640461238095232
0.002462599047618974
-0.02147941428571437
0.00485680571428565
0.03119302571428567
-0.02147941428571437
-0.019085214285714358
-0.016691014285714345
0.08865386571428566
0.03119302571428567
-0.02626781428571434
0.007251005714285663
0.04076982571428567
0.03598142238095231
0.03119301904761901
0.02640461571428565
0.021616212380952293
0.01682780904761899
0.012039405714285634
-0.07415187428571435
0.03598143071428561
0.033587228214285614
0.03119302571428567
0.03598142571428564
0.04076982571428567
-0.02626781428571434
-0.09330545428571435
0.004856810714285675
0.10301907571428565
0.03598143071428561
-0.031056214285714367
-0.019564046285714343
-0.008071878285714373
0.0034202897142856514
0.01491245771428562
0.026404625714285646
-0.011902604285714324
0.028000759047619006
0.06790412238095234
0.10780748571428564
-0.05020983428571435
-0.023075547619047676
0.004058739047618998
0.03119302571428567
0.04555822571428564
-0.009508404285714367
-0.06457503428571437
-0.005518060952381054
0.05353891238095232
0.11259588571428564
0.04076983571428561
-0.031056214285714367
0.016827820714285624
0.06471185571428564
0.012039405714285634
-0.02387361428571433
-0.059786634285714346
0.02161622071428565
0.10301907571428565
0.028798820714285633
-0.045421434285714324
0.007251010714285688
0.059923455714285645
0.05633214821428567
0.05274084071428564
0.04914953321428561
0.04555822571428564
-0.059786634285714346
-0.03345042095238099
-0.0071142076190476855
0.019222005714285673
0.03598142238095231
0.052740839047619004
0.06950025571428564
0.05274084071428564
0.03598142571428564
-0.07894025428571433
0.024010420714285663
0.12696109571428565
0.024010420714285663
-0.07894025428571433
-0.007114199285714329
0.06471185571428564
0.038375630714285625
0.012039405714285634
-0.02147941428571437
-0.054998234285714376
0.024010420714285607
0.10301907571428565
0.007251010714285688
-0.08851705428571432
-0.009508399285714342
0.06950025571428564
0.047952440714285616
0.026404625714285646
-0.021479404285714376
-0.06936343428571434
-0.008710327619047664
0.05194277904761896
0.11259588571428564
-0.07894025428571433
-0.021479414285714316
0.03598142571428564
0.031193025714285616
0.026404625714285646
-0.03584461428571439
-0.09809385428571438
0.012039420714285654
0.12217269571428566
0.05673117238095232
-0.00871035095238104
-0.07415187428571435
0.03598142571428564
0.04236596904761897
0.04875051238095235
0.055135055714285675
0.038375640714285675
0.021616225714285675
0.004856810714285675
-0.03943592178571431
-0.08372865428571435
0.026404625714285646
0.045558239047618965
0.06471185238095231
0.08386546571428566
-0.11245907428571433
0.0024626057142856372
0.11738428571428564
0.02161620571428563
-0.07415187428571435
-0.04781564928571436
-0.021479424285714366
0.004856800714285681
0.03119302571428567
0.08865386571428566
-0.0023257942857143332
-0.09330545428571435
0.009645215714285671
0.11259588571428564
0.028798825714285603
-0.054998234285714376
-0.0023257942857143332
0.04555824071428566
0.09344227571428565
0.02480849238095234
-0.04382529095238097
-0.11245907428571433
-0.08304459571428574
-0.0536301171428572
-0.02421563857142861
0.005198839999999927
0.03461331857142852
0.06402779714285708
0.09344227571428565
0.05992345904761898
0.026404642380952303
-0.00711417428571437
-0.031056214285714367
0.02161621571428568
0.012039405714285634
-0.011902604285714324
-0.03584461428571434
-0.001128691785714342
0.033587230714285654
0.06830315321428565
0.10301907571428565
-0.059786634285714346
-0.02147940428571432
0.01682782571428565
0.055135055714285675
0.026404625714285646
-0.05020983428571435
-0.005518067619047662
0.03917369904761897
0.08386546571428566
0.026404625714285646
-0.031056214285714367
-0.00711417428571437
0.00964523321428562
0.02640464071428561
0.043164048214285655
0.059923455714285645
-0.04063303428571435
-0.02207796803571438
-0.0035229017857143496
0.01503216446428568
0.033587230714285654
-0.016691014285714345
0.0088471423809523
0.034385299047619
0.059923455714285645
0.01682782071428568
-0.02626781428571434
-0.00711417428571437
0.01842396904761895
0.04396211238095232
0.06950025571428564
0.02321235904761898
-0.02307553761904768
-0.06936343428571434
0.06471185571428564
0.058327317380952315
0.05194277904761896
0.04555824071428566
0.0391737023809523
0.032789164047619
0.026404625714285646
-0.06936343428571434
0.08386546571428566
-0.02147941428571437
-0.0032834802857143464
0.014912453714285623
0.03310838771428565
0.05130432171428567
0.06950025571428564
0.02959689238095231
-0.01030647095238102
-0.05020983428571435
-0.028183176285714373
-0.006156518285714341
0.015870139714285636
0.03789679771428567
0.059923455714285645
-0.016691014285714345
0.004856815714285645
-0.0023257942857143332
0.003659710714285669
0.009645215714285671
0.015630720714285673
0.021616225714285675
0.02065854571428566
0.019700865714285642
0.01874318571428568
0.017785505714285665
0.01682782571428565
6.840571428567976e-05
0.012039405714285634
0.012039405714285634
0.014433605714285647
0.01682780571428566
0.018423945714285683
0.02002008571428565
0.021616225714285675
0.021616225714285675
0.0024626057142856927
-0.016691014285714345
-0.007114206285714353
0.0024626017142856393
0.012039409714285687
0.02161621771428568
0.03119302571428567
0.007251005714285663
0.021616225714285675
0.02101767321428566
0.020419120714285643
0.019820568214285628
0.019222015714285612
-0.00711417428571437
0.004856815714285645
0.01682780571428566
0.004856815714285645
-0.00711417428571437
-0.0011286792857143624
0.004856815714285645
0.010842310714285652
0.01682780571428566
-0.00711417428571437
0.021616225714285675
0.009645215714285671
-0.0023257942857143332
0.012039415714285684
0.026404625714285646
0.016827815714285654
0.007251005714285663
0.016827815714285654
0.026404625714285646
0.019222015714285612
0.012039405714285634
0.015231679047618962
0.018423952380952346
0.021616225714285675
0.007251025714285653
-0.00711417428571437
0.012039425714285623
0.03119302571428567
-0.00711417428571437
-0.005518047619047672
-0.0039219209523810306
-0.0023257942857143332
0.026404625714285646
0.024010425714285688
0.021616225714285675
0.021616225714285675
0.021616225714285675
0.00485680571428565
-0.011902614285714375
0.0024625957142856425
0.01682780571428566
0.00964520571428562
0.0024626057142856372
0.012039405714285634
0.018423945714285628
0.024808485714285677
0.03119302571428567
0.019222015714285667
0.007251005714285663
0.016827815714285654
0.026404625714285646
0.021616215714285625
0.01682780571428566
0.0152316723809523
0.013635539047618994
0.012039405714285634
-0.0023257942857143332
0.0008664723809523323
0.004058739047618998
0.007251005714285663
0.007251005714285663
-0.0023257942857143332
0.0024626057142856927
0.007251005714285663
0.012039405714285634
0.01682780571428566
0.026404625714285646
0.016827815714285654
0.007251005714285663
0.007251005714285663
0.007251005714285663
0.007251005714285663
0.007251005714285663
0.007251005714285663
0.007251005714285663
0.01682780571428566
0.01682780571428566
0.007251005714285663
0.00844810571428567
0.00964520571428562
0.010842305714285627
0.012039405714285634
0.012039405714285634
0.012039405714285634
