0.005028174999997859
-0.0033515750000034927
-0.011731325000003068
-0.013407275000002272
-0.015083225000003253
-0.016759175000002458
-0.01843512500000344
-0.020111075000002643
-0.021787025000001847
-0.023462975000002828
-0.025138925000002033
-0.026814875000003013
-0.028490825000002218
-0.02370249166666838
-0.01891415833333454
-0.014125825000000702
-0.014125825000000702
-0.014125825000000702
0.007421674999999794
-0.0029528250000030454
-0.00454882500000231
-0.0081400750000018
-0.011731325000003068
-0.015322575000002558
-0.01891382500000205
-0.02370282500000087
-0.014125825000000702
-0.006943325000001721
0.00023917499999903669
0.00023917499999903669
0.00023917499999903669
0.0014362999999981696
0.002633424999999079
0.003830549999999988
0.005027674999999121
0.0002394249999984055
-0.00454882500000231
0.005027674999997345
0.014604174999998776
0.009336974999998304
0.004069774999997833
-0.0011974250000008624
-0.006464625000001334
-0.011731825000001805
-0.00454882500000231
-0.00454882500000231
-0.00454882500000231
-0.00454882500000231
-0.009337825000001132
-0.012529825000001438
-0.015721825000001743
-0.01891382500000205
-0.02130832500000146
-0.02370282500000087
-0.01747782500000028
-0.011252825000001465
-0.005027825000000874
0.0011971749999979409
0.007422174999998532
0.005028174999997859
-0.00454882500000231
0.0026336749999984477
0.009816174999999205
-0.00454882500000231
-0.009337325000000618
-0.014125825000000702
-0.015721825000001743
-0.017317825000001008
-0.01891382500000205
-0.018115825000002417
-0.017317825000001008
-0.016519825000001376
-0.015721825000001743
-0.014923825000000335
-0.014125825000000702
-0.00454882500000231
0.005027674999997345
-0.00454882500000231
-0.0013564916666695126
0.0018358416666650612
0.005028174999997859
0.0002396749999977743
-0.00454882500000231
-0.009337325000000618
-0.014125825000000702
-0.018914325000000787
-0.02370282500000087
-0.014125825000000702
-0.014125825000000702
-0.010933491666667905
-0.0077411583333351075
-0.00454882500000231
-0.009337325000000618
-0.014125825000000702
-0.006943325000001721
0.00023917499999903669
0.0026336749999984477
0.005028174999997859
0.0002396749999977743
-0.004548825000000534
-0.009337325000000618
-0.014125825000000702
-0.00454882500000231
0.00023917499999903669
-0.0033520750000022304
-0.006943325000001721
-0.010534575000001212
-0.014125825000000702
-0.009337325000000618
-0.00454882500000231
-0.00454882500000231
-0.00454882500000231
-0.011731325000003068
-0.01891382500000205
-0.015721658333335498
-0.012529491666668946
-0.009337325000000618
-0.0061451583333340665
-0.002952991666667515
0.00023917499999903669
0.014604174999998776
0.009816174999999205
-0.0021548250000016367
-0.012928825000001254
-0.02370282500000087
-0.015722158333334235
-0.007741491666667599
0.00023917499999903669
-0.014125825000000702
-0.011731658333333783
-0.009337491666666864
-0.006943325000001721
-0.004549158333334802
-0.0021549916666678826
0.00023917499999903669
-0.0013568250000020043
-0.002952825000001269
-0.00454882500000231
0.00023917499999903669
-0.0016762250000006418
-0.0035916250000003203
-0.005507025000001775
-0.0074224250000014536
-0.009337825000001132
-0.006943325000001721
0.0026336749999984477
-0.0061451583333340665
-0.014923991666668357
-0.02370282500000087
0.00023917499999903669
-0.0007184250000005221
-0.0016760250000018573
-0.002633625000001416
-0.0035912250000027512
-0.00454882500000231
-0.0033518250000028615
-0.0021548250000016367
-0.00454882500000231
-0.00454882500000231
-0.00454882500000231
-0.009337325000000618
-0.014125825000000702
-0.011731825000001805
-0.009337825000001132
-0.006943325000001721
-0.00454882500000231
-0.006943325000001721
-0.009337825000001132
0.00263317499999971
0.014604174999998776
0.01939267499999886
0.024181174999998944
0.009816174999999205
0.012210174999999879
0.014604174999998776
0.01141217499999847
0.008220174999998164
0.005028174999997859
0.00023917499999903669
0.0011969749999991564
0.002154774999999276
0.0031125749999976193
0.004070374999997739
0.005028174999997859
-0.014125825000000702
-0.00454882500000231
-0.0021548250000016367
0.00023917499999903669
-0.0015564500000007087
-0.003352075000000454
-0.005147700000000199
-0.006943325000001721
-0.008738950000001466
-0.010534575000001212
-0.012330200000000957
-0.014125825000000702
-0.010534325000001843
-0.006942825000002983
-0.00454882500000231
-0.0021548250000016367
-0.00454882500000231
-0.02370282500000087
-0.02130857500000083
-0.018914325000000787
-0.016520075000000745
-0.014125825000000702
-0.009337825000001132
0.005028174999997859
-0.004548825000000534
-0.014125825000000702
-0.0021548250000016367
0.009816174999999205
0.00023917499999903669
0.00023917499999903669
0.00023917499999903669
0.00023917499999903669
0.00023917499999903669
-0.006943325000001721
-0.014125825000000702
-0.00454882500000231
-0.00484813750000157
-0.005147450000002607
-0.005446762500001867
-0.005746075000001127
-0.006045387500002164
-0.006344700000001424
-0.006644012500002461
-0.006943325000001721
-0.009337825000001132
-0.009337825000001132
-0.01053482500000058
-0.011731825000001805
-0.012928825000001254
-0.014125825000000702
0.00023917499999903669
0.00023917499999903669
-0.009337825000001132
-0.0021550750000010055
0.005027674999999121
0.00502792499999849
0.005028174999997859
0.0026336749999984477
0.00023917499999903669
-0.009337325000000618
-0.01891382500000205
-0.01795622500000249
-0.016998625000001155
-0.016041025000001596
-0.015083425000000261
-0.014125825000000702
-0.028490825000002218
-0.015322825000001927
-0.0021548250000016367
0.018195674999997635
0.038546174999998684
0.06248817499999859
0.0864301749999985
0.060094174999999694
0.03375817499999911
0.04812317499999885
0.06248817499999859
0.05482677499999866
0.04716537499999873
0.0395039749999988
0.031842574999998874
0.024181174999998944
-0.09313432500000118
-0.07972682500000161
-0.06631932500000204
-0.05291182500000069
-0.03950432500000112
-0.026096825000001544
0.12832917499999752
0.28275517499999836
-0.08116382500000086
-0.03327982500000104
-0.0859521583333347
-0.13862449166666835
-0.191296825000002
-0.17613349166666836
-0.16097015833333472
-0.14580682500000108
-0.13064349166666922
-0.11548015833333558
-0.10031682500000194
0.1271319249999987
0.14389117499999848
-0.03567382500000171
-0.2152388250000019
-0.191296825000002
-0.1673548250000021
-0.08834632500000161
-0.009337825000001132
0.012210174999999879
0.03375817499999911
0.09121892499999973
0.14867967499999857
0.2061404249999974
0.263601174999998
-0.10989382500000211
-0.10829765833333482
-0.10670149166666931
-0.10510532500000203
-0.10350915833333474
-0.10191299166666923
-0.10031682500000194
-0.12904782500000245
0.1367089249999971
-0.03327982500000104
-0.047644825000002555
-0.062009825000002294
-0.18171982500000183
-0.13702815833333482
-0.0923364916666678
-0.04764482500000078
0.11037242499999778
0.2683896749999981
-0.03806782500000239
-0.033279425000001694
-0.028491025000001002
-0.023702625000002087
-0.018914225000001395
-0.014125825000000702
-0.2104498250000013
-0.07158682500000069
0.25881317499999845
0.143891674999999
0.028970174999997766
0.0169991749999987
0.005028174999997859
-0.006942825000002983
-0.01891382500000205
-0.20087382500000217
-0.06679782500000186
0.08882492499999728
0.2444476749999982
0.11037242499999778
-0.02370282500000087
-0.018914325000000787
-0.014125825000000702
-0.10031682500000016
-0.1865078250000014
-0.12186482500000118
-0.05722182500000095
0.0021543749999981543
0.06153057499999903
0.12090677499999813
0.180282974999999
0.23965917499999811
-0.0021548250000016367
-0.09672582500000182
-0.191296825000002
-0.13623032500000143
-0.08116382500000086
0.07685367499999884
0.23487117499999854
0.093613174999998
-0.04764482500000078
-0.043814091666668276
-0.039983358333333996
-0.03615262500000149
-0.03232189166666721
-0.02849115833333471
-0.02466042500000043
-0.020829691666667927
-0.016998958333333647
-0.013168225000001144
-0.009337491666666864
-0.005506758333334361
-0.001676025000000081
0.0021547083333324224
0.005985441666666702
0.009816174999999205
-0.17693182500000226
0.005028174999997859
0.17741017499999856
-0.0859518250000022
-0.04764482500000078
-0.0859518250000022
0.08403667499999834
-0.14820082500000176
-0.13315153928571632
-0.11810225357143089
-0.10305296785714546
-0.08800368214285825
-0.07295439642857282
-0.05790511071428739
-0.04285582500000196
0.05530567499999961
-0.07876932500000322
-0.014125825000000702
0.18698717499999873
0.10319017499999816
0.019393174999997598
0.00023957499999838205
-0.01891402500000261
-0.038067625000001826
-0.05722122500000282
-0.07637482500000203
-0.15777782500000193
-0.01891382500000205
0.005028049999998174
0.028969924999998398
0.05291179999999862
0.07685367499999884
-0.04285582500000196
-0.0356733250000012
-0.028490825000002218
-0.0332793250000023
-0.03806782500000239
0.07445967499999817
0.18698717499999873
0.08643084166666526
-0.01412549166666821
-0.11468182500000168
-0.1198122535714301
-0.12494268214285853
-0.13007311071428695
-0.13520353928571538
-0.1403339678571438
-0.14546439642857223
-0.15059482500000243
-0.15572525357143086
-0.16085568214285928
-0.1659861107142877
-0.17111653928571613
-0.17624696785714455
-0.18137739642857298
-0.1865078250000014
-0.11468182500000168
-0.04285582500000196
0.028970174999997766
0.12473817499999917
0.12952617499999874
-0.22002682500000148
-0.004548825000000534
0.11755517499999968
-0.2631228250000017
-0.2104498250000013
0.20614017499999804
0.15825617499999822
0.1039878416666653
0.04971950833333061
-0.00454882500000231
-0.2631228250000017
-0.14820082500000176
-0.0380677000000027
0.07206542499999813
0.18219854999999896
0.292331674999998
0.10558417499999884
-0.08116382500000086
-0.12904782500000067
-0.17693182500000226
-0.13554628928571688
-0.09416075357142972
-0.05277521785714434
-0.011389682142858959
0.029995853571426423
0.07138138928571358
0.11276692499999896
-0.1074993250000027
-0.10191282500000298
-0.09632632500000149
-0.09073982500000177
0.11037217499999841
0.13910284166666465
0.16783350833333266
0.1965641749999989
0.13144177499999898
0.06631937499999907
0.00119697499999738
-0.06392542500000253
-0.12904782500000245
-0.22002682500000148
0.11755517499999968
0.11176917499999917
0.10598317499999865
0.10019717499999992
0.0944111749999994
0.08862517499999889
0.08283917500000015
0.07705317499999964
0.07126717499999913
0.06548117499999861
0.0596951749999981
0.053909174999999365
0.04812317499999885
-0.0644043250000017
-0.17693182500000226
-0.15777782500000193
-0.10191315833333547
-0.04604849166666902
0.009816174999997429
0.06568084166666566
0.12154550833333211
0.17741017499999856
0.15027584166666585
0.12314150833333137
0.09600717499999867
-0.09074032500000229
0.057700174999997245
-0.05003882500000145
-0.0021548250000016367
0.11994917499999858
0.04812317499999885
-0.023702825000002647
-0.09552882500000237
-0.08116382500000086
0.028970174999997766
0.03136417499999844
0.03375817499999911
0.03256117499999789
0.03136417499999844
0.03016717499999899
0.028970174999997766
-0.04764482500000078
-0.05722182500000095
-0.01652032500000189
0.024181174999998944
0.01779684166666584
0.011412508333330962
0.005028174999997859
-0.028490825000002218
-0.01891382500000205
-0.04525032500000137
-0.07158682500000069
-0.04285649166666694
-0.01412615833333497
0.014604174999998776
0.052912174999997674
0.0169991749999987
-0.01891382500000205
-0.006942825000002983
0.005028174999997859
-0.0029524916666687773
-0.010933158333335413
-0.01891382500000205
0.014604174999998776
0.02258484166666541
0.030565508333332048
0.038546174999998684
-0.02370282500000087
-0.022505575000000277
-0.02130832500000146
-0.020111075000002643
-0.01891382500000205
0.009816174999999205
0.007421924999999163
0.005027674999999121
0.002633424999999079
0.00023917499999903669
-0.014125825000000702
-0.01891382500000205
-0.00454882500000231
0.016998674999998187
0.038546174999998684
0.01939267499999886
0.00023917499999903669
-0.009337325000000618
-0.01891382500000205
-0.01412549166666821
-0.009337158333336149
-0.00454882500000231
-0.018914325000000787
-0.03327982500000104
-0.009337825000001132
-0.011731825000001805
-0.014125825000000702
-0.009337325000000618
-0.00454882500000231
-0.002952825000001269
-0.0013568250000020043
0.00023917499999903669
-0.006943325000001721
-0.014125825000000702
-0.01891382500000205
-0.015721825000001743
-0.012529825000001438
-0.009337825000001132
0.009816174999999205
0.007422174999998532
0.005028174999997859
0.0002396749999977743
-0.00454882500000231
-0.003351700000003177
-0.002154575000002268
-0.0009574500000013586
0.0002396749999977743
-0.006943075000002352
-0.014125825000000702
-0.014125825000000702
-0.012073682142858644
-0.010021539285714809
-0.00796939642857275
-0.005917253571428915
-0.003865110714286857
-0.0018129678571430219
0.00023917499999903669
0.00023917499999903669
-0.00454882500000231
0.019393174999997598
0.005028174999997859
0.005028174999997859
0.005028174999997859
0.0002396749999977743
-0.00454882500000231
-0.00454882500000231
-0.006943325000001721
-0.009337825000001132
-0.012529825000001438
-0.015721825000001743
-0.01891382500000205
-0.017477325000001542
-0.016040825000002812
-0.014604325000002305
-0.013167825000001798
-0.011731325000003068
-0.010294825000002561
-0.008858325000002054
-0.007421825000001547
-0.005985325000002817
-0.00454882500000231
-0.00454882500000231
0.005028174999997859
-0.006943325000001721
-0.01891382500000205
-0.01617768214285853
-0.013441539285716786
-0.010705396428573266
-0.007969253571429746
-0.0052331107142862265
-0.002496967857144483
0.00023917499999903669
0.0008377999999993335
