-0.008538991666668494
0.0018358416666650612
0.012210674999998616
0.009816174999999205
0.009816174999999205
0.009816174999999205
0.009816174999999205
0.009816174999999205
0.009816174999999205
-0.014125825000000702
-0.014125825000000702
-0.014125825000000702
-0.014125825000000702
-0.014125825000000702
-0.014125825000000702
-0.014125825000000702
-0.014125825000000702
-0.014125825000000702
-0.014125825000000702
-0.010933491666667905
-0.0077411583333351075
-0.00454882500000231
-0.00454882500000231
-0.014125825000000702
-0.00454882500000231
-0.002952825000001269
-0.0013568250000020043
0.00023917499999903669
0.00023917499999903669
0.00023917499999903669
0.007421674999999794
0.00023917499999903669
-0.0013568250000020043
-0.002952825000001269
-0.00454882500000231
-0.0021548250000016367
0.00023917499999903669
0.00023917499999903669
0.0018355083333325695
0.003431841666664326
0.005028174999997859
-0.00454882500000231
-0.000957575000001043
0.0026336749999984477
0.006224924999997938
0.009816174999999205
-0.00454882500000231
-0.002952825000001269
-0.0013568250000020043
0.00023917499999903669
-0.0033520750000022304
-0.006943325000001721
-0.006601253571430377
-0.006259182142859032
-0.005917110714287688
-0.005575039285716343
-0.005232967857144999
-0.0048908964285736545
-0.00454882500000231
-0.014125825000000702
-0.02370282500000087
-0.015722158333334235
-0.007741491666667599
0.00023917499999903669
0.0018355083333325695
0.003431841666664326
0.005028174999997859
0.00023950833333152843
-0.004549158333334802
-0.009337825000001132
-0.00454882500000231
-0.01891382500000205
-0.016519825000001376
-0.014125825000000702
-0.014125825000000702
-0.014125825000000702
-0.010933491666667905
-0.0077411583333351075
-0.00454882500000231
0.0002396749999977743
0.005028174999997859
0.00434403214285517
0.003659889285712481
0.002975746428569792
0.0022916035714271032
0.0016074607142844144
0.0009233178571417255
0.00023917499999903669
0.005028174999997859
0.009816174999999205
0.005028174999997859
0.009816174999999205
0.002035049999999927
-0.005746075000001127
-0.013527200000002182
-0.02130832500000146
-0.0081400750000018
0.005028174999997859
0.0042300083333319805
0.003431841666664326
0.0026336749999984477
0.0018355083333325695
0.001037341666664915
0.00023917499999903669
0.005028174999997859
-0.00454882500000231
-0.028490825000002218
-0.01891382500000205
-0.01784982500000254
-0.016785825000001253
-0.015721825000001743
-0.014657825000002234
-0.013593825000000948
-0.012529825000001438
-0.011465825000001928
-0.010401825000000642
-0.009337825000001132
-0.0021548250000016367
0.005028174999997859
0.001835508333330793
-0.00454882500000231
-0.02370282500000087
-0.01652032500000189
-0.009337825000001132
-0.007741491666667599
-0.006145158333335843
-0.00454882500000231
0.001835508333330793
0.008219841666665673
0.014604174999998776
0.009816174999999205
0.005027674999999121
0.00023917499999903669
-0.00454882500000231
-0.0021548250000016367
0.00023917499999903669
-0.0021548250000016367
-0.00454882500000231
-0.009337325000000618
-0.014125825000000702
-0.006943325000001721
0.00023917499999903669
0.005027508333332875
0.009815841666664937
0.014604174999998776
0.005028174999997859
-0.006942825000002983
-0.01891382500000205
-0.017716825000000824
-0.016519825000001376
-0.015322825000001927
-0.014125825000000702
0.00023917499999903669
-0.007741491666667599
-0.015722158333334235
-0.02370282500000087
-0.01652032500000189
-0.009337825000001132
-0.009337825000001132
-0.009337825000001132
-0.001357158333334496
0.00662350833333214
0.014604174999998776
-0.01891382500000205
0.014604174999998776
0.010614008333332592
0.006623841666664632
0.0026336749999984477
0.006224924999997938
0.009816174999999205
0.00023917499999903669
0.001436424999997854
0.0026336749999984477
0.0038309249999990413
0.005028174999997859
-0.028490825000002218
-0.025298658333335666
-0.022106491666669115
-0.018914325000000787
-0.015722158333334235
-0.012529991666667684
-0.009337825000001132
-0.012529825000001438
-0.015721825000001743
-0.01891382500000205
-0.014125825000000702
-0.009337825000001132
-0.006943325000001721
0.005028174999997859
0.019393174999997598
0.012210674999998616
0.005028174999997859
0.00311277499999818
0.0011973749999985017
-0.0007180250000029531
-0.0026334250000026316
-0.00454882500000231
-0.009337825000001132
-0.004549325000001048
-0.004549075000001679
-0.00454882500000231
-0.010933491666667905
-0.017318158333335276
-0.02370282500000087
-0.009337325000000618
0.005028174999997859
0.005028174999997859
0.008858774999998431
0.012689374999999004
0.0165199749999978
0.020350574999998372
0.024181174999998944
0.016998674999999963
-0.010534575000001212
-0.03806782500000239
-0.03008715833333575
-0.02210649166666734
-0.014125825000000702
-0.00454882500000231
-0.0356733250000012
-0.06679782500000186
0.009816174999997429
0.0864301749999985
0.03615217499999801
-0.014125825000000702
-0.012529825000001438
-0.010933825000000397
-0.009337825000001132
-0.03088532500000163
-0.052432825000002126
-0.014125825000000702
0.004343746428570938
0.02281331785714258
0.04128288928571422
0.059752460714284084
0.07822203214285572
0.09669160357142736
0.115161174999999
-0.05961582500000162
-0.02370282500000087
0.00023917499999903669
0.03256092499999852
0.06488267499999978
0.09720442499999926
0.12952617499999874
-0.07158682500000069
-0.06919232500000128
-0.06679782500000186
0.009816174999999205
0.0026336749999984477
-0.00454882500000231
0.06727717499999741
0.1391031749999989
0.026575674999998355
-0.0859518250000022
-0.06919232500000305
-0.052432825000002126
-0.042856075000001326
-0.0332793250000023
-0.023702575000001502
-0.014125825000000702
-0.014125825000000702
-0.014125825000000702
0.12473817499999917
-0.05722182500000095
-0.05482732500000154
-0.052432825000002126
-0.0332793250000023
-0.014125825000000702
-0.016519825000001376
-0.01891382500000205
0.06248867499999733
0.14389117499999848
0.04572917499999818
-0.052432825000002126
-0.053390625000002245
-0.054348425000002365
-0.05530622500000071
-0.05626402500000083
-0.05722182500000095
-0.04285632500000247
-0.028490825000002218
-0.06679782500000186
-0.01891382500000205
0.028970174999997766
0.07685417499999936
0.12473817499999917
0.172622174999999
0.10558450833333133
0.03854684166666544
-0.028490825000002218
-0.09552882500000237
-0.03806799166666863
0.019392841666665106
0.07685367499999884
0.09600742499999981
0.115161174999999
-0.040461825000001284
-0.19608482500000157
-0.12186482500000118
-0.04764482500000078
0.009816174999999205
0.06727717499999919
0.05171492499999886
0.036152674999998524
0.02059042499999819
0.005028174999997859
0.15346817499999865
0.043334841666665014
-0.06679849166666862
-0.17693182500000226
-0.04764482500000078
0.009816174999999205
0.016998674999999963
0.024181174999998944
0.09840167499999808
0.172622174999999
-0.12425882500000185
-0.07637482500000203
-0.028490825000002218
-0.03088532500000163
-0.03327982500000104
-0.028491325000000955
-0.02370282500000087
-0.008140450000000854
0.007421924999999163
0.02298429999999918
0.0385466749999992
-0.006943075000002352
-0.052432825000002126
-0.048841575000002635
-0.04525032500000137
-0.04165907500000188
-0.03806782500000239
0.00023917499999903669
0.09121867499999858
0.18219817499999813
0.04572917499999818
-0.09073982500000177
-0.05243282500000035
-0.014125825000000702
-0.02051032500000005
-0.026894825000001177
-0.0332793250000023
-0.03966382500000165
-0.046048325000001
-0.052432825000002126
0.06009467499999843
-0.022505575000000277
-0.10510582500000076
0.009816174999999205
-0.001676025000000081
-0.013168225000001144
-0.02466042500000043
-0.03615262500000149
-0.04764482500000078
0.05291167499999894
0.033159487499998974
0.013407299999999012
-0.006344887500000951
-0.026097075000000913
-0.045849262500000876
-0.06560145000000084
-0.0853536375000008
-0.10510582500000076
-0.04764482500000078
0.009816174999999205
-0.09074032500000229
0.17741017499999856
-0.028490825000002218
0.028970174999997766
-0.15298982500000236
-0.10749982500000144
-0.062009825000002294
0.009816174999997429
0.08164217499999893
0.15346817499999865
-0.062009825000002294
0.008220174999998164
0.07845017499999862
0.14868017499999908
-0.1625658250000015
-0.10271082500000261
-0.04285582500000196
-0.02130832500000146
0.00023917499999903669
-0.03806782500000239
-0.07637482500000203
-0.026894741666668054
0.02258534166666415
0.07206542499999813
0.12154550833333211
0.1710255916666643
0.2205056749999983
0.050517424999998894
-0.11947082500000228
-0.05243282500000035
-0.06679782500000186
0.005028174999997859
0.07685417499999936
0.14868017499999908
-0.07637482500000203
0.014604841666665536
0.10558450833333133
0.1965641749999989
-0.14820082500000176
-0.11867232500000213
-0.08914382500000251
-0.05961532500000288
-0.030086825000001483
-0.000558325000001858
0.028970174999997766
-0.09073982500000177
0.14868017499999908
0.0169991749999987
-0.11468182500000168
-0.009337158333334372
0.09600750833333116
0.20135217499999847
-0.10510582500000076
-0.055625491666667415
-0.0061451583333340665
0.04333517499999928
-0.07637482500000203
-0.07996607500000152
-0.08355732500000101
-0.08714857500000228
-0.09073982500000177
0.10079617499999927
0.02258550833333217
-0.05562515833333492
-0.13383582500000202
0.22529417499999838
-0.17693182500000226
-0.06839449166666789
0.04014284166666471
0.14868017499999908
0.005028174999999635
-0.1386238250000016
0.009816174999999205
-0.003950450000001382
-0.017717075000000193
-0.03148370000000078
-0.04525032500000137
0.024181508333331436
0.09361334166666602
0.16304517499999882
0.13239932499999796
0.10175347499999887
0.07110762499999801
0.04046177499999892
0.00981592499999806
-0.22960382500000165
-0.18650822500000075
-0.14341262500000163
-0.1003170250000025
-0.0572214250000016
-0.014125825000000702
0.02896977499999842
0.07206537499999754
0.11516097499999844
0.15825657499999934
0.20135217499999847
0.09281517499999836
-0.015721825000001743
-0.12425882500000185
-0.09632649166666774
-0.0683941583333354
-0.040461825000001284
-0.01252949166666717
0.015402841666665168
0.04333517499999928
0.009816174999999205
0.005028174999999635
-0.2439688250000014
-0.18531095000000164
-0.1266530750000019
-0.06799520000000214
-0.009337325000000618
0.04932054999999913
0.10797842499999888
0.16663629999999863
0.22529417499999838
-0.2104498250000013
0.22529417499999838
-0.03327949166666677
0.019393174999997598
-0.0588174916666695
-0.13702815833333482
-0.2152388250000019
-0.1290476250000019
-0.04285642500000186
0.04333477499999816
0.12952597499999818
0.2157171749999982
-0.2104498250000013
-0.0747784916666685
0.06089284166666609
0.1965641749999989
-0.04525032500000137
-0.03687057500000179
-0.028490825000002218
-0.020510158333335582
-0.012529491666668946
-0.00454882500000231
0.028970174999997766
0.024780174999998295
0.020590174999998823
0.01640017499999935
0.012210174999999879
0.011611674999999266
0.011013174999998654
0.010414674999999818
0.009816174999999205
-0.002952825000001269
-0.015721825000001743
-0.028490825000002218
-0.014125825000000702
-0.02370282500000087
0.00023917499999903669
-0.014125825000000702
-0.028490825000002218
0.019393174999997598
0.008220174999998164
-0.002952825000001269
-0.014125825000000702
-0.00814032500000117
-0.0021548250000016367
0.0038306749999996725
0.009816174999999205
0.009816174999999205
0.01141217499999847
0.013008174999999511
0.014604174999998776
-0.02370282500000087
-0.012529825000001438
-0.001356825000000228
0.009816174999999205
-0.011731825000001805
-0.03327982500000104
-0.020510491666668074
-0.0077411583333351075
0.005028174999997859
-0.02370282500000087
-0.01332782500000107
-0.002952825000001269
0.007422174999998532
0.020590174999998823
0.03375817499999911
0.005027674999999121
-0.02370282500000087
-0.009337325000000618
0.005028174999997859
0.0002396749999977743
-0.00454882500000231
-0.0007182250000017376
0.003112374999998835
0.006942974999997631
0.010773574999998203
0.014604174999998776
-0.00454882500000231
-0.03327982500000104
0.009816174999999205
-0.006943325000001721
-0.02370282500000087
-0.009337325000000618
0.005028174999997859
0.0026336749999984477
0.00023917499999903669
-0.006943325000001721
-0.014125825000000702
-0.014125825000000702
-0.014125825000000702
-0.014125825000000702
-0.014125825000000702
-0.014125825000000702
-0.0021548250000016367
0.0014366749999972228
0.005028174999997859
0.0057121749999975435
0.006396174999999005
0.00708017499999869
0.0077641749999983745
0.00844817499999806
0.00913217499999952
0.009816174999999205
0.00023917499999903669
-0.014125825000000702
-0.013593825000000948
-0.013061825000001193
-0.012529825000001438
-0.011997825000001683
-0.011465825000000152
-0.010933825000000397
-0.010401825000000642
-0.009869825000000887
-0.009337825000001132
-0.011731825000001805
-0.014125825000000702
0.009816174999999205
0.00023917499999903669
0.009816174999999205
-0.009337825000001132
-0.00454882500000231
-0.014125825000000702
-0.02370282500000087
-0.02011157500000138
-0.01652032500000189
-0.012929075000000623
-0.009337825000001132
-0.010933825000000397
-0.012529825000001438
-0.014125825000000702
0.009816174999999205
0.0002396749999977743
0.009816174999999205
-0.00454882500000231
-0.02370282500000087
-0.020510491666668074
-0.0173181583333335
-0.014125825000000702
-0.014125825000000702
-0.014125825000000702
-0.0173181583333335
-0.020510491666668074
-0.02370282500000087
-0.01652032500000189
-0.009337825000001132
-0.009337825000001132
-0.004549325000001048
0.00023917499999903669
-0.004549075000001679
-0.009337325000000618
-0.014125575000001334
-0.01891382500000205
-0.014125825000000702
0.005028174999997859
0.009816174999997429
0.014604174999998776
0.007421674999999794
0.00023917499999903669
-0.006943325000001721
-0.014125825000000702
0.009816174999999205
-0.004548825000000534
-0.01891382500000205
-0.009337825000001132
-0.01412615833333497
-0.018914491666667033
-0.02370282500000087
-0.01891382500000205
0.00023917499999903669
0.005027508333332875
0.009815841666664937
0.014604174999998776
0.008618674999999243
0.00263317499999971
