-0.08379703700000002
-0.08020574450000001
-0.076614452
-0.076614452
-0.076614452
-0.059855042000000025
-0.043095631999999995
-0.02633622200000002
-0.009576812000000046
0.02873044800000002
-0.00478841200000002
0.014365217999999902
0.033518847999999934
0.05746086799999994
0.08140288799999995
0.07182606799999991
0.06224924799999998
0.055066642
0.04788403600000002
0.04070142999999993
0.03351882399999995
0.026336217999999967
0.019153611999999987
0.011971006000000006
0.004788399999999915
-0.0023942060000000653
-0.009576812000000046
0.004788448000000001
-0.04070141700000002
-0.023942002000000018
0.004788422999999931
0.033518847999999934
0.02873044800000002
0.023942047999999994
0.023942047999999994
0.023942047999999994
0.017557514666666663
0.011172981333333332
0.004788448000000001
0.004788448000000001
0.014365247999999942
0.023942047999999994
0.033518847999999934
0.004788448000000001
0.004788448000000001
0.004788448000000001
0.0015961713333333405
-0.0015961053333333197
-0.00478838199999998
-0.0015961053333333197
0.0015961713333333405
0.004788448000000001
0.007182648000000014
0.009576848000000027
0.002394217999999948
-0.00478841200000002
-0.0031922786666667147
-0.0015961453333332987
-1.199999999368373e-08
-0.009576812000000046
-0.014365212000000072
-0.014365212000000072
-0.014365212000000072
-0.014365212000000072
-0.00478841200000002
0.002394217999999948
0.009576848000000027
0.0031922946666667062
-0.003192258666666725
-0.009576812000000046
0.004788448000000001
0.0075246765714285235
0.010260905142857157
0.01299713371428568
0.015733362285714314
0.018469590857142837
0.02120581942857147
0.023942047999999994
0.021547818000000052
0.014365247999999942
0.01197104800000004
0.009576848000000027
0.023942047999999994
2.300000001564939e-08
-0.023942002000000018
-0.020111284000000007
-0.016280566000000052
-0.012449848000000041
-0.00861913000000003
-0.00478841200000002
-0.00478841200000002
-0.023942002000000018
-0.01795650449999997
-0.011971006999999978
-0.005985509499999986
-1.199999999368373e-08
0.019153647999999968
0.019685692444444403
0.020217736888888838
0.020749781333333273
0.021281825777777708
0.021813870222222254
0.02234591466666669
0.022877959111111124
0.02341000355555556
0.023942047999999994
0.033518848000000045
0.009576827999999926
-0.009576812000000046
-0.020749742000000015
-0.03192267200000004
-0.04309560200000001
-0.04788403200000002
-0.03591301700000005
-0.023942002000000018
-0.011971006999999978
-1.199999999368373e-08
-0.0023942120000000067
-0.00478841200000002
0.014365217999999902
0.033518847999999934
0.033518847999999934
0.033518847999999934
0.033518847999999934
0.033518847999999934
0.03112464799999992
0.02873044800000002
0.019153647999999968
-0.009576812000000046
-0.016759407000000004
-0.023942002000000018
-0.02633620200000003
-0.028730402000000044
-0.031124602
-0.033518802000000014
-0.03830720200000004
-0.04309560200000001
-0.014365212000000072
-0.014365212000000072
-0.014365212000000072
-0.014365212000000072
-0.014365212000000072
-0.014365212000000072
-0.014365212000000072
-0.014365212000000072
-0.014365212000000072
-0.014365212000000072
-0.014365212000000072
-0.014365212000000072
0.020749781333333273
0.02154784799999998
0.015562348000000004
0.009576848000000027
-0.009576812000000046
-0.011492170000000024
-0.013407528000000002
-0.01532288599999998
-0.017238243999999958
-0.019153601999999992
-0.023942002000000018
-0.023942002000000018
-0.01795650449999997
-0.011971006999999978
-0.005985509499999986
-1.199999999368373e-08
0.016759448000000066
0.017557514666666663
0.01835558133333337
0.019153647999999968
0.02154784799999998
0.023942047999999994
0.026336248000000007
0.02873044800000002
0.03112464799999992
0.033518847999999934
0.019153647999999968
0.02011132799999993
0.021069008
0.02202668799999996
0.022984368000000033
0.023942047999999994
-0.0031922353333333486
-0.003724294222222202
-0.004256353111111166
-0.00478841200000002
-0.007182612000000033
-0.009576812000000046
0.009576848000000027
0.009576848000000027
0.009576848000000027
0.009576848000000027
0.016759448000000066
0.023942047999999994
0.02035074799999992
0.016759447999999955
0.01316814799999999
0.009576847999999916
0.009576848000000027
0.009576848000000027
0.009576848000000027
0.007980714666666722
0.006384581333333306
0.004788448000000001
-1.199999999368373e-08
-0.001368126285714255
-0.0027362405714286275
-0.004104354857142889
-0.00547246914285715
-0.006840583428571412
-0.008208697714285784
-0.009576812000000046
-0.019153601999999992
-0.009576785333333282
3.1333333372352e-08
0.009576848000000027
0.004788448000000001
0.014365247999999942
0.023942047999999994
0.01975219049999999
0.015562332999999984
0.011372475499999979
0.007182617999999974
0.002992760499999969
-0.0011970970000000358
-0.005386954500000041
-0.009576812000000046
-1.199999999368373e-08
-0.028730402000000044
-0.009576777000000036
0.009576848000000027
0.0055865046666666585
0.0015961613333332902
-0.002394182000000078
-0.006384525333333335
-0.010374868666666703
-0.014365212000000072
-0.002394182000000078
-0.011971006999999978
-1.199999999368373e-08
-0.007182612000000033
-0.014365212000000072
-1.199999999368373e-08
0.007182617999999974
0.014365247999999942
0.006384561333333316
-0.0015961253333334202
-0.009576812000000046
0.009576848000000027
-0.00478837700000001
-0.019153601999999992
0.009576822999999957
0.03830724799999996
0.03192271466666663
0.0255381813333333
0.019153647999999968
0.017557514666666663
0.015961381333333247
0.014365247999999942
0.004788448000000001
-0.023942002000000018
-0.0023941769999999973
0.019153647999999968
0.014365247999999942
0.009576848000000027
0.002394217999999948
-0.00478841200000002
-0.00478841200000002
-0.00478841200000002
1.8000000046036746e-08
0.004788448000000001
0.008379747999999965
0.01197104800000004
0.015562348000000004
0.019153647999999968
0.019153647999999968
0.01915364371428563
0.0191536394285714
0.01915363514285706
0.019153630857142834
0.019153626571428495
0.019153622285714267
0.019153617999999928
0.016759447999999955
-1.199999999368373e-08
-0.019153607000000017
-0.03830720200000004
-0.009576812000000046
-0.006384545333333325
-0.0031922786666667147
-1.199999999368373e-08
-0.009576806999999965
-0.019153601999999992
2.300000001564939e-08
0.019153647999999968
0.01197104800000004
0.004788448000000001
0.009576847999999916
0.014365247999999942
0.002394217999999948
-0.009576812000000046
-0.009576812000000046
-0.009576812000000046
-0.009576812000000046
0.009576848000000027
0.008379747999999965
0.007182648000000014
0.005985548000000063
0.004788448000000001
-0.019153601999999992
0.014365247999999942
-0.00478837700000001
-0.023942002000000018
-0.014365185333333308
-0.004788368666666654
0.004788448000000001
0.005985548000000063
0.007182648000000014
0.008379747999999965
0.009576848000000027
0.002394217999999948
0.0026336409999999644
0.0028730639999999807
0.003112486999999997
0.0033519100000000135
0.00359133300000003
0.003830755999999935
0.004070178999999952
0.004309601999999968
0.004549024999999984
0.004788448000000001
-0.014365212000000072
0.016759418000000026
-0.009576812000000046
-0.014365206999999991
-0.019153601999999992
0.033518847999999934
0.02825160299999996
0.022984357999999983
0.017717113000000007
0.01244986799999992
0.007182622999999944
0.0019153779999999676
-0.0033518670000000084
-0.008619111999999984
-0.01388635699999996
-0.019153601999999992
-0.014365212000000072
0.023942047999999994
-0.00478838199999998
-0.0028730219999999473
-0.0009576620000000258
0.0009576980000000068
0.0028730579999999284
0.004788417999999961
0.004788448000000001
-0.007182577000000023
-0.019153601999999992
-0.011970989499999973
-0.00478837700000001
0.0023942355000000637
0.009576848000000027
-0.009576812000000046
-0.009576812000000046
-0.009576812000000046
0.004788448000000001
0.004788448000000001
0.009576848000000027
0.01197104800000004
0.014365247999999942
0.009576833000000007
0.004788417999999961
2.9999999151542056e-09
-0.00478841200000002
0.009576848000000027
0.007182648000000014
0.004788448000000001
-0.014365212000000072
-0.007980658666666751
-0.0015961053333333197
0.004788448000000001
-0.019153601999999992
-0.003192251999999951
0.012769098000000034
0.02873044800000002
0.019153647999999968
0.015961371333333307
0.012769094666666647
0.009576817999999987
0.006384541333333327
0.0031922646666666665
-1.199999999368373e-08
-1.199999999368373e-08
0.014365247999999942
0.004788448000000001
-0.00478838199999998
-0.014365212000000072
0.019153647999999968
0.017557514666666663
0.015961381333333358
0.014365247999999942
0.012769114666666637
0.011172981333333332
0.009576848000000027
-0.00478841200000002
0.02873044800000002
0.02035073300000001
0.011971018
0.00359130299999999
-0.00478841200000002
-0.0031922786666667147
-0.0015961453333332987
-1.199999999368373e-08
0.016759418000000026
0.033518847999999934
0.009576817999999987
0.009576833000000007
0.009576848000000027
-0.023942002000000018
-0.009576777000000036
0.004788448000000001
-0.00638450200000007
-0.01755745200000003
-0.028730402000000044
-1.199999999368373e-08
-0.00039904033333337807
-0.0007980686666666514
-0.0011970970000000358
-0.0015961253333334202
-0.0019951536666666936
-0.002394182000000078
0.002394217999999948
0.01316813299999997
0.023942047999999994
0.01915363800000003
0.014365227999999952
0.009576817999999987
0.004788408000000022
-2.0000000544584395e-09
-0.00478841200000002
0.009576848000000027
0.0055865046666666585
0.0015961613333332902
-0.002394182000000078
-0.005985497000000062
-0.009576812000000046
-0.007182612000000033
-0.00478841200000002
-0.0029927545000000277
-0.0011970970000000358
0.0005985604999999561
0.002394217999999948
0.02873044800000002
0.014365227999999952
7.999999995789153e-09
-0.014365212000000072
0.019153647999999968
0.019153647999999968
0.019153647999999968
0.019153647999999968
0.012769094666666647
0.006384541333333327
-1.199999999368373e-08
0.004788402999999941
0.009576817999999987
0.014365233000000033
0.019153647999999968
-0.019153601999999992
-0.00478841200000002
-0.0019153600000000326
0.0009576919999999545
0.0038307440000000526
0.00670379600000004
0.009576848000000027
0.004788448000000001
0.004788448000000001
0.009576848000000027
0.004788418000000072
-1.199999999368373e-08
-1.199999999368373e-08
-1.199999999368373e-08
0.007182617999999974
0.014365247999999942
0.012769114666666637
0.011172981333333332
0.009576848000000027
0.005746115999999968
0.00191538400000002
-0.001915348000000039
-0.005746079999999987
-0.009576812000000046
0.009576848000000027
0.004788418000000072
7.999999995789153e-09
-0.004788401999999969
-0.009576812000000046
-1.199999999368373e-08
-0.0015961453333332987
-0.0031922786666667147
-0.00478841200000002
1.8000000046036746e-08
0.004788448000000001
0.006384581333333306
0.00798071466666661
0.009576847999999916
0.011172981333333332
0.012769114666666637
0.014365247999999942
0.002394217999999948
0.004788448000000001
0.007182648000000014
0.009576848000000027
0.007182648000000014
0.004788448000000001
0.004788448000000001
1.8000000046036746e-08
-0.00478841200000002
-0.0034202891428571913
-0.002052166285714252
-0.0006840434285714236
0.0006840794285714047
0.002052202285714233
0.0034203251428571724
0.004788448000000001
-0.00478841200000002
0.004788448000000001
-0.00478841200000002
-0.0035913120000000687
-0.0023942120000000067
-0.0011971119999999447
-1.199999999368373e-08
0.011971018
0.023942047999999994
0.019153647999999968
0.014365247999999942
0.009576847999999916
-0.00478841200000002
-0.0023942120000000067
-1.199999999368373e-08
-0.0005985619999999692
-0.0011971119999999447
-0.0017956620000000312
-0.0023942120000000067
-0.002992761999999982
-0.0035913120000000687
-0.004189862000000044
-0.00478841200000002
-0.007182612000000033
-0.00478841200000002
-0.007182612000000033
-0.009576812000000046
-0.011971012000000059
-0.014365212000000072
-0.009576812000000046
-0.014365212000000072
-0.009576812000000046
-0.00478841200000002
-1.199999999368373e-08
-0.00478841200000002
-0.0035913120000000687
-0.0023942120000000067
-0.0011971119999999447
-1.199999999368373e-08
0.002394217999999948
