-0.009576812000000046
-0.002394182000000078
0.004788448000000001
0.0031922946666667062
0.0015961413333333008
-1.199999999368373e-08
0.0031922746666667168
0.006384561333333316
0.009576848000000027
0.004788448000000001
0.0015961613333332902
-0.0015961253333333092
-0.00478841200000002
0.004788448000000001
-1.199999999368373e-08
-0.009576812000000046
-0.00478839200000003
2.7999999985262036e-08
0.004788448000000001
0.006384581333333306
0.007980714666666722
0.009576848000000027
-1.199999999368373e-08
-1.199999999368373e-08
-1.199999999368373e-08
0.009576817999999987
0.019153647999999968
0.01197104800000004
0.004788448000000001
1.8000000046036746e-08
-0.00478841200000002
-0.002394200000000013
1.199999999368373e-08
0.0023942240000000004
0.004788436000000007
0.007182648000000014
0.0055865046666666585
0.003990361333333303
0.002394217999999948
0.002660243555555497
0.002926269111111046
0.0031922946666665952
0.0034583202222221443
0.0037243457777778044
0.0039903713333333535
0.0042563968888889026
0.004522422444444452
0.004788448000000001
0.014365247999999942
0.002394217999999948
-0.009576812000000046
0.002394217999999948
0.002992775499999989
0.00359133300000003
0.00418989049999996
0.004788448000000001
0.004788448000000001
0.004788448000000001
0.002394217999999948
-1.199999999368373e-08
-1.199999999368373e-08
-0.00478841200000002
-0.00478841200000002
-0.00478841200000002
-0.0031922786666667147
-0.0015961453333332987
-1.199999999368373e-08
-0.0003990453333333477
-0.0007980786666667017
-0.0011971119999999447
-0.0015961453333332987
-0.0019951786666666527
-0.0023942120000000067
-0.0027932453333333607
-0.0031922786666667147
-0.0035913120000000687
-0.003990345333333312
-0.004389378666666666
-0.00478841200000002
-0.00478841200000002
-0.00478841200000002
-0.00478841200000002
0.009576817999999987
0.023942047999999994
0.009576817999999987
-0.00478841200000002
-0.009576812000000046
-0.00478841200000002
-1.199999999368373e-08
0.004788448000000001
-1.199999999368373e-08
0.014365247999999942
0.0031922946666667062
0.009576848000000027
0.011172981333333332
0.012769114666666637
0.014365247999999942
0.014365247999999942
0.004788417999999961
-0.00478841200000002
2.9999999151542056e-09
0.004788417999999961
0.009576833000000007
0.014365247999999942
0.009576827999999926
0.004788408000000022
-1.199999999368373e-08
-1.199999999368373e-08
0.0010640835555555395
0.0021281791111110726
0.0031922746666667168
0.00425637022222225
0.005320465777777783
0.006384561333333316
0.00744865688888896
0.008512752444444494
0.009576848000000027
0.004788448000000001
1.8000000046036746e-08
0.004788448000000001
0.004788448000000001
0.004788448000000001
0.004788448000000001
0.004788448000000001
0.004788448000000001
0.007182648000000014
0.009576848000000027
-1.199999999368373e-08
-1.199999999368373e-08
1.8000000046036746e-08
0.002394233000000079
0.004788448000000001
0.004788448000000001
0.004788448000000001
0.002394232999999968
1.8000000046036746e-08
-0.002394196999999987
-0.00478841200000002
0.009576848000000027
0.009576848000000027
0.009576848000000027
0.009576848000000027
-1.199999999368373e-08
-0.009576812000000046
-0.002394182000000078
0.004788448000000001
0.009576847999999916
0.014365247999999942
0.019153647999999968
0.023942047999999994
0.022877959111111124
0.021813870222222254
0.020749781333333273
0.019685692444444403
0.018621603555555533
0.017557514666666663
0.01649342577777768
0.015429336888888812
0.014365247999999942
-0.00478841200000002
0.004788418000000072
0.004788448000000001
0.006384581333333306
0.007980714666666722
0.009576848000000027
-1.199999999368373e-08
-0.00478841200000002
0.004788448000000001
0.004788448000000001
0.004788448000000001
0.004788448000000001
0.004788448000000001
0.004788448000000001
0.004788448000000001
0.004788448000000001
0.004788448000000001
0.019153647999999968
0.023942047999999994
0.014365247999999942
0.004788448000000001
0.002394217999999948
-1.199999999368373e-08
0.002394217999999948
0.004788448000000001
0.0011971330000000169
-0.002394182000000078
-0.005985497000000062
-0.009576812000000046
0.014365247999999942
0.01197104800000004
0.009576848000000027
0.007182632999999994
0.004788418000000072
0.002394203000000039
-1.199999999368373e-08
0.002394217999999948
0.004788448000000001
0.002394217999999948
-1.199999999368373e-08
-1.199999999368373e-08
-1.199999999368373e-08
-1.199999999368373e-08
-1.199999999368373e-08
-1.199999999368373e-08
-1.199999999368373e-08
-1.199999999368373e-08
-1.199999999368373e-08
0.004788448000000001
0.002394232999999968
1.8000000046036746e-08
-0.002394196999999987
-0.00478841200000002
0.009576848000000027
0.004788448000000001
0.005107674666666617
0.005426901333333345
0.0057461279999999615
0.006065354666666689
0.006384581333333306
0.006703808000000033
0.00702303466666665
0.0073422613333333775
0.007661487999999994
0.007980714666666722
0.008299941333333338
0.008619168000000066
0.008938394666666682
0.00925762133333341
0.009576848000000027
0.004788448000000001
1.8000000046036746e-08
-0.00478841200000002
0.007182617999999974
0.009576848000000027
0.004788432999999981
1.8000000046036746e-08
-0.004788397
-0.009576812000000046
0.019153647999999968
0.009576817999999876
-0.014365212000000072
0.043095647999999986
-0.009576812000000046
0.007182617999999974
0.023942047999999994
0.02154784799999998
0.019153647999999968
0.007980694666666621
-0.003192258666666725
-0.014365212000000072
-0.007182597000000013
1.7999999935014444e-08
0.007182632999999883
0.014365247999999942
-1.199999999368373e-08
-1.199999999368373e-08
-0.00478841200000002
0.004788417999999961
0.014365247999999942
0.004788417999999961
-0.00478841200000002
0.002394217999999948
0.009576848000000027
0.006384561333333316
0.0031922746666667168
-1.199999999368373e-08
0.014365247999999942
0.009576833000000007
0.004788417999999961
2.9999999151542056e-09
-0.00478841200000002
-0.009576812000000046
-0.004104346285714322
0.0013681194285714016
0.006840585142857125
0.012313050857142849
0.017785516571428572
0.023257982285714296
0.02873044800000002
0.004788448000000001
0.002394217999999948
0.008379732999999945
0.014365247999999942
0.01340756799999998
0.01244988800000002
0.011492207999999948
0.010534527999999987
0.009576848000000027
-0.028730402000000044
0.014365247999999942
0.010534515999999994
0.006703783999999935
0.002873051999999987
-0.0009576800000000718
-0.00478841200000002
-0.00478841200000002
-0.0023942020000000674
7.999999995789153e-09
0.002394217999999948
0.023942047999999994
0.02234591466666669
0.020749781333333273
0.019153647999999968
0.013681183714285727
0.008208719428571376
0.0027362551428571358
-0.0027362091428571045
-0.008208673428571456
-0.013681137714285696
-0.019153601999999992
0.011971018
-1.199999999368373e-08
0.002394217999999948
-1.199999999368373e-08
-0.0023942120000000067
-0.00478841200000002
-0.007182612000000033
-0.009576812000000046
-0.011971012000000059
-0.014365212000000072
-0.00478841200000002
-0.0031922686666666644
-0.0015961253333333092
1.8000000046036746e-08
0.0015961613333332902
0.0031923046666666455
0.004788448000000001
0.014365247999999942
0.01197104800000004
-0.002394182000000078
0.00359133300000003
0.009576848000000027
0.007182632999999994
0.004788418000000072
0.002394203000000039
-1.199999999368373e-08
0.0015961413333333008
0.0031922946666667062
0.004788448000000001
0.002394217999999948
0.003458310222222205
0.004522402444444462
0.005586494666666608
0.006650586888888865
0.007714679111111122
0.00877877133333338
0.009842863555555526
0.010906955777777783
0.01197104800000004
0.002394217999999948
0.0011971029999999772
-1.199999999368373e-08
-1.199999999368373e-08
-1.199999999368373e-08
0.002394217999999948
0.004788448000000001
0.004788448000000001
-0.019153601999999992
-0.015733309142857088
-0.01231301628571424
-0.008892723428571392
-0.005472430571428544
-0.0020521377142856956
0.0013681551428571526
0.004788448000000001
1.8000000046036746e-08
1.30000000764241e-08
7.999999995789153e-09
3.000000026176508e-09
-1.999999943436137e-09
-7.000000024071085e-09
-1.199999999368373e-08
0.002394217999999948
0.014365247999999942
-0.009576812000000046
-0.00798067866666674
-0.006384545333333325
-0.00478841200000002
-0.0023942045000000522
2.9999999151542056e-09
0.0023942104999999936
0.004788417999999961
0.007182625499999928
0.009576833000000007
0.011971040499999974
0.014365247999999942
1.8000000046036746e-08
-0.002394182000000078
0.014365247999999942
0.009576847999999916
0.004788448000000001
-0.014365212000000072
7.999999995789153e-09
0.014365227999999952
0.02873044800000002
0.009576817999999987
-0.009576812000000046
-0.009576812000000046
-0.008512723111111176
-0.007448634222222306
-0.006384545333333325
-0.005320456444444455
-0.004256367555555585
-0.0031922786666667147
-0.0021281897777777337
-0.0010641008888888637
-1.199999999368373e-08
-0.002394182000000078
0.004788448000000001
-0.00478841200000002
-1.199999999368373e-08
-0.0023942120000000067
-0.00478841200000002
-0.009576812000000046
-0.014365212000000072
0.009576848000000027
0.007980714666666722
0.006384581333333306
0.004788448000000001
0.009576848000000027
0.014365247999999942
0.019153647999999968
0.016759447999999955
0.014365247999999942
0.01197104800000004
0.009576848000000027
0.014365247999999942
0.014365247999999942
0.014365247999999942
-0.00478841200000002
0.004788448000000001
0.004788448000000001
0.004788448000000001
0.006384581333333306
0.007980714666666722
0.009576848000000027
-1.199999999368373e-08
0.014365247999999942
0.015961381333333247
0.017557514666666663
0.019153647999999968
0.01197104800000004
0.004788448000000001
-0.002394182000000078
-0.009576812000000046
-1.199999999368373e-08
-1.199999999368373e-08
-1.199999999368373e-08
-1.199999999368373e-08
-1.199999999368373e-08
-1.199999999368373e-08
-1.199999999368373e-08
0.014365247999999942
0.014365247999999942
-0.019153601999999992
-0.015562304499999957
-0.011971006999999978
-0.008379709499999999
-0.00478841200000002
0.014365247999999942
0.009576847999999916
0.004788448000000001
0.004788448000000001
0.004788448000000001
0.00359133300000003
0.002394217999999948
0.0011971029999999772
-1.199999999368373e-08
-1.199999999368373e-08
-1.199999999368373e-08
0.009576848000000027
-0.00478841200000002
-0.0028730399999999934
-0.0009576679999999671
0.0009577039999999482
0.0028730759999999744
0.004788448000000001
-0.009576812000000046
0.009576848000000027
-0.009576812000000046
-0.007980666999999997
-0.006384522000000059
-0.00478837700000001
-0.0023941707500000353
3.5499999939681004e-08
0.0023942417500000257
0.004788448000000001
0.007182648000000014
0.009576848000000027
0.009576848000000027
0.007182648000000014
0.004788448000000001
0.009576848000000027
0.014365247999999942
0.019153647999999968
0.01197104800000004
0.004788448000000001
0.004788448000000001
0.006384581333333306
0.007980714666666722
0.009576848000000027
-0.009576812000000046
-0.007182612000000033
-0.00478841200000002
-0.0007980686666666514
0.0031922746666666058
0.007182617999999974
0.007980694666666621
0.00877877133333338
0.009576848000000027
0.01197104800000004
0.014365247999999942
0.016759447999999955
0.019153647999999968
-0.009576812000000046
0.004788448000000001
0.007182648000000014
0.009576847999999916
0.011971047999999929
0.014365247999999942
-0.009576812000000046
0.009576848000000027
0.007182648000000014
0.004788448000000001
-1.199999999368373e-08
0.007182617999999974
0.014365247999999942
0.009576827999999926
0.004788408000000022
-1.199999999368373e-08
0.004788418000000072
0.009576848000000027
0.006384561333333316
0.0031922746666667168
-1.199999999368373e-08
-1.199999999368373e-08
-1.199999999368373e-08
-1.199999999368373e-08
0.009576848000000027
0.008978298000000051
0.008379747999999965
0.007781197999999989
0.007182648000000014
0.006584098000000038
0.005985548000000063
0.005386997999999976
0.004788448000000001
-1.199999999368373e-08
0.004788448000000001
0.00798071466666661
0.011172981333333332
0.014365247999999942
0.016759447999999955
0.019153647999999968
0.015562348000000004
0.01197104800000004
0.008379747999999965
0.004788448000000001
0.014365247999999942
-0.00478841200000002
1.8000000046036746e-08
0.004788448000000001
0.014365247999999942
-0.0023941769999999973
-0.019153601999999992
-0.009576785333333282
3.1333333372352e-08
0.009576848000000027
-0.009576812000000046
1.8000000046036746e-08
0.009576848000000027
0.004788418000000072
-1.199999999368373e-08
-0.00478841200000002
-0.009576812000000046
1.8000000046036746e-08
0.009576848000000027
0.007182648000000014
0.004788448000000001
0.0015961613333332902
-0.0015961253333333092
-0.00478841200000002
-0.00478841200000002
-0.00478841200000002
