-0.009576275000002354
-0.038307275000001084
-0.028730275000000915
-0.019153275000002523
-0.028730275000000915
-0.02633627500000202
-0.023942275000001345
-0.023942275000001345
-0.023942275000001345
-0.023942275000001345
-0.023942275000001345
-0.01675927500000185
-0.009576275000002354
0.009576724999998731
0.005985474999999241
0.00239422499999975
-0.001197025000001517
-0.004788275000001008
-0.005985275000000456
-0.007182275000001681
-0.008379275000002906
-0.009576275000002354
-0.028730275000000915
-0.028730275000000915
-0.028730275000000915
-0.03351827500000226
-0.03351827500000226
-0.03351827500000226
-0.03112427500000159
-0.028730275000000915
-0.023941941666667077
-0.019153608333335015
-0.014365275000001176
-2.7500000143731995e-07
-0.001596275000000702
-0.003192275000001743
-0.004788275000001008
-0.004788275000001008
-0.007182275000001681
-0.009576275000002354
-0.007980275000001313
-0.006384275000002049
-0.004788275000001008
-0.019153275000002523
-0.02202627500000176
-0.024899275000002774
-0.02777227500000201
-0.030645275000003025
-0.03351827500000226
-0.023942275000001345
-0.025139275000000794
-0.02633627500000202
-0.027533275000001467
-0.028730275000000915
0.004788724999997385
2.249999973003014e-07
-0.004788275000001008
-0.0055863305555572396
-0.006384386111111695
-0.007182441666667927
-0.007980497222224159
-0.008778552777778614
-0.009576608333334846
-0.010374663888891078
-0.011172719444445534
-0.011970775000001765
-0.012768830555557997
-0.013566886111112453
-0.014364941666668685
-0.015162997222224917
-0.015961052777779372
-0.016759108333335604
-0.017557163888891836
-0.01835521944444629
-0.019153275000002523
-0.019153275000002523
-0.02633627500000202
-0.04788427500000125
-0.014365275000001176
-0.007182275000001681
-0.019153275000002523
0.004788724999997385
-0.014365275000001176
-0.01675927500000185
-0.017357775000002462
-0.017956275000003075
-0.01855477500000191
-0.019153275000002523
-0.023942275000001345
-0.028730275000000915
-0.02713427500000165
-0.02553827500000061
-0.023942275000001345
-0.019153275000002523
-0.011970775000001765
-0.004788275000001008
-0.004788275000001008
-0.004788275000001008
-0.004788275000001008
-0.0023942750000003343
-2.7500000143731995e-07
-0.014365275000001176
-0.011970775000001765
-0.009576275000002354
-0.011172608333335887
-0.012768941666667644
-0.014365275000001176
-0.019153275000002523
-0.02394177500000083
-0.028730275000000915
-0.014365275000001176
-2.7500000143731995e-07
-0.004788275000002784
-0.009576275000002354
-2.7500000143731995e-07
-0.0063846083333345405
-0.01276894166666942
-0.019153275000002523
-0.02298407500000188
-0.026814875000001237
-0.03064567500000237
-0.03447647500000173
-0.038307275000001084
-0.028730275000000915
-0.019153275000002523
-0.009576275000002354
-0.011970775000001765
-0.014365275000001176
-0.009576775000001092
-0.01376665000000088
-0.017956525000002443
-0.02214640000000223
-0.02633627500000202
-0.027772675000001357
-0.02920907500000247
-0.03064547500000181
-0.032081875000002924
-0.03351827500000226
-0.02633577500000328
-0.019153275000002523
-0.023942275000001345
-0.004788275000001008
2.249999973003014e-07
0.004788724999997385
-2.7500000143731995e-07
-0.007182775000000419
-0.014365275000001176
-0.021547775000001934
-0.028730275000000915
-0.026336025000000873
-0.02394177500000083
-0.021547525000002565
-0.019153275000002523
-0.03351827500000226
-0.02394177500000083
-0.014365275000001176
-0.011172941666668379
-0.007980608333333805
-0.004788275000001008
-0.004788275000001008
-0.003192275000001743
-0.001596275000000702
-2.7500000143731995e-07
-0.004788275000002784
-0.009576275000002354
-0.004788275000002784
-2.7500000143731995e-07
-0.0011972750000008858
-0.0023942750000003343
-0.003591275000001559
-0.004788275000001008
-0.019153275000002523
-0.028730275000000915
-0.030326275000001957
-0.03192227500000122
-0.03351827500000226
-0.028730275000000915
-0.023942275000001345
-0.009576275000002354
-0.014364775000002439
-0.019153275000002523
-0.00798027500000309
0.00319272499999812
0.014365724999997553
0.010534924999998196
0.0067041249999988395
0.002873324999997706
-0.0009574750000016508
-0.004788275000001008
-0.021547775000001934
-0.017956525000002443
-0.014365275000001176
-0.015562275000000625
-0.01675927500000185
-0.017956275000003075
-0.019153275000002523
-0.023942275000001345
-0.022745025000002528
-0.021547775000001934
-0.02064996250000206
-0.01975215000000219
-0.018854337500002316
-0.017956525000002443
-0.017058712500000794
-0.016160900000000922
-0.015263087500001049
-0.014365275000001176
-0.01675927500000185
-0.019153275000002523
-0.020111075000002643
-0.021068875000002762
-0.022026675000001106
-0.022984475000001225
-0.023942275000001345
-0.014365275000001176
-0.02713427500000165
-0.023675941666668976
-0.020217608333334525
-0.01675927500000185
-0.01316777500000299
-0.009576275000002354
-0.01675927500000185
-0.023942275000001345
-0.023942275000001345
-0.023942275000001345
-0.01675927500000185
-0.009576275000002354
0.011971224999998142
0.03351872499999864
-0.021547775000001934
-0.07661427500000251
-0.04309527500000243
-0.009576275000002354
-0.012768608333335152
-0.015960941666669726
-0.019153275000002523
-0.004788275000002784
0.009576724999998731
-0.02633627500000202
-0.06224927500000099
-0.028730275000000915
0.004788724999997385
0.03830772499999746
-0.02633577500000328
-0.09097927500000225
-0.049479941666668026
-0.007980608333335582
0.03351872499999864
0.027772624999998996
0.022026524999999353
0.016280424999997933
0.01053432499999829
0.004788224999998647
-0.0009578750000009961
-0.006703975000000639
-0.012450075000002059
-0.018196175000001702
-0.023942275000001345
-0.038307275000001084
-0.0526722750000026
-0.023942275000001345
0.009577224999997469
0.15801772499999878
0.10773922499999955
0.05746072499999855
0.03208222499999813
0.006703724999997718
-0.01867477500000092
-0.044053275000001335
-0.06943177500000175
-0.06584052500000226
-0.06224927500000099
-0.07661427500000251
-0.18914177500000307
-0.30166927500000185
-0.08858527500000157
0.1244987249999987
0.057461224999997285
-0.009576275000002354
0.007182724999998058
0.02394172499999847
0.019837439285712577
0.015733153571426683
0.01162886785714079
0.007524582142856673
0.0034202964285707793
-0.0006839892857151142
-0.004788275000001008
0.18195972499999868
0.009576724999998731
0.012769058333331529
0.015961391666664326
0.0191537249999989
0.022346058333331698
0.025538391666664495
0.028730724999997292
0.031923058333331866
0.035115391666664664
0.03830772499999746
-0.08140227500000208
-0.2274487750000027
0.201112724999998
-0.04788427500000125
-0.009576775000001092
0.02873072499999907
0.02154822499999831
0.014365724999997553
0.16759397499999906
0.0023943499999994344
-0.16280527500000197
-0.10534460833333448
-0.04788394166666876
0.009576724999998731
-0.009576275000002354
-0.05267194166666833
-0.09576760833333609
-0.13886327500000206
-0.11013327500000258
0.0742202249999977
0.258573724999998
0.16639697499999784
0.0742202249999977
-0.017956525000002443
-0.11013327500000258
0.04788372499999838
-0.007182775000000419
-0.06224927500000099
-0.05566515000000116
-0.04908102500000133
-0.0424969000000015
-0.03591277500000167
-0.029328650000001844
-0.022744525000002014
-0.016160400000002184
-0.009576275000002354
-0.21308327500000246
-0.41659027500000256
0.143651724999998
-0.0526722750000026
2.249999973003014e-07
0.09097997499999799
0.18195972499999868
0.0095769749999981
-0.16280577500000248
-0.07900852500000255
0.004788724999997385
-0.0031919416666692513
-0.011172608333335887
-0.019153275000002523
-0.015960941666669726
-0.012768608333335152
-0.009576275000002354
0.23463172499999807
-0.09097927500000225
-0.09337352500000229
-0.09576777500000233
-0.09816202500000237
-0.10055627500000242
-0.10295052500000246
-0.1053447750000025
-0.10773902500000077
-0.11013327500000081
-0.11252752500000085
-0.11492177500000089
-0.11731602500000093
-0.11971027500000098
0.03351872499999864
-2.7500000143731995e-07
-0.019153275000002523
0.19153572499999783
-0.1532282750000018
-0.15186027500000243
-0.15049227500000129
-0.14912427500000192
-0.14775627500000255
-0.14638827500000318
-0.14502027500000203
-0.14365227500000266
0.04309572499999881
-0.028730275000000915
-0.03192260833333549
-0.021707341666669322
-0.011492075000001378
-0.001276808333335211
0.008938458333332733
0.0191537249999989
-0.04309577500000117
-0.05985502500000095
-0.07661427500000251
-0.07927449722222413
-0.08193471944444752
-0.08459494166666914
-0.08725516388889076
-0.08991538611111416
-0.09257560833333578
-0.0952358305555574
-0.0978960527777808
-0.10055627500000242
0.26336172499999755
-0.0622489416666685
-0.027134052777778805
0.007980836111109113
0.04309572499999881
0.002394391666665996
-0.03830694166666859
-0.0790082750000014
-0.11970960833333422
-0.1604109416666688
-0.20111227500000162
-0.08379677500000149
0.03351872499999864
0.02873072499999907
0.015733582142855695
0.0027364392857140984
-0.010260703571429275
-0.02325784642857265
-0.03625498928571602
-0.04925213214285762
-0.06224927500000099
-0.04668677500000129
-0.031124275000003365
0.0191537249999989
-0.014365025000001808
-0.047883775000002515
0.050278224999999566
-0.038307275000001084
-0.03591277500000167
-0.03351827500000226
-0.03830677500000235
-0.04309527500000243
-0.03094012115384892
-0.01878496730769541
-0.006629813461540124
0.005525340384613386
0.017680494230766897
0.029835648076920407
0.041990801923075693
0.054145955769229204
0.06630110961538271
0.07845626346153622
0.09061141730769151
0.10276657115384502
0.11492172499999853
-0.17238227500000214
0.03351872499999864
-0.021547275000003197
0.02633622499999788
-0.023941941666668853
-0.07422010833333559
-0.12449827500000232
-0.09337377500000166
-0.06224927500000277
-0.031124775000002103
-2.7500000143731995e-07
-0.014365275000001176
-0.028730275000000915
-0.033518775000001
-0.038307275000001084
-0.03950427500000231
-0.04070127500000176
0.07661472499999888
-0.07182627500000116
-0.038307275000001084
-0.004788275000001008
-0.01077377500000054
-0.01675927500000185
-0.022744775000001383
-0.028730275000000915
-0.04309527500000243
-0.02713394166666916
-0.011172608333335887
0.004788724999997385
-0.05746027500000217
-0.014365275000001176
-0.01675927500000185
-0.019153275000002523
-0.019153275000002523
-0.019153275000002523
0.0023942249999979737
0.02394172499999847
0.004788391666664893
-0.014364941666668685
-0.03351827500000226
0.004788724999997385
-0.019153275000002523
-0.02394177500000083
-0.028730275000000915
-0.022345775000001566
-0.01596127500000044
-0.009576775000001092
-0.003192275000001743
0.0031922249999993824
0.009576724999998731
-0.03591277500000345
-0.04189852500000235
-0.04788427500000125
-0.033518775000001
-0.019153275000002523
-0.011970775000001765
-0.004788275000001008
-0.021547775000001934
-0.038307275000001084
0.009576724999998731
-0.011970775000001765
-0.03351827500000226
-0.02394177500000083
-0.014365275000001176
-0.011970775000001765
-0.009576275000002354
-0.012768608333335152
-0.015960941666669726
-0.019153275000002523
-0.028730275000000915
-0.03160327500000193
-0.034476275000001166
-0.03734927500000218
-0.04022227500000142
-0.04309527500000243
-0.004788275000001008
-0.028730275000000915
-0.028730275000000915
-0.01675927500000185
-0.004788275000001008
0.011971224999999919
0.02873072499999907
-0.007182275000001681
-0.04309527500000243
-0.0323214000000025
-0.021547525000002565
-0.010773650000002633
2.249999973003014e-07
-0.006384275000002049
-0.012768775000003174
-0.019153275000002523
-0.009576775000002868
-2.7500000143731995e-07
-0.038307275000001084
-0.03032660833333445
-0.022345941666667812
-0.014365275000001176
-0.023942275000001345
-0.02633627500000202
-0.028730275000000915
-0.021547775000001934
-0.014365275000001176
-0.01675927500000185
-0.019153275000002523
-0.018195575000001796
-0.017237875000002845
-0.016280175000002117
-0.015322475000003166
-0.014364775000002439
-0.013407075000001711
-0.01244937500000276
-0.011491675000002033
-0.010533975000003082
-0.009576275000002354
-0.01077377500000054
-0.011971275000000503
-0.021547775000001934
