-0.006464339999999957
-0.006464339999999957
-0.006464339999999957
-0.006464339999999957
-0.006464339999999957
0.0031124599999999836
0.00037623142857146075
-0.002359997142857173
-0.005096225714285696
-0.00783245428571433
-0.010568682857142853
-0.013304911428571486
-0.01604114000000001
-0.01604114000000001
-0.01604114000000001
-0.02561793999999995
-0.01604114000000001
-0.00885853999999997
-0.007661440000000019
-0.006464339999999957
-0.004070139999999944
-0.0016759399999999314
-0.0032720733333332364
-0.004868206666666652
-0.006464339999999957
-0.008060473333333262
-0.009656606666666678
-0.011252739999999983
-0.013304911428571375
-0.015357082857142879
-0.01740925428571427
-0.019461425714285663
-0.021513597142857055
-0.023565768571428558
-0.02561793999999995
0.007900879999999999
-0.01604114000000001
-0.0016759399999999314
-0.01604114000000001
-0.013168100000000016
-0.010295060000000023
-0.007422019999999918
-0.004548979999999925
-0.0016759399999999314
0.0021547880000000186
0.0059855160000000796
0.00981624400000003
0.01364697200000009
0.01747770000000004
-0.011252739999999983
-0.01604114000000001
-0.010055639999999921
-0.004070139999999944
-0.006464339999999957
-0.004070139999999944
-0.0016759399999999314
-0.003471589999999969
-0.005267239999999895
-0.007062889999999933
-0.00885853999999997
-0.010654190000000008
-0.012449840000000045
-0.014245489999999972
-0.01604114000000001
-0.0016759399999999314
-0.012848873333333288
-0.004868206666666652
0.0031124599999999836
0.0007182600000000816
-0.0016759399999999314
-0.004070139999999944
-0.006464339999999957
-0.007422019999999918
-0.00837969999999999
-0.00933737999999995
-0.010295060000000023
-0.011252739999999983
-0.0016759399999999314
0.00790086000000001
-0.020829540000000035
-0.011252739999999983
-0.0016759399999999314
-0.006464339999999957
-0.011252739999999983
-0.00885853999999997
-0.006464339999999957
-0.011252739999999983
-0.01604114000000001
-0.015243073333333301
-0.014445006666666704
-0.013646939999999996
-0.012848873333333288
-0.012050806666666691
-0.011252739999999983
-0.0016759399999999314
-0.004070139999999944
-0.005267239999999895
-0.006464339999999957
-0.011252739999999983
-0.01604114000000001
-0.011252739999999983
-0.006464339999999957
-0.00885853999999997
-0.011252739999999983
-0.010055639999999921
-0.00885853999999997
-0.007661440000000019
-0.006464339999999957
-0.0016759399999999314
-0.004070139999999944
-0.006464339999999957
-0.00885853999999997
-0.011252739999999983
-0.013646939999999996
-0.014844039999999947
-0.01604114000000001
-0.004070139999999944
0.00790086000000001
-0.0016759400000000424
-0.011252739999999983
-0.012449840000000045
-0.013646939999999996
-0.014844039999999947
-0.01604114000000001
-0.012449840000000045
-0.00885853999999997
-0.006464339999999957
-0.004070139999999944
-0.0016759399999999314
-0.0016759399999999314
-0.020829540000000035
-0.01604114000000001
-0.011252739999999983
-0.012848873333333288
-0.014445006666666704
-0.01604114000000001
-0.01604114000000001
-0.014125779999999977
-0.012210419999999944
-0.010295060000000023
-0.00837969999999999
-0.006464339999999957
-0.0016759399999999314
-0.004070139999999944
-0.006464339999999957
-0.004548979999999925
-0.002633620000000003
-0.0007182599999999706
0.001197099999999951
0.0031124599999999836
-0.006464339999999957
-0.01604114000000001
-0.01604114000000001
-0.01604114000000001
-0.006464339999999957
-0.0032720733333333474
-7.980666666662639e-05
0.0031124599999999836
-0.011252739999999983
-0.00933737999999995
-0.007422019999999918
-0.0055066599999999966
-0.003591299999999964
-0.0016759399999999314
-0.00885853999999997
-0.01723823999999996
-0.02561793999999995
-0.02442084
-0.023223739999999937
-0.022026639999999875
-0.020829539999999924
-0.012848873333333288
-0.004868206666666652
0.0031124599999999836
0.0031124599999999836
0.0031124599999999836
-0.0032720733333333474
-0.009656606666666678
-0.01604114000000001
-0.006464339999999957
-0.006464339999999957
-0.011252739999999983
-0.01604114000000001
-0.011252739999999983
-0.006464339999999957
-0.0016759400000000424
0.0031124599999999836
0.00790086000000001
-0.006464339999999957
0.012689300000000014
0.003112486666666636
-0.006464326666666631
-0.01604114000000001
-0.012449840000000045
-0.00885853999999997
-0.005267239999999895
-0.0016759399999999314
-0.011252739999999983
0.01747770000000004
0.013753384444444516
0.010029068888888881
0.006304753333333357
0.002580437777777833
-0.001143877777777802
-0.004868193333333326
-0.00859250888888885
-0.012316824444444485
-0.01604114000000001
-0.010055639999999921
-0.004070139999999944
0.022266100000000066
-0.020829540000000035
-0.01604114000000001
-0.011252739999999983
-0.013646939999999996
-0.01604114000000001
0.01747770000000004
-0.020829540000000035
-0.018435340000000022
-0.01604114000000001
-0.013646939999999996
-0.008459499999999953
-0.003272060000000021
0.001915380000000022
0.007102820000000065
0.012290259999999997
0.01747770000000004
-0.0016759399999999314
0.00790086000000001
-0.011252739999999983
-0.011252739999999983
0.012689300000000014
-0.0016759399999999314
-0.011252739999999983
-0.020829540000000035
-0.01604114000000001
-0.012210420000000055
-0.00837969999999999
-0.004548980000000036
-0.0007182599999999706
0.0031124599999999836
-0.0016759399999999314
0.0007182600000000816
0.0031124599999999836
0.0010602885714285915
-0.0009918828571429117
-0.003044054285714304
-0.005096225714285696
-0.007148397142857088
-0.009200568571428591
-0.011252739999999983
-0.013646939999999996
-0.03519474
-0.029209240000000025
-0.023223740000000048
-0.01723823999999996
-0.011252739999999983
-0.012620854285714245
-0.013988968571428617
-0.015357082857142879
-0.01672519714285714
-0.0180933114285714
-0.019461425714285774
-0.020829540000000035
-0.011252719999999994
-0.01604114000000001
0.010295080000000012
0.03663130000000003
-0.03519474
-0.03200247333333328
-0.02881020666666667
-0.02561793999999995
-0.02242567333333334
-0.01923340666666662
-0.01604114000000001
-0.012848873333333288
-0.009656606666666678
-0.006464339999999957
-0.03998314000000003
0.0007182749999999904
0.004708616666666665
0.00869895833333334
0.012689300000000014
-0.004070120000000066
-0.01604114000000001
-0.004070139999999944
0.00790086000000001
0.001197100000000062
-0.0055066599999999966
-0.012210419999999944
-0.018914180000000003
-0.02561793999999995
0.046208090000000035
-0.03998314000000003
-0.01604114000000001
0.00790086000000001
-0.04477153999999994
-0.00885851999999998
0.02705449999999998
-0.006464319999999968
-0.03998314000000003
-0.006464339999999957
-0.009124562222222132
-0.011784784444444418
-0.014445006666666593
-0.01710522888888888
-0.019765451111111054
-0.02242567333333334
-0.025085895555555515
-0.0277461177777778
-0.030406339999999976
0.007900879999999999
0.0031124599999999836
-0.030406339999999976
0.0031124599999999836
-0.020829540000000035
-0.011252739999999983
-0.0016759399999999314
-0.016041139999999898
-0.030406339999999976
-0.020829539999999924
-0.011252739999999983
-0.0016759399999999314
-0.01604114000000001
-0.009656606666666678
-0.0032720733333333474
0.0031124599999999836
-0.0016759400000000424
-0.006464339999999957
-0.007062889999999933
-0.007661440000000019
-0.008259989999999995
-0.00885853999999997
-0.01604114000000001
-0.006464340000000068
0.0031124599999999836
-0.0007182599999999706
-0.004548980000000036
-0.00837969999999999
-0.012210420000000055
-0.01604114000000001
-0.001675919999999942
0.012689300000000014
-0.03998314000000003
0.00790086000000001
-0.01604114000000001
-0.00885853999999997
-0.0016759399999999314
-0.006464339999999957
-0.011252739999999983
-0.011252739999999983
-0.011252739999999983
-0.015083459999999937
-0.018914180000000003
-0.022744899999999957
-0.026575620000000022
-0.030406339999999976
0.0031124599999999836
0.001197099999999951
-0.0007182599999999706
-0.002633620000000003
-0.004548979999999925
-0.006464339999999957
-0.006464339999999957
-0.02561793999999995
-0.0016759399999999314
-0.002274489999999907
-0.0028730399999999934
-0.003471589999999969
-0.004070139999999944
-0.00466868999999992
-0.005267239999999895
-0.005865789999999982
-0.006464339999999957
-0.020829540000000035
-0.030406339999999976
-0.0016759399999999314
-0.006464339999999957
-0.0016759399999999314
-0.0016759399999999314
0.0007182600000000816
0.0031124599999999836
0.0031124599999999836
0.0031124599999999836
0.00037623142857146075
-0.002359997142857173
-0.005096225714285696
-0.00783245428571433
-0.010568682857142853
-0.013304911428571486
-0.01604114000000001
-0.004070139999999944
0.00790086000000001
-0.030406339999999976
0.0031124599999999836
-0.0016759399999999314
0.0007182600000000816
-0.0016759399999999314
-0.004070139999999944
-0.006464339999999957
-0.004868206666666652
-0.0032720733333332364
-0.0016759399999999314
-0.0016759399999999314
-0.0016759399999999314
-0.0016759399999999314
-0.0016759399999999314
-0.0016759399999999314
-0.0016759399999999314
-0.011252739999999983
-0.020829540000000035
-0.02561793999999995
-0.024021806666666645
-0.02242567333333334
-0.020829540000000035
-0.0016759399999999314
-0.013646939999999996
-0.009656606666666678
-0.005666273333333249
-0.0016759399999999314
-0.004070139999999944
-0.006464339999999957
-0.00885853999999997
-0.011252739999999983
-0.011252739999999983
-0.011252739999999983
-0.011252739999999983
-0.011252739999999983
-0.011252739999999983
-0.011252739999999983
-0.011252739999999983
-0.011252739999999983
-0.011252739999999983
-0.011252739999999983
-0.011252739999999983
-0.011252739999999983
-0.0016759400000000424
-0.006464340000000068
-0.009656606666666567
-0.008592517777777697
-0.007528428888888827
-0.006464339999999957
-0.0016759400000000424
-0.004868206666666652
-0.008060473333333373
-0.011252739999999983
-0.00885853999999997
-0.006464339999999957
-0.009656606666666678
-0.012848873333333288
-0.01604114000000001
-0.006464339999999957
-0.0016759399999999314
0.0031124599999999836
0.00790086000000001
0.0031124599999999836
-0.0016759399999999314
-0.0016759399999999314
-0.0016759400000000424
-0.0016759400000000424
-0.0016759400000000424
-0.004868206666666652
-0.008060473333333373
-0.011252739999999983
-0.011252739999999983
-0.006464339999999957
-0.0016759399999999314
0.0007182600000000816
0.0031124599999999836
-0.0004788399999999804
-0.004070139999999944
-0.007661440000000019
-0.011252739999999983
-0.00885853999999997
-0.006464339999999957
-0.009656606666666678
-0.012848873333333288
-0.01604114000000001
-0.014844039999999947
-0.013646939999999996
-0.012449840000000045
-0.011252739999999983
-0.0016759399999999314
-0.01604114000000001
-0.03519474
-0.006464339999999957
-0.006464339999999957
-0.006464339999999957
-0.006464339999999957
-0.006464339999999957
-0.0016759400000000424
0.0031124599999999836
-0.00885853999999997
-0.020829540000000035
-0.00885853999999997
-0.012449840000000045
-0.01604114000000001
-0.00885853999999997
-0.0016759399999999314
-0.008060473333333262
-0.014445006666666704
