-0.027293925000000385
-0.031124724999999742
-0.034955525000000875
-0.03878632500000023
-0.03878632500000023
-0.005267325000000156
-0.005266825000001418
-0.005266991666667664
-0.00526715833333391
-0.005267325000000156
-0.005267325000000156
-0.005267325000000156
-0.005267325000000156
-0.005267325000000156
-0.005267325000000156
-0.005267325000000156
-0.005267325000000156
-0.005267325000000156
-0.005267325000000156
-0.005267325000000156
-0.005267325000000156
-0.005267325000000156
-0.00047832500000133393
-0.01484382499999981
-0.010055325000001503
-0.022026825000001082
-0.035194575000002004
-0.04836232500000115
-0.04237688750000146
-0.03639144999999999
-0.0304060125000003
-0.02442057500000061
-0.01843513750000092
-0.01244970000000123
-0.006464262499999762
-0.00047882500000007155
0.009097674999999583
0.04501117499999907
0.06655867499999957
0.047405174999999744
0.02825167499999992
-0.010055324999999726
-0.04836232500000115
-0.07230432500000106
-0.09624632500000097
-0.09576752500000119
-0.0952887250000014
-0.09480992500000163
-0.09433112500000185
-0.09385232500000029
-0.09337352500000051
-0.09289472500000073
-0.09241592500000095
-0.09193712500000117
-0.0914583250000014
-0.06751632500000149
-0.06033382500000073
0.018674674999999752
0.059376175000000586
0.05378967500000087
0.048203174999999376
0.04261667499999966
0.039623924999999005
0.03663117500000013
0.03363842499999947
0.030645674999998818
0.02765292499999994
0.024660174999999285
0.021667425000000406
0.018674674999999752
0.013886674999998405
-0.01723782500000226
-0.019632324999999895
-0.029208991666667572
-0.03878565833333347
-0.04836232500000115
-0.048797688636364356
-0.04923305227272756
-0.049668415909092545
-0.05010377954545575
-0.05053914318181896
-0.050974506818182164
-0.05140987045454537
-0.051845234090908576
-0.05228059772727356
-0.052715961363636765
-0.05315132499999997
-0.03240165833333464
0.02825167499999992
0.06177017499999948
0.03303967499999949
0.0019151750000006018
-0.029209325000000064
-0.03346565833333415
-0.037721991666666455
-0.04197832500000054
-0.04623465833333462
-0.05049099166666693
-0.05474732500000101
-0.059003658333335096
-0.0632599916666674
-0.06751632500000149
-0.07469882500000047
-0.017238325000000998
-0.0016758250000012964
0.013886674999998405
0.013886674999998405
-0.012449825000000914
-0.03878632500000023
-0.05793932500000132
-0.055811213888890876
-0.05368310277777866
-0.051554991666668215
-0.049426880555555996
-0.047298769444445554
-0.045170658333333336
-0.04304254722222289
-0.040914436111110675
-0.03878632500000023
0.02825167499999992
0.07613567499999974
0.06895317500000075
0.061770675
0.018674674999999752
-0.04836232500000115
-0.06272782499999963
-0.07709332499999988
-0.07613562499999915
-0.0751779250000002
-0.07422022500000125
-0.07326252500000052
-0.0723048249999998
-0.07134712500000084
-0.07038942500000189
-0.06943172500000117
-0.06847402500000044
-0.06751632500000149
-0.04357432500000158
0.012290341666666649
-0.05793932500000132
-0.026814825000000653
0.004309675000000013
0.004309675000000013
0.004309675000000013
0.004309675000000013
0.004309675000000013
0.004309675000000013
0.004309675000000013
0.004309675000000013
0.004309675000000013
0.03782867500000009
0.004309675000000013
-0.02202632500000057
-0.04836232500000115
-0.08666982500000131
-0.12497732500000147
-0.10821782500000054
-0.0914583250000014
-0.06033382500000073
-0.029209325000000064
-0.031124724999999742
-0.03304012499999942
-0.034955525000000875
-0.036870925000000554
-0.03878632500000023
0.059376175000000586
0.06835455000000046
0.07733292500000033
0.0863113000000002
0.09528967500000007
-0.019632324999999895
-0.04118032499999913
-0.06272832500000014
0.02825167499999992
-0.02202632500000057
-0.07230432500000106
-0.07410001250000064
-0.07589570000000023
-0.0776913875000016
-0.07948707500000118
-0.08128276250000077
-0.08307845000000214
-0.08487413750000172
-0.08666982500000131
0.016280675000000855
-0.04357432500000158
-0.02681482500000243
-0.010055325000001503
0.018675008333332244
0.04740534166666599
0.07613567499999974
-0.12018832500000087
-0.10240289642857192
-0.08461746785714297
-0.06683203928571402
-0.04904661071428684
-0.03126118214285789
-0.013475753571428939
0.004309675000000013
0.0569816749999994
0.0809236749999993
-0.03160332500000074
-0.018435325000000446
-0.005267325000000156
-0.02761299166666653
-0.04995865833333468
-0.07230432500000106
-0.1393423250000012
-0.120188725000002
-0.101035125000001
-0.08188152500000001
-0.0627279250000008
-0.04357432500000158
-0.024420725000000587
-0.005267124999999595
0.01388647499999962
0.033040074999998836
0.05219367499999983
-0.03399782500000015
0.013886674999998405
-0.002872825000000745
-0.09624632500000097
-0.045170325000000844
0.0059056749999992775
0.0569816749999994
-0.05315132499999997
-0.055279436111110414
-0.05740754722222263
-0.059535658333333075
-0.06166376944444529
-0.06379188055555574
-0.06591999166666795
-0.0680481027777784
-0.07017621388889062
-0.07230432500000106
0.023463674999998574
0.11444267499999938
-0.055545325000000645
0.023463674999998574
-0.09624632500000097
-0.09624632500000097
-0.09624632500000097
-0.07517742500000146
-0.054108525000000185
-0.03303962500000068
-0.011970725000001181
0.00909817499999832
0.0301670749999996
0.0512359749999991
0.0723048749999986
0.09337377499999988
0.11444267499999938
0.09688523055555542
0.07932778611110969
0.06177034166666573
0.04421289722222177
0.026655452777776034
0.009098008333332075
-0.008459436111111884
-0.02601688055555762
-0.04357432500000158
0.03782867500000009
-0.053150825000001234
0.0354341749999989
-0.04357432500000158
-0.045968325000000476
-0.03782812500000077
-0.02968792500000106
-0.021547724999999573
-0.013407524999999865
-0.005267325000000156
0.02825167499999992
-0.10103532500000156
0.018674674999999752
0.11444267499999938
0.09848134166666611
0.08252000833333284
0.06655867499999957
0.050597341666666296
0.034636008333333024
0.018674674999999752
0.00271334166666648
-0.013247991666666792
-0.029209325000000064
-0.045170658333333336
-0.06113199166666661
-0.07709332499999988
0.07134767499999839
-0.045968325000000476
-0.00047832500000133393
-0.029209325000000064
-0.021373779545454497
-0.01353823409090893
-0.005702688636363362
0.002132856818182205
0.009968402272727772
0.017803947727271563
0.02563949318181713
0.0334750386363627
0.041310584090908264
0.04914612954545383
0.0569816749999994
-0.10103532500000156
-0.01803632500000063
-0.005666324999999972
0.006703675000000686
-0.013646825000000362
-0.03399732500000141
-0.02548465833333502
-0.01697199166666863
-0.008459325000000462
5.334166666592921e-05
0.00856600833333232
0.01707867499999871
0.025591341666666878
0.03410400833333327
0.04261667499999966
-0.029209325000000064
-0.012449325000002176
-0.04357432500000158
0.004309675000000013
-0.03399732500000141
-0.07230432500000106
-0.005266824999999642
0.061770675
0.05403552115384613
0.04630036730769227
0.038565213461538406
0.030830059615384542
0.023094905769230678
0.015359751923076814
0.0076245980769229504
-0.00011055576923091337
-0.007845709615384777
-0.015580863461538641
-0.023316017307692505
-0.03105117115384637
-0.03878632500000023
-0.026016991666667266
-0.018036324999998854
0.004309675000000013
0.0056155840909095645
0.00692149318181734
0.008227402272726891
0.009533311363636443
0.010839220454545995
0.01214512954545377
0.013451038636363322
0.014756947727272873
0.016062856818182425
0.0173687659090902
0.018674674999999752
-0.019632324999999895
-0.05793932500000132
-0.027612991666668307
-0.007661325000000829
-0.02322382500000053
-0.03878632500000023
0.07613567499999974
0.05027827500000015
0.024420875000000564
-0.001436525000000799
-0.027293925000000385
-0.05315132499999997
-0.002872825000000745
-0.025617575000001835
-0.04836232500000115
-0.029208825000001326
-0.010055325000001503
-0.012449825000000914
-0.014844325000000325
-0.021228658333333428
-0.027612991666668307
-0.03399732500000141
0.004309675000000013
0.003003765909090461
0.0016978568181809095
0.0003919477272731342
-0.0009139613636364174
-0.002219870454545969
-0.0035257795454555207
-0.004831688636365072
-0.006137597727274624
-0.007443506818182399
-0.008749415909091951
-0.010055325000001503
-0.01125257500000032
-0.012449825000000914
-0.03878632500000023
-0.02442032500000124
0.00670367499999891
0.004309675000000013
0.004309675000000013
0.004309675000000013
0.004309675000000013
0.004309675000000013
0.004309675000000013
0.004309675000000013
0.004309675000000013
-0.038785825000001495
-0.01484382499999981
0.004309924999999382
0.023463674999998574
0.01867517499999849
0.013886674999998405
-0.012449825000000914
-0.03878632500000023
-0.030646024999999355
-0.022505725000000254
-0.014365425000001153
-0.006225125000000276
0.0019151750000006018
0.010055474999999703
0.018195774999998804
0.02633607499999968
0.03447637500000056
0.04261667499999966
-0.04357432500000158
-0.03399732500000141
0.009097674999999583
-0.00047832500000133393
-0.012449325000002176
-0.02442032500000124
-0.019632324999999895
-0.014844325000000325
-0.01524332500000014
-0.015642324999999957
-0.016041324999999773
-0.016440325000001366
-0.016839325000001182
-0.017238325000000998
0.009097674999999583
0.009097674999999583
-0.06272832500000014
-0.026815325000001167
0.009097674999999583
-0.0020749916666673585
-0.0132476583333343
-0.02442032500000124
-0.030804991666668613
-0.03718965833333421
-0.04357432500000158
-0.03878588055555632
-0.03399743611111283
-0.029208991666667572
-0.024420547222224087
-0.019632102777778826
-0.014843658333335341
-0.01005521388889008
-0.005266769444446595
-0.00047832500000133393
-0.0132476583333343
-0.026016991666667266
-0.03878632500000023
-0.019632324999999895
-0.011252824999999689
-0.0028733249999994825
-0.005267325000000156
-0.03160332500000074
-0.030406158333335043
-0.029208991666667572
-0.0280118250000001
-0.026814658333334407
-0.025617491666668712
-0.02442032500000124
-0.018036324999998854
-0.016972324999999344
-0.015908324999999834
-0.014844325000000325
-0.00047832500000133393
-0.005266825000001418
-0.010055325000001503
-0.016439991666667098
-0.02282465833333447
-0.029209325000000064
-0.026815158333333144
-0.024420991666666225
-0.022026825000001082
-0.019632658333334163
-0.017238491666667244
-0.014844325000000325
-0.014844325000000325
-0.019632324999999895
-0.005267325000000156
-0.01005582500000024
-0.014844325000000325
-0.005267325000000156
0.004309675000000013
-0.0004786583333338257
-0.005266991666667664
-0.010055325000001503
-0.010454408333334442
-0.01085349166666738
-0.01125257500000032
-0.011651658333335035
-0.012050741666667975
-0.012449825000000914
-0.012848908333333853
-0.013247991666666792
-0.013647075000001507
-0.014046158333334446
