0.0041898500000000505
0.008978250000000076
0.013766650000000102
0.01137245000000009
0.008978250000000076
-0.0005985499999998645
0.0065840500000000635
0.013766650000000102
0.008978250000000076
0.0041898500000001615
-0.0005985499999998645
0.0041898500000000505
-0.0029927499999999885
-0.010175349999999916
-0.010175349999999916
-0.010175349999999916
-0.010175349999999916
-0.010175349999999916
-0.010175349999999916
-0.010175349999999916
-0.010175349999999916
-0.0005985499999998645
-0.0005985499999998645
-0.0053869499999998904
-0.010175349999999916
0.013766650000000102
0.0057859833333334665
-0.0021946833333332805
-0.010175349999999916
-0.010175349999999916
-0.010175349999999916
-0.010175349999999916
-0.007781149999999903
-0.0053869499999998904
-0.0029927499999998775
-0.0005985499999998645
-0.0005985499999998645
-0.0005985499999998645
-0.0037908166666665855
-0.006983083333333195
-0.010175349999999916
-0.024540549999999883
-0.010175349999999916
-0.014963749999999942
-0.019752149999999857
0.008978250000000076
0.0065840500000000635
0.0041898500000000505
-0.0005985499999999755
-0.0053869499999998904
-0.010175349999999916
-0.014963749999999942
-0.024540549999999883
-0.019752149999999857
-0.014963749999999942
-0.010175349999999916
-0.0053869499999998904
-0.010175349999999916
-0.013367616666666526
-0.016559883333333247
-0.019752149999999857
-0.013367616666666526
-0.006983083333333195
-0.0005985499999998645
-0.024540549999999883
-0.02334344999999982
-0.02214634999999987
-0.02094924999999992
-0.019752149999999857
-0.018156016666666552
-0.016559883333333247
-0.014963749999999942
-0.010175349999999916
0.0041898500000000505
-0.024540549999999883
-0.024540549999999883
-0.02214634999999987
-0.019752149999999857
-0.019752149999999857
-0.019752149999999857
-0.010175349999999916
-0.0005985499999998645
-0.0037908166666665855
-0.006983083333333195
-0.010175349999999916
0.0041898500000000505
0.0041898500000000505
0.0041898500000000505
-0.0053869499999998904
-0.014963749999999942
-0.007781149999999903
-0.0005985499999998645
-0.0005985499999998645
-0.0005985499999998645
0.0057859833333334665
0.012170516666666797
0.01855505000000013
0.0041898500000000505
0.0053869500000001125
0.0065840500000000635
0.0077811500000000144
0.008978250000000076
-0.0005985499999998645
0.0041898500000001615
0.008978250000000076
-0.0053869499999998904
-0.007781149999999903
-0.010175349999999916
-0.008579216666666611
-0.006983083333333195
-0.0053869499999998904
-0.007781149999999903
-0.010175349999999916
-0.0037908166666665855
0.0025937166666667455
0.008978250000000076
0.0065840500000000635
0.0041898500000001615
0.0017956500000001485
-0.0005985499999998645
0.0041898500000001615
0.004873907142857292
0.005557964285714423
0.006242021428571554
0.006926078571428684
0.007610135714285815
0.008294192857142946
0.008978250000000076
0.016160850000000115
0.013766650000000102
0.01855505000000013
0.01855505000000013
0.01855505000000013
0.01855505000000013
-0.0005985499999998645
0.013766650000000102
0.02813185000000007
0.022545383333333446
0.016958916666666712
0.01137245000000009
0.0057859833333334665
0.0001995166666667325
-0.0053869499999998904
0.0041898500000000505
0.016160850000000115
0.008978250000000076
0.008180183333333368
0.0073821166666667715
0.0065840500000000635
0.0057859833333333555
0.0049879166666667585
0.0041898500000000505
-0.010175349999999916
-0.01256954999999993
-0.014963749999999942
0.013766650000000102
0.0065840500000000635
0.0025937166666667455
-0.0013966166666665725
-0.0053869499999998904
-0.007781149999999903
-0.010175349999999916
-0.010175349999999916
-0.010175349999999916
-0.010175349999999916
-0.011771483333333221
-0.013367616666666637
-0.014963749999999942
-0.011771483333333221
-0.008579216666666611
-0.0053869499999998904
-0.019752149999999857
-0.019752149999999857
-0.01975214999999997
-0.01975214999999997
-0.01975214999999997
-0.024540549999999883
-0.014963749999999942
-0.0053869499999998904
-0.006983083333333195
-0.008579216666666611
-0.010175349999999916
-0.009377283333333208
-0.008579216666666611
-0.007781149999999903
-0.010175349999999916
-0.01256954999999993
-0.014963749999999942
-0.010175349999999916
-0.0053869499999998904
-0.003471589999999858
-0.0015562299999999363
0.0003591300000000963
0.002274490000000018
0.0041898500000000505
-0.010175349999999916
-0.029329009999999878
-0.0053869499999998904
-0.006584049999999841
-0.007781149999999903
-0.008978249999999965
-0.010175349999999916
-0.010175349999999916
-0.0041898499999999395
0.0017956500000000375
-0.0005985499999999755
-0.0029927499999998775
-0.0053869499999998904
0.032920250000000095
0.01137245000000009
-0.010175349999999916
0.0065840500000000635
0.023343450000000154
0.017357950000000177
0.01137245000000009
0.0053869500000001125
-0.0005985499999998645
0.01855505000000013
0.013766650000000102
0.008978250000000076
0.013766650000000102
0.008978250000000076
0.0041898500000000505
0.0065840500000000635
0.008978250000000076
0.0017956500000000375
-0.0053869499999998904
0.008978250000000187
0.023343450000000154
0.016160850000000115
0.008978250000000187
0.0017956500000001485
-0.0053869499999998904
0.0017956500000001485
0.008978250000000187
0.016160850000000115
0.023343450000000154
0.0041898500000000505
0.0065840500000000635
0.008978250000000076
0.01137245000000009
0.0005985500000000865
-0.010175349999999916
-0.01256954999999993
-0.014963749999999942
-0.024540579999999923
-0.034117409999999904
-0.01815605666666653
-0.00219470333333327
0.013766650000000102
0.0009975833333334405
-0.011771483333333221
-0.024540549999999883
-0.014963749999999942
-0.019752149999999857
-0.014963749999999831
-0.010175349999999916
-0.0053869499999998904
-0.019752149999999857
-0.017357949999999844
-0.014963749999999942
-0.021348303333333263
-0.027732856666666583
-0.034117409999999904
-0.025737694999999894
-0.017357979999999884
-0.008978264999999874
-0.0005985499999998645
0.0041898500000000505
-0.014963749999999942
-0.014963749999999942
-0.014963749999999942
-0.014963749999999942
-0.014963749999999942
-0.014963749999999942
0.0065840500000000635
-0.014963749999999942
-0.019752149999999857
-0.010175343333333142
-0.0005985366666665382
0.008978270000000066
0.01855507666666678
0.028131883333333496
0.0377086900000001
0.020151210000000086
0.002593730000000072
-0.014963749999999942
-0.02214637999999991
0.0041898500000000505
-0.010175349999999916
-0.024540549999999883
0.0041898500000000505
-0.0005985499999999755
-0.0053869499999998904
-0.010175349999999916
0.013766650000000102
0.003232158000000096
-0.00730233399999991
-0.017836825999999917
-0.028371317999999923
-0.03890580999999993
-0.0005985499999998645
-0.0005985499999998645
-0.0005985499999998645
-0.004788406249999877
-0.00897826249999989
-0.013168118749999902
-0.017357974999999914
-0.011372462499999902
-0.0053869499999998904
-0.0020350699999999167
0.001316810000000057
0.004668690000000142
0.008020570000000116
0.01137245000000009
0.014724330000000063
0.018076210000000037
0.021428090000000122
0.024779970000000096
0.02813185000000007
0.0041898500000001615
-0.019752149999999857
0.008978250000000076
-0.010175349999999916
0.008978250000000076
-0.010175349999999916
-0.007439121428571394
-0.00470289285714276
-0.001966664285714237
0.0007695642857143969
0.0035057928571429198
0.006242021428571554
0.008978250000000076
-0.010175349999999916
-0.029329009999999878
0.0065840500000000635
0.0009975833333334405
-0.0045888833333332935
-0.010175349999999916
-0.029329009999999878
0.01137247000000019
0.017357960000000228
0.023343450000000154
-0.0005985499999998645
0.008978250000000187
0.01855505000000013
0.0017956500000000375
-0.014963749999999942
-0.0005985499999998645
0.013766650000000102
0.0065840500000000635
-0.0005985499999998645
-0.007781149999999903
-0.014963749999999942
-0.0053869499999998904
0.0041898500000000505
0.013766650000000102
-0.0053869499999998904
0.008978250000000187
0.023343450000000154
0.0017956500000001485
-0.019752149999999857
-0.007781149999999903
0.0041898500000001615
0.016160850000000115
0.02813185000000007
-0.024540549999999883
-0.014963749999999942
-0.0053869499999998904
0.0041898500000000505
0.003591300000000075
0.0029927500000000995
0.002394200000000124
0.0017956500000000375
0.001197100000000062
0.0005985500000000865
1.1102230246251565e-16
-0.0005985499999998645
-0.0053869499999998904
0.013766650000000102
-0.019752149999999857
-0.010175379999999956
-0.012090733999999936
-0.014006087999999917
-0.015921441999999897
-0.017836795999999877
-0.019752149999999857
-0.0005985499999998645
-0.029329009999999878
-0.014963779999999871
-0.0005985499999998645
-0.0017956499999998154
-0.0029927499999998775
-0.0041898499999999395
-0.0053869499999998904
-0.019752149999999857
-0.013367616666666526
-0.006983083333333195
-0.0005985499999998645
-0.006185016666666487
-0.011771483333333221
-0.017357949999999844
-0.01376664999999988
-0.010175349999999916
-0.011133029999999877
-0.012090709999999949
-0.01304838999999991
-0.014006069999999982
-0.014963749999999942
-0.0053869499999998904
-0.004748496666666546
-0.004110043333333202
-0.003471589999999858
-0.0028331366666666247
-0.0021946833333332805
-0.0015562299999999363
-0.0009177766666665921
-0.0002793233333332479
0.0003591300000000963
0.0009975833333334405
0.0016360366666667847
0.002274490000000018
0.002912943333333362
0.0035513966666667063
0.0041898500000000505
0.008978250000000076
-0.0005985499999998645
-0.0053869499999998904
-0.0005985499999998645
-0.0005985499999998645
0.023343450000000154
-0.0005985499999998645
0.0041898500000001615
0.01855505000000013
0.032920250000000095
-0.019752149999999857
-0.014963749999999831
-0.010175349999999916
-0.0053869499999998904
-0.0005985499999998645
0.0041898500000001615
0.008978250000000076
0.013766650000000102
0.01855505000000013
0.023343450000000043
0.02813185000000007
-0.010175349999999916
0.023343450000000154
0.008978250000000076
-0.0005985499999998645
0.0041898500000001615
0.008978250000000076
0.013766650000000102
0.008978250000000076
0.0041898500000001615
-0.0005985499999998645
0.013766650000000102
-0.019752149999999857
-0.018555049999999906
-0.017357949999999844
-0.016160849999999893
-0.014963749999999831
-0.01376664999999988
-0.012569549999999818
-0.011372449999999867
-0.010175349999999916
-0.008978249999999854
-0.007781149999999903
-0.006584049999999841
-0.0053869499999998904
-0.0041898499999998284
-0.0029927499999998775
-0.0017956499999998154
-0.0005985499999998645
-0.007781149999999903
-0.014963749999999942
-0.011771483333333221
-0.008579216666666611
-0.0053869499999998904
-0.006983083333333195
-0.0029927499999998775
-0.007781149999999903
-0.014963749999999942
-0.0053869499999998904
-0.007781149999999903
-0.010175349999999916
-0.010175349999999916
-0.010175349999999916
-0.010175349999999916
-0.010175349999999916
-0.0005985499999998645
0.008978250000000076
-0.0053869499999998904
-0.0029927499999998775
-0.0005985499999998645
-0.0037908233333332486
-0.006983096666666522
-0.010175369999999906
-0.013367643333333179
-0.016559916666666563
-0.019752189999999836
-0.02294446333333322
-0.026136736666666494
-0.029329009999999878
0.0041898500000000505
-0.007781149999999903
-0.0005985499999998645
-0.010175349999999916
0.0017956500000000375
0.013766650000000102
0.0041898500000001615
-0.0053869499999998904
-0.003471589999999858
-0.0015562299999999363
0.0003591300000000963
0.002274490000000018
0.0041898500000000505
0.013766650000000102
0.01137245000000009
