-0.06919242999999997
-0.06121176666666667
-0.05323110333333331
-0.04525044
0.007422020000000029
0.028969840000000024
0.05051766000000002
0.046926360000000056
0.04333505999999998
0.03974376000000002
0.03615246000000005
-0.04046203999999998
-0.037269773333333256
-0.034077506666666646
-0.030885239999999925
-0.021308379999999905
0.03136402000000005
0.026575620000000022
0.021787220000000107
0.01699882000000008
0.009018153333333445
0.0010374866666666982
-0.006943179999999938
-0.011731579999999964
-0.021308379999999905
-0.011731579999999964
-0.00933737999999995
-0.006943179999999938
-0.0037509133333333278
-0.0005586466666666068
0.002633620000000003
-0.00010260857142851965
-0.0028388371428571535
-0.005575065714285676
-0.00831129428571431
-0.011047522857142833
-0.013783751428571467
-0.01651997999999999
0.0002394199999999902
0.01699882000000008
-0.0021547799999999118
-0.030885239999999925
0.03136402000000005
0.03615246000000005
-0.03567363999999995
0.04094086000000008
0.02082956200000008
0.0007182640000000795
-0.01939303399999992
-0.03950433199999992
-0.059615629999999975
-0.021308379999999905
0.05051766000000002
-0.06440402999999995
-0.03327940499999993
-0.0021547799999999118
0.002633620000000114
0.007422020000000029
-0.011731596666666677
-0.030885213333333272
-0.05003882999999992
-0.030885239999999925
-0.00933740999999988
0.012210420000000055
0.012210420000000055
0.012210420000000055
0.012210420000000055
0.009018153333333334
0.005825886666666724
0.002633620000000003
-0.01332773333333337
-0.02928908666666663
-0.04525044
-0.011731579999999964
0.002633620000000114
0.01699882000000008
-0.00933740999999988
-0.03567363999999995
-0.0069432099999999775
0.021787220000000107
0.01061428666666675
-0.0005586466666666068
-0.011731579999999964
-0.0021547799999999118
0.007422020000000029
0.0067379628571428984
0.006053905714285768
0.005369848571428637
0.004685791428571395
0.004001734285714265
0.003317677142857134
0.002633620000000003
0.002633620000000003
-0.021308379999999905
-0.011731579999999964
0.01699882000000008
0.01699882000000008
0.013407520000000117
0.009816220000000042
0.006224919999999967
0.002633620000000003
0.002633620000000003
-0.0021547799999999118
-0.006943179999999938
-0.006943179999999938
-0.006943179999999938
-0.006943179999999938
-0.006943179999999938
-0.006943179999999938
-0.006943179999999938
-0.006943179999999938
-0.00933737999999995
-0.011731579999999964
0.002633620000000003
0.009816220000000042
0.007422020000000029
0.002633620000000003
-0.0021547799999999118
-0.006943179999999938
-0.011731579999999964
0.0002394199999999902
0.012210420000000055
0.004229753333333419
-0.0037509133333333278
-0.011731579999999964
-0.01651997999999999
-0.01651997999999999
-0.012928679999999915
-0.00933737999999995
-0.005746079999999987
-0.0021547799999999118
-0.005347046666666633
-0.008539313333333243
-0.011731579999999964
-0.021308379999999905
0.007422020000000029
-0.006943179999999938
-0.005347046666666633
-0.0037509133333332167
-0.0021547799999999118
0.0002394199999999902
0.002633620000000003
0.005027820000000016
0.007422020000000029
0.007422020000000029
0.005027820000000016
0.002633620000000114
0.00023942000000010122
-0.0021547799999999118
-0.004548979999999925
-0.006943179999999938
-0.01651997999999999
-0.011731579999999964
-0.006943179999999938
-0.011731579999999964
-0.011731579999999964
-0.011731579999999964
-0.013327713333333269
-0.014923846666666574
-0.01651997999999999
-0.018116113333333295
-0.0197122466666666
-0.021308379999999905
-0.0021547799999999118
-0.006943179999999938
-0.006943179999999938
-0.006943179999999938
-0.006943179999999938
-0.0021547799999999118
-0.0005586466666666068
0.0010374866666666982
0.002633620000000003
0.002633620000000003
0.0002394199999999902
-0.0021547799999999118
-0.004548979999999925
-0.006943179999999938
-0.005746079999999987
-0.004548979999999925
0.007422020000000029
0.003830720000000065
0.0002394199999999902
-0.0033518799999999738
-0.006943179999999938
0.002633620000000003
0.0002394199999999902
-0.0021547799999999118
-0.004548979999999925
-0.006943179999999938
-0.00933737999999995
-0.004070139999999944
0.001197100000000062
0.006464340000000068
0.011731580000000075
0.01699882000000008
0.012210420000000055
0.002633620000000003
-0.0021547799999999118
-0.006943179999999938
-0.006943179999999938
-0.006943179999999938
-0.006943179999999938
-0.006943179999999938
-0.0021547799999999118
0.002633620000000003
0.0005814485714286111
-0.001470722857142892
-0.003522894285714284
-0.005575065714285676
-0.0076272371428570684
-0.009679408571428572
-0.011731579999999964
0.002633620000000003
-0.011731579999999964
-0.014604619999999957
-0.01747765999999995
-0.020350699999999944
-0.023223739999999937
-0.02609677999999993
0.007422020000000029
0.0002394199999999902
-0.006943179999999938
-0.0021547799999999118
0.002633620000000114
0.007422020000000029
-0.004548980000000036
-0.01651997999999999
-0.004548980000000036
0.007422020000000029
-0.0005586466666666068
-0.008539313333333354
-0.01651997999999999
-0.021308379999999905
-0.01788809428571425
-0.014467808571428487
-0.011047522857142833
-0.0076272371428570684
-0.004206951428571415
-0.0007866657142856504
0.002633620000000003
-0.006943179999999938
-0.021308379999999905
-0.006943179999999938
-0.004548979999999925
-0.0021547799999999118
-0.005746079999999987
-0.00933737999999995
-0.012928679999999915
-0.01651997999999999
0.021787220000000107
0.01580172000000013
0.009816220000000042
0.003830720000000065
-0.0021547799999999118
-0.00814028
-0.014125779999999977
-0.0021547799999999118
-0.01651997999999999
0.002633620000000003
-0.004548980000000036
-0.011731579999999964
-0.014125779999999977
-0.01651997999999999
-0.01891417999999989
-0.021308379999999905
0.007422020000000029
-0.011731610000000003
-0.030885239999999925
0.01699882000000008
0.009816220000000042
0.002633620000000114
-0.004548979999999925
-0.011731579999999964
-0.0021547799999999118
-0.00933737999999995
-0.01651997999999999
-0.005347046666666633
0.005825886666666724
0.01699882000000008
0.015402686666666776
0.01380655333333336
0.012210420000000055
0.01061428666666675
0.009018153333333334
0.007422020000000029
-0.014125809999999905
-0.03567363999999995
-0.0229045533333333
-0.010135466666666537
0.002633620000000114
-0.0021547799999999118
0.012210420000000055
-0.011731579999999964
0.002633620000000003
0.007422020000000029
0.012210420000000055
0.01699882000000008
0.021787220000000107
-0.0045490099999998534
-0.030885239999999925
-0.022505524999999915
-0.014125809999999905
-0.005746095000000007
0.002633620000000003
-0.006943179999999938
-0.021308379999999905
0.03136402000000005
-0.030885239999999925
-0.00933740999999988
0.012210420000000055
0.002633620000000114
-0.006943179999999938
-0.012689271999999918
-0.0184353639999999
-0.02418145599999999
-0.02992754799999997
-0.03567363999999995
0.01699882000000008
-0.006943179999999938
-0.01651997999999999
-0.02609677999999993
0.03136402000000005
0.01699882000000008
0.002633620000000003
-0.011731579999999964
0.002633620000000003
0.005027820000000016
0.007422020000000029
0.0014365200000000522
-0.004548980000000036
-0.010534480000000013
-0.01651997999999999
-0.0021547799999999118
0.012210420000000055
0.009816220000000042
0.007422020000000029
-0.006943179999999938
0.00742202000000014
0.021787220000000107
-0.0021547799999999118
-0.0021547799999999118
-0.0021547799999999118
0.002633620000000114
0.007422020000000029
0.0016759400000000424
-0.004070139999999944
-0.009816219999999931
-0.015562299999999918
-0.021308379999999905
-0.006943179999999938
0.007422020000000029
0.01699882000000008
-0.04046203999999998
-0.01652001000000003
0.007422020000000029
-0.011731579999999964
-0.010135446666666659
-0.008539313333333243
-0.006943179999999938
0.01699882000000008
0.011412353333333458
0.005825886666666724
0.0002394199999999902
-0.005347046666666633
-0.010933513333333256
-0.01651997999999999
0.007422020000000029
0.002633620000000003
-0.0021547799999999118
-0.0021547799999999118
0.005825886666666724
0.013806553333333471
0.021787220000000107
-0.03567363999999995
-0.00933740999999988
0.01699882000000008
0.009816220000000042
0.002633620000000003
-0.0031124599999999836
-0.00885853999999997
-0.014604619999999957
-0.020350699999999944
-0.02609677999999993
0.007422040000000019
0.04094086000000008
-0.02609677999999993
0.007422020000000029
0.002633620000000003
-0.004548980000000036
-0.011731579999999964
-0.010773900000000003
-0.009816219999999931
-0.00885853999999997
-0.007900859999999899
-0.006943179999999938
-0.0021547799999999118
0.0014365200000000522
0.005027820000000016
0.008619120000000091
0.012210420000000055
-0.006943179999999938
-0.02609677999999993
0.04094086000000008
-0.030885239999999925
0.002633610000000064
0.03615246000000005
-0.011731579999999964
-0.006943179999999938
-0.0021547799999999118
0.002633620000000003
0.007422020000000029
-0.0031124719999999773
-0.013646963999999984
-0.02418145599999999
-0.034715947999999996
-0.04525044
-0.004548989999999975
0.03615246000000005
-0.04046203999999998
0.00023941000000005097
0.04094086000000008
-0.02609677999999993
0.03136402000000005
-0.02609677999999993
0.03136402000000005
0.02418142000000012
0.01699882000000008
0.009474182857142965
0.0019495457142857386
-0.005575091428571377
-0.013099728571428493
-0.02062436571428561
-0.028149002857142835
-0.03567363999999995
-0.008539339999999895
0.01859496000000005
0.045729260000000105
-0.00933738499999992
-0.06440402999999995
0.045729260000000105
-0.03567363999999995
0.045729260000000105
-0.00933738499999992
-0.06440402999999995
0.026575620000000022
0.020829540000000035
0.015083460000000048
0.009337380000000062
0.003591300000000075
-0.0021547799999999118
0.002633620000000114
0.007422020000000029
0.026575620000000022
-0.04525044
0.007422009999999979
0.06009446000000007
-0.05482722999999995
0.055306060000000046
0.005027810000000077
-0.04525044
-0.032800587999999964
-0.020350735999999925
-0.007900883999999997
0.004548968000000042
0.01699882000000008
-0.01651997999999999
0.012210420000000055
-0.006943179999999938
-0.014125779999999866
-0.021308379999999905
-0.01173157333333319
-0.0021547666666665855
0.007422040000000019
0.016998846666666734
0.02657565333333345
0.03615246000000005
-0.06919242999999997
0.055306060000000046
-0.05482722999999995
0.05051766000000002
0.02178722666666666
-0.00694320666666659
-0.03567363999999995
-0.0021548099999999515
0.03136402000000005
-0.030885239999999925
-0.011731579999999964
0.002633620000000114
0.01699882000000008
-0.004548979999999925
-0.02609677999999993
-0.004548979999999925
0.01699882000000008
0.008790125714285835
0.0005814314285714772
-0.007627262857142769
-0.015835957142857127
-0.024044651428571373
-0.03225334571428573
-0.04046203999999998
0.055306060000000046
-0.05003882999999992
-0.026096807499999874
-0.0021547849999998814
0.02178723750000011
0.045729260000000105
-0.04046203999999998
-0.01891420999999993
0.002633620000000003
-0.0021547799999999118
0.012210420000000055
0.011013319999999993
0.009816220000000042
0.008619120000000091
0.007422020000000029
0.0002394199999999902
-0.006943179999999938
0.03136402000000005
-0.0069432099999999775
-0.04525044
0.05051766000000002
-0.04046203999999998
0.01699882000000008
-0.0069432099999999775
-0.030885239999999925
-0.0021548099999999515
0.026575620000000022
0.01604114000000001
0.0055066599999999966
-0.005027819999999905
-0.015562299999999918
-0.02609677999999993
0.002633620000000114
0.03136402000000005
0.012210420000000055
-0.01651997999999999
0.012210420000000055
-0.004548979999999925
-0.021308379999999905
-0.0021547799999999118
0.01699882000000008
-0.005347063333333235
-0.02769294666666655
-0.05003882999999992
-0.03758897999999988
-0.0251391299999999
-0.012689279999999914
-0.00023942999999992942
0.012210420000000055
-0.011731610000000003
-0.03567363999999995
-0.0069432099999999775
0.021787220000000107
-0.0005586666666665963
-0.0229045533333333
-0.04525044
-0.002154789999999962
0.04094086000000008
-0.030885239999999925
0.03615246000000005
-0.021308379999999905
0.03136402000000005
-0.021308379999999905
-0.0197122466666666
-0.018116113333333295
-0.01651997999999999
-0.0021547799999999118
-0.011731579999999964
-0.021308379999999905
-0.01651997999999988
-0.011731579999999964
-0.006943179999999938
-0.0021547799999999118
0.002633620000000003
0.007422020000000029
0.002633620000000003
-0.002154780000000023
-0.006943179999999938
-0.011731579999999964
-0.01651997999999999
-0.012928694999999935
-0.00933740999999988
0.03136402000000005
-0.04525044
0.007422020000000029
0.006665956842105247
0.0059098936842105765
0.005153830526315795
0.004397767368421124
0.003641704210526342
0.002885641052631671
0.0021295778947368893
0.0013735147368421075
0.0006174515789474366
-0.00013861157894734522
-0.000894674736842016
-0.0016507378947367979
-0.0024068010526315797
-0.0031628642105262506
-0.003918927368421032
-0.004674990526315703
-0.005431053684210485
-0.006187116842105156
-0.006943179999999938
0.01699884000000007
0.04094086000000008
-0.021308379999999905
0.01699882000000008
-0.02609677999999993
-0.006943179999999938
-0.011731579999999964
-0.0021547799999999118
0.0010374866666666982
-0.011731579999999964
-0.0037509133333333278
0.004229753333333419
0.012210420000000055
0.002633620000000003
0.0002394199999999902
-0.0021547799999999118
0.01699882000000008
-0.01651997999999999
0.002633620000000003
-0.00933737999999995
-0.021308379999999905
-0.01651997999999999
-0.015083459999999937
-0.013646939999999996
-0.012210419999999944
-0.010773900000000003
-0.00933737999999995
-0.007900859999999899
-0.006464339999999957
-0.005027819999999905
-0.003591299999999964
-0.0021547799999999118
-0.011731579999999964
-0.01651997999999999
-0.011731579999999964
-0.006943179999999938
-0.0021547799999999118
0.005027820000000016
0.007422020000000029
0.007422020000000029
0.0014365200000000522
-0.004548980000000036
-0.010534480000000013
-0.01651997999999999
-0.015562300000000029
-0.014604619999999957
-0.013646939999999996
-0.012689259999999924
-0.011731579999999964
-0.01133254666666661
-0.010933513333333256
-0.010534480000000013
-0.010135446666666659
-0.009736413333333305
-0.00933737999999995
-0.005985499999999977
-0.002633620000000003
0.0007182600000000816
0.004070140000000055
0.007422020000000029
0.002633620000000114
-0.004548980000000036
-0.004548980000000036
0.002633620000000003
0.004229753333333308
0.005825886666666724
0.007422020000000029
0.002633620000000003
-0.002154780000000023
-0.006943179999999938
-0.011731579999999964
-0.01651997999999999
-0.004548980000000036
-0.003950429999999949
-0.0033518799999999738
-0.0027533299999999983
-0.0021547799999999118
0.004229753333333419
0.01061428666666675
0.01699882000000008
-0.011731579999999964
-0.0021547799999999118
0.0010374866666666982
0.004229753333333419
0.007422020000000029
0.002633620000000003
0.0002394199999999902
-0.0021547799999999118
-0.0009576799999999608
0.0002394199999999902
0.0014365200000000522
0.002633620000000003
0.0010374866666666982
-0.0005586466666666068
-0.0021547799999999118
-0.0021547799999999118
-0.006943179999999938
-0.01651997999999999
-0.01651997999999999
-0.01651997999999999
-0.006943179999999938
0.002633620000000003
-0.006943179999999938
-0.01651997999999999
-0.01521405272727272
-0.01390812545454545
-0.01260219818181818
-0.01129627090909091
-0.009990343636363641
-0.00868441636363626
-0.007378489090908991
-0.006072561818181721
-0.004766634545454451
-0.0034607072727271815
-0.0021547799999999118
0.002633620000000003
-0.006943179999999938
-0.002154780000000023
-0.004548980000000036
-0.006943179999999938
0.0002394199999999902
0.007422020000000029
-0.0021547799999999118
-0.011731579999999964
-0.004548980000000036
0.002633620000000003
-0.002154780000000023
-0.006943179999999938
