-0.009896299999999414
-0.006704299999999108
-0.007388299999998793
-0.008072299999998478
-0.008756299999999939
-0.009440299999999624
-0.010124299999999309
-0.010808299999998994
-0.011492299999998679
-0.01217630000000014
-0.012860299999999825
-0.01354429999999951
-0.014228299999999194
-0.014912300000000656
-0.01559630000000034
-0.016280300000000025
-0.021069299999998847
-0.0019153000000002862
-0.006704299999999108
-0.0019153000000002862
-0.0019153000000002862
-0.030646299999999016
-0.016280300000000025
-0.016280799999998763
-0.01568223749999831
-0.015083674999997854
-0.014485112499999175
-0.01388654999999872
-0.013287987499998266
-0.012689424999999588
-0.012090862499999133
-0.011492299999998679
0.00047870000000038715
0.01244970000000123
-0.011492299999998679
-0.016280300000000025
-0.018674799999999436
-0.021069299999998847
-0.045011299999998755
-0.011492299999998679
-0.008299966666665881
-0.005107633333333084
-0.0019153000000002862
0.00047870000000038715
0.0028727000000010605
-0.011492299999998679
-0.025857300000000194
-0.023941900000000516
-0.022026500000000837
-0.020111099999999382
-0.018195699999999704
-0.016280300000000025
-0.018674799999999436
-0.021069299999998847
-0.016280300000000025
-0.006704299999999108
-0.011492633333332947
-0.01628096666666501
-0.021069299999998847
-0.016280300000000025
-0.018674799999999436
-0.021069299999998847
-0.028251799999999605
-0.03543430000000036
-0.03304005000000032
-0.03064580000000028
-0.028251550000000236
-0.025857300000000194
-0.0019153000000002862
-0.006704299999999108
-0.008072299999998478
-0.009440299999999624
-0.010808299999998994
-0.01217630000000014
-0.01354429999999951
-0.014912300000000656
-0.016280300000000025
-0.011492299999998679
-0.006704299999999108
-0.025857300000000194
-0.03543430000000036
-0.006704299999999108
-0.008619500000000002
-0.01053469999999912
-0.012449900000000014
-0.014365099999999131
-0.016280300000000025
-0.02106880000000011
-0.025857300000000194
-0.016280799999998763
-0.006704299999999108
-0.005107966666665575
-0.003511633333333819
-0.0019153000000002862
-0.021069299999998847
-0.011492299999998679
-0.0019153000000002862
-0.003511633333333819
-0.005107966666665575
-0.006704299999999108
-0.0075022999999987405
-0.008300299999998373
-0.009098299999999782
-0.009896299999999414
-0.010694299999999046
-0.011492299999998679
-0.016280633333332517
-0.021069299999998847
-0.02346329999999952
-0.025857300000000194
0.00047870000000038715
0.02681470000000097
0.0052672000000004715
-0.016280300000000025
-0.02202649999999906
-0.027772699999999872
-0.03351889999999891
-0.03926509999999972
-0.045011299999998755
-0.030646299999999016
-0.017238699999998275
-0.00383109999999931
0.009576500000001431
0.022984100000000396
0.03639170000000114
-0.045011299999998755
-0.05219379999999951
0.04117970000000071
0.002872699999999284
-0.03543430000000036
-0.03543430000000036
-0.03543430000000036
-0.03862663333333316
-0.04181896666666596
-0.04501130000000053
-0.04820363333333333
-0.051395966666666126
-0.054588299999998924
0.060333700000001045
-0.025857300000000194
-0.04022229999999993
-0.07374130000000001
-0.013886299999999352
0.045968700000001306
0.0262164500000015
0.006464200000001696
-0.013288049999999885
-0.03304029999999969
-0.03862663333333316
-0.04421296666666663
-0.0497993000000001
0.06512170000000062
0.022026200000000884
-0.021069299999998847
-0.016280799999998763
-0.011492299999998679
-0.016280799999998763
-0.021069299999998847
0.019632200000001987
0.060333700000001045
0.0028727000000010605
-0.054588299999998924
-0.030646299999999016
-0.006704299999999108
-0.009098299999999782
-0.011492299999998679
-0.013886299999999352
-0.016280300000000025
0.04117970000000071
0.010853366666667696
-0.01947296666666709
-0.0497993000000001
-0.011492299999998679
0.02681470000000097
0.019632200000001987
0.01244970000000123
-0.025857300000000194
-0.06416429999999984
-0.033039799999999175
-0.0019153000000002862
0.010055700000000556
0.02202669999999962
-0.0019153000000002862
-0.025857300000000194
-0.03902554999999985
-0.05219379999999951
-0.06536204999999917
-0.07853029999999883
-0.04022229999999993
0.01244970000000123
-0.03064580000000028
-0.07374130000000001
-0.04740529999999943
-0.021069299999998847
-0.019763390909089296
-0.01845748181818152
-0.01715157272727197
-0.015845663636362417
-0.014539754545452865
-0.01323384545454509
-0.011927936363635538
-0.010622027272725987
-0.009316118181816435
-0.00801020909090866
-0.006704299999999108
-0.01867505000000058
-0.03064580000000028
0.014843700000001903
-0.016280300000000025
-0.005905633333332716
0.004469033333334593
0.014843700000001903
-0.0019153000000002862
-0.016280300000000025
-0.0031122999999997347
0.010055700000000556
0.023223700000000846
0.03639170000000114
-0.011492299999998679
-0.0019153000000002862
-0.013886300000001128
-0.025857300000000194
0.0028727000000010605
-0.030645966666666524
-0.06416463333333233
-0.09768329999999992
-0.059376299999998494
-0.021069299999998847
-0.08331830000000018
-0.05219379999999951
-0.021069299999998847
-0.028850424999999902
-0.03663154999999918
-0.04441267499999846
-0.05219379999999951
-0.05997492500000057
-0.06775604999999985
-0.07553717499999912
-0.08331830000000018
0.045968700000001306
-0.03543430000000036
0.03399719999999995
0.04477145000000071
0.0555456999999997
0.03319970000000083
0.010853700000000188
-0.011492299999998679
0.0076616999999998825
-0.0019153000000002862
-0.011492299999998679
-0.021069299999998847
-0.06416429999999984
-0.04022229999999993
-0.016280300000000025
-0.0497993000000001
-0.033039799999999175
-0.016280300000000025
-0.02745329999999946
-0.03862630000000067
-0.0497993000000001
-0.006703799999998594
0.03639170000000114
-0.04022229999999993
-0.022265799999999558
-0.00430930000000096
0.013647199999999415
0.03160369999999979
0.029209449999999748
0.026815199999999706
0.024420949999999664
0.02202669999999962
0.045968700000001306
-0.016280300000000025
-0.011492299999998679
-0.030646299999999016
-0.045011299999998755
-0.05937630000000027
-0.07374130000000001
-0.04501080000000002
-0.016280300000000025
-0.03543430000000036
-0.021068966666666356
-0.006703633333334125
0.0076616999999998825
0.0016762000000003496
-0.00430930000000096
-0.010294800000000492
-0.016280300000000025
0.050756700000000876
0.03319920000000032
0.015641700000001535
-0.0019157999999990238
-0.019473299999999583
-0.037030799999998365
-0.054588299999998924
-0.0019153000000002862
0.010055700000000556
0.0028727000000010605
-0.006704299999999108
-0.011492633333332947
-0.01628096666666501
-0.021069299999998847
-0.042616799999999344
-0.06416429999999984
0.03639170000000114
0.017238200000001314
-0.0019152999999985099
-0.02106880000000011
-0.04022229999999993
-0.0019153000000002862
-0.03064580000000028
-0.05937630000000027
0.0172377000000008
0.0028725333333348146
-0.011492633333332947
-0.02585779999999893
-0.04022296666666492
-0.05458813333333268
-0.06895329999999866
0.01244970000000123
0.0052672000000004715
-0.024660549999998338
-0.054588299999998924
-0.011492299999998679
0.03160369999999979
0.033997700000000464
0.03639170000000114
0.033997700000000464
0.03160369999999979
0.026815199999999706
0.02202669999999962
0.010055700000000556
-0.0019153000000002862
0.009576899999999
0.021069100000000063
0.03256129999999935
0.04405350000000041
0.0555456999999997
-0.0019157999999990238
-0.02106904999999948
-0.04022229999999993
-0.025857300000000194
-0.011492299999998679
-0.03383829999999932
-0.05618429999999819
-0.07853029999999883
0.02681470000000097
0.0028727000000010605
-0.021069299999998847
-0.045011299999998755
-0.04213829999999952
-0.039265299999998504
-0.03639229999999927
-0.03351929999999825
-0.030646299999999016
-0.08810629999999975
0.0076616999999998825
-0.006703633333334125
-0.021068966666666356
-0.03543430000000036
-0.025857300000000194
-0.05937630000000027
-0.02346329999999952
0.01244970000000123
-0.011492299999998679
-0.03543430000000036
-0.05937630000000027
-0.04501109999999997
-0.03064589999999967
-0.01628069999999937
-0.0019154999999990707
0.01244970000000123
0.0028727000000010605
-0.006704299999999108
0.02681470000000097
-0.06895329999999866
0.0076616999999998825
0.045968700000001306
0.0172377000000008
-0.021069299999998847
-0.01764901428571264
-0.014228728571428206
-0.010808442857141998
-0.007388157142855789
-0.00396787142856958
-0.0005475857142851481
0.0028727000000010605
0.03399719999999995
0.06512170000000062
0.002873199999999798
-0.016280300000000025
0.002873199999999798
0.02202669999999962
-0.04022229999999993
-0.009895966666666922
0.020430366666667865
0.050756700000000876
0.02681470000000097
0.0028727000000010605
-0.021069299999998847
-0.045011299999998755
-0.03423729999999914
-0.02346329999999952
-0.012689299999999903
-0.0019153000000002862
-0.08810629999999975
0.03639170000000114
-0.030646299999999016
-0.03543430000000036
-0.07374130000000001
-0.11204829999999966
-0.06735663333333264
-0.022664966666667397
0.02202669999999962
0.008858449999999962
-0.004309799999999697
-0.017478049999999357
-0.030646299999999016
-0.03304029999999969
-0.03543430000000036
-0.04501105000000116
-0.054587800000000186
-0.06416454999999921
-0.07374130000000001
-0.006704299999999108
-0.03543430000000036
-0.054588299999998924
0.0172377000000008
0.0019149000000009408
-0.013407899999998918
-0.028730700000000553
-0.04405350000000041
-0.05937630000000027
-0.0019153000000002862
0.0172377000000008
0.022026200000000884
0.02681470000000097
-0.06416429999999984
-0.03543430000000036
-0.006704299999999108
0.00047845000000101834
0.0076611999999993685
0.014843949999999495
0.02202669999999962
-0.025857300000000194
-0.07374130000000001
-0.043414966666667
-0.013088633333332211
0.0172377000000008
0.03639170000000114
0.0555456999999997
0.0483627000000002
0.04117970000000071
-0.05937630000000027
-0.009098299999999782
0.04117970000000071
0.050756700000000876
0.060333700000001045
0.060333700000001045
0.060333700000001045
0.0028727000000010605
-0.054588299999998924
-0.048303487499998354
-0.04201867499999956
-0.03573386249999899
-0.029449049999998422
-0.02316423749999963
-0.01687942499999906
-0.01059461249999849
-0.004309799999999697
0.0019750125000008723
0.008259825000001442
0.014544637500002011
0.020829450000000804
0.027114262500001374
0.03339907500000194
0.039683887500000736
0.045968700000001306
0.0483627000000002
0.050756700000000876
0.050756700000000876
-0.045011299999998755
0.03639170000000114
0.04437236666666777
0.05235303333333441
0.060333700000001045
0.03160369999999979
-0.054588299999998924
0.00047870000000038715
0.0555456999999997
0.02681470000000097
0.0172377000000008
-0.06416429999999984
-0.02106880000000011
0.02202669999999962
0.0076616999999998825
0.02681470000000097
-0.018674799999999436
-0.06416429999999984
0.0052672000000004715
0.01244970000000123
0.006224800000001807
-9.99999993922529e-08
-0.006224999999998815
-0.012449900000000014
-0.018674799999999436
-0.02489969999999886
-0.031124600000000058
-0.03734949999999948
-0.04357440000000068
-0.0497993000000001
-0.02904963333333299
-0.008299966666665881
0.01244970000000123
-0.001915633333332778
-0.01628096666666501
-0.030646299999999016
-0.004309799999999697
0.02202669999999962
-0.018674800000001213
-0.05937630000000027
0.0028727000000010605
-0.001915633333332778
-0.00670396666666484
-0.011492299999998679
0.0052672000000004715
0.02202669999999962
-0.0019153000000002862
