0.0009576860000000131
-0.0014365139999999998
-0.003830713999999902
-0.006224913999999915
0.003351886000000026
-0.0014365139999998888
-0.006224913999999915
-0.006224913999999915
-0.006224913999999915
-0.0014365139999998888
0.003351886000000026
0.008140286000000052
-0.01101337399999991
-0.012609507333333214
-0.01420564066666663
-0.015801773999999935
-0.01420563066666658
-0.012609487333333225
-0.01101334399999987
-0.009417200666666625
-0.00782105733333327
-0.006224913999999915
-0.006224913999999915
-0.0014365139999998888
-0.0014365139999998888
-0.0014365139999998888
-0.0014365139999998888
0.008140286000000052
0.005746086000000039
0.003351886000000026
-0.0014365139999998888
0.0009576860000001242
0.003351886000000026
0.0014365259999999935
-0.00047883399999992804
-0.0023941939999999606
-0.004309553999999882
-0.006224913999999915
-0.02059017399999996
-0.0014365139999998888
0.003351886000000026
0.0017557526666667211
0.00015961933333341616
-0.0014365139999998888
-0.006224913999999915
-0.008619143999999967
-0.01101337399999991
-0.006224953999999894
-0.0014365339999999893
0.003351886000000026
0.004948019333333331
0.006544152666666747
0.008140286000000052
-0.0014365139999998888
-0.01101337399999991
-0.015801773999999935
-0.02059017399999996
-0.008619143999999967
0.003351886000000026
0.0009576860000001242
-0.0014365139999998888
-0.003032647333333194
-0.00462878066666661
-0.006224913999999915
-0.01101337399999991
-0.0062249439999998435
-0.0014365139999998888
-0.0038307289999999217
-0.0062249439999998435
-0.008619158999999876
-0.01101337399999991
-0.0062249439999998435
-0.0014365139999998888
0.008140286000000052
0.008140286000000052
0.004948019333333442
0.0017557526666667211
-0.0014365139999998888
0.003351886000000026
-0.008619143999999967
-0.02059017399999996
-0.015801773999999935
-0.01101337399999991
-0.01101337399999991
-0.01101337399999991
-0.01101337399999991
-0.01101337399999991
0.003351886000000026
-0.006224913999999915
-0.01101334399999987
-0.015801773999999935
-0.0062249439999999545
0.003351886000000026
0.003351886000000026
0.003351886000000026
-0.0030326673333332943
-0.009417220666666615
-0.015801773999999935
-0.0014365139999998888
-0.0023941939999998496
-0.0033518739999999214
-0.004309553999999882
-0.005267233999999954
-0.006224913999999915
-0.006224913999999915
-0.030166963999999907
-0.008619138999999887
0.012928686000000078
-0.006224913999999915
-0.008619143999999967
-0.01101337399999991
-0.009417220666666615
-0.00782106733333321
-0.006224913999999915
0.008140286000000052
0.005147528500000109
0.0021547710000000553
-0.0008379864999999986
-0.0038307439999999415
-0.006823501499999884
-0.009816258999999938
-0.012809016499999992
-0.015801773999999935
-0.006224913999999915
-0.015801773999999935
-0.006224913999999915
-0.0014365139999998888
-0.006224913999999915
-0.01101337399999991
-0.02059017399999996
-0.013407543999999993
-0.006224913999999915
-0.003830713999999902
-0.0014365139999998888
0.0009576860000001242
0.003351886000000026
0.005746086000000039
0.008140286000000052
0.0009576860000001242
0.00015961933333341616
-0.0006384473333331808
-0.0014365139999998888
-0.015801773999999935
-0.015801773999999935
-0.015801773999999935
-0.015801773999999935
-0.01101337399999991
0.008140286000000052
0.006772171714285791
0.005404057428571529
0.004035943142857268
0.0026678288571428954
0.001299714571428634
-6.839971428562741e-05
-0.0014365139999998888
0.003351886000000026
-0.0062249439999999545
-0.0038307289999999217
-0.0014365139999998888
-0.0014365139999998888
-0.0014365139999998888
-0.0014365139999998888
0.00015961933333341616
0.0017557526666667211
0.003351886000000026
0.0009576860000001242
-0.0014365139999998888
0.008140286000000052
0.004309554000000104
0.0004788220000000454
-0.0033519099999999025
-0.007182641999999961
-0.01101337399999991
0.0009576560000000844
0.012928686000000078
-0.0014365139999998888
0.017717086000000104
0.0033518660000000366
-0.01101335399999992
-0.025378573999999987
0.008140286000000052
-0.0014365339999999893
-0.01101335399999992
-0.02059017399999996
0.008140286000000052
0.0004788360000000935
-0.007182613999999976
-0.014844063999999935
-0.022505513999999893
-0.030166963999999907
-0.001436538999999959
0.027293886000000045
0.0009576560000000844
-0.01101337399999991
-0.0026336589999998994
0.00574605600000011
0.01412577100000001
0.02250548600000002
-0.02059017399999996
-0.01739790733333324
-0.01420564066666663
-0.01101337399999991
-0.01101337399999991
0.0009576560000000844
0.012928686000000078
0.004947999333333453
-0.0030326873333332838
-0.01101337399999991
-0.01101337399999991
-0.008619143999999967
-0.006224913999999915
-0.0014365139999998888
0.00574608600000015
0.012928686000000078
0.003351886000000026
-0.006224913999999915
-0.00462878066666661
-0.003032647333333305
-0.0014365139999999998
0.00015961933333341616
0.0017557526666667211
0.003351886000000026
-0.0014365139999999998
-0.006224913999999915
-0.01101334399999987
-0.015801773999999935
-0.02059017399999996
-0.025378573999999987
-0.008619143999999967
0.008140286000000052
-0.0110133389999999
-0.030166963999999907
-0.02418145149999995
-0.01819593899999994
-0.012210426499999927
-0.006224913999999915
-0.02059017399999996
0.012928686000000078
0.0017557326666667317
-0.009417220666666615
-0.02059017399999996
0.003351886000000026
-0.0062249439999999545
-0.015801773999999935
-0.0062249439999999545
0.003351886000000026
-0.008619143999999967
-0.02059017399999996
-0.01785393685714276
-0.01511769971428567
-0.01238146257142847
-0.00964522542857138
-0.006908988285714179
-0.00417275114285709
-0.0014365139999998888
-0.006224913999999915
0.003351886000000026
-0.013407543999999993
-0.00981622900000001
-0.006224913999999915
0.0009576860000001242
0.008140286000000052
0.0009576860000001242
-0.006224913999999915
-0.01101337399999991
-0.006224953999999894
-0.0014365339999999893
0.003351886000000026
-0.0014365139999999998
-0.006224913999999915
0.003351886000000026
0.012928686000000078
-0.0014365439999999285
-0.015801773999999935
0.0033518559999999864
0.02250548600000002
0.00574605600000011
-0.01101337399999991
-0.007821087333333199
-0.004628800666666599
-0.0014365139999998888
-0.006224913999999915
-0.006224913999999915
-0.006224913999999915
-0.006224913999999915
-0.025378573999999987
-0.018195973999999948
-0.01101337399999991
-0.02059016899999988
-0.030166963999999907
-0.014604651499999899
0.000957661000000054
0.016519973500000118
0.03208228600000007
-0.01101337399999991
-0.015801773999999935
-0.01101337399999991
-0.007422058999999925
-0.0038307439999999415
-0.0002394289999999577
0.003351886000000026
-0.01101337399999991
-0.008619143999999967
-0.006224913999999915
-0.00782106733333321
-0.009417220666666615
-0.01101337399999991
-0.0014365139999998888
0.008140286000000052
0.017717086000000104
-0.013407538999999913
-0.04453216399999993
0.003351886000000026
-0.00941719733333335
-0.022186280666666613
-0.03495536399999993
-0.009417213999999952
0.016120936000000086
0.04165908600000012
-0.0636857939999999
-0.008619153999999907
0.04644748600000004
-0.013407548999999963
-0.07326258399999991
0.06560112600000012
0.0209093560000001
-0.02378241399999992
-0.06847418399999994
-0.01101334899999995
0.04644748600000004
-0.06847418399999994
-0.03854666649999994
-0.008619148999999937
0.021308368500000063
0.051235886000000064
-0.07805098399999993
-0.03814762733333327
0.0017557293333334556
0.04165908600000012
-0.058897393999999936
-0.015801753999999946
0.027293886000000045
-0.03495536399999993
-0.001436538999999959
0.03208228600000007
-0.001436538999999959
-0.03495536399999993
-0.02633623399999996
-0.017717103999999928
-0.009097973999999898
-0.0004788439999999783
0.008140286000000052
-0.006224913999999915
0.003351886000000026
0.008140286000000052
0.012928686000000078
-0.02059017399999996
-0.0030326873333332838
0.014524799333333394
0.03208228600000007
-0.058897393999999936
-0.0014365339999998783
0.05602432600000007
0.033997668000000036
0.011971010000000115
-0.010055647999999917
-0.03208230599999995
-0.054108963999999926
0.027293886000000045
-0.04453216399999993
0.04644748600000004
0.003351861000000067
-0.03974376399999996
-0.003830738999999972
0.03208228600000007
-0.015801753999999946
-0.0636857939999999
-0.008619153999999907
0.04644748600000004
0.003351861000000067
-0.03974376399999996
-0.019393051499999925
0.000957661000000054
0.021308373500000144
0.04165908600000012
-0.03974376399999996
-0.0110133389999999
0.017717086000000104
-0.030166963999999907
0.000957661000000054
0.03208228600000007
-0.001436538999999959
-0.03495536399999993
-0.003830738999999972
0.027293886000000045
0.017717086000000104
0.008140286000000052
-0.0014365139999998888
0.006544152666666747
0.014524819333333383
0.02250548600000002
-0.015801773999999935
-0.0038307439999999415
0.008140286000000052
0.005746086000000039
0.003351886000000137
0.0009576860000001242
0.003351886000000137
0.005746086000000039
0.008140286000000052
-0.025378573999999987
-0.0038307439999999415
0.017717086000000104
0.0017557360000001188
-0.014205613999999867
-0.030166963999999907
0.04644748600000004
0.03481850742857151
0.02318952885714287
0.011560550285714344
-6.84282857141838e-05
-0.011697406857142822
-0.02332638542857135
-0.03495536399999993
-0.026176622333333288
-0.0173978806666667
-0.008619138999999998
-0.003830738999999972
0.04165908600000012
-0.0636857939999999
-0.036152473999999934
-0.008619153999999907
0.018914166000000066
0.04644748600000004
-0.054108963999999926
-0.02378241399999992
0.006544136000000145
0.0368706860000001
-0.04453216399999993
-0.01819593899999994
0.008140286000000052
-0.0110133389999999
-0.030166963999999907
0.0368706860000001
0.012928656000000038
-0.01101337399999991
-0.009417230666666554
-0.007821087333333199
-0.0062249439999998435
-0.004628800666666599
-0.003032657333333244
-0.0014365139999998888
-0.008619143999999967
-0.015801773999999935
-0.0014365439999999285
0.012928686000000078
0.012928686000000078
-0.0014365139999998888
-0.003830713999999902
-0.006224913999999915
-0.0014365139999998888
0.012928686000000078
0.0033518660000000366
-0.006224953999999894
-0.015801773999999935
-0.012609497333333275
-0.009417220666666615
-0.0062249439999999545
-0.0030326673333332943
0.0001596093333333659
0.003351886000000026
-0.0038307439999999415
-0.01101337399999991
0.02250548600000002
-0.02059017399999996
-0.009417220666666615
0.0017557326666667317
0.012928686000000078
-0.0038307439999999415
-0.02059017399999996
0.008140286000000052
-0.015801773999999935
-0.012210458999999951
-0.008619143999999967
-0.005027828999999873
-0.0014365139999998888
0.003351886000000026
0.008140286000000052
-0.02059017399999996
-0.0014365139999998888
-0.006224933999999904
-0.01101335399999992
-0.015801773999999935
0.008140286000000052
0.003351886000000026
-0.0014365139999998888
-0.005027828999999873
-0.008619143999999967
-0.012210458999999951
-0.015801773999999935
0.003351886000000026
-0.0014365139999999998
-0.006224913999999915
0.003351886000000026
0.00015961933333341616
-0.003032647333333305
-0.006224913999999915
0.00574608600000015
0.017717086000000104
0.003351886000000026
-0.0062249439999999545
-0.015801773999999935
-0.012928721999999948
-0.010055669999999961
-0.007182617999999863
-0.004309565999999876
-0.0014365139999998888
-0.0014365439999999285
0.0033518660000000366
0.008140276000000113
0.012928686000000078
-0.015801773999999935
0.0033518559999999864
0.02250548600000002
0.00574605600000011
-0.01101337399999991
-0.004628820666666589
0.0017557326666667317
0.008140286000000052
-0.008619143999999967
-0.025378573999999987
-0.012210458999999951
0.0009576560000000844
0.01412577100000001
0.027293886000000045
-0.015801773999999935
0.008140286000000052
-0.0014365339999999893
-0.01101335399999992
-0.02059017399999996
0.0033518559999999864
0.027293886000000045
-0.03495536399999993
-0.008619138999999887
0.017717086000000104
-0.008619138999999887
-0.03495536399999993
-0.001436538999999959
0.03208228600000007
-0.003830738999999972
-0.03974376399999996
-0.006224938999999985
0.027293886000000045
-0.003830738999999972
-0.03495536399999993
0.0368706860000001
-0.013407553999999933
-0.0636857939999999
-0.0317631006666666
0.00015959266666676353
0.03208228600000007
-0.008619138999999998
-0.049320563999999956
-0.006224938999999874
0.0368706860000001
-0.049320563999999956
-0.03256115566666662
-0.015801747333333283
0.000957661000000054
0.01771706933333339
0.03447647766666673
0.051235886000000064
-0.006224938999999985
-0.04453216399999993
-0.0110133389999999
0.02250548600000002
-0.015801738999999926
-0.054108963999999926
-0.01819593899999994
0.017717086000000104
-0.006224930666666517
-0.03016694733333325
-0.054108963999999926
0.04165908600000012
-0.001436538999999848
-0.04453216399999993
-0.008619138999999998
0.027293886000000045
-0.015801753999999946
-0.058897393999999936
-0.013407553999999933
0.03208228600000007
-0.015801753999999946
-0.0636857939999999
-0.01101335399999992
0.04165908600000012
0.016519966000000053
-0.008619153999999907
-0.03375827399999992
-0.058897393999999936
0.027293886000000045
-0.0636857939999999
-0.0317631006666666
0.00015959266666676353
0.03208228600000007
-0.0636857939999999
-0.006224953999999894
0.051235886000000064
-0.001436538999999959
-0.054108963999999926
-0.0110133389999999
0.03208228600000007
0.01053447350000003
-0.0110133389999999
-0.03256115149999994
-0.054108963999999926
0.0368706860000001
-0.03974376399999996
-0.0110133389999999
0.017717086000000104
-0.03495536399999993
-0.017397880666666588
0.00015960266666670275
0.017717086000000104
-0.0014365439999999285
-0.02059017399999996
-0.01101334399999987
-0.0014365139999998888
-0.025378573999999987
-0.017717121999999974
-0.010055669999999961
-0.002394217999999948
0.005267234000000065
0.012928686000000078
-0.01101337399999991
0.003351886000000026
-0.0038307439999999415
-0.01101337399999991
0.012928686000000078
-0.0014365306666666022
-0.015801747333333283
-0.030166963999999907
-0.003830738999999972
0.02250548600000002
-0.003830738999999972
-0.030166963999999907
-0.011013347333333257
0.008140269333333339
0.027293886000000045
-0.02059017399999996
-0.0038307439999999415
0.012928686000000078
-0.01101337399999991
-0.004628820666666589
0.0017557326666667317
0.008140286000000052
0.008140286000000052
0.006344636000000015
0.004548986000000088
0.0027533360000001617
0.0009576860000001242
-0.0030326673333331833
-0.007023020666666602
-0.01101337399999991
-0.009816266499999893
-0.008619158999999876
-0.00742205149999986
-0.0062249439999998435
-0.005027836499999938
-0.0038307289999999217
-0.0026336214999999052
-0.0014365139999998888
-0.003830713999999902
-0.006224913999999915
-0.0014365139999998888
0.003351886000000026
0.003351886000000026
0.008140286000000052
-0.006224913999999915
-0.01101337399999991
-0.007182641999999961
-0.0033519099999999025
0.0004788220000000454
0.004309554000000104
0.008140286000000052
-0.006224913999999915
0.008140286000000052
-0.01101337399999991
-0.008619143999999967
-0.006224913999999915
-0.01101337399999991
-0.013407573999999922
-0.015801773999999935
-0.01101334399999987
-0.006224913999999915
-0.003830713999999902
-0.0014365139999999998
0.0009576860000000131
0.003351886000000026
-0.006224913999999915
-0.007422028999999886
-0.008619143999999967
-0.009816258999999938
-0.01101337399999991
-0.006224913999999915
-0.003830713999999902
-0.0014365139999999998
-0.0014365139999999998
-0.0014365139999998888
-0.01101334399999987
-0.02059017399999996
-0.012609487333333336
-0.004628800666666599
0.003351886000000026
-0.0014365339999999893
-0.006224953999999894
-0.01101337399999991
-0.01101337399999991
0.003351886000000026
-0.0038307439999999415
-0.01101337399999991
-0.0062249439999998435
-0.0014365139999998888
-0.0014365139999998888
-0.0014365139999998888
-0.0014365139999998888
-0.0014365139999998888
-0.0062249439999998435
-0.01101337399999991
-0.009816258999999938
-0.008619143999999967
-0.007422028999999886
-0.006224913999999915
-0.02059017399999996
-0.006224913999999915
-0.006224913999999915
-0.006224913999999915
-0.0014365139999999998
0.003351886000000026
-0.0014365139999999998
-0.006224913999999915
-0.003032647333333305
0.00015961933333341616
0.003351886000000026
0.003351886000000026
0.002553819333333318
0.0017557526666667211
0.0009576860000001242
0.00015961933333341616
-0.0006384473333332918
-0.0014365139999998888
0.012928686000000078
0.00574608600000015
-0.0014365139999998888
-0.015801773999999935
