-0.019393037000000057
-0.02059013700000001
-0.021787237000000015
-0.01699883200000002
-0.012210427000000024
-0.007422022000000028
-0.0026336170000000325
-0.009816227000000066
-0.016998837000000044
-0.016998837000000044
-0.016998837000000044
-0.016998837000000044
-0.016998837000000044
-0.016998837000000044
-0.012210437000000018
-0.00502781699999999
-0.016998837000000044
-0.021787237000000015
-0.016998830333333326
-0.012210423666666692
-0.007422017000000003
-0.009816221999999986
-0.012210427000000024
-0.014604632000000062
-0.016998837000000044
-0.03136403700000001
-0.012210437000000018
-0.03136403700000001
-0.016998837000000044
-0.019393037000000057
-0.021787237000000015
-0.014604626999999981
-0.007422017000000003
-0.00981622700000001
-0.012210437000000018
-0.012210437000000018
-0.012210437000000018
-0.012210437000000018
-0.012210437000000018
-0.012210437000000018
-0.012210437000000018
-0.012210437000000018
-0.012210437000000018
-0.012210437000000018
-0.017796900333333365
-0.023383363666666712
-0.02896982700000006
-0.021787237000000015
-0.021787237000000015
-0.01699883200000002
-0.012210427000000024
-0.007422022000000028
-0.0026336170000000325
-0.007422017000000003
-0.016998837000000044
-0.014604637000000031
-0.012210437000000018
-0.02178723700000007
-0.02178723700000007
-0.021787237000000015
-0.021787237000000015
-0.021787237000000015
-0.021787237000000015
-0.021787237000000015
-0.021787237000000015
-0.019393037000000002
-0.016998837000000044
-0.014604637000000031
-0.012210437000000018
0.0021547829999999935
-0.012210437000000018
-0.013806570333333379
-0.015402703666666684
-0.016998837000000044
-0.012210437000000018
-0.007422027000000053
-0.0026336170000000325
-0.006623953666666682
-0.010614290333333387
-0.014604627000000037
-0.013407532
-0.012210437000000018
-0.01257877546153846
-0.012947113923076958
-0.0133154523846154
-0.013683790846153898
-0.01405212930769234
-0.014420467769230783
-0.01478880623076928
-0.015157144692307722
-0.015525483153846165
-0.015893821615384662
-0.016262160076923105
-0.016630498538461602
-0.016998837000000044
-0.013806563666666716
-0.010614290333333332
-0.007422017000000003
-0.0026336170000000325
-0.016998837000000044
-0.016998837000000044
-0.016998837000000044
-0.02178723700000007
-0.02657563700000004
-0.024181437000000028
-0.021787237000000015
-0.02019110366666671
-0.01859497033333335
-0.016998837000000044
-0.013407532000000055
-0.009816227000000066
-0.006224922000000022
-0.0026336170000000325
-0.016998826999999994
-0.03136403700000001
-0.007422017000000003
-0.008020569500000019
-0.008619122000000035
-0.009217674499999995
-0.00981622700000001
-0.010414779500000027
-0.011013331999999987
-0.011611884500000003
-0.012210437000000018
-0.024181437000000028
-0.007422027000000053
-0.021787237000000015
-0.024181437000000028
-0.02657563700000004
-0.016998837000000044
-0.016998837000000044
-0.016998837000000044
-0.016998837000000044
-0.016998837000000044
-0.016998837000000044
-0.01819593700000005
-0.019393037000000057
-0.02059013700000001
-0.021787237000000015
-0.024181437000000028
-0.02059013700000001
-0.016998837000000044
-0.012210427000000024
-0.007422017000000003
-0.00981622700000001
-0.012210437000000018
-0.012210437000000018
-0.012210437000000018
-0.010614300333333326
-0.00901816366666669
-0.007422027000000053
-0.005825890333333361
-0.004229753666666669
-0.0026336170000000325
-0.009816227000000066
-0.016998837000000044
-0.016998837000000044
-0.007422017000000003
-0.012210427000000024
-0.016998837000000044
-0.024181437000000028
-0.03136403700000001
-0.02657563700000004
-0.021787237000000015
-0.016998837000000044
-0.016200770333333392
-0.015402703666666684
-0.014604637000000031
-0.013806570333333379
-0.013008503666666671
-0.012210437000000018
-0.012210437000000018
-0.012210437000000018
0.0021547829999999935
-0.02657563700000004
-0.007422017000000003
-0.021787237000000015
-0.012210437000000018
-0.012210437000000018
-0.012210437000000018
-0.016998837000000044
-0.021787237000000015
-0.02657563700000004
-0.024660277000000064
-0.02274491700000003
-0.020829557000000054
-0.01891419700000002
-0.016998837000000044
-0.03136403700000001
-0.03136403700000001
-0.030765487000000036
-0.030166937000000005
-0.02956838700000003
-0.028969837
-0.028371287000000023
-0.027772737000000047
-0.027174187000000016
-0.02657563700000004
-0.016998837000000044
-0.016998837000000044
-0.019393037000000057
-0.012210437000000018
-0.015402703666666684
-0.01859497033333335
-0.021787237000000015
-0.02497950366666668
-0.028171770333333346
-0.03136403700000001
-0.03615241700000005
-0.021787237000000015
-0.021787237000000015
-0.021787237000000015
-0.021787237000000015
-0.021787237000000015
-0.012210437000000018
-0.012894494142857149
-0.013578551285714335
-0.014262608428571466
-0.014946665571428597
-0.015630722714285727
-0.016314779857142914
-0.016998837000000044
-0.007422017000000003
-0.007422017000000003
-0.016998837000000044
-0.01795651700000006
-0.01891419700000002
-0.019871877000000038
-0.020829557
-0.021787237000000015
-0.012210427000000024
-0.02657563700000004
-0.02497950366666668
-0.023383370333333375
-0.021787237000000015
-0.016998837000000044
-0.009816227000000066
-0.0026336170000000325
-0.0053698484285714665
-0.0081060798571429
-0.010842311285714334
-0.013578542714285713
-0.016314774142857147
-0.01905100557142858
-0.021787237000000015
0.006943182999999964
-0.014604637000000031
-0.02657563700000004
-0.028171767000000014
-0.029767897000000043
-0.03136402700000007
-0.032960157000000045
-0.03455628700000002
-0.03615241700000005
-0.02976789033333338
-0.023383363666666712
-0.016998837000000044
-0.014604637000000031
-0.012210437000000018
-0.019393037000000057
-0.02657563700000004
-0.016998826999999994
-0.007422017000000003
-0.00023941700000001953
0.006943182999999964
-0.04094085700000005
0.0021547829999999935
-0.019393037000000057
-0.04094085700000005
-0.03136403700000001
-0.014604622000000012
-0.0074220203333333346
-0.00023941866666671308
0.006943182999999964
-0.007422017000000003
-0.024181437000000028
-0.04094085700000005
-0.016998837000000044
0.006943182999999964
-0.014604617000000042
-0.03615241700000005
-0.03136402200000005
-0.026575627000000046
-0.021787232000000045
-0.016998837000000044
-0.007422027000000053
0.0021547829999999935
-0.007422027000000053
-0.016998837000000044
-0.026575643666666704
-0.036152450333333364
-0.04572925700000002
0.021308382999999986
-0.04572925700000002
-0.021787237000000015
0.009337387999999947
0.04046201299999996
0.0021547854999999783
-0.03615244200000001
-0.07445966950000005
-0.11276689700000003
-0.07924807700000003
-0.04572925700000002
-0.012210437000000018
0.021308382999999986
-0.012210437000000018
-0.06967127700000003
-0.012210437000000018
0.04525040299999997
-0.05051765700000005
-0.03615241700000005
-0.012210417000000029
0.01173158299999999
-0.0032321770000000027
-0.018195936999999995
-0.03315969699999999
-0.04812345699999998
0.012928688000000021
0.07398083299999997
-0.0026336220000000576
-0.07924807700000003
-0.06727706700000002
-0.05530605700000002
0.030885202999999972
0.11707646299999996
-0.016998826999999994
-0.151074117
-0.11595916033333337
-0.08084420366666667
-0.04572924700000003
-0.010614290333333387
0.02450066633333331
0.05961562299999998
-0.05770025700000003
0.05482722299999998
0.030885202999999972
0.006943182999999964
-0.016998837000000044
-0.09840167700000002
-0.012210421999999999
0.07398083299999997
0.02130839799999995
-0.03136403700000001
-0.07206546700000005
-0.11276689700000003
0.004548982999999951
0.12186486299999996
0.0436542763333333
-0.034556310333333395
-0.11276689700000003
-0.03136403700000001
0.02450066633333331
0.08036536966666663
0.13623007299999998
-0.036152446999999976
-0.20853496700000002
0.10271125299999997
-0.03136403700000001
-0.08643067700000001
-0.141497317
-0.05530605700000002
0.030885202999999972
0.11707646299999996
0.043654269666666634
-0.029767923666666696
-0.10319011700000003
-0.021787237000000015
0.016519992999999955
0.05482722299999998
0.018116129666666647
-0.018594963666666686
-0.05530605700000002
-0.028171767000000014
-0.0010374770000000089
0.026096812999999996
-0.018594957000000023
-0.06328672699999999
-0.107978497
0.026096812999999996
0.01651998299999996
-0.022984342000000046
-0.062488667
-0.101992992
-0.141497317
-0.00981622700000001
0.12186486299999996
0.009337372999999982
-0.10319011700000003
-0.03136403700000001
0.04525041299999999
0.12186486299999996
-0.03136403700000001
-0.184592937
-0.02896983200000003
0.12665327299999998
0.03567360799999997
-0.05530605700000002
-0.06488286200000004
-0.07445966700000006
-0.08403647200000003
-0.09361327700000005
0.02130839799999995
0.13623007299999998
-0.16543934700000001
0.035673612999999965
0.027293905499999993
0.018914197999999993
0.010534490499999993
0.0021547829999999935
-0.117555297
0.12665327299999998
0.048442682999999986
-0.029767906999999982
-0.107978497
-0.09121908366666664
-0.07445967033333334
-0.05770025700000003
-0.04094084366666667
-0.02418143033333331
-0.007422017000000003
0.014125797999999967
0.035673612999999965
-0.015402690333333358
-0.06647899366666665
-0.117555297
-0.028969837
0.05961562299999998
0.02130839299999998
-0.016998837000000044
-0.05530605700000002
0.004548987999999976
0.06440403299999997
0.0069431879999999335
-0.05051765700000005
-0.06488285700000002
0.006943192999999959
0.07876924299999996
-0.10319011700000003
-0.043335067000000005
0.01651998299999996
0.030885192999999977
0.04525040299999997
-0.117555297
0.011731592999999985
-0.003830719500000024
-0.019393032000000032
-0.03495534450000004
-0.05051765700000005
-0.028969840333333385
-0.007422023666666722
0.014125792999999942
0.035673609666666606
0.05722142633333327
0.07876924299999996
-0.028969842000000023
-0.03615241700000005
-0.04094083700000006
-0.04572925700000002
0.030885212999999967
-0.107978497
-0.06488287033333334
-0.021787243666666678
0.021308382999999986
0.011731578999999992
0.0021547749999999977
-0.007422029000000052
-0.016998833000000046
-0.02657563700000004
-0.03615244700000003
-0.04572925700000002
0.04046201299999996
-0.08403647700000005
0.026096812999999996
-0.03136403700000001
-0.03615244700000003
-0.04094085700000005
-0.0026336220000000576
0.035673612999999965
-0.014604622000000012
-0.06488285700000002
-0.05667416557142857
-0.04846547414285718
-0.04025678271428573
-0.032048091285714286
-0.02383939985714284
-0.01563070842857145
-0.007422017000000003
-0.014604626999999981
-0.021787237000000015
-0.03136404700000006
-0.04094085700000005
-0.007422022000000028
0.026096812999999996
-0.04094085700000005
-0.0026336170000000325
0.004548982999999951
0.01173158299999999
-0.06488285700000002
-0.024181437000000028
0.01651998299999996
-0.016998837000000044
-0.019393037000000057
-0.021787237000000015
-0.0146046336666667
-0.007422030333333329
-0.00023942700000001427
0.006943176333333301
0.014125779666666671
0.021308382999999986
-0.03375824700000002
-0.007422030333333329
0.018914186333333305
0.04525040299999997
-0.06967127700000003
-0.03854664699999999
-0.007422017000000003
0.05482722299999998
0.0057460879999999825
-0.043335047000000015
-0.09241618200000001
-0.141497317
0.07876924299999996
-0.04572925700000002
-0.09840167700000002
0.10749966299999997
-0.016998826999999994
-0.141497317
-0.11994950075
-0.09840168450000003
-0.07685386825000001
-0.05530605200000005
-0.03375823575000003
-0.012210419500000014
0.009337396750000004
0.030885212999999967
0.026096812999999996
-0.107978497
0.07398083299999997
-0.060094457000000046
-0.016998837000000044
-0.0010374870000000591
0.014923862999999982
0.030885212999999967
-0.03136403700000001
-0.03136403700000001
-0.03136403700000001
-0.022744913000000033
-0.014125789
-0.005506665000000022
0.003112459000000012
0.01173158299999999
-0.04094085700000005
-0.016998837000000044
0.0037509096666666353
0.024500656333333315
0.04525040299999997
-0.09840167700000002
-0.06775589700000001
-0.037110117
-0.006464337000000042
0.02418144299999997
0.05482722299999998
-0.05051765700000005
-0.08882487700000002
-0.03734954200000001
0.014125792999999942
0.06560112799999995
0.11707646299999996
-0.007422027000000053
-0.13192051700000001
0.05482722299999998
0.03248133633333333
0.01013544966666663
-0.012210437000000018
-0.09361327700000005
0.002154787999999963
0.09792285299999998
-0.09361327700000005
0.006943182999999964
0.005027822999999987
0.0031124629999999542
0.0011971029999999772
-0.0007182570000000554
-0.0026336170000000325
-0.06967127700000003
-0.0026336270000000273
-0.01699883200000002
-0.03136403700000001
-0.021787237000000015
-0.012210437000000018
-0.00502782700000004
0.0021547829999999935
-0.06967127700000003
-0.02178723199999999
0.026096812999999996
0.017204065857142847
0.008311318714285698
-0.000581428428571451
-0.0094741755714286
-0.01836692271428575
-0.0272596698571429
-0.03615241700000005
-0.04147286811111117
-0.046793319222222296
-0.052113770333333365
-0.05743422144444449
-0.06275467255555561
-0.06807512366666674
-0.0733955747777778
-0.07871602588888893
-0.08403647700000005
0.06440403299999997
-0.02896984700000005
-0.03136404700000006
-0.012210427000000024
-0.013407529500000015
-0.014604632000000062
-0.015801734500000053
-0.016998837000000044
-0.028171777000000064
-0.03934471700000003
-0.05051765700000005
0.002154782999999938
0.05482722299999998
-0.060094457000000046
-0.02657563700000004
0.006943182999999964
0.01173158299999999
0.01651998299999996
-0.04572925700000002
-0.03136403700000001
-0.012210427000000024
0.006943182999999964
-0.025378537000000034
-0.05770025700000003
-0.03555388950000005
-0.01340752200000006
0.008738845499999981
0.030885212999999967
0.009816234999999951
-0.01125274300000001
-0.032321721000000025
-0.05339069900000004
-0.074459677
-0.014604626999999981
0.035673612999999965
0.0037509229999999616
-0.028171767000000014
-0.060094457000000046
0.01651998299999996
0.012415637285714265
0.008311291571428514
0.004206945857142819
0.00010260014285712327
-0.004001745571428572
-0.008106091285714323
-0.012210437000000018
-0.016998840333333376
-0.021787243666666678
-0.026575647000000036
-0.03136405033333339
-0.036152453666666695
-0.04094085700000005
-0.021787237000000015
-0.007422017000000003
-0.06967127700000003
0.01651998299999996
0.0031124549999999584
-0.010295073000000043
-0.023702601000000045
-0.03711012900000005
-0.05051765700000005
0.0021547829999999935
-0.021787237000000015
-0.04572925700000002
0.021308382999999986
-0.04094085700000005
0.01173158299999999
-0.03615241700000005
0.035673612999999965
0.006943189666666627
-0.021787233666666683
-0.05051765700000005
-0.007422017000000003
-0.007422017000000003
-0.007422017000000003
-0.007422017000000003
-0.007422017000000003
-0.019393037000000057
-0.008619127000000004
0.0021547829999999935
0.003351883
0.004548982999999951
0.005746082999999957
0.006943182999999964
0.002154780499999953
-0.0026336220000000576
-0.007422024500000013
-0.012210427000000024
-0.016998829500000034
-0.02178723199999999
-0.0265756345
-0.03136403700000001
-0.012210427000000024
0.006943182999999964
-0.00901816366666669
-0.0249795103333334
-0.04094085700000005
-0.019393017000000068
0.006943182999999964
-0.060094457000000046
-0.04094084700000006
-0.02178723700000007
-0.0026336270000000273
0.01651998299999996
-0.05051765700000005
0.026096812999999996
-0.074459677
0.026096812999999996
-0.04094085700000005
-0.026575643666666704
-0.012210430333333355
0.0021547829999999935
-0.021787237000000015
-0.021787237000000015
-0.021787237000000015
-0.021787237000000015
-0.01699883299999999
-0.012210429000000023
-0.007422024999999999
-0.0026336210000000304
0.0021547829999999935
-0.0034316870000000166
-0.009018156999999971
-0.014604626999999981
-0.018914184999999972
-0.02322374300000002
-0.02753330100000001
-0.03184285900000006
-0.03615241700000005
-0.00981622700000001
-0.05530605700000002
0.01173158299999999
0.004070138999999973
-0.0035913050000000446
-0.011252749000000006
-0.018914193000000024
-0.02657563700000004
-0.012210437000000018
-0.012210437000000018
-0.012210437000000018
-0.007422017000000003
-0.012210437000000018
-0.012210437000000018
-0.012210437000000018
-0.014604637000000031
-0.016998837000000044
-0.016998837000000044
-0.016998837000000044
-0.016998837000000044
-0.016998837000000044
-0.016998837000000044
-0.016998837000000044
-0.026575636999999985
-0.021787237000000015
-0.021388203666666716
-0.020989170333333362
-0.02059013700000001
-0.02019110366666671
-0.01979207033333341
-0.019393037000000057
-0.016998837000000044
-0.019393037000000057
-0.02178723700000007
-0.024181437000000028
-0.02657563700000004
-0.012210437000000018
-0.016998837000000044
-0.02019110366666671
-0.023383370333333375
-0.02657563700000004
-0.016998837000000044
-0.012210427000000024
-0.007422017000000003
-0.016998826999999994
-0.02657563700000004
-0.024181437000000028
-0.021787237000000015
-0.016998837000000044
-0.012210437000000018
-0.012210437000000018
-0.012210437000000018
-0.00981622700000001
-0.007422017000000003
-0.012210423666666692
-0.016998830333333326
-0.021787237000000015
-0.018195932000000026
-0.014604626999999981
-0.011013321999999992
-0.007422017000000003
-0.0026336170000000325
-0.016998837000000044
-0.03136403700000001
-0.03136403700000001
-0.03136403700000001
-0.026575636999999985
-0.021787237000000015
-0.019393037000000057
-0.016998837000000044
-0.01819593700000005
-0.019393037000000057
-0.02059013700000001
-0.021787237000000015
-0.007422017000000003
-0.007422017000000003
-0.007422017000000003
-0.021787237000000015
-0.021787237000000015
-0.021787237000000015
