-0.003830719999999954
0.005746079999999987
0.015322880000000039
0.012130613333333318
0.008938346666666708
0.005746079999999987
0.0009576800000000718
0.002553813333333377
0.004149946666666682
0.005746079999999987
0.0009576799999999608
-0.003830719999999954
-0.00861911999999998
-0.0067037599999999475
-0.004788399999999915
-0.0028730399999999934
-0.0009576799999999608
0.0009576800000000718
0.0009576800000000718
0.0009576800000000718
-0.003830719999999954
-0.003830719999999954
-0.003830719999999954
-0.00861911999999998
-0.0014365200000000522
0.005746079999999987
0.007342213333333292
0.008938346666666708
0.010534480000000013
0.008938346666666708
0.007342213333333403
0.005746080000000098
0.004149946666666682
0.002553813333333377
0.0009576800000000718
-0.003830719999999954
-0.00861911999999998
-0.013407520000000006
0.010534480000000013
0.010534480000000013
0.0033518799999999738
0.006943180000000049
0.010534480000000013
0.004149946666666682
-0.002234586666666649
-0.00861911999999998
-0.006224919999999967
-0.003830719999999954
-0.003830719999999954
-0.003830719999999954
-0.003830719999999954
-0.003830719999999954
0.0009576800000000718
-0.002234586666666649
-0.005426853333333259
-0.00861911999999998
-0.005267240000000006
-0.0019153600000000326
0.0014365200000000522
0.004788400000000026
0.00814028
0.0009576800000000718
0.0005586466666667178
0.0001596133333333638
-0.00023941999999987917
-0.0006384533333332332
-0.0010374866666665872
-0.0014365199999999412
-0.0018355533333332952
-0.002234586666666649
-0.002633620000000003
-0.003032653333333246
-0.0034316866666666
-0.003830719999999954
-0.01819591999999992
-0.013407520000000006
0.0009576800000000718
-0.003830719999999954
0.01771708000000005
0.005746079999999987
0.005062022857142856
0.004377965714285725
0.0036939085714285946
0.003009851428571464
0.0023257942857143332
0.0016417371428572025
0.0009576800000000718
0.00814028
0.0009576800000000718
0.0009576800000000718
0.0009576800000000718
0.0009576800000000718
-0.003830719999999954
-0.013407520000000006
-0.013407520000000006
-0.013407520000000006
0.005746079999999987
0.005746079999999987
0.005746079999999987
0.005746079999999987
-0.0014365200000000522
-0.00861911999999998
-0.011013319999999993
-0.013407520000000006
0.015322880000000039
0.00814028
0.0009576800000000718
0.005746080000000098
0.010534480000000013
0.010534480000000013
0.010534480000000013
0.0009576800000000718
-0.00861911999999998
-0.00930317714285711
-0.009987234285714242
-0.010671291428571372
-0.011355348571428614
-0.012039405714285745
-0.012723462857142875
-0.013407520000000006
0.0009576800000000718
0.015322880000000039
0.0009576800000000718
0.002154780000000023
0.0033518799999999738
0.004548980000000036
0.005746079999999987
0.005746079999999987
0.0009576800000000718
0.002154780000000023
0.0033518799999999738
0.004548980000000036
0.005746079999999987
-0.003830719999999954
-0.007022986666666675
-0.010215253333333285
-0.013407520000000006
-0.003830719999999954
0.005746079999999987
-0.00861911999999998
-0.01819591999999992
-0.012928679999999915
-0.007661439999999908
-0.002394200000000013
0.0028730399999999934
0.00814028
0.006344629999999962
0.004548980000000036
0.0027533300000001093
0.0009576800000000718
0.0009576800000000718
0.0009576800000000718
0.0009576800000000718
0.005746080000000098
0.010534480000000013
0.005746080000000098
0.0009576800000000718
0.0033518799999999738
0.005746079999999987
0.005746079999999987
0.002553813333333377
-0.0006384533333333442
-0.003830719999999954
0.0033518799999999738
0.010534480000000013
0.007342213333333403
0.004149946666666682
0.0009576800000000718
-0.002234586666666649
-0.005426853333333259
-0.00861911999999998
-0.006224919999999967
-0.003830719999999954
-0.0014365199999999412
0.0009576800000000718
-0.01819591999999992
-0.0014365200000000522
0.0009576800000000718
0.0028730400000001044
0.004788400000000026
0.0067037600000000586
0.00861911999999998
0.010534480000000013
-0.0014365199999999412
-0.005426853333333259
-0.009417186666666688
-0.013407520000000006
-0.00861911999999998
-0.003830719999999954
0.0009576800000000718
0.005746079999999987
-0.0014365200000000522
-0.00861911999999998
0.005746079999999987
0.002553813333333377
-0.0006384533333333442
-0.003830719999999954
0.0001596133333333638
0.004149946666666682
0.00814028
0.004149946666666682
0.0001596133333333638
-0.003830719999999954
-0.00861911999999998
-0.003830719999999954
0.0009576800000000718
0.0009576800000000718
0.0009576800000000718
0.0009576800000000718
0.0009576800000000718
0.0033518799999999738
0.005746079999999987
0.004548980000000036
0.0033518799999999738
0.002154780000000023
0.0009576800000000718
0.0009576800000000718
-0.0006384533333332332
-0.002234586666666649
-0.003830719999999954
-0.004788399999999915
-0.005746079999999987
-0.0067037599999999475
-0.007661440000000019
-0.00861911999999998
0.010534480000000013
0.010534480000000013
0.010534480000000013
0.010534480000000013
0.010534480000000013
0.010534480000000013
-0.003830719999999954
-0.002234586666666649
-0.0006384533333332332
0.0009576800000000718
0.005746080000000098
0.010534480000000013
0.0009576800000000718
-0.00861911999999998
-0.01819591999999992
0.015322880000000039
-0.013407520000000006
-0.003830719999999954
0.005746079999999987
0.004149946666666682
0.002553813333333377
0.0009576800000000718
-0.01819591999999992
-0.009576799999999941
-0.0009576799999999608
0.00766144000000013
0.01628056000000011
0.02489968000000009
0.005746080000000098
-0.013407520000000006
-0.006224919999999967
0.0009576800000000718
0.00814028
0.015322880000000039
-0.01819591999999992
0.029688080000000006
0.0009576500000000321
-0.02777277999999994
-0.013407564999999955
0.0009576500000000321
0.015322865000000019
0.029688080000000006
0.015322880000000039
-0.003830719999999954
0.0009576800000000718
-0.003830719999999954
-0.00861911999999998
0.0033518799999999738
0.015322880000000039
0.0033518799999999738
-0.00861911999999998
0.005746080000000098
0.020111280000000065
0.0025537933333333873
-0.01500369333333329
-0.03256117999999997
-0.00861915000000002
0.015322880000000039
-0.00861911999999998
-0.011013319999999993
-0.013407520000000006
0.015322880000000039
0.004149946666666682
-0.007022986666666564
-0.01819591999999992
0.012928700000000126
0.04405332000000006
0.0057460700000000475
-0.03256117999999997
-0.026815093999999928
-0.021069008
-0.015322921999999961
-0.009576835999999922
-0.003830749999999994
0.0019153360000000452
0.007661422000000084
0.013407508000000123
0.01915359400000005
0.02489968000000009
0.020111280000000065
0.015322880000000039
0.0009576700000000216
-0.001436549999999981
-0.006224919999999967
0.014125779999999977
0.03447648000000003
0.01651996499999997
-0.001436549999999981
-0.01939306499999993
-0.03734957999999999
0.020111280000000065
0.00814028
-0.003830719999999954
-0.0009576799999999608
0.0019153600000000326
0.004788400000000026
0.007661440000000019
0.010534480000000013
-0.00861911999999998
-0.007022986666666675
-0.005426853333333259
-0.003830719999999954
0.0009576800000000718
-0.02777277999999994
-0.003830746666666607
0.020111286666666728
0.04405332000000006
-0.022984319999999947
0.04405332000000006
0.015322900000000028
-0.013407520000000006
-0.003830719999999954
0.002553813333333377
0.008938346666666708
0.015322880000000039
0.0009576800000000718
-0.013407520000000006
0.029688080000000006
0.015322880000000039
0.0009576799999999608
-0.013407520000000006
-0.00861911999999998
-0.003830719999999954
0.0009576799999999608
0.005746079999999987
-0.02777277999999994
-0.019792093333333316
-0.01181140666666658
-0.003830719999999954
-0.013407520000000006
0.010534480000000013
-0.003830719999999954
-0.011013319999999882
-0.01819591999999992
-0.0014365199999999412
0.015322880000000039
0.004548965000000016
-0.006224949999999896
-0.01699886499999992
-0.02777277999999994
-0.008619159999999959
0.010534460000000023
0.029688080000000006
0.02090934666666666
0.012130613333333318
0.0033518799999999738
-0.005426853333333259
-0.014205586666666603
-0.022984319999999947
0.010534480000000013
-0.006224919999999967
-0.01819591999999992
0.005746079999999987
0.0009576799999999608
-0.003830719999999954
-0.00861911999999998
-0.00861911999999998
0.00814028
0.02489968000000009
-0.02777277999999994
-0.00861915000000002
0.010534480000000013
-0.003830719999999954
-0.01819591999999992
-0.0014365199999999412
0.015322880000000039
0.0009576800000000718
-0.013407520000000006
-0.007821053333333272
-0.002234586666666649
0.0033518799999999738
0.008938346666666708
0.014524813333333442
0.020111280000000065
-0.006224919999999967
0.002154780000000023
0.010534480000000013
0.0033518799999999738
-0.003830719999999954
0.015322880000000039
0.0033518799999999738
-0.00861911999999998
0.012928680000000026
0.03447648000000003
0.015322880000000039
-0.003830719999999954
-0.003830719999999954
-0.003830719999999954
-0.003830719999999954
-0.003830719999999954
0.0009576800000000718
-0.003032653333333246
-0.007022986666666675
-0.011013319999999993
-0.012210420000000055
-0.013407520000000006
-0.003830719999999954
0.005746079999999987
-0.00861911999999998
-0.022984319999999947
0.015322880000000039
0.005746067999999993
-0.0038307439999999415
-0.013407555999999987
-0.022984367999999922
-0.03256117999999997
0.03447648000000003
-0.003830719999999954
0.0009576800000000718
0.005746079999999987
0.00814028
0.010534480000000013
-0.0014365200000000522
-0.013407520000000006
0.0009576800000000718
0.015322880000000039
0.01237617230769239
0.00942946461538463
0.006482756923076982
0.0035360492307692226
0.0005893415384615741
-0.0023573661538460744
-0.005304073846153834
-0.008250781538461482
-0.011197489230769131
-0.01414419692307689
-0.01709090461538454
-0.0200376123076923
-0.022984319999999947
0.0009576800000000718
-0.013407520000000006
-0.0014365200000000522
0.00814028
0.0009576800000000718
0.012928700000000015
0.020709855
0.028491010000000094
0.03627216500000008
0.04405332000000006
-0.02777277999999994
-0.006224949999999896
0.015322880000000039
0.005746080000000098
-0.003830719999999954
-0.0014365199999999412
0.0009576800000000718
0.0033518799999999738
0.005746079999999987
-0.0002394199999999902
-0.006224919999999967
0.0009576800000000718
-0.006224934999999987
-0.013407549999999935
-0.020590164999999883
-0.02777277999999994
0.015322880000000039
-0.0014365199999999412
-0.01819591999999992
-0.007022986666666564
0.004149946666666682
0.015322880000000039
-0.00861911999999998
-0.0014365200000000522
0.005746079999999987
0.02489968000000009
-0.0014365499999998699
-0.02777277999999994
-0.01614379428571422
-0.004514808571428497
0.007114177142857225
0.018743162857142837
0.03037214857142856
0.04200113428571428
0.05363012
0.03128423999999996
0.008938360000000034
-0.013407520000000006
0.010534480000000013
-0.00861915000000002
0.0009576800000000718
-0.003830719999999954
-0.00861911999999998
-0.013407519999999895
-0.01819591999999992
-0.022984319999999947
0.0033518799999999738
0.007242454999999981
0.011133029999999988
0.015023604999999995
0.018914180000000003
0.02280475500000001
0.026695330000000017
0.030585905000000024
0.03447648000000003
-0.04692636999999994
0.029688080000000006
-0.011013319999999993
0.015322880000000039
-0.003830719999999954
0.012928680000000026
0.029688080000000006
0.01771708000000005
0.005746080000000098
-0.006224919999999967
-0.01819591999999992
0.015322880000000039
0.004149946666666682
-0.007022986666666564
-0.01819591999999992
-0.0098162249999999
-0.0014365299999999914
-0.0002394249999999598
0.0009576800000000718
-0.0006384533333332332
-0.002234586666666649
-0.003830719999999954
-0.005882891428571346
-0.00793506285714285
-0.009987234285714242
-0.012039405714285634
-0.014091577142857026
-0.01614374857142853
-0.01819591999999992
0.00814028
0.03447648000000003
0.0033518700000000345
-0.022984319999999947
0.02489968000000009
-0.013407520000000006
-0.00542685333333337
0.002553813333333377
0.010534480000000013
-0.013407520000000006
-0.010215253333333285
-0.007022986666666675
-0.003830719999999954
-0.002633620000000003
-0.0014365199999999412
-0.00023941999999987917
0.0009576800000000718
-0.007422034999999938
-0.015801749999999948
-0.024181464999999958
-0.03256117999999997
0.02489968000000009
-0.04692636999999994
0.0009576500000000321
-0.003830734999999974
-0.00861911999999998
0.0033518799999999738
0.015322880000000039
0.005746079999999987
-0.003830719999999954
-0.013407520000000006
0.01771710000000004
0.04884172000000009
0.027293899999999982
0.005746079999999987
0.029688080000000006
0.00814028
-0.013407520000000006
-0.009217669999999956
-0.005027820000000016
-0.0008379699999999657
0.0033518799999999738
0.007541730000000024
0.011731580000000075
0.015921430000000014
0.020111280000000065
-0.00861911999999998
0.005746079999999987
-0.003830719999999954
-0.02777277999999994
0.02489968000000009
-0.03734957999999999
-0.01939306499999993
-0.001436549999999981
0.01651996499999997
0.03447648000000003
0.003351850000000045
-0.02777277999999994
-0.020590149999999974
-0.013407520000000006
0.02489968000000009
0.018195920000000032
0.011492160000000085
0.004788400000000026
-0.0019153599999999216
-0.00861911999999998
0.04405332000000006
-0.006224919999999967
-0.009816219999999931
-0.013407520000000006
-0.0014365200000000522
0.010534480000000013
-0.020590145000000004
-0.051714769999999965
-0.01819594499999999
0.015322880000000039
0.004149946666666682
-0.007022986666666564
-0.01819591999999992
-0.013407520000000006
-0.00861911999999998
-0.008020577499999959
-0.007422034999999938
-0.006823492499999917
-0.006224949999999896
0.04884172000000009
0.030885210000000107
0.012928700000000126
-0.005027809999999966
-0.022984319999999947
0.020111280000000065
0.004548980000000036
-0.011013319999999993
-0.007661440000000019
-0.004309560000000046
-0.0009576799999999608
0.002394200000000013
0.005746079999999987
0.005746079999999987
0.010534480000000013
-0.013407520000000006
0.005746080000000098
0.02489968000000009
-0.003830749999999994
-0.03256117999999997
-0.00861915000000002
0.015322880000000039
0.0033518799999999738
-0.00861911999999998
-0.006224919999999967
-0.003830719999999954
0.004149946666666682
0.012130613333333429
0.020111280000000065
0.0025537933333333873
-0.01500369333333329
-0.03256117999999997
0.029688080000000006
-0.022984319999999947
-0.010215253333333285
0.002553813333333377
0.015322880000000039
0.0009576800000000718
0.005746080000000098
0.010534480000000013
-0.003830719999999954
-0.01819591999999992
-0.010215253333333285
-0.002234586666666649
0.005746079999999987
0.0033518799999999738
0.0009576800000000718
-0.02777277999999994
0.0009576500000000321
0.029688080000000006
0.010534460000000023
-0.008619159999999959
-0.02777277999999994
0.03447648000000003
0.003351850000000045
-0.02777277999999994
-0.00861915000000002
0.010534480000000013
0.012928680000000026
0.015322880000000039
0.01771708000000005
0.020111280000000065
0.022505480000000078
0.02489968000000009
-0.01819591999999992
0.02489968000000009
-0.013407520000000006
0.0009576800000000718
0.002154780000000023
0.003351880000000085
0.004548980000000147
0.005746080000000098
-0.0014365199999999412
-0.00861911999999998
-0.005027820000000016
-0.0014365200000000522
0.002154780000000023
0.005746079999999987
0.0009576800000000718
-0.01819591999999992
-0.015203177499999887
-0.012210434999999964
-0.00921769249999993
-0.006224949999999896
0.004548965000000016
0.015322880000000039
0.007342213333333403
-0.0006384533333333442
-0.00861911999999998
0.005746079999999987
0.005746079999999987
0.005746079999999987
-0.0014365200000000522
-0.00861911999999998
-0.015801719999999908
-0.022984319999999947
-0.013407520000000006
-0.003830719999999954
-0.0006384533333333442
0.002553813333333377
0.005746079999999987
-0.003830719999999954
0.0009576800000000718
0.005746080000000098
0.010534480000000013
0.015322880000000039
0.010534480000000013
0.005746079999999987
0.008938346666666708
0.012130613333333318
0.015322880000000039
0.00814028
0.0009576800000000718
-0.006224919999999967
-0.013407520000000006
-0.006224919999999967
0.0009576800000000718
-0.003830719999999954
-0.0006384533333333442
0.002553813333333377
0.005746079999999987
0.010534480000000013
0.0033518799999999738
-0.003830719999999954
-0.006224919999999967
-0.00861911999999998
-0.011013319999999882
-0.013407519999999895
-0.015801719999999908
-0.01819591999999992
0.00814028
0.007342213333333292
0.006544146666666695
0.005746079999999987
0.005746079999999987
0.010534480000000013
0.005746080000000098
0.0009576800000000718
-0.003830719999999954
-0.003830719999999954
-0.003830719999999954
-0.003830719999999954
-0.003830719999999954
-0.003830719999999954
-0.003830719999999954
0.0009576800000000718
0.0009576800000000718
0.0009576800000000718
-0.003830719999999954
-0.005426853333333259
-0.007022986666666675
-0.00861911999999998
-0.010215253333333285
-0.011811386666666701
-0.013407520000000006
0.005746079999999987
0.005746079999999987
0.005746079999999987
0.005746079999999987
0.005746079999999987
0.005746080000000098
-0.003830719999999954
-0.00861911999999998
-0.013407520000000006
-0.01819591999999992
-0.022984319999999947
0.0009576800000000718
0.005746079999999987
0.010534480000000013
