0.005746079999999987
0.004548980000000036
0.0033518799999999738
0.002154780000000023
0.0009576800000000718
0.0009576800000000718
0.0009576800000000718
0.0009576800000000718
0.0009576800000000718
-0.003830719999999954
-0.00861911999999998
0.0009576800000000718
-0.01819591999999992
0.015322880000000039
0.01628056
0.01723824000000007
0.018195920000000032
0.019153600000000104
0.020111280000000065
-0.003830719999999954
-0.01819591999999992
-0.015801719999999908
-0.013407519999999895
-0.011013319999999882
-0.00861911999999998
-0.006224919999999967
-0.003830719999999954
-0.003830719999999954
-0.00861911999999998
-0.022984319999999947
-0.019792053333333226
-0.016599786666666616
-0.013407520000000006
-0.010215253333333285
-0.007022986666666564
-0.003830719999999954
0.005746079999999987
0.005746079999999987
0.005746079999999987
0.005746079999999987
0.005746079999999987
0.005746079999999987
0.005746079999999987
0.005746079999999987
0.005746079999999987
-0.00861911999999998
0.012928680000000026
0.005746079999999987
0.005746079999999987
0.005746079999999987
0.005746079999999987
0.005746079999999987
0.005746079999999987
0.0033518799999999738
-0.002633620000000003
-0.00861911999999998
-0.013407520000000006
-0.01819591999999992
-0.011013319999999882
-0.003830719999999954
-0.0014365199999999412
0.0009576800000000718
0.0009576800000000718
0.004788400000000026
0.008619120000000091
0.012449840000000045
0.01628056000000011
0.020111280000000065
-0.003830719999999954
-0.003830719999999954
-0.003830719999999954
0.010534480000000013
0.00814028
0.005746079999999987
0.005746079999999987
0.005746079999999987
0.005746079999999987
0.005746079999999987
0.0009576800000000718
0.004149946666666682
0.007342213333333403
0.010534480000000013
0.010534480000000013
0.010534480000000013
0.006943180000000049
0.0033518799999999738
-0.0002394199999999902
-0.003830719999999954
0.0033518799999999738
0.010534480000000013
-0.003830719999999954
-0.01819591999999992
-0.00861911999999998
0.0009576800000000718
-0.0014365199999999412
-0.003830719999999954
0.010534480000000013
0.00814028
0.005746080000000098
0.003351880000000085
0.0009576800000000718
-0.01819591999999992
-0.006224919999999967
0.005746079999999987
0.0033518799999999738
0.0009576800000000718
0.002553813333333377
0.004149946666666682
0.005746079999999987
0.010534480000000013
0.00814028
0.005746079999999987
-0.00861911999999998
-0.006224919999999967
-0.003830719999999954
-0.0014365199999999412
0.0009576800000000718
0.0009576800000000718
0.0009576800000000718
0.0028730400000001044
0.004788400000000026
0.0067037600000000586
0.00861911999999998
0.010534480000000013
-0.003830719999999954
0.015322880000000039
-0.003830719999999954
-0.0014365199999999412
0.0009576800000000718
0.0009576800000000718
-0.0014365199999999412
-0.003830719999999954
-0.005426853333333259
-0.007022986666666675
-0.00861911999999998
-0.00861911999999998
0.005746079999999987
0.0009576800000000718
-0.003830719999999954
0.0009576800000000718
0.005746079999999987
-0.0014365200000000522
-0.00861911999999998
-0.006224919999999967
-0.003830719999999954
-0.0014365199999999412
0.0009576800000000718
0.0009576800000000718
0.0009576800000000718
0.0009576800000000718
0.0033518799999999738
0.005746079999999987
-0.00861911999999998
-0.003830719999999954
0.0009576799999999608
0.005746079999999987
-0.0014365200000000522
-0.00861911999999998
-0.005426853333333259
-0.002234586666666649
0.0009576800000000718
0.010534480000000013
-0.00861911999999998
-0.005426853333333259
-0.002234586666666649
0.0009576800000000718
0.010534480000000013
0.008938346666666708
0.007342213333333292
0.005746079999999987
0.002154780000000023
-0.0014365200000000522
-0.005027820000000016
-0.00861911999999998
-0.003830719999999954
-0.003830719999999954
-0.013407520000000006
-0.013407520000000006
-0.013407520000000006
-0.003830719999999954
0.005746079999999987
0.004149946666666682
0.002553813333333377
0.0009576800000000718
-0.0014365199999999412
-0.003830719999999954
0.002553813333333377
0.008938346666666708
0.015322880000000039
-0.013407520000000006
0.0009576800000000718
0.0033518799999999738
0.005746079999999987
-0.003830719999999954
-0.013407520000000006
-0.003830719999999954
0.005746079999999987
0.005746079999999987
0.005746079999999987
0.005746079999999987
0.002154780000000023
-0.0014365200000000522
-0.005027820000000016
-0.00861911999999998
-0.00861911999999998
-0.005882891428571457
-0.0031466628571428235
-0.00041043428571430063
0.0023257942857143332
0.005062022857142856
0.00779825142857149
0.010534480000000013
-0.003830719999999954
-0.003830719999999954
0.005746079999999987
-0.013407520000000006
-0.003830719999999954
0.020111280000000065
0.005746079999999987
0.004788400000000026
0.003830720000000065
0.0028730399999999934
0.0019153600000000326
0.0009576800000000718
-0.0014365199999999412
-0.003830719999999954
0.010534480000000013
0.005746080000000098
0.0009576800000000718
0.0019153600000000326
0.0028730399999999934
0.003830720000000065
0.004788400000000026
0.005746079999999987
0.00814028
0.010534480000000013
0.0009576800000000718
0.005746079999999987
0.0017557466666666688
-0.002234586666666649
-0.006224919999999967
-0.005027819999999905
-0.003830719999999954
-0.00861911999999998
-0.013407520000000006
-0.00861911999999998
-0.003830719999999954
-0.003830719999999954
-0.003830719999999954
-0.003830719999999954
0.029688080000000006
-0.001436549999999981
-0.03256117999999997
-0.011013349999999922
0.010534480000000013
0.0009576800000000718
-0.00861911999999998
0.0009576800000000718
0.010534480000000013
-0.006224919999999967
-0.022984319999999947
-0.006224919999999967
0.010534480000000013
0.004149946666666682
-0.002234586666666649
-0.00861911999999998
0.020111280000000065
0.0009576800000000718
-0.01819591999999992
-0.00861911999999998
0.0009576800000000718
-0.013407549999999935
-0.02777277999999994
-0.01819596999999995
-0.008619159999999959
0.0009576500000000321
0.008938326666666718
0.016919003333333404
0.02489968000000009
0.01951273000000009
0.014125780000000088
0.008738830000000086
0.003351880000000085
-0.0020350699999999167
-0.007422019999999918
-0.01280896999999992
-0.01819591999999992
-0.00861911999999998
0.0009576800000000718
-0.0014365499999998699
0.04405332000000006
-0.01819591999999992
0.02489968000000009
0.015322880000000039
-0.015801744999999978
-0.04692636999999994
-0.025378547499999904
-0.0038307249999999238
0.017717097500000056
0.039264920000000036
-0.03734957999999999
-0.01819596000000001
0.0009576600000000823
0.020111280000000065
0.0009576800000000718
0.0009576700000000216
0.0009576600000000823
0.0009576500000000321
-0.020590164999999994
-0.04213798000000002
-0.015003679999999964
0.01213061999999998
0.039264920000000036
0.03288037333333338
0.026495826666666722
0.020111280000000065
0.015322880000000039
0.010534480000000013
-0.001436534999999961
-0.013407550000000046
-0.02537856500000002
-0.03734957999999999
0.020111280000000065
0.007342213333333403
-0.005426853333333259
-0.01819591999999992
0.015322880000000039
0.02489968000000009
0.015322880000000039
0.005746080000000098
-0.003830719999999954
-0.013407519999999895
-0.022984319999999947
0.0033518799999999738
0.029688080000000006
-0.003830719999999954
0.010534480000000013
0.0009576800000000718
-0.0014365199999999412
-0.003830719999999954
0.005746080000000098
0.015322880000000039
0.02489968000000009
-0.006224949999999896
-0.03734957999999999
0.029688080000000006
0.013726746666666734
-0.002234586666666649
-0.01819591999999992
0.0009576800000000718
0.020111280000000065
0.010534480000000013
-0.003830719999999954
-0.01819591999999992
0.00814028
0.03447648000000003
-0.006224944999999926
-0.04692636999999994
-0.006224944999999926
0.03447648000000003
0.016919013333333344
-0.0006384533333332332
-0.01819591999999992
-0.015003653333333311
-0.01181138666666659
-0.00861911999999998
0.029688080000000006
-0.03734957999999999
0.0033518700000000345
0.04405332000000006
0.00814027000000006
-0.02777277999999994
-0.022984349999999876
-0.01819591999999992
0.020111280000000065
-0.022984344999999906
-0.06607996999999999
-0.040222592
-0.014365214000000015
0.011492163999999971
0.03734954200000007
0.06320692000000006
-0.01819591999999992
-0.0014365199999999412
0.015322880000000039
0.010534480000000013
0.005746080000000098
0.0009576800000000718
-0.003830719999999954
0.015322880000000039
-0.0006384733333333337
-0.016599826666666595
-0.03256117999999997
0.005746079999999987
0.0033518799999999738
0.0009576800000000718
0.002154780000000023
0.0033518799999999738
0.004548980000000036
0.005746079999999987
-0.00861911999999998
-0.00861911999999998
-0.00861911999999998
-0.00861911999999998
0.015322880000000039
0.005746080000000098
-0.003830719999999954
0.002553813333333377
0.008938346666666708
0.015322880000000039
-0.0014365199999999412
-0.01819591999999992
0.015322900000000028
0.04884172000000009
0.03327941000000012
0.01771710000000004
0.002154789999999962
-0.013407520000000006
0.0009576800000000718
0.010534480000000013
0.003351877499999989
-0.0038307249999999238
-0.02298435249999997
-0.04213798000000002
-0.015801749999999948
0.010534480000000013
0.0009576800000000718
-0.00861911999999998
-0.006224919999999967
-0.003830719999999954
-0.0014365199999999412
0.0009576800000000718
-0.0014365199999999412
-0.003830719999999954
-0.0014365199999999412
-0.0009576859999999021
-0.0004788519999999741
-1.7999999935014444e-08
0.000478815999999993
0.0009576500000000321
-0.01819596499999998
-0.03734957999999999
-0.003830749999999994
0.029688080000000006
0.0009576800000000718
-0.00861913999999997
-0.0181959599999999
-0.02777277999999994
0.0057460700000000475
0.039264920000000036
0.021308395000000036
0.0033518700000000345
-0.014604654999999966
-0.03256117999999997
0.05363012
0.04006297000000003
0.02649582000000006
0.012928670000000086
-0.0006384799999999968
-0.014205629999999969
-0.02777277999999994
-0.013407549999999935
0.0009576800000000718
0.020111280000000065
0.0009576500000000321
-0.022984319999999947
-0.012210419999999944
-0.0014365199999999412
0.009337380000000062
0.020111280000000065
-0.022984319999999947
0.005746079999999987
0.00487546181818177
0.004004843636363664
0.0031342254545454473
0.0022636072727272305
0.0013929890909091247
0.0005223709090909079
-0.0003482472727271979
-0.0012188654545454147
-0.0020894836363636315
-0.0029601018181817373
-0.003830719999999954
-0.00861911999999998
-0.013407520000000006
0.005746079999999987
-0.01819591999999992
-0.0014365249999999108
0.029688080000000006
-0.0014365199999999412
0.04405332000000006
0.010534490000000063
-0.022984339999999936
-0.05650316999999999
0.04884172000000009
0.026495840000000048
0.004149960000000119
-0.01819591999999992
-0.00861911999999998
0.005746079999999987
0.020111280000000065
0.03447648000000003
0.024301123750000042
0.014125767500000053
0.003950411250000063
-0.006224944999999926
-0.016400301249999916
-0.026575657499999905
-0.036751013749999895
-0.04692636999999994
0.02489970000000008
0.012928680000000026
-0.04213798000000002
-0.022026679999999965
-0.001915380000000022
0.018195920000000032
0.038307219999999975
0.05841852000000003
0.02649582000000006
-0.005426880000000023
-0.03734957999999999
0.020111280000000065
-0.003830719999999954
0.0033518799999999738
0.010534480000000013
-0.00861911999999998
-0.0067037599999999475
-0.004788399999999915
-0.0028730399999999934
-0.0009576799999999608
0.0009576800000000718
-0.015801749999999948
-0.03256117999999997
-0.020590149999999974
-0.00861911999999998
0.0009576800000000718
-0.003830719999999954
-0.00861911999999998
-0.006224919999999967
-0.003830719999999954
0.0033518799999999738
0.010534480000000013
0.004309554999999965
-0.0019153699999999718
-0.00814029500000002
-0.014365219999999956
-0.020590145000000004
-0.02681506999999994
-0.03303999499999999
-0.039264919999999925
-0.04548984499999997
-0.051714769999999965
-0.027772744999999932
-0.003830719999999954
-0.0277727499999999
-0.00861914499999994
0.00574607125000004
0.02011128750000013
0.03447650375000011
0.04884172000000009
0.015322900000000028
-0.01819591999999992
-0.00861911999999998
0.06799531000000003
0.03128421333333331
-0.005426883333333299
-0.04213798000000002
0.0057460699999999365
0.05363012
-0.03734957999999999
0.015322880000000039
0.020111280000000065
0.01479082888888894
0.009470377777777816
0.004149926666666692
-0.0011705244444444318
-0.006490975555555445
-0.011811426666666569
-0.017131877777777693
-0.022452328888888817
-0.02777277999999994
0.015322880000000039
-0.04213798000000002
-0.006224949999999896
0.05363012
0.0057460699999999365
-0.04213798000000002
0.06799531000000003
0.03926490000000005
0.010534490000000063
-0.01819591999999992
-0.006224919999999967
0.005746079999999987
0.002553813333333377
-0.0006384533333333442
-0.003830719999999954
-0.003830719999999954
-0.003830719999999954
0.0009576800000000718
-0.0038307299999998934
-0.00861913999999997
-0.013407549999999935
-0.0181959599999999
-0.022984369999999976
-0.02777277999999994
0.010534480000000013
-0.03734957999999999
-0.0301669725
-0.022984365000000007
-0.015801757500000013
-0.00861915000000002
0.003351865000000065
0.015322880000000039
-0.013407549999999935
0.008140265000000091
0.029688080000000006
0.05123589500000003
0.07278371000000006
-0.051714769999999965
0.04405332000000006
0.01771710000000004
-0.00861911999999998
-0.003830719999999954
0.0009576800000000718
0.01771708000000005
0.03447648000000003
0.014125767500000053
-0.006224944999999926
-0.026575657499999905
-0.04692636999999994
0.039264920000000036
0.0033518700000000345
-0.03256117999999997
0.029688080000000006
0.00814028
-0.013407520000000006
-0.00861911999999998
-0.003830719999999954
-0.012210434999999964
-0.020590149999999974
-0.028969864999999984
-0.03734957999999999
0.0009576800000000718
-0.013407520000000006
-0.019792073333333327
-0.026176626666666647
-0.03256117999999997
0.07278371000000006
0.010534470000000073
-0.051714769999999965
-0.006224924999999937
0.039264920000000036
0.023303573333333327
0.007342226666666729
-0.00861911999999998
0.0009576800000000718
0.010534480000000013
0.009736410000000029
0.008938340000000045
0.00814027000000006
0.023303553333333338
0.038466836666666726
0.05363012
-0.051714769999999965
-0.013407544999999965
0.02489968000000009
0.00814028
-0.00861911999999998
-0.006224919999999967
-0.003830719999999954
-0.0014365199999999412
0.0009576800000000718
-0.0014365199999999412
-0.003830719999999954
0.005746080000000098
0.015322880000000039
0.012449840000000045
0.009576800000000052
0.0067037600000000586
0.003830720000000065
0.0009576800000000718
0.005746079999999987
0.002553813333333377
-0.0006384533333333442
-0.003830719999999954
0.0009576800000000718
0.0009576800000000718
0.020111280000000065
0.010534480000000013
0.0009576800000000718
-0.00861911999999998
0.010534480000000013
-0.0014365200000000522
-0.013407520000000006
-0.007022986666666675
-0.0006384533333333442
0.005746079999999987
-0.003830719999999954
-0.00861911999999998
-0.013407519999999895
-0.01819591999999992
0.005746079999999987
0.008938346666666708
0.012130613333333318
0.015322880000000039
0.015322880000000039
0.015322880000000039
0.015322880000000039
0.015322880000000039
0.015322880000000039
-0.0014365199999999412
-0.01819591999999992
-0.0014365199999999412
0.015322880000000039
0.0009576800000000718
-0.002234586666666649
-0.005426853333333259
-0.00861911999999998
0.010534480000000013
-0.013407520000000006
-0.006224919999999967
0.0009576800000000718
0.010534480000000013
0.0033518799999999738
-0.003830719999999954
-0.0014365199999999412
0.0009576800000000718
0.0033518799999999738
0.005746079999999987
0.005746079999999987
0.0009576800000000718
-0.003830719999999954
-0.003830719999999954
-0.003830719999999954
-0.006224919999999967
-0.00861911999999998
0.0009576800000000718
0.0009576800000000718
0.0009576800000000718
0.0009576800000000718
0.0009576800000000718
0.0033518799999999738
0.005746079999999987
0.004149946666666682
0.002553813333333377
0.0009576800000000718
-0.006224919999999967
-0.013407520000000006
-0.006224919999999967
0.0009576800000000718
0.0009576800000000718
0.0009576800000000718
0.005746079999999987
0.0009576799999999608
-0.003830719999999954
-0.00861911999999998
-0.00861911999999998
-0.00861911999999998
-0.008020570000000005
-0.007422020000000029
-0.006823469999999943
-0.006224919999999967
-0.005626369999999992
-0.005027819999999905
-0.00442926999999993
-0.003830719999999954
-0.0032321699999999787
-0.002633620000000003
-0.0020350699999999167
-0.0014365199999999412
-0.0008379699999999657
-0.00023941999999987917
0.0003591300000000963
0.0009576800000000718
0.0009576800000000718
0.0009576800000000718
0.0009576800000000718
-0.0014365199999999412
-0.003830719999999954
-0.003830719999999954
-0.013407520000000006
0.0009576800000000718
0.0033518799999999738
0.0033518799999999738
0.005746079999999987
0.00814028
0.010534480000000013
-0.00861911999999998
-0.00861911999999998
0.0009576800000000718
0.010534480000000013
-0.013407520000000006
0.005746079999999987
0.0009576799999999608
-0.003830719999999954
-0.00861911999999998
0.0033518799999999738
0.015322880000000039
0.008938346666666708
0.002553813333333377
-0.003830719999999954
0.005746079999999987
0.010534480000000013
-0.0014365200000000522
-0.013407520000000006
-0.013407520000000006
