0.0035913070000000435
0.0035913070000000435
0.0035913070000000435
0.0035913070000000435
0.0035913070000000435
0.00837970700000007
-0.001197092999999927
-0.001197092999999927
-0.001197092999999927
-0.001197092999999927
-0.001197092999999927
0.00039904033333337807
0.0019951736666667386
0.0035913070000000435
-0.001197092999999927
0.0059855070000000565
0.01316810700000004
0.011971007000000033
0.010773907000000027
0.009576807000000076
0.00837970700000007
0.0035913070000000435
0.002394207000000037
0.001197107000000086
7.000000079582236e-09
-0.001197092999999927
-0.015562312999999939
-0.008379702999999905
-0.001197092999999927
-0.002154774999999942
-0.0031124569999999574
-0.004070138999999917
-0.005027820999999932
-0.005985502999999948
-0.006943184999999963
-0.007900866999999978
-0.008858548999999938
-0.009816230999999953
-0.010773912999999968
-0.00359130299999999
0.0035913070000000435
-0.001197092999999927
-0.001197092999999927
0.00837970700000007
-0.005985472999999963
-0.005985472999999963
0.0035913070000000435
0.0035913070000000435
0.0035913070000000435
-0.010773912999999968
-0.009337390999999973
-0.007900868999999977
-0.006464346999999981
-0.005027824999999986
-0.00359130299999999
-0.002154780999999939
-0.0007182589999999434
0.0007182630000000523
0.002154785000000048
0.0035913070000000435
-0.00359130299999999
-0.010773912999999968
0.0035913070000000435
0.0035913070000000435
0.00837970700000007
0.0035913070000000435
-0.005985472999999963
0.00837970700000007
0.00837970700000007
0.00837970700000007
0.00837970700000007
0.00837970700000007
0.00837970700000007
0.0035913070000000435
0.0019951736666667386
0.00039904033333337807
-0.001197092999999927
-0.001197092999999927
-0.001197092999999927
-0.003591282999999945
-0.005985472999999963
-0.010773886333333316
-0.015562299666666612
-0.020350712999999965
0.00837970700000007
0.0011971170000000253
-0.005985472999999963
-0.015562312999999939
-0.005985502999999948
0.0035913070000000435
-0.003591282999999945
-0.0027932196666666242
-0.001995156333333248
-0.001197092999999927
-0.001197092999999927
-0.001197092999999927
0.0019951736666667386
0.005187440333333404
0.00837970700000007
0.00837970700000007
0.00837970700000007
0.00837970700000007
0.00837970700000007
0.00837970700000007
0.00837970700000007
0.00837970700000007
0.00837970700000007
-0.010773912999999968
-0.005985472999999963
0.001197107000000086
0.0016759470000000665
0.002154787000000047
0.0026336270000000828
0.003112467000000063
0.0035913070000000435
0.001197107000000086
0.0035913070000000435
-0.001197092999999927
-0.0043893663333332555
-0.00758163966666664
-0.010773912999999968
0.01316810700000004
0.00199516700000002
-0.009177772999999945
-0.020350712999999965
0.03232172700000008
0.01316812700000003
-0.005985472999999963
0.0035913070000000435
-0.0011970996666666456
-0.005985506333333279
-0.010773912999999968
0.0011970970000000358
0.01316810700000004
0.007182602000000038
0.0011970970000000358
-0.004788407999999966
-0.010773912999999968
-0.001197092999999927
-0.010773912999999968
-0.010241864111111054
-0.009709815222222196
-0.009177766333333282
-0.008645717444444423
-0.008113668555555509
-0.00758161966666665
-0.007049570777777736
-0.0065175218888888775
-0.005985472999999963
0.02274492700000008
-0.0011971029999999772
-0.0021547769999999966
-0.0031124509999999606
-0.00407012499999998
-0.005027798999999944
-0.005985472999999963
0.005985517000000051
0.017956507000000066
0.01316810700000004
-0.005985472999999963
0.01316810700000004
0.011971007000000033
0.010773907000000027
0.009576807000000076
0.00837970700000007
-0.005985502999999948
-0.020350712999999965
-0.001197092999999927
0.00837970700000007
0.01316810700000004
0.008379703000000016
0.0035912990000000478
-0.001197104999999976
-0.0059855089999999445
-0.010773912999999968
-0.00359130299999999
0.0035913070000000435
-0.00359130299999999
-0.010773912999999968
-0.0011971029999999772
0.00837970700000007
-0.001197092999999927
-0.005985472999999963
-0.004788387999999921
-0.0035913029999999346
0.017956507000000066
0.016215270636363688
0.014474034272727365
0.012732797909090987
0.010991561545454609
0.00925032518181823
0.007509088818181908
0.00576785245454553
0.004026616090909152
0.002285379727272774
0.0005441433636364512
-0.001197092999999927
-0.0043893663333332555
-0.00758163966666664
-0.010773912999999968
0.017956507000000066
0.003591297000000049
-0.010773912999999968
-0.0011971029999999772
0.00837970700000007
0.005187440333333404
0.0019951736666667386
-0.001197092999999927
0.01316810700000004
-0.005985502999999948
-0.025139112999999935
-0.005985499666666616
0.013168113666666759
0.03232172700000008
0.00837970700000007
-0.015562312999999939
-0.02035071299999991
-0.025139112999999935
0.010773912000000052
0.009975840333333374
-0.03950433299999995
-0.0011971029999999772
0.03711012700000005
-0.025139112999999935
-0.029927519666666624
-0.03471592633333326
-0.03950433299999995
0.041898527000000074
-0.049081132999999944
-0.005985502999999948
0.03711012700000005
-0.010773902999999918
-0.05865793299999994
-0.03471591633333326
-0.010773899666666586
0.01316811700000009
0.03711013366666671
0.06105215033333339
0.08499416700000006
-0.08738835299999992
0.022744922000000056
0.005985504500000016
-0.010773912999999968
-0.008379692999999966
-0.005985472999999963
0.001995187000000065
0.009975847000000038
0.017956507000000066
0.015562307000000053
0.01316810700000004
0.0029072441428572016
-0.007353618714285692
-0.01761448157142853
-0.02787534442857137
-0.03813620728571421
-0.0483970701428571
-0.05865793299999994
-0.0059854979999999225
-0.005985502999999948
0.05626374200000006
0.11851298700000004
-0.008379707999999986
-0.13527240299999993
-0.06185021299999993
0.011571977000000067
0.08499416700000006
0.06344635325000003
0.041898539500000054
0.020350725750000076
-0.0011970879999999573
-0.07781155299999992
-0.05865793728571422
-0.03950432157142847
-0.02035070585714277
-0.0011970901428570713
0.017956525571428683
0.03711014128571438
0.05626375700000008
0.0035913170000000383
-0.010773912999999968
0.027533327000000052
0.029006680846153876
0.030480034692307756
0.03195338853846158
0.03342674238461546
0.034900096230769284
0.03637345007692311
0.03784680392307699
0.03932015776923081
0.04079351161538464
0.042266865461538516
0.04374021930769234
0.04521357315384622
0.046686927000000045
-0.06823473299999994
0.027533317000000057
-0.027533322999999943
0.02274492700000008
0.041898527000000074
0.0035912936666667172
-0.034715939666666584
-0.07302317299999994
-0.02513912299999993
0.02274492700000008
0.03711012700000005
0.02274491700000003
0.00837970700000007
-0.015562312999999939
-0.03950433299999995
0.01316810700000004
0.016360375888888945
0.01955264477777785
0.0227449136666667
0.025937182555555605
0.02912945144444451
0.032321720333333415
0.035513989222222264
0.03870625811111117
0.041898527000000074
-0.025139112999999935
0.014764247000000064
0.015220284142857199
0.015676321285714334
0.01613235842857147
0.01658839557142866
0.017044432714285795
0.01750046985714293
0.017956507000000066
-0.0011970879999999573
-0.001197092999999927
-0.0131681079999999
-0.02513912299999993
-0.007581641333333278
0.00997584033333343
0.027533322000000082
0.045090803666666734
0.06264828533333339
0.08020576700000007
-0.00359129299999994
-0.0029927429999999644
-0.0023941929999999334
-0.0017956429999999024
-0.001197092999999927
-0.025139112999999935
-0.0027932329999999506
0.01955264700000009
0.041898527000000074
-0.09696515299999997
-0.05147532299999996
-0.005985492999999953
0.039504337000000056
0.08499416700000006
0.05722142700000005
0.02944868700000003
0.0016759470000000665
-0.02609679299999995
-0.05386953299999997
0.041898527000000074
-0.008379702999999905
-0.02154780799999989
-0.03471591299999993
0.05147532700000007
-0.017956512999999896
-0.08738835299999992
-0.05578489099999995
-0.02418142899999992
0.00742203300000005
0.03902549500000008
0.07062895700000005
-0.02992751299999996
0.041898527000000074
-0.0043893663333332555
-0.05067725966666664
-0.09696515299999997
-0.06631937099999996
-0.03567358899999995
-0.00502780699999994
0.02561797500000007
0.05626375700000008
0.0035913070000000435
-0.010773897999999948
0.027533327000000052
0.026336227000000045
0.025139127000000094
0.023942027000000088
0.02274492700000008
0.07541734700000005
-0.049081132999999944
-0.04429273049999993
-0.03950432799999992
-0.03471592549999997
-0.029927522999999956
-0.025139120499999945
-0.02035071799999999
-0.015562315499999979
-0.010773912999999968
0.0003990336666667149
0.011571980333333398
0.02274492700000008
0.029927527000000065
0.03711012700000005
0.0059855070000000565
-0.025139112999999935
-0.04429273299999992
-0.017956512999999896
0.00837970700000007
0.0323217320000001
0.05626375700000008
0.03950434200000008
0.02274492700000008
-0.05865793299999994
-0.017956502999999957
0.02274492700000008
0.020350717000000074
0.017956507000000066
0.034715917000000096
0.05147532700000007
-0.005985502999999948
-0.06344633299999997
0.01316810700000004
0.008379707000000014
0.0035913070000000435
0.03232173200000005
0.06105215700000005
0.033119803666666725
0.005187450333333399
-0.022744902999999927
-0.005985472999999963
0.07062895700000005
0.05865794800000007
0.04668693900000004
0.03471593000000006
0.02274492100000003
0.010773912000000052
-0.0011970969999999248
-0.013168105999999957
-0.025139114999999934
-0.03711012399999997
-0.049081132999999944
0.041898527000000074
0.020350722000000043
-0.010773902999999918
-0.02992751299999996
0.07541734700000005
0.00837970700000007
-0.05865793299999994
-0.008379702999999905
0.041898527000000074
0.00837970700000007
-0.025139112999999935
-0.0011970954999999117
0.022744922000000056
0.046686939500000024
0.07062895700000005
0.03471592450000005
-0.0011971079999999468
-0.037110140499999944
-0.07302317299999994
0.0011970970000000358
0.05626375700000008
-0.0035912879999999703
-0.06344633299999997
0.01316810700000004
0.009337391000000028
0.005506675000000016
0.0016759590000000602
-0.0021547569999999516
-0.005985472999999963
0.05147532700000007
-0.05865793299999994
-0.034715919666666595
-0.010773906333333305
0.01316810700000004
0.01795651700000006
0.02274492700000008
0.041898527000000074
-0.0035913029999999346
-0.049081132999999944
0.00837970700000007
0.02274491700000003
0.03711012700000005
0.03711012700000005
0.03711012700000005
0.03711012700000005
0.03711012700000005
0.03711012700000005
-0.04429273299999992
0.027533327000000052
0.03232172700000002
0.03711012700000005
0.03870626033333341
0.040302393666666714
0.041898527000000074
-0.020350712999999965
-0.012902086333333285
-0.005453459666666605
0.00199516700000002
0.0094437936666667
0.01689242033333338
0.02434104700000006
0.03178967366666674
0.039238300333333365
0.046686927000000045
0.04908112700000006
0.05147532700000007
0.02274492700000008
-0.020350712999999965
0.03950433200000003
0.027533327000000052
0.0035913070000000435
0.027533327000000052
0.051475337000000065
0.07541734700000005
0.04828307366666673
0.021148800333333384
-0.005985472999999963
2.2000000043931323e-08
0.005985517000000051
0.011971012000000059
0.017956507000000066
0.027533327000000052
0.07062895700000005
-0.005985472999999963
0.001995187000000065
0.009975847000000038
0.017956507000000066
0.03711012700000005
0.06105214700000006
0.08499416700000006
0.03711012700000005
-0.010773912999999968
-0.003112464999999953
0.004548983000000062
0.012210431000000022
0.019871879000000037
0.027533327000000052
0.027533327000000052
0.03711012700000005
0.046686927000000045
-0.005985472999999963
-0.004788377999999982
-0.003591282999999945
-0.0023941879999999083
-0.001197092999999927
0.017956507000000066
0.05147532700000007
0.027533317000000057
0.0035913070000000435
-0.003591297999999965
-0.010773902999999918
-0.017956507999999927
-0.025139112999999935
-0.001197092999999927
0.02274492700000008
0.03232172700000008
0.041898527000000074
0.03391785366666672
0.02593718033333342
0.017956507000000066
0.010295063000000049
0.0026336190000000315
-0.00502782499999993
-0.012689268999999948
-0.020350712999999965
-0.01197100799999995
-0.00359130299999999
0.004788402000000025
0.01316810700000004
0.027533317000000057
0.041898527000000074
-0.020350712999999965
0.020350717000000018
-0.015562302999999944
0.00039904033333337807
0.016360383666666756
0.03232172700000008
0.01795651700000006
0.003591307000000099
-0.010773902999999918
-0.025139112999999935
-0.0035912979999999095
0.002992758250000116
0.009576814500000086
0.016160870750000056
0.02274492700000008
-0.03471591299999993
0.08020576700000007
0.014764253666666727
-0.050677259666666585
-0.11611877299999995
0.046686927000000045
-0.01316812299999992
-0.07302317299999994
-0.057700276999999967
-0.042377380999999936
-0.02705448499999996
-0.011731588999999931
0.0035913070000000435
0.005985508428571484
0.008379709857142925
0.01077391128571431
0.013168112714285751
0.015562314142857192
0.017956515571428633
0.020350717000000018
0.02274491842857146
0.0251391198571429
0.02753332128571434
0.02992752271428578
0.03232172414285717
0.03471592557142861
0.03711012700000005
-0.09217675299999994
0.015562317000000048
-0.03711012299999994
0.015562312000000078
0.026934773250000044
0.038307234500000065
0.049679695750000086
0.06105215700000005
-0.03711012299999994
-0.13527240299999993
-0.10115502674999993
-0.06703765049999993
-0.03292027424999994
0.001197102000000061
0.03531447825000006
0.06943185450000006
0.10354923075000005
0.13766660700000005
-0.08738835299999992
0.07541734700000005
-0.11133037299999993
0.10893618700000005
-0.017956512999999896
0.010773912000000052
-0.012569554249999948
-0.03591302049999995
-0.05925648674999995
-0.08259995299999995
0.03232172700000008
-0.010773912999999968
0.00039903200000002137
0.011571977000000067
0.022744922000000056
0.033917867000000046
0.04509081200000009
0.05626375700000008
0.019552660333333416
-0.017158436333333305
-0.05386953299999997
0.001197107000000086
0.007422031000000107
0.013646955000000072
0.019871879000000092
0.026096803000000057
0.03232172700000008
-0.04429273299999992
0.0011971170000000253
0.027533327000000052
-0.06823473299999994
-0.0011970879999999573
0.06584055700000005
0.03711013450000006
0.008379712000000039
-0.020350710499999924
-0.049081132999999944
-0.0035913029999999346
0.041898527000000074
-0.04429273299999992
-0.013168112999999926
0.017956507000000066
0.0019951670000000754
-0.01396617299999997
-0.02992751299999996
0.01316810700000004
-0.00359130299999999
-0.020350712999999965
0.05626375700000008
0.02274492700000008
-0.010773902999999918
-0.04429273299999992
0.041898527000000074
0.017956527000000055
-0.005985472999999963
0.0035913070000000435
0.0059855070000000565
0.00837970700000007
0.01316810700000004
0.017956507000000066
0.01316810700000004
0.00837970700000007
0.0011971170000000253
-0.005985472999999963
-0.008379692999999966
-0.010773912999999968
-0.0035913079999999598
0.003591297000000049
0.010773902000000057
0.017956507000000066
-0.005985472999999963
0.005985517000000051
0.017956507000000066
0.016360373666666705
0.0147642403333334
0.01316810700000004
-0.001197092999999927
0.001197107000000086
0.0035913070000000435
0.0035913070000000435
0.0008550755714286096
-0.0018811558571428244
-0.004617387285714258
-0.007353618714285637
-0.01008985014285707
-0.012826081571428505
-0.015562312999999939
0.00837970700000007
-0.0035913029999999346
-0.005985472999999963
0.0011971170000000253
0.00837970700000007
0.0059855070000000565
0.0035913070000000435
-0.00359130299999999
-0.010773912999999968
-0.00359130299999999
0.0035913070000000435
0.0059855070000000565
0.00837970700000007
0.006783573666666709
0.005187440333333404
0.0035913070000000435
0.00454898700000006
0.005506667000000076
0.006464347000000037
0.007422027000000053
0.00837970700000007
-0.010773912999999968
-0.01157197966666662
-0.012370046333333273
-0.013168112999999981
-0.013966179666666634
-0.014764246333333286
-0.015562312999999939
0.0035913070000000435
0.01316810700000004
-0.0011970829999999877
-0.001197092999999927
0.00039904033333337807
0.0019951736666667386
0.003591307000000099
0.005187440333333404
0.006783573666666709
0.00837970700000007
0.00837970700000007
0.00837970700000007
0.00837970700000007
0.00837970700000007
-0.010773912999999968
-0.010089850142857126
-0.009405787285714229
-0.008721724428571387
-0.008037661571428545
-0.007353598714285703
-0.006669535857142805
-0.005985472999999963
0.0035913070000000435
-0.010773912999999968
0.0035913070000000435
0.0059855070000000565
0.01316810700000004
0.010773907000000027
0.00837970700000007
0.003591307000000099
-0.001197092999999927
-0.010773912999999968
-0.0011971029999999772
0.00837970700000007
0.009975840333333374
0.011571973666666735
0.01316810700000004
0.0059855070000000565
-0.001197092999999927
-0.001197092999999927
-0.001197092999999927
