-0.03156471428571628
-0.04353571428571712
-0.03635321428571636
-0.029170714285715604
-0.02278604761905001
-0.016401380952382638
-0.010016714285717043
-0.014805047619050882
-0.019593380952382944
-0.024381714285716782
-0.014805714285715865
-0.019593714285715436
-0.024381714285716782
-0.019593714285715436
-0.014805714285715865
-0.03874771428571577
-0.03874771428571577
-0.03874771428571577
-0.03874771428571577
-0.03874771428571577
-0.04353571428571712
-0.04832371428571669
-0.04353538095238285
-0.03874704761905079
-0.03395871428571695
-0.0307665476190504
-0.02757438095238207
-0.02438221428571552
-0.02757438095238207
-0.0307665476190504
-0.03395871428571695
-0.029170714285715604
-0.029170714285715604
-0.029170714285715604
-0.03635321428571636
-0.04353571428571712
-0.04353571428571712
-0.04353571428571712
-0.042338714285715895
-0.041141714285716446
-0.039944714285717
-0.03874771428571577
-0.03874771428571577
-0.024381714285716782
-0.025978047619050315
-0.02757438095238207
-0.029170714285715604
-0.019593714285715436
-0.014805214285715351
-0.010016714285717043
-0.00043971428571687454
-0.0068243809523824694
-0.01320904761904984
-0.019593714285715436
-0.01719971428571654
-0.014805714285715865
-0.01959396428571658
-0.02438221428571552
-0.029170464285716236
-0.03395871428571695
-0.04353571428571712
-0.0454511142857168
-0.04736651428571648
-0.049281914285716155
-0.051197314285715834
-0.05311271428571551
-0.03395871428571695
-0.028571839285717715
-0.023184964285716703
-0.01779808928571569
-0.012411214285716454
-0.019593714285715436
-0.025978380952382807
-0.0323630476190484
-0.03874771428571577
-0.019593714285715436
-0.022786047619048233
-0.025978380952382807
-0.029170714285715604
-0.029170714285715604
-0.029170714285715604
-0.03395871428571695
-0.03874771428571577
-0.03395904761904944
-0.029170380952383113
-0.024381714285716782
-0.03156471428571628
-0.03874771428571577
-0.03715138095238224
-0.035555047619050484
-0.03395871428571695
-0.024381714285716782
-0.03156471428571628
-0.03874771428571577
-0.026776714285716707
-0.014805714285715865
-0.01719971428571654
-0.019593714285715436
-0.014805714285715865
-0.03395921428571569
-0.05311271428571551
-0.048324380952381674
-0.04353604761904961
-0.03874771428571577
-0.03874771428571577
-0.03874771428571577
-0.03874771428571577
-0.019593714285715436
-0.019593714285715436
-0.019593714285715436
-0.019593714285715436
-0.019593714285715436
-0.029170714285715604
-0.025978380952382807
-0.022786047619048233
-0.019593714285715436
-0.019593714285715436
-0.01719971428571654
-0.014805714285715865
-0.01719971428571654
-0.019593714285715436
-0.021189714285716477
-0.02278571428571574
-0.024381714285716782
-0.02517988095238266
-0.025978047619050315
-0.026776214285716193
-0.02757438095238207
-0.028372547619049726
-0.029170714285715604
-0.03874771428571577
-0.029170214285716867
-0.019593714285715436
-0.016401380952382638
-0.01320904761904984
-0.010016714285717043
-0.0171992142857178
-0.024381714285716782
-0.019593464285716067
-0.014805214285715351
-0.010016964285716412
-0.0052287142857156965
-0.029170714285715604
-0.03874771428571577
-0.04353571428571712
-0.04832371428571669
-0.038747214285717035
-0.029170714285715604
-0.014805714285715865
-0.012411214285716454
-0.010016714285717043
-0.021987714285717885
-0.03395871428571695
-0.0282127142857167
-0.02246671428571645
-0.0167207142857162
-0.010974714285715947
-0.0052287142857156965
-0.03874771428571577
-0.019593714285715436
-0.019593714285715436
-0.019593714285715436
-0.019593714285715436
-0.04353571428571712
-0.03156471428571628
-0.019593714285715436
-0.04832371428571669
-0.0507182142857161
-0.05311271428571551
-0.03156471428571628
-0.010016714285717043
-0.024382047619049274
-0.03874738095238328
-0.05311271428571551
-0.019593714285715436
-0.0116130476190488
-0.0036323809523821637
0.004348285714284472
-0.012411214285716454
-0.029170714285715604
-0.00043971428571687454
-0.005228214285716959
-0.010016714285717043
-0.03156471428571628
-0.05311271428571551
-0.03395921428571569
-0.014805714285715865
-0.025340114285716808
-0.035874514285715975
-0.04640891428571692
-0.056943314285716085
-0.06747771428571703
-0.03874771428571577
-0.014805714285715865
-0.02518054761904942
-0.035555380952382976
-0.045930214285714754
-0.05630504761904831
-0.06667988095238186
-0.07705471428571542
0.01871328571428421
-0.04114121428571593
0.023502285714283033
0.007939785714283332
-0.00762271428571637
-0.02318521428571607
-0.03874771428571577
-0.11536171428571684
0.02829028571428438
0.001954285714283799
-0.024381714285716782
-0.05470838095238406
-0.08503504761904956
-0.11536171428571684
0.03307828571428395
0.013924785714284127
-0.0052287142857156965
-0.06268921428571517
-0.12014971428571641
0.02829028571428438
0.03307868571428507
0.03786708571428399
0.04265548571428468
0.047443885714283596
0.05223228571428429
-0.09141971428571694
-0.029170714285715604
-0.00044038095238185804
0.028289952380950112
0.05702028571428386
-0.09141971428571694
-0.0898237142857159
-0.08822771428571663
-0.08663171428571559
0.061809285714284457
0.02829028571428438
-0.0052287142857156965
-0.032761964285715095
-0.06029521428571627
-0.08782846428571744
-0.11536171428571684
-0.038747214285717035
0.03786728571428455
0.07138628571428285
-0.012410964285717085
-0.09620821428571702
-0.03236271428571591
0.03148278571428342
0.09532828571428453
-0.05790071428571686
-0.07066971428571733
-0.08343871428571603
-0.0962077142857165
-0.07066971428571556
-0.045131714285716384
-0.019593714285715436
0.013925285714282865
0.004348535714282065
-0.005228214285716959
-0.014804964285715982
-0.024381714285716782
-0.12972671428571658
0.013925285714282865
0.05941478571428327
0.10490428571428367
-0.0962077142857165
-0.11536171428571684
-0.13451571428571718
-0.03874771428571577
0.05702028571428386
0.055424285714284593
0.05382828571428355
0.05223228571428429
-0.029170714285715604
-0.1105737142857155
-0.11855438095238213
-0.12653504761904877
-0.1345157142857154
-0.14249638095238382
-0.15047704761905045
-0.1584577142857171
0.03786728571428455
-0.03395871428571695
-0.06268921428571694
-0.09141971428571694
0.004348285714282696
0.1001162857142841
0.05462628571428496
0.009136285714284043
-0.12972671428571658
-0.11855371428571715
-0.10738071428571594
-0.0962077142857165
-0.00762271428571637
0.08096228571428377
0.023502285714283033
-0.07705421428571668
-0.1776107142857164
-0.1225442142857176
-0.06747771428571703
0.033078785714284464
0.13363528571428418
0.08934253571428385
0.04504978571428353
0.0007570357142832052
-0.04353571428571712
-0.13451571428571718
-0.06508371428571635
0.004348285714284472
0.0737802857142853
0.009136952380950802
-0.05550638095238192
-0.12014971428571641
-0.1153614642857157
-0.11057321428571676
-0.10578496428571782
-0.1009967142857171
0.05702028571428386
0.013925285714282865
-0.16324571428571666
-0.11775596428571689
-0.07226621428571534
-0.026776464285715562
0.01871328571428421
0.10490428571428367
0.0298861190476174
-0.04513204761905065
-0.12015021428571693
-0.07406183928571686
-0.02797346428571501
0.01811491071428506
0.06420328571428513
-0.07106921428571589
-0.2063417142857169
-0.10817921428571609
-0.010016714285717043
0.023502035714283664
0.057020785714282596
0.0905395357142833
0.12405828571428401
-0.08184271428571677
-0.1776107142857164
-0.11057321428571676
-0.04353571428571712
0.023501785714284296
0.09053928571428393
0.12405828571428401
-0.2015527142857163
-0.16803421428571674
-0.13451571428571718
0.030684285714283277
0.19588428571428373
0.17289998571428455
0.1499156857142836
0.12693138571428264
0.10394708571428346
0.08096278571428428
0.05797848571428332
0.034994185714282366
0.012009885714283186
-0.010974414285715994
-0.03395871428571695
-0.29253271428571637
-0.0052287142857156965
0.21024928571428347
-0.04353571428571712
-0.0794487142857161
0.19588428571428373
0.1037075357142836
0.011530785714283454
-0.08064596428571669
-0.17282271428571683
-0.30210971428571654
-0.11057371428571727
0.08096228571428377
0.07138628571428285
-0.053112214285716774
-0.1776107142857164
-0.13930371428571675
-0.1009967142857171
-0.03491671428571763
0.031163285714283617
0.09724328571428309
0.16332328571428434
0.2294032857142838
0.14800028571428392
-0.026776214285716193
-0.2015527142857163
-0.1584577142857171
0.08096228571428377
-0.02438221428571552
-0.12972671428571658
-0.1744183809523836
-0.21911004761904884
-0.26380171428571586
-0.1632453809523824
-0.06268904761904892
0.03786728571428455
0.24855628571428312
0.09053928571428393
-0.01719971428571654
-0.12493871428571701
-0.1045879642857166
-0.08423721428571795
-0.06388646428571754
-0.04353571428571712
0.023502285714283033
-0.21591771428571604
-0.24464821428571604
-0.27337871428571603
-0.08423721428571618
0.10490428571428367
0.16475928571428256
0.2246142857142832
0.07138628571428285
0.028290619047616872
-0.014805047619050882
-0.05790071428571686
0.009136285714284043
0.010333535714284636
0.011530785714283454
0.012728035714282271
0.013925285714282865
-0.2829557142857162
-0.2781672142857161
-0.27337871428571603
0.05223228571428429
0.07808968571428387
0.10394708571428346
0.12980448571428482
0.1556618857142844
0.181519285714284
0.07138628571428285
-0.014805714285715865
-0.010974914285716508
-0.007144114285715375
-0.003313314285716018
0.0005174857142851153
0.004348285714284472
-0.10578521428571719
-0.17761096428571577
-0.24943671428571612
0.013925285714282865
0.05702095238095062
0.1001166190476166
0.14321228571428435
0.07138628571428285
0.023502285714283033
-0.024381714285716782
-0.019593380952382944
-0.014805047619049105
-0.010016714285715267
-0.005228380952383205
-0.0004400476190493663
0.004348285714284472
0.02829028571428438
0.05223228571428429
-0.21591771428571604
-0.2590137142857163
-0.15207271428571723
-0.045131714285716384
0.06180928571428268
0.04744428571428294
0.01871378571428295
-0.010016714285717043
0.025896285714283707
0.061809285714284457
0.07138578571428411
0.08096228571428377
0.010333535714284636
-0.06029521428571627
-0.13092396428571718
-0.2015527142857163
-0.24943671428571612
-0.10817921428571609
0.03307828571428395
0.03307828571428395
-0.02438221428571552
-0.08184271428571677
-0.03635321428571636
0.009136285714284043
0.0761742857142842
0.14321228571428435
0.1354310357142836
0.12764978571428465
0.11986853571428391
0.11208728571428495
0.1043060357142842
0.09652478571428347
0.0887435357142845
0.08096228571428377
-0.14648621428571573
0.04265528571428412
-0.12014971428571641
-0.15606271428571716
-0.19197571428571614
-0.053112214285715
0.08575128571428436
0.09053978571428445
0.09532828571428453
-0.05790071428571686
-0.05790071428571686
-0.05790071428571686
-0.05790071428571686
-0.05790071428571686
-0.05790071428571686
0.09532828571428453
0.04265528571428412
-0.13930371428571675
-0.13690971428571785
-0.13451571428571718
-0.056305047619050086
0.02190561904761701
0.1001162857142841
-0.06268971428571568
-0.06428579761904984
-0.06588188095238223
-0.06747796428571462
-0.06907404761904878
-0.07067013095238295
-0.07226621428571534
0.09532828571428453
0.009136285714284043
-0.029170714285715604
-0.06747771428571703
-0.10578471428571667
-0.029170714285715604
0.07138628571428285
0.010732952380950067
-0.049920380952382715
-0.1105737142857155
-0.14169821428571616
-0.17282271428571683
-0.06508371428571635
0.04265528571428412
0.036270952380951016
0.029886619047616136
0.023502285714283033
-0.03395871428571695
-0.06747771428571703
-0.03814871428571642
-0.008819714285717595
0.02050928571428301
0.049838285714283614
0.002752285714283431
-0.04433371428571675
-0.09141971428571694
-0.09620821428571702
-0.1009967142857171
-0.07865088095238448
-0.056305047619050086
-0.03395921428571569
-0.011613380952383068
0.010732452380949553
0.03307828571428395
-0.03635271428571585
-0.029170714285715604
-0.014805380952383373
-0.0004400476190493663
0.013925285714282865
0.01871328571428421
-0.05790071428571686
-0.05630471428571582
-0.05470871428571655
-0.05311271428571551
-0.01719971428571654
0.01871328571428421
-0.0068247142857167375
-0.03236271428571591
-0.05790071428571686
-0.038747214285717035
-0.019593714285715436
-0.05311271428571551
-0.0722657142857166
-0.04832371428571669
-0.024381714285716782
-0.00043971428571687454
-0.0171992142857178
-0.03395871428571695
-0.029170714285715604
-0.029170714285715604
-0.029170714285715604
-0.026776214285716193
-0.024381714285716782
-0.005228380952383205
0.013924952380950373
0.03307828571428395
-0.012411214285716454
-0.05790071428571686
-0.07466021428571779
-0.09141971428571694
-0.029170714285715604
-0.029769214285716217
-0.03036771428571683
-0.030966214285715665
-0.03156471428571628
-0.03216321428571689
-0.032761714285715726
-0.03336021428571634
-0.03395871428571695
-0.029170714285715604
-0.03874771428571577
-0.01640171428571513
0.005944285714283737
0.02829028571428438
-0.03395871428571695
-0.03874704761905079
-0.04353538095238285
-0.04832371428571669
-0.038747214285717035
-0.02677646428571734
-0.014805714285715865
-0.03635321428571636
-0.05790071428571686
-0.04353571428571712
-0.029170714285715604
-0.026776214285716193
-0.024381714285716782
-0.029170380952383113
-0.03395904761904944
-0.03874771428571577
-0.03395921428571569
-0.029170714285715604
-0.02438221428571552
-0.019593714285717212
-0.014805214285717128
-0.010016714285717043
-0.010016714285715267
-0.010016714285715267
