-0.01675939999999987
-0.014365199999999967
-0.012769066666666662
-0.011172933333333246
-0.009576799999999941
-0.011970999999999843
-0.012449839999999823
-0.012928679999999915
-0.013407519999999895
-0.013886359999999986
-0.014365199999999967
-0.004788399999999915
-0.011970999999999954
-0.012769066666666662
-0.013567133333333259
-0.014365199999999967
-0.011970999999999954
-0.009576799999999941
-0.007182599999999928
-0.009576799999999941
-0.011970999999999954
-0.014365199999999967
-0.01675939999999987
-0.019153599999999882
-0.019153599999999882
-0.019153599999999882
-0.019153599999999882
-0.019153599999999882
-0.019153599999999882
-0.019153599999999882
-0.019153599999999993
-0.004788399999999915
-0.009576799999999941
-0.014365199999999856
-0.019153599999999882
-0.019153599999999882
-0.009576799999999941
-0.009576799999999941
-0.009576799999999941
-0.009576799999999941
-0.014365199999999967
-0.019153599999999882
-0.023941999999999908
-0.021547799999999895
-0.019153599999999993
-0.01675939999999998
-0.014365199999999967
-0.009576799999999941
-0.007182599999999928
-0.004788399999999915
-0.009576799999999941
-0.014365199999999967
-0.009576799999999941
-0.011970999999999954
-0.014365199999999967
-0.015562299999999918
-0.01675939999999987
-0.01795649999999993
-0.019153599999999882
-0.015163266666666564
-0.011172933333333246
-0.007182599999999928
0.003591300000000075
0.014365200000000078
-0.014365199999999967
-0.011492159999999974
-0.00861911999999998
-0.005746079999999876
-0.0028730399999998824
1.1102230246251565e-16
-0.008379714999999899
-0.01675942999999991
-0.009576799999999941
-0.011970999999999954
-0.014365199999999967
-0.01675939999999987
-0.019153599999999882
-0.019552633333333236
-0.01995166666666659
-0.020350699999999944
-0.020749733333333187
-0.02114876666666654
-0.021547799999999895
-0.02194683333333325
-0.022345866666666603
-0.022744899999999846
-0.0231439333333332
-0.023542966666666554
-0.023941999999999908
-0.014365199999999967
0.004788400000000026
-0.019153599999999882
0.004788400000000026
-0.014365229999999896
-0.016417405714285627
-0.018469581428571358
-0.02052175714285709
-0.02257393285714271
-0.02462610857142844
-0.02667828428571417
-0.028730459999999902
-0.020749773333333277
-0.01276908666666654
-0.004788399999999915
-0.019153599999999882
-0.011970999999999843
-0.004788399999999915
-0.007182599999999928
-0.009576799999999941
-0.019153599999999882
-0.004788399999999915
0.009576800000000052
-0.028730459999999902
-0.02314398333333323
-0.017557506666666556
-0.011971029999999883
-0.00957682999999998
-0.00957679999999983
-0.00638453333333322
-0.003192266666666499
1.1102230246251565e-16
-0.014365229999999896
-0.028730459999999902
-0.025538186666666518
-0.022345913333333245
-0.01915363999999986
-0.015961366666666588
-0.012769093333333204
-0.00957681999999993
-0.006384546666666546
-0.003192273333333273
1.1102230246251565e-16
-0.014365199999999967
-0.00957682999999998
-0.01675939999999987
-0.020749753333333176
-0.024740106666666595
-0.028730459999999902
-0.014365229999999896
1.1102230246251565e-16
-0.007182599999999928
-0.014365199999999967
-0.023941999999999908
-0.011970999999999843
1.1102230246251565e-16
-0.015961349999999874
-0.03192269999999986
-0.0478840499999999
0.009576800000000052
-0.007182599999999928
-0.023941999999999908
-0.004788399999999915
0.014365200000000078
-0.01675942499999994
-0.0478840499999999
-0.03192269999999986
-0.015961349999999874
1.1102230246251565e-16
0.002394200000000013
0.004788400000000026
-0.038307259999999954
-0.007182629999999857
0.02394200000000013
0.01053446800000013
-0.0028730639999998697
-0.01628059599999998
-0.02968812799999998
-0.04309565999999998
0.014365200000000078
-0.038307259999999954
0.004788400000000026
-0.014365230000000007
-0.03351885999999993
-0.031124644999999895
-0.028730429999999862
-0.02633621499999994
-0.023941999999999908
-0.014365199999999967
-0.03351882499999992
-0.052672449999999926
0.03351880000000007
-0.0478840499999999
-0.021547824999999965
0.004788400000000026
-0.007980686666666625
-0.020749773333333277
-0.03351885999999993
-0.007182629999999857
0.019153600000000104
0.002394200000000013
-0.014365199999999967
-0.009576799999999941
-0.011571970833333278
-0.013567141666666616
-0.015562312499999953
-0.01755748333333329
-0.019552654166666628
-0.021547824999999965
0.019153600000000104
-0.04309565999999998
-0.025538173333333303
-0.007980686666666625
0.009576800000000052
-0.019153624999999952
-0.0478840499999999
-0.041727528571428474
-0.0355710071428571
-0.02941448571428562
-0.02325796428571414
-0.017101442857142768
-0.010944921428571397
-0.004788399999999915
-0.014365199999999967
-0.014365199999999967
-0.04309565999999998
-0.004788399999999915
-0.014365199999999967
-0.023941999999999908
-0.004788399999999915
0.014365200000000078
0.0011970850000000421
-0.011971029999999883
-0.02513914499999992
-0.038307259999999954
0.009576800000000052
-0.014365199999999967
-0.004788399999999915
0.004788400000000026
0.014365200000000078
-0.014365199999999967
-0.017557466666666577
-0.020749733333333298
-0.023941999999999908
0.014365200000000078
-0.004788419999999904
-0.023942039999999998
-0.04309565999999998
-0.021547829999999935
1.1102230246251565e-16
-0.038307259999999954
-0.029414508571428466
-0.02052175714285709
-0.0116290057142856
-0.0027362542857142236
0.006156497142857265
0.015049248571428753
0.02394200000000013
-0.014365224999999926
-0.052672449999999926
-0.041727528571428474
-0.030782607142857077
-0.01983768571428557
-0.008892764285714172
0.002052157142857225
0.012997078571428733
0.02394200000000013
-0.019153599999999882
0.004788400000000026
-0.023941999999999908
-0.028730459999999902
0.014365200000000078
-0.038307259999999954
0.038307240000000076
0.023257970000000072
0.008208700000000069
-0.006840569999999935
-0.021889839999999938
-0.03693910999999994
-0.051988379999999945
-0.06703764999999995
-0.033518833333333276
-1.6666666602382918e-08
0.03351880000000007
-0.052672449999999926
-0.022345886666666592
0.007980676666666686
0.038307240000000076
0.006384543333333381
-0.025538153333333313
-0.05746084999999995
-0.014365224999999926
0.028730400000000045
-0.007182629999999968
-0.04309565999999998
-0.004788399999999915
-0.004788399999999915
-0.004788399999999915
-0.011970999999999843
-0.019153599999999882
0.002394200000000124
0.02394200000000013
-0.038307259999999954
0.0430956400000001
-0.0047884049999998846
-0.09576806999999993
0.08140283000000004
-0.007182619999999917
-0.02693478249999992
-0.046686944999999924
-0.06643910749999993
-0.08619126999999993
0.0718260300000001
-0.0814028799999999
-0.059855059999999904
-0.038307239999999854
-0.01675941999999986
0.004788400000000137
0.026336220000000132
0.04788404000000013
0.010773900000000114
-0.0263362399999999
-0.0478840499999999
-0.019153599999999882
-0.021547799999999895
-0.023941999999999908
-0.02633622999999996
-0.028730459999999902
-0.022345906666666582
-0.01596135333333326
-0.009576799999999941
-0.016417378571428554
-0.023257957142857055
-0.030098535714285668
-0.03693911428571428
-0.04377969285714278
-0.050620271428571395
-0.05746084999999995
-0.04070143749999999
-0.023942024999999978
-0.007182612499999963
0.009576800000000052
-0.05746084999999995
-0.014365224999999926
0.028730400000000045
-0.014365224999999926
-0.05746084999999995
0.009576800000000052
-0.01436521666666657
-0.0383072333333333
-0.06224924999999992
-0.0095768249999999
0.03351880000000007
0.02214634375000002
0.010773887500000079
-0.0005985687499999726
-0.011971024999999913
-0.023343481249999964
-0.034715937499999905
-0.046088393749999956
-0.05746084999999995
0.02394200000000013
-0.011971029999999883
-0.038307259999999954
-0.009576799999999941
-0.01596135333333326
-0.022345906666666582
-0.028730459999999902
-0.023942039999999887
-0.019153619999999982
-0.014365199999999967
-0.019153599999999882
-0.014365199999999856
-0.009576799999999941
-0.004788399999999915
1.1102230246251565e-16
-0.03351885999999993
0.009576800000000052
-0.0011971149999999708
-0.011971029999999883
-0.01628059599999987
-0.020590161999999856
-0.024899727999999954
-0.02920929399999994
-0.03351885999999993
-0.00957682999999998
0.014365200000000078
-0.028730459999999902
0.004788400000000026
-0.05746084999999995
-0.02633622499999999
0.004788400000000026
-0.009576799999999941
-0.023941999999999908
-0.022573885714285646
-0.021205771428571385
-0.019837657142857124
-0.01846954285714275
-0.01710142857142849
-0.01573331428571423
-0.014365199999999967
-0.004788399999999915
0.004788400000000026
-0.002394200000000013
-0.009576799999999941
0.009576800000000052
-0.04309565999999998
0.028730400000000045
-0.052672449999999926
-0.014365224999999926
0.02394200000000013
-0.052672449999999926
-0.033518833333333276
-0.01436521666666668
0.004788400000000026
-0.004788399999999915
-0.014365199999999967
-0.023941999999999908
-0.022345866666666603
-0.020749733333333187
-0.019153599999999882
-0.009576799999999941
1.1102230246251565e-16
0.009576800000000052
-0.0478840499999999
-0.0095768249999999
0.028730400000000045
-0.014365224999999926
-0.05746084999999995
-0.014365224999999926
0.028730400000000045
-0.023941999999999908
-0.012769066666666551
-0.001596133333333305
0.009576800000000052
-0.004788399999999915
-0.038307259999999954
-0.017557506666666556
0.0031922466666667315
0.02394200000000013
0.015049248571428642
0.006156497142857265
-0.0027362542857142236
-0.0116290057142856
-0.02052175714285709
-0.029414508571428466
-0.038307259999999954
0.019153600000000104
-0.011970999999999843
-0.009576799999999941
-0.023941999999999908
-0.023941999999999908
-0.023941999999999908
-0.023941999999999908
-0.023941999999999908
-0.023941999999999908
-0.023941999999999908
-0.023941999999999908
-0.023941999999999908
-0.014365199999999967
-0.02394202000000001
-0.03351883999999994
-0.04309565999999998
-0.02633622999999996
-0.009576799999999941
-0.021547829999999935
-0.03351885999999993
-0.01915362999999992
-0.004788399999999915
-0.014365199999999967
-0.023941999999999908
-0.017557466666666577
-0.011172933333333246
-0.004788399999999915
-0.008379699999999879
-0.011970999999999843
-0.009576799999999941
-0.011372449999999978
-0.013168099999999905
-0.014963749999999942
-0.01675939999999987
-0.018555049999999906
-0.020350699999999944
-0.02214634999999987
-0.023941999999999908
1.1102230246251565e-16
-0.007980666666666636
-0.004788399999999915
-0.019153599999999882
-0.011970999999999843
-0.004788399999999915
-0.01276908666666654
-0.020749773333333277
-0.028730459999999902
-0.027533352499999886
-0.02633624499999987
-0.025139137499999853
-0.023942029999999836
-0.02274492249999993
-0.021547814999999915
-0.020350707499999898
-0.019153599999999882
-0.011970999999999954
-0.011172933333333246
-0.010374866666666649
-0.009576799999999941
-0.023941999999999908
-0.002394200000000013
-0.010773899999999892
-0.019153599999999882
-0.01795649999999993
-0.01675939999999987
-0.015562299999999918
-0.014365199999999967
-0.013168099999999905
-0.011970999999999954
-0.010773899999999892
-0.009576799999999941
-0.014365199999999967
-0.009576799999999941
-0.009576799999999941
-0.009576799999999941
-0.009576799999999941
-0.014365199999999967
-0.023941999999999908
-0.019153599999999993
-0.014365199999999967
-0.012769066666666662
-0.011172933333333246
-0.009576799999999941
-0.012769066666666551
-0.015961333333333272
-0.019153599999999882
-0.014365199999999967
-0.009576799999999941
-0.007182599999999928
-0.004788399999999915
-0.014365199999999967
-0.004788399999999915
-0.004788399999999915
-0.004788399999999915
-0.007182599999999928
-0.009576799999999941
-0.014365199999999967
-0.019153599999999882
-0.01675939999999987
-0.014365199999999967
-0.017557466666666577
-0.020749733333333298
-0.023941999999999908
-0.019153599999999993
-0.014365199999999967
-0.011970999999999954
-0.009576799999999941
-0.014365199999999967
-0.014365199999999967
-0.014365199999999967
-0.014365199999999967
-0.014365199999999967
-0.01675939999999987
-0.019153599999999882
-0.01675939999999987
-0.014365199999999967
-0.015961333333333272
-0.017557466666666577
-0.019153599999999882
-0.017557466666666577
-0.015961333333333272
-0.014365199999999967
-0.004788399999999915
