-0.0143650500000021
-0.023942050000000492
-0.03351905000000066
-0.03351905000000066
-0.03351905000000066
-0.03351905000000066
-0.03351905000000066
-0.03351905000000066
-0.03351905000000066
-0.05746105000000057
-0.03351905000000066
-0.023942050000000492
-0.004788050000001931
-0.004788050000001931
-0.004788050000001931
-0.019153550000000408
-0.03351905000000066
-0.03351905000000066
-0.03351905000000066
-0.02992780000000117
-0.02633655000000168
-0.022745300000000412
-0.01915405000000092
-0.02633655000000168
-0.03351905000000066
-0.03112455000000125
-0.02873005000000184
-0.009577050000000753
-0.021548050000001595
-0.03351905000000066
-0.028730716666666822
-0.02394238333333476
-0.01915405000000092
-0.02873005000000184
-0.021547550000002857
-0.0143650500000021
-0.02873005000000184
-0.023941800000001123
-0.019153550000000408
-0.014365300000001469
-0.009577050000000753
-0.011971300000000795
-0.014365550000000837
-0.01675980000000088
-0.01915405000000092
-0.009577050000000753
-0.023942050000000492
-0.03351905000000066
-0.01915405000000092
-0.021548050000001595
-0.023942050000000492
-0.026336050000001165
-0.02873005000000184
-0.03351905000000066
-0.01915405000000092
-0.021548050000001595
-0.023942050000000492
-0.026336050000001165
-0.02873005000000184
0.004787949999998986
-0.00359155000000122
-0.011971050000001426
-0.017358050000000347
-0.022745050000001044
-0.02813205000000174
-0.03351905000000066
-0.03830705000000201
-0.03351855000000192
-0.02873005000000184
-0.027932050000002207
-0.027134050000000798
-0.026336050000001165
-0.025538050000001533
-0.024740050000000124
-0.023942050000000492
-0.028730550000000576
-0.03351905000000066
-0.023942050000000492
-0.0143650500000021
-0.023942050000000492
0.004787949999998986
-0.023942050000000492
-0.02489965000000005
-0.025857250000001386
-0.026814850000000945
-0.02777245000000228
-0.02873005000000184
-0.03351905000000066
-0.03232180000000007
-0.03112455000000125
-0.03032638333333537
-0.029528216666667717
-0.02873005000000184
-0.023942050000000492
-0.01915405000000092
-0.01915405000000092
-0.03830705000000201
-0.026336050000002942
-0.0143650500000021
-0.0143650500000021
-0.0143650500000021
-0.0143650500000021
-0.0143650500000021
-0.0143650500000021
-0.0143650500000021
-0.0143650500000021
-0.0143650500000021
-0.03351905000000066
-0.03112455000000125
-0.02873005000000184
-0.03351905000000066
-0.02873005000000184
-0.026336050000001165
-0.023942050000000492
-0.019153550000000408
-0.0143650500000021
-0.011971050000001426
-0.009577050000000753
-0.008619250000000633
-0.007661450000000514
-0.00670365000000217
-0.005745850000002051
-0.004788050000001931
-0.00718305000000008
-0.011372800000000183
-0.015562550000000286
-0.01975230000000039
-0.023942050000000492
-0.01915405000000092
-0.02873005000000184
-0.02873005000000184
-0.02873005000000184
-0.02873005000000184
-0.02873005000000184
-0.016759050000002773
-0.004788050000001931
-0.004788050000001931
-0.004788050000001931
-0.004788050000001931
-0.015961050000001364
-0.027134050000002574
-0.03830705000000201
-0.023942050000000492
-0.019153550000000408
-0.0143650500000021
-0.023942050000000492
-0.011971050000001426
-5.000000058430487e-08
-0.003591300000000075
-0.007182550000001342
-0.010773800000000833
-0.014365050000000323
-0.01795630000000159
-0.02154755000000108
-0.025138800000002348
-0.02873005000000184
-0.03351855000000192
-0.033518633333335046
-0.03351871666666817
-0.03351880000000129
-0.033518883333334415
-0.03351896666666754
-0.03351905000000066
-0.011971050000001426
-0.00718305000000008
-0.023942050000000492
-0.0143650500000021
-0.017101335714286847
-0.01983762142857337
-0.02257390714285812
-0.025310192857144642
-0.02804647857142939
-0.030782764285715913
-0.03351905000000066
-0.05267205000000175
-0.03990305000000127
-0.027134050000002574
-0.0143650500000021
-0.02873005000000184
-0.0143650500000021
-0.019153550000000408
-0.023942050000000492
-0.019153550000000408
-0.0143650500000021
-0.02873005000000184
-0.02968785000000196
-0.030645650000002078
-0.03160345000000042
-0.03256125000000054
-0.03351905000000066
-0.03232180000000007
-0.03112455000000125
-0.029927300000002433
-0.02873005000000184
-0.03351905000000066
-0.021548050000001595
-0.024899850000002388
-0.028251650000001405
-0.0316034500000022
-0.034955250000001215
-0.03830705000000201
-0.009577050000000753
-0.025538383333334025
-0.0414997166666673
-0.05746105000000057
-0.03351880000000129
-0.009576550000002015
-0.014364925000002415
-0.01915330000000104
-0.02394167500000144
-0.02873005000000184
0.014364949999999155
-0.023942050000000492
-0.023942050000000492
-0.004788050000001931
-0.026336050000002942
-0.047884050000002176
-0.04469171666666938
-0.041499383333334805
-0.03830705000000201
-0.032321550000002475
-0.026336050000002942
-0.020350550000001633
-0.0143650500000021
-0.017238050000001337
-0.02011105000000235
-0.022984050000001588
-0.0258570500000026
-0.02873005000000184
-0.02873005000000184
0.03351894999999949
-0.06703805000000074
-0.009577050000000753
-0.004788050000001931
-0.023942050000000492
-0.035913050000001334
-0.047884050000002176
-0.05985505000000124
-0.07182605000000208
-0.023942050000000492
0.023941949999999323
0.017557449999999974
0.011172949999998849
0.004788449999997724
-0.0015960500000016253
-0.007980550000000974
-0.0143650500000021
-0.05267205000000175
-0.009577050000000753
0.014364949999999155
-0.009577050000000753
-0.021548050000001595
-0.03351905000000066
-5.000000058430487e-08
0.004787949999998986
-0.0019156500000008236
-0.008619250000000633
-0.01532285000000222
-0.02202645000000203
-0.02873005000000184
-0.046287716666668643
-0.06384538333333367
-0.08140305000000048
-0.05506655000000116
-0.02873005000000184
0.023941949999999323
0.004787949999998986
-0.023942050000000492
-0.03711005000000078
-0.05027805000000107
-0.06344605000000136
-0.07661405000000165
-0.007182550000001342
0.06224894999999897
-0.03351905000000066
0.07661394999999871
0.010773449999998519
-0.05506705000000167
-0.12090755000000186
-0.18674805000000205
0.0574609499999994
-0.11013305000000173
0.12928694999999912
-0.014365050000000323
-0.15801705000000155
-0.1283290500000014
-0.09864105000000123
-0.06895305000000107
-0.03926505000000091
-0.009577050000000753
-0.06943205000000141
-0.12928705000000207
-0.04070155000000142
0.04788394999999923
0.023941949999999323
-0.01915405000000092
0.009576949999997808
-0.04469171666666938
-0.09896038333333479
-0.15322905000000198
0.08619094999999888
0.05107611666666578
0.015961283333332688
-0.019153550000000408
-0.05426838333333528
-0.08938321666666837
-0.12449805000000147
0.1340749499999987
-0.2011130500000018
0.028729949999998894
-0.005746450000001957
-0.04022285000000103
-0.07469925000000188
-0.10917565000000096
-0.1436520500000018
0.14843994999999843
-0.023942050000000492
0.023941949999999323
-0.006703850000000955
-0.03734965000000123
-0.06799545000000151
-0.09864125000000179
-0.12928705000000207
-0.09337405000000132
-0.05746105000000057
0.04788394999999923
0.023941949999999323
-5.000000058430487e-08
-0.023942050000000492
0.04788394999999923
-0.17238205000000129
0.043095949999997885
-0.09098005000000065
0.1340749499999987
0.08938328333333168
0.04469161666666466
-5.000000236066171e-08
-0.0446917166666676
-0.08938338333333462
-0.13407505000000164
-0.004788050000001931
-0.06943155000000267
-0.13407505000000164
0.10055594999999862
-0.0143650500000021
-0.03351905000000066
-0.05426871666666777
-0.07501838333333488
-0.09576805000000199
-0.08858555000000123
-0.08140305000000048
-0.05746105000000057
-0.03351905000000066
-0.009577050000000753
0.014364949999999155
0.03830694999999906
0.06224894999999897
0.021547449999998136
-0.01915405000000092
0.08140294999999931
-0.19153605000000162
0.06224894999999897
-0.1197100500000019
0.16759394999999877
-5.000000236066171e-08
-0.16759405000000172
-0.14296805000000212
-0.11834205000000075
-0.09371605000000116
-0.06909005000000157
-0.044464050000001976
-0.019838050000000607
0.004787949999998986
-0.17238205000000129
-0.019153550000000408
0.1340749499999987
0.004787949999998986
0.004787949999998986
-0.10534505000000216
-0.09576805000000199
-0.08619105000000182
-0.07661405000000165
0.11013294999999879
-5.000000058430487e-08
0.016280549999999394
0.03256114999999937
0.04884174999999935
0.06512234999999933
0.08140294999999931
-0.2537850500000012
-0.212741621428572
-0.1716981928571446
-0.13065476428571543
-0.08961133571428626
-0.04856790714285708
-0.0075244785714296825
0.03351894999999949
-0.08619105000000182
0.22984294999999832
-0.21547805000000153
-0.023942050000000492
-0.1963240500000012
-0.11779445000000166
-0.03926485000000213
0.03926474999999918
0.11779434999999872
0.19632394999999825
0.11492144999999887
0.03351894999999949
-0.02873005000000184
-0.21069005000000196
-0.09576805000000199
0.1388639499999993
0.10295094999999854
0.06703794999999779
0.043095949999997885
-0.03351855000000192
-0.11013305000000173
-0.18674755000000154
-0.26336205000000135
-0.09816205000000089
0.06703794999999779
0.009576949999997808
0.09097961666666521
0.17238228333333083
0.25378494999999823
-0.21069005000000196
-0.07661405000000165
-0.13407505000000164
-0.19153605000000162
0.016759449999998566
0.22505494999999875
0.08140294999999931
-0.062249050000001915
-0.05586471666666881
-0.04948038333333393
-0.04309605000000083
-0.2537850500000012
-0.15801705000000155
-0.06224905000000014
0.03351894999999949
0.014364949999999155
0.014364949999999155
0.014364949999999155
0.014364949999999155
-0.10534505000000216
-0.09576805000000199
-0.08619105000000182
-0.028730550000000576
0.028729949999998894
0.026814649999998608
0.02489934999999832
0.022984049999998035
0.02106874999999775
0.01915344999999924
0.017238149999998953
0.015322849999998667
0.01340754999999838
0.011492249999998094
0.009576949999997808
-0.021547550000002857
-0.05267205000000175
-0.10534505000000216
0.06224894999999897
0.0574609499999994
0.023941949999999323
-0.10055605000000156
-0.011971050000001426
0.07661394999999871
0.06943144999999795
0.06224894999999897
0.05506644999999999
0.04788394999999923
0.028729949999998894
-0.13407505000000164
0.028729949999998894
0.06224894999999897
0.07182594999999914
-0.026336050000001165
-0.12449805000000147
-0.04309605000000083
-0.02035105000000037
0.002393950000000089
0.025138949999998772
0.04788394999999923
0.06344619999999956
0.07900844999999812
0.09457069999999845
0.11013294999999879
-0.11013305000000173
-0.10534465000000104
-0.10055625000000212
-0.09576785000000143
-0.09097945000000252
-0.08619105000000182
-0.023942050000000492
0.03830744999999958
-0.12449805000000147
-0.1021523833333351
-0.07980671666666694
-0.05746105000000057
-0.013168300000000244
0.031124449999998305
0.07541719999999863
0.11970994999999895
0.07501828333333194
0.03032661666666492
-0.0143650500000021
-0.036711050000000967
-0.05905705000000161
-0.08140305000000048
-0.09576805000000199
0.11492194999999938
-5.000000058430487e-08
-0.09576805000000199
-0.13886405000000224
-0.0837973000000023
-0.028730550000000576
0.026336199999999366
0.08140294999999931
-0.009577050000000753
-0.02633655000000168
-0.04309605000000083
-0.15322905000000198
0.0526719499999988
0.04657767727272599
0.04048340454545318
0.034389131818180374
0.028294859090907565
0.022200586363634756
0.016106313636361946
0.010012040909089137
0.003917768181816328
-0.0021765045454564813
-0.00827077727272929
-0.0143650500000021
-0.019153550000000408
-0.023942050000000492
-0.15322905000000198
0.03351894999999949
0.02154794999999865
0.009576949999997808
-0.004788050000001931
-0.04948005000000144
-0.09417205000000273
-0.13886405000000224
-0.004788050000001931
-0.009577050000000753
0.014364949999999155
-0.11492205000000055
-0.01915405000000092
-0.015163716666668492
-0.011173383333334286
-0.00718305000000008
-0.00319271666666765
0.0007976166666647799
0.004787949999998986
0.043095949999997885
-0.09576805000000199
-0.009577050000000753
0.004788283333333254
0.019153616666665485
0.03351894999999949
0.003192283333332213
-0.02713438333333329
-0.05746105000000057
-0.05882919285714294
-0.06019733571428709
-0.061565478571429466
-0.06293362142857184
-0.06430176428571421
-0.06566990714285836
-0.06703805000000074
0.03351894999999949
0.026336449999998734
-0.12449805000000147
-0.0143650500000021
0.023941949999999323
0.03351894999999949
0.008978324999999288
-0.015562300000000917
-0.04010292500000112
-0.06464355000000133
-0.041300175000001715
-0.017956800000002104
0.005386574999999283
0.028729949999998894
0.035433749999999264
0.042137549999999635
0.04884134999999823
0.0555451499999986
0.06224894999999897
-0.10055605000000156
-0.057460550000000055
-0.014365050000000323
0.0015962833333329485
0.01755761666666622
0.03351894999999949
0.049480283333332764
0.06544161666666604
0.08140294999999931
-0.05267205000000175
-0.05985505000000124
0.06224894999999897
0.00957644999999907
-0.04309605000000083
-0.055067049999999895
-0.06703805000000074
-0.07182605000000208
-0.0023940500000012577
0.06703794999999779
0.04548994999999856
0.023941949999999323
0.0023939499999983127
-0.01915405000000092
-0.047884050000002176
-0.07422005000000276
-0.10055605000000156
-0.07741221666666753
-0.05426838333333528
-0.03112455000000125
-0.00798071666666722
0.015163116666665033
0.03830694999999906
-0.01915405000000092
-0.06224955000000065
0.009576949999997808
-5.000000236066171e-08
-0.009577050000000753
-0.009577050000000753
-0.009577050000000753
-0.027533550000001128
-0.04549004999999973
-0.0634465500000001
-0.08140305000000048
-0.04309555000000209
-0.004788050000001931
-0.009577050000000753
-0.014963925000001765
-0.020350800000001
-0.025737675000002014
-0.031124550000003026
-0.023942050000000492
-0.028730550000000576
-0.03351905000000066
0.004787949999998986
-0.012769383333335327
-0.030326716666667863
-0.047884050000002176
-0.04309571666666834
-0.0383073833333345
-0.03351905000000066
-0.009577050000000753
-5.000000236066171e-08
0.009576949999997808
0.007182449999998397
0.004787949999998986
-0.01915405000000092
-0.02394238333333476
-0.028730716666666822
-0.03351905000000066
-0.023942050000000492
-0.020749716666667695
-0.017557383333334897
-0.0143650500000021
-0.025538050000001533
-0.03671105000000274
-0.047884050000002176
-0.028730550000000576
-0.009577050000000753
-5.000000236066171e-08
0.009576949999997808
0.009576949999997808
-0.01675955000000151
-0.04309605000000083
-0.04309605000000083
-0.035913050000001334
-0.02873005000000184
-0.016759050000002773
-0.004788050000001931
-0.023942050000000492
-0.04309605000000083
-0.04213825000000071
-0.04118045000000059
-0.04022265000000225
-0.03926485000000213
-0.03830705000000201
-0.023942050000000492
-0.025538050000001533
-0.027134050000000798
-0.02873005000000184
-0.03112455000000125
-0.03351905000000066
-0.023942050000000492
-0.022665116666667373
-0.021388183333334254
-0.020111250000001135
-0.018834316666668016
-0.017557383333334897
-0.016280450000001778
-0.01500351666666866
-0.013726583333333764
-0.012449650000000645
-0.011172716666667526
-0.009895783333334407
-0.008618850000001288
-0.007341916666668169
-0.00606498333333505
