-0.010055653500000039
-0.012449853499999997
-0.01484405350000001
-0.013247920166666705
-0.011651786833333344
-0.010055653499999984
-0.008459520166666679
-0.006863386833333374
-0.005267253500000013
0.0043095764999999675
-0.00047882350000000296
-0.010055653500000039
-0.00047882350000000296
-0.002873038500000036
-0.005267253500000013
0.0019153614999999902
0.009097976499999966
0.0067037764999999805
0.0043095764999999675
0.0043095764999999675
0.0043095764999999675
0.0043095764999999675
0.0043095764999999675
0.0043095764999999675
0.0043095764999999675
-0.005267238500000049
-0.01484405350000001
-0.010055653500000039
0.0019153614999999902
0.013886376499999964
0.007501833166666638
0.0011172898333333126
-0.005267253500000013
0.018674766499999967
0.009097971499999968
-0.00047882350000000296
0.0043095764999999675
0.005506676499999974
0.0067037764999999805
0.00790087649999996
0.009097976499999966
0.010295076499999972
0.011492176499999951
0.012689276499999957
0.013886376499999964
0.018674766499999967
0.0043095764999999675
0.013886376499999964
0.0043095764999999675
0.0019153689999999446
-0.0004788385000000228
-0.0028730459999999902
-0.005267253500000013
-0.00047882350000000296
0.0043095764999999675
0.0067037764999999805
0.009097976499999966
0.011492176499999951
0.013886376499999964
-0.005267253500000013
-0.0028730459999999902
-0.0004788385000000228
0.0043095627499999956
0.009097963999999958
0.013886365249999977
0.018674766499999967
0.013886376499999964
0.0067037764999999805
-0.00047882350000000296
-0.00047882350000000296
-0.00047882350000000296
-0.00047882350000000296
-0.00047882350000000296
-0.00047882350000000296
-0.00047882350000000296
0.00191537650000001
0.0043095764999999675
0.009097976499999966
0.013886376499999964
0.0043095764999999675
-0.005267253500000013
0.0043095764999999675
0.003351896499999951
0.0023942164999999904
0.0014365364999999741
0.00047885650000001334
-0.00047882350000000296
-0.005267253500000013
-0.0004788385000000228
0.0043095764999999675
-0.002074966833333358
-0.008459510166666684
-0.01484405350000001
-0.002873038500000036
0.009097976499999966
-0.005267253500000013
0.009097976499999966
0.0043095764999999675
-0.00047882350000000296
0.018674766499999967
0.004309556499999978
-0.010055653500000039
-0.009097973500000023
-0.008140293500000007
-0.007182613500000046
-0.006224933500000029
-0.005267253500000013
-0.00047882350000000296
-0.005267238500000049
-0.010055653500000039
-0.00047882350000000296
-0.005267253500000013
-0.0004788385000000228
0.0043095764999999675
0.009097976499999966
0.013886376499999964
0.011492176499999951
0.009097976499999966
0.007182616499999961
0.005267256499999984
0.0033518965000000067
0.0014365364999999741
-0.00047882350000000296
-0.0004788385000000228
-0.0004788347500000456
-0.0004788310000000129
-0.00047882724999998016
-0.00047882350000000296
-0.010055653500000039
-0.010055653500000039
-0.006863376833333379
-0.003671100166666663
-0.00047882350000000296
0.009097976499999966
0.0067037764999999805
0.0043095764999999675
0.0027134431666666625
0.001117309833333302
-0.00047882350000000296
0.001117309833333302
0.0027134431666666625
0.0043095764999999675
-0.00047882350000000296
0.0067037764999999805
0.013886376499999964
-0.010055653500000039
-0.005267238500000049
-0.00047882350000000296
-0.0016759272499999867
-0.002873031000000026
-0.00407013475000001
-0.005267238500000049
-0.0064643422500000325
-0.007661446000000016
-0.008858549750000055
-0.010055653500000039
0.00191537650000001
0.0031124765000000165
0.004309576500000023
0.005506676499999974
0.0067037764999999805
0.007900876499999987
0.009097976499999966
-0.0004788385000000228
-0.01005563850000002
0.013886376499999964
-0.019632453500000036
-0.016896220642857174
-0.014159987785714312
-0.01142375492857145
-0.008687522071428588
-0.0059512892142857265
-0.0032150563571428648
-0.00047882350000000296
-0.00047882350000000296
0.0027134431666666625
0.005905709833333328
0.009097976499999966
-0.00047882350000000296
0.0043095764999999675
0.00191537650000001
-0.00047882350000000296
0.0043095764999999675
0.009097976499999966
0.009097976499999966
0.008140296499999977
0.007182616499999961
0.006224936499999945
0.005267256499999984
0.0043095764999999675
0.005506676499999974
0.0067037764999999805
0.00790087649999996
0.009097976499999966
-0.00047882350000000296
-0.0004788385000000228
-0.002394201500000026
-0.004309564500000029
-0.006224927500000033
-0.008140290500000036
-0.010055653500000039
0.0043095764999999675
0.005905709833333328
0.007501843166666633
0.009097976499999966
0.006703771499999955
0.004309566499999973
0.0007182614999999837
-0.0028730435000000054
-0.00646434850000005
-0.010055653500000039
-0.00047882350000000296
0.02825158649999998
-0.024420853500000006
0.009097976499999966
0.0043095764999999675
-0.00047882350000000296
-0.003671100166666663
-0.006863376833333379
-0.010055653500000039
-0.004070146000000052
0.0019153614999999902
0.007900868999999977
0.013886376499999964
0.00814029049999998
0.0023942044999999967
-0.0033518815000000424
-0.009097967500000026
-0.01484405350000001
0.0043095764999999675
-0.010055653500000039
0.02825158649999998
-0.0339976535
0.04740519649999997
0.0043095764999999675
0.003112476499999961
0.00191537650000001
0.0007182765000000035
-0.00047882350000000296
0.00191537650000001
0.0043095764999999675
0.009896046499999978
0.01548251649999996
0.02106898649999997
0.02665545649999998
0.03224192649999996
0.03782839649999997
-0.00047882350000000296
-0.010055653500000039
0.03303998649999998
0.0043095764999999675
0.01867478149999996
0.03303998649999998
-0.01484405350000001
0.04261679649999997
0.031124626499999974
0.01963245649999998
0.008140286499999982
-0.003351883499999986
-0.01484405350000001
0.002713429833333336
0.020270913166666654
0.03782839649999997
-0.01005563850000002
-0.05793967350000001
0.04261679649999997
-0.019632453500000036
0.03782839649999997
0.01987188399999998
0.001915371499999985
-0.016041141000000037
-0.0339976535
-0.01005563850000002
0.013886376499999964
0.0043095764999999675
0.009097976499999966
0.013886378999999976
0.01867478149999996
0.02346318399999997
0.02825158649999998
-0.06272805350000005
0.07134721649999998
-0.07230489350000002
0.018674771499999965
0.10965443649999998
0.06847416649999999
0.02729389649999997
-0.013886373500000049
-0.05506664350000007
-0.09624691350000003
-0.0028730435000000054
0.09050082649999996
0.004309566499999973
-0.08188169350000002
0.10007763649999998
-0.043574473500000044
0.04261679649999997
0.020270913166666654
-0.0020749701666666898
-0.024420853500000006
-0.03878607350000002
-0.023622793500000017
-0.008459513500000015
0.006703766499999986
0.02186704649999996
0.03703032649999996
0.05219360649999996
-0.048362873500000014
0.08092402649999997
-0.1010353135
-0.06368576549999999
-0.02633621749999998
0.011013330499999974
0.048362878499999984
0.08571242649999997
-0.11061211350000005
0.13359645649999996
-0.08667009350000004
-0.052193589500000026
-0.017717085500000007
0.016759418499999956
0.051235922499999975
0.08571242649999997
0.009097966499999943
-0.06751649350000005
0.02825158649999998
0.01388637316666666
-0.00047884016666666085
-0.01484405350000001
0.023463186499999983
0.0043095764999999675
-0.06272805350000005
0.04261679649999997
-0.05315127350000004
-0.030007323500000016
-0.006863373500000047
0.016280576499999977
0.039424526499999946
0.06256847649999997
0.08571242649999997
-0.07709329350000005
-0.002873038500000036
0.07134721649999998
-0.08667009350000004
0.08092402649999997
-0.03878607350000002
-0.002074976833333353
0.03463611983333331
0.07134721649999998
0.0019153614999999902
-0.06751649350000005
-0.05394934850000005
-0.04038220350000005
-0.026815058500000044
-0.013247913500000041
0.00031923149999996125
0.013886376499999964
-0.0004788385000000228
-0.01484405350000001
0.023463186499999983
0.018674766499999967
-0.06272805350000005
0.05219360649999996
-0.06751649350000005
0.018674771499999965
0.10486603649999998
0.07545155792857142
0.04603707935714285
0.01662260078571426
-0.012791877785714278
-0.04220635635714287
-0.07162083492857146
-0.1010353135
0.09528922649999996
-0.007661443500000031
-0.11061211350000005
0.13838486649999998
-0.06751649350000005
0.07613561649999998
0.01867477316666663
-0.038786070166666686
-0.09624691350000003
0.03782839649999997
-0.005267253500000013
0.0014365144999999857
0.008140282499999985
0.014844050499999983
0.021547818499999982
0.02825158649999998
0.03303998649999998
0.015938546499999984
-0.0011628935000000395
-0.018264333500000007
-0.03536577350000003
-0.0524672135
-0.06956865350000002
-0.08667009350000004
0.04740519649999997
-0.06272805350000005
0.14317326649999995
-0.11540051350000002
0.08092402649999997
0.03782839449999997
-0.0052672375000000216
-0.048362869500000016
-0.09145850150000001
-0.1345541335
0.006703768499999985
0.14796167049999998
-0.07230489350000002
0.08092402649999997
-0.11061211350000005
0.05219360649999996
0.025857391499999993
-0.00047882350000000296
0.06655881649999998
0.04740519899999998
0.028251581499999956
0.009097963999999958
-0.010055653500000039
-0.036391853500000015
-0.06272805350000005
0.03303998649999998
0.015482506499999965
-0.0020749735000000213
-0.019632453500000036
0.09528922649999996
-0.1010353135
-0.0339976635
0.03303998649999998
-0.03639186350000001
-0.10582371350000003
0.006703766499999986
0.11923124649999997
0.05538586649999999
-0.008459513500000015
-0.07230489350000002
0.07613561649999998
0.012290239833333327
-0.05155513683333335
-0.11540051350000002
0.09528922649999996
0.0521935998333333
0.009097973166666662
-0.0339976535
0.06177040649999996
-0.00047882350000005847
-0.06272805350000005
-0.01484403350000002
0.03303998649999998
0.030166945499999986
0.027293904499999966
0.024420863499999973
0.02154782249999998
0.01867478149999996
0.015801740499999967
0.012928699499999974
0.010055658499999981
0.00718261749999996
0.0043095764999999675
0.01867478149999996
0.03303998649999998
-0.0339976535
0.0043095764999999675
0.023463186499999983
0.018674766499999967
-0.01484405350000001
-0.017238253500000023
-0.019632453500000036
-0.007661443500000031
0.004309566499999973
0.016280576499999977
0.02825158649999998
0.023463186499999983
0.009097976499999966
-0.029209253500000032
0.023463186499999983
0.023463186499999983
0.025857386499999968
0.02825158649999998
-0.03878607350000002
-0.030406368500000003
-0.022026663499999988
-0.013646958500000028
-0.005267253500000013
0.0007182514999999889
0.006703756499999991
0.012689261499999965
0.018674766499999967
0.04261679649999997
0.025378542499999962
0.008140288499999981
-0.009097965500000027
-0.026336219500000035
-0.043574473500000044
0.013886376499999964
0.0258573815
-0.03878607350000002
-0.026016990166666698
-0.013247906833333323
-0.00047882350000000296
-0.00646433099999999
-0.012449838499999977
-0.01843534600000002
-0.024420853500000006
-0.00047883683333332927
0.02346317983333332
0.04740519649999997
0.01867477316666663
-0.010055650166666708
-0.03878607350000002
0.009097976499999966
-0.03878607350000002
0.05219360649999996
-0.0339976535
0.009097976499999966
-0.006464336000000015
-0.022026648500000023
-0.03758896100000003
-0.05315127350000004
0.06655881649999998
0.023463181499999985
-0.019632453500000036
0.009097976499999966
-0.048362873500000014
-0.038786066227272764
-0.02920925895454546
-0.019632451681818208
-0.010055644409090958
-0.0004788371363636523
0.009097970136363598
0.018674777409090876
0.028251584681818154
0.03782839195454543
0.04740519922727271
0.05698200649999996
0.013886376499999964
-0.029209253500000032
0.023463186499999983
-0.06272805350000005
-0.005267223500000029
0.05219360649999996
-0.00047882350000000296
0.009097979833333325
0.018674783166666653
0.02825158649999998
-0.06272805350000005
0.04261679649999997
-0.019632453500000036
0.04261679649999997
-0.05315127350000004
-0.03798799516666668
-0.02282471683333337
-0.007661438500000062
0.007501839833333301
0.022665118166666637
0.03782839649999997
0.0043095764999999675
0.009097971499999968
0.018674766499999967
0.0138863698333333
0.009097973166666634
0.0043095764999999675
0.017078649833333293
0.029847723166666645
0.04261679649999997
0.0303037579285714
0.01799071935714283
0.005677680785714234
-0.006635357785714335
-0.018948396357142905
-0.031261434928571474
-0.043574473500000044
-0.00047882350000000296
0.023463186499999955
-0.024420853500000006
0.009097976499999966
0.013886376499999964
0.03303998649999998
0.022266080249999987
0.011492173999999966
0.0007182677500000012
-0.01005563850000002
-0.00407013475000001
0.0019153689999999446
0.007900872749999954
0.013886376499999964
0.010055650499999957
0.006224924499999951
0.0023941985
-0.0014365275000000066
-0.005267253500000013
0.023463186499999983
0.004309568999999958
-0.01484404850000004
-0.012449844333333349
-0.010055640166666713
-0.0076614360000000215
-0.00526723183333333
-0.0028730276666666943
-0.00047882350000000296
0.03303998649999998
-0.022026648500000023
-0.010055653500000039
0.016280571499999952
0.04261679649999997
0.013886371499999994
-0.01484405350000001
0.0043095764999999675
-0.012449838500000032
-0.029209253500000032
-0.013646943500000008
0.0019153664999999598
0.017477676499999983
0.03303998649999998
-0.024420853500000006
-0.0028730435000000054
0.018674766499999967
0.00989602983333332
0.0011172931666666441
-0.007661443500000031
-0.01644018016666665
-0.025218916833333327
-0.0339976535
0.02825158649999998
0.009097966499999999
-0.043574473500000044
-0.012449853500000052
0.018674766499999967
0.004309556499999978
-0.010055653500000039
-0.0016759435000000544
0.006703766499999986
0.01508347649999997
0.023463186499999983
-0.007661443500000031
-0.03878607350000002
0.02825158649999998
0.023463182749999978
0.018674778999999975
0.013886375249999972
0.009097971499999968
-0.029209253500000032
-0.0004788335000000532
0.02825158649999998
0.0043095764999999675
0.009097973166666634
0.0138863698333333
0.018674766499999967
0.012290236499999968
0.005905706499999996
-0.00047882350000000296
0.009097976499999966
0.0067037764999999805
0.0043095764999999675
0.0067037764999999805
0.009097976499999966
0.0043095764999999675
-0.002074966833333358
-0.008459510166666684
-0.01484405350000001
0.0043095764999999675
-0.0004788335000000532
-0.005267243500000018
-0.010055653500000039
-0.005267243500000018
-0.0004788335000000532
0.0043095764999999675
-0.002873038500000036
-0.010055653500000039
-0.005267238500000049
-0.00047882350000000296
0.009097976499999966
0.0043095764999999675
-0.00047882350000000296
0.0043095764999999675
-0.002873038500000036
-0.010055653500000039
-0.010055653500000039
-0.010055653500000039
-0.002873038500000036
0.0043095764999999675
0.0043095764999999675
0.0043095764999999675
0.0043095764999999675
0.0043095764999999675
0.0043095764999999675
-0.00047882350000000296
-0.00047882350000000296
-0.00047882350000000296
-0.00047882350000000296
0.0007182689999999936
0.0019153614999999902
0.009097976499999966
0.008778749833333294
0.008459523166666622
0.008140296499999977
0.007821069833333305
0.007501843166666633
0.007182616499999961
0.006863389833333289
0.006544163166666617
0.006224936499999945
0.005905709833333328
0.005586483166666656
0.005267256499999984
0.004948029833333312
0.00462880316666664
