-0.020877423999999922
-0.01848322399999991
-0.016089024000000007
-0.013694823999999994
-0.011300623999999981
0.0030645760000000966
0.007852976000000012
-0.0017238239999999294
-0.0017238239999999294
-0.011300623999999981
-0.012668738285714243
-0.014036852571428504
-0.015404966857142766
-0.016773081142857138
-0.0181411954285714
-0.01950930971428566
-0.020877423999999922
-0.020877423999999922
-0.020877423999999922
-0.020877423999999922
-0.020877423999999922
-0.01728612399999996
-0.013694823999999883
-0.01010352399999992
-0.006512223999999955
-0.016089053999999936
-0.025665883999999917
-0.0017238239999999294
-0.011300623999999981
-0.020877423999999922
-0.020877423999999922
-0.020877423999999922
-0.016089023999999896
-0.011300623999999981
-0.006512223999999955
-0.006512223999999955
-0.006512223999999955
0.0030645760000000966
-0.006512223999999955
-0.016089023999999896
-0.008906423999999857
-0.0017238239999999294
-0.030454283999999943
-0.01848325399999995
-0.006512223999999955
-0.005144109714285694
-0.0037759954285713215
-0.00240788114285706
-0.0010397668571427987
0.0003283474285714627
0.0016964617142858351
0.0030645760000000966
-0.006512238999999864
-0.016089053999999936
-0.016089023999999896
-0.011300623999999981
-0.006512223999999955
-0.008906423999999968
-0.006512223999999955
-0.0017238239999999294
0.0030645760000000966
0.0022665093333333886
0.0014684426666667916
0.0006703760000000836
-0.00012769066666662443
-0.0009257573333332214
-0.0017238239999999294
-0.016089023999999896
-0.011300623999999981
-0.004118023999999942
-0.012497723999999932
-0.020877423999999922
-0.013694823999999883
-0.006512223999999955
-0.011300623999999981
-0.016089023999999896
-0.014173663999999864
-0.012258303999999942
-0.01034294399999991
-0.008427583999999988
-0.006512223999999955
-0.006512223999999955
-0.005315124000000004
-0.004118023999999942
-0.0029209239999998804
-0.0017238239999999294
-0.011300623999999981
-0.016089023999999896
-0.020877423999999922
-0.016089023999999896
-0.008906423999999857
-0.0017238239999999294
-0.0017238239999999294
-0.0017238239999999294
-0.003091938285714191
-0.004460052571428563
-0.005828166857142825
-0.007196281142857086
-0.008564395428571348
-0.00993250971428572
-0.011300623999999981
-0.013694823999999883
-0.016089023999999896
-0.011300623999999981
0.0030645760000000966
-0.0017238239999999294
-0.0017238239999999294
-0.0017238239999999294
-0.006512223999999955
-0.020877423999999922
-0.018217201777777747
-0.015556979555555461
-0.012896757333333286
-0.010236535111111
-0.007576312888888825
-0.004916090666666539
-0.0022558684444443644
0.0004043537777779216
0.0030645760000000966
-0.006512223999999955
-0.016089023999999896
-0.011300623999999981
0.0030645760000000966
-0.020877423999999922
-0.0017238239999999294
-0.011300623999999981
-0.016089023999999896
-0.009704490666666565
-0.0033199573333332344
0.0030645760000000966
0.0006703760000000836
-0.0017238239999999294
0.012641376000000037
0.0006703759999999725
-0.011300623999999981
-0.006512223999999955
-0.006512223999999955
-0.006512223999999955
-0.006512223999999955
-0.011300623999999981
-0.016089023999999896
-0.011300623999999981
-0.011300623999999981
-0.011300623999999981
-0.011300623999999981
-0.011300623999999981
-0.011300623999999981
-0.011300623999999981
-0.011300623999999981
-0.016089023999999896
-0.012896757333333286
-0.009704490666666565
-0.006512223999999955
-0.0017238239999999294
-0.011300623999999981
-0.011300623999999981
-0.011300623999999981
-0.00491609066666665
0.0014684426666666806
0.007852976000000012
0.0006703759999999725
-0.006512223999999955
-0.01010352399999992
-0.013694823999999883
-0.01728612399999996
-0.020877423999999922
-0.020877423999999922
-0.020877423999999922
-0.01991974399999996
-0.01896206399999989
-0.01800438399999993
-0.017046703999999968
-0.016089024000000007
-0.015131343999999936
-0.014173663999999975
-0.013215984000000014
-0.012258303999999942
-0.011300623999999981
-0.01130065399999991
-0.0017238239999999294
-0.0017238239999999294
-0.00810835733333326
-0.014492890666666591
-0.020877423999999922
-0.017685157333333312
-0.014492890666666591
-0.011300623999999981
-0.008906423999999968
-0.006512223999999955
-0.01848325399999995
-0.030454283999999943
-0.020877453999999962
-0.011300623999999981
-0.011300623999999981
-0.011300623999999981
-0.011300623999999981
-0.011300623999999981
-0.011300623999999981
-0.011300623999999981
-0.011300623999999981
-0.011300623999999981
-0.013694823999999883
-0.004118023999999942
-0.0033199573333332344
-0.011300623999999981
-0.011300623999999981
-0.011300623999999981
-0.01848325399999995
-0.025665883999999917
-0.0208774639999999
-0.016089043999999997
-0.011300623999999981
-0.012896757333333286
-0.014492890666666591
-0.016089023999999896
-0.020877423999999922
-0.020877423999999922
-0.016089024000000007
-0.011300623999999981
-0.011300623999999981
-0.011300623999999981
-0.008906423999999968
-0.006512223999999955
-0.004118023999999942
-0.0017238239999999294
-0.0033199573333332344
-0.00491609066666665
-0.006512223999999955
-0.0033199573333332344
-0.00012769066666662443
0.0030645760000000966
-0.006512223999999955
-0.016089023999999896
-0.011300623999999981
-0.006512223999999955
-0.008906423999999968
-0.011300623999999981
-0.006512223999999955
-0.0017238239999999294
-0.011300623999999981
-0.016089023999999896
-0.013694823999999883
-0.011300623999999981
-0.007709323999999906
-0.004118023999999942
-0.0005267239999999784
0.0030645760000000966
-0.004118023999999942
-0.011300623999999981
-0.013694823999999883
-0.016089023999999896
-0.013694823999999883
-0.011300623999999981
-0.011300623999999981
-0.011300623999999981
-0.011300623999999981
-0.011300623999999981
-0.01848325399999995
-0.025665883999999917
-0.025665883999999917
-0.025665883999999917
-0.025665883999999917
-0.025665883999999917
-0.016089023999999896
-0.016089023999999896
-0.016089023999999896
-0.016089023999999896
-0.015131343999999936
-0.014173663999999975
-0.013215983999999903
-0.012258303999999942
-0.011300623999999981
0.007852976000000012
-0.0025219006666666877
-0.012896777333333276
-0.023271653999999975
-0.016089047999999995
-0.008906442000000014
-0.001723835999999923
0.005458770000000057
0.012641376000000037
-0.03524268399999997
-0.016089023999999896
-0.0017238239999999294
-0.030454283999999943
-0.006512253999999995
0.017429776000000063
-0.004118053999999871
-0.025665883999999917
-0.025665883999999917
-0.025665883999999917
-0.0017238539999999691
0.02221817600000009
0.006655861000000041
-0.008906453999999897
-0.024468768999999946
-0.040031083999999995
0.027006576000000115
0.02102107600000014
0.01503557600000005
0.009050076000000074
0.0030645760000000966
-0.025665883999999917
-0.01130064899999994
0.012641363500000002
0.036583376000000056
0.01583362266666677
-0.004916130666666629
-0.025665883999999917
-0.025665883999999917
-0.025665883999999917
-0.025665883999999917
-0.025665883999999917
-0.025665883999999917
-0.004118053999999871
-0.0022026939999998385
-0.00028733399999991693
0.0016280260000001157
0.0035433860000000372
0.00545874600000007
-0.016089023999999896
0.017429776000000063
-0.006512253999999995
-0.030454283999999943
-0.022929646857142827
-0.0154050097142856
-0.007880372571428484
-0.00035573542857136875
0.007168901714285747
0.014693538857142974
0.02221817600000009
-0.0005267389999998873
-0.023271653999999975
-0.008906453999999897
-0.005015875249999913
-0.0011252964999999282
0.0027652822500000562
0.006655861000000041
0.010546439750000136
0.01443701850000012
0.018327597250000105
0.02221817600000009
-0.03524267899999989
0.012641376000000037
-0.030454283999999943
-0.022074568999999933
-0.013694853999999923
-0.005315138999999913
0.0030645760000000966
-0.0033199573333332344
-0.009704490666666565
-0.016089023999999896
0.007852976000000012
-0.011300623999999981
-0.012896757333333286
-0.014492890666666591
-0.016089023999999896
-0.011300623999999981
-0.006512223999999955
0.0030645760000000966
-0.0010397754285713656
-0.005144126857142717
-0.009248478285714179
-0.013352829714285641
-0.017457181142857103
-0.021561532571428454
-0.025665883999999917
-0.0232716664999999
-0.02087744899999988
0.03179497600000003
-0.025665883999999917
-0.01848325399999995
-0.011300623999999981
-0.011300623999999981
-0.01768516566666667
-0.024069707333333357
-0.030454248999999933
-0.03683879066666662
-0.04322333233333331
-0.04960787399999994
-0.013694848999999953
0.02221817600000009
-0.016089054000000047
-0.013352821142857185
-0.010616588285714323
-0.007880355428571462
-0.005144122571428489
-0.002407889714285627
0.00032834314285723476
0.0030645760000000966
-0.013694853999999923
-0.030454283999999943
-0.019281330666666596
-0.00810837733333325
0.0030645760000000966
-0.044819473999999915
-0.040509908999999955
-0.03620034399999994
-0.031890778999999925
-0.02758121399999991
-0.023271648999999894
-0.01896208399999988
-0.014652518999999975
-0.01034295399999996
-0.006033388999999945
-0.0017238239999999294
-0.0017238239999999294
-0.025665863999999927
0.0006703760000000836
-0.016089023999999896
-0.009704490666666565
-0.0033199573333332344
0.0030645760000000966
-0.025665853999999988
-0.011300623999999981
-0.016089024000000007
-0.020877423999999922
-0.011300623999999981
-0.016089038999999916
-0.020877453999999962
-0.025665869000000008
-0.030454283999999943
0.0030645760000000966
0.0016964617142858351
0.0003283474285714627
-0.0010397668571427987
-0.00240788114285706
-0.0037759954285713215
-0.005144109714285694
-0.006512223999999955
-0.01848325399999995
-0.030454283999999943
-0.006512223999999955
-0.0017238239999999294
-0.006512223999999955
-0.011300623999999981
-0.013694823999999883
-0.016089023999999896
0.0030645760000000966
-0.0017238239999999294
-0.006512223999999955
-0.01130062399999987
-0.016089023999999896
-0.020877423999999922
-0.014891923999999945
-0.008906423999999857
-0.0029209239999998804
0.0030645760000000966
-0.01130065399999991
-0.0017238389999999493
0.007852976000000012
-0.016089023999999896
-0.006512223999999955
-0.0017238239999999294
0.0030645759999999855
0.007852976000000012
-0.006512223999999955
-0.020877423999999922
-0.019381048999999928
-0.017884673999999934
-0.01638829899999994
-0.014891923999999945
-0.013395548999999951
-0.011899173999999957
-0.010402798999999963
-0.008906423999999857
-0.007410048999999863
-0.005913673999999869
-0.004417298999999875
-0.0029209239999998804
-0.0014245489999998862
7.182600000010808e-05
0.0015682010000001023
0.0030645760000000966
-0.020877423999999922
0.012641376000000037
0.009449122666666754
0.0006703759999999725
0.00246602600000001
0.0042616760000000475
0.006057325999999974
0.007852976000000012
-0.030454283999999943
0.007852976000000123
0.007852976000000012
-0.003319977333333335
-0.01449293066666657
-0.025665883999999917
0.012641366000000098
0.05094861600000011
0.03754108800000011
0.02413356000000011
0.010726032000000107
-0.0026814959999998944
-0.016089023999999896
0.01503557600000005
0.006895284000000057
-0.0012450079999999364
-0.00938529999999993
-0.017525591999999923
-0.025665883999999917
0.02221817600000009
0.009050061000000054
-0.004118053999999871
-0.017286168999999907
-0.030454283999999943
-0.004118023999999942
-0.040031083999999995
-0.022473597333333317
-0.00491611066666664
0.012641376000000037
-0.03524268399999997
-0.030454263999999953
-0.025665843999999938
-0.020877423999999922
-0.006512223999999955
-0.03524268399999997
-0.013694853999999923
0.007852976000000012
-0.016089054000000047
-0.040031083999999995
-0.032848483999999956
-0.025665883999999917
-0.0208774639999999
-0.016089043999999997
-0.011300623999999981
-0.016089043999999997
-0.0208774639999999
-0.025665883999999917
0.012641376000000037
-0.040031083999999995
-0.023271653999999975
-0.006512223999999955
-0.008906423999999968
-0.011300623999999981
-0.025665853999999988
-0.040031083999999995
-0.023271653999999975
-0.006512223999999955
-0.025665848999999907
-0.044819473999999915
-0.040031063999999894
-0.03524265399999993
-0.030454243999999964
-0.025665833999999887
-0.020877423999999922
0.027006576000000115
-0.044819473999999915
0.017429776000000063
-0.011300654000000021
-0.040031083999999995
-0.025665853999999988
-0.011300623999999981
-0.013694823999999883
-0.016089023999999896
-0.025665853999999877
-0.03524268399999997
-0.022473597333333317
-0.009704510666666555
0.0030645760000000966
-0.016089023999999896
-0.011300623999999981
-0.006512223999999955
-0.00491609066666665
-0.0033199573333332344
-0.0017238239999999294
-0.00012769066666662443
0.0014684426666667916
0.0030645760000000966
-0.025665883999999917
0.027006576000000115
0.0054587760000001095
-0.016089023999999896
-0.006512223999999955
0.0030645760000000966
-0.005315138999999913
-0.013694853999999923
-0.022074568999999933
-0.030454283999999943
-0.023271673999999964
-0.016089063999999986
-0.008906453999999897
-0.0017238439999999189
0.005458766000000059
0.012641376000000037
-0.030454283999999943
-0.025665883999999917
-0.016089053999999936
-0.006512223999999955
-0.030454283999999943
0.012641376000000037
0.0066558760000000605
0.0006703759999999725
-0.005315124000000004
-0.011300623999999981
0.007852976000000012
-0.011300623999999981
-0.025665883999999917
-0.02087747399999995
-0.016089063999999986
-0.011300654000000021
-0.011300646500000067
-0.011300639000000001
-0.011300631499999936
-0.011300623999999981
-0.020877453999999962
-0.020079382333333284
-0.019281310666666607
-0.01848323899999993
-0.01768516733333325
-0.016887095666666574
-0.016089023999999896
-0.013694823999999883
-0.011300623999999981
-0.011300623999999981
-0.011300623999999981
-0.01010352400000003
-0.008906423999999968
-0.012896757333333286
-0.016887090666666604
-0.020877423999999922
-0.020877423999999922
-0.020877423999999922
-0.020877423999999922
-0.020877423999999922
-0.020877423999999922
-0.020877423999999922
-0.020877423999999922
-0.020877423999999922
-0.020877423999999922
-0.016089024000000007
-0.011300623999999981
-0.020877423999999922
-0.008906423999999857
-0.005315123999999893
-0.0017238239999999294
-0.011300623999999981
-0.011300623999999981
-0.011300623999999981
-0.012497723999999932
-0.013694823999999883
-0.014891923999999945
-0.016089023999999896
-0.006512223999999955
0.0030645760000000966
0.0010124045714287044
-0.0010397668571427987
-0.003091938285714191
-0.005144109714285694
-0.007196281142857086
-0.00924845257142859
-0.011300623999999981
0.0006703760000000836
-0.013694823999999883
-0.014492890666666591
-0.015290957333333188
-0.016089023999999896
-0.01130062399999987
-0.006512223999999955
-0.0017238239999999294
-0.0017238239999999294
-0.0017238239999999294
-0.002322373999999905
-0.0029209239999998804
-0.003519473999999967
-0.004118023999999942
-0.004716573999999918
-0.005315124000000004
-0.00591367399999998
-0.006512223999999955
-0.011300623999999981
-0.0017238239999999294
-0.0017238239999999294
-0.011300623999999981
-0.005315124000000004
0.0006703759999999725
0.0066558760000000605
0.012641376000000037
0.0030645760000000966
-0.0017238239999999294
-0.020877423999999922
-0.006512223999999955
-0.006512223999999955
-0.006512223999999955
-0.008906423999999968
-0.011300623999999981
-0.013694823999999883
-0.016089023999999896
-0.014891923999999945
-0.013694823999999883
-0.012497723999999932
-0.011300623999999981
-0.011300623999999981
-0.0017238239999999294
-0.006512223999999955
-0.01130062399999987
-0.016089023999999896
-0.012497723999999932
-0.008906423999999857
-0.005315123999999893
-0.0017238239999999294
-0.004118023999999942
-0.0029209239999998804
-0.0017238239999999294
-0.008906423999999857
-0.016089023999999896
-0.014492890666666591
-0.012896757333333286
