0.017557466666666743
0.018355533333333396
0.01915360000000005
0.020749746666666735
0.0023941900000000182
0.01915360000000005
-0.014365219999999956
-0.007182609999999923
5.551115123125783e-17
0.0015961333333333605
0.003192266666666721
0.0047884000000000815
0.0063845333333333865
0.007980666666666691
0.009576800000000052
9.999999994736442e-09
0.004788405000000051
0.009576800000000052
0.008978250000000021
0.008379700000000045
0.00778115000000007
0.007182600000000039
0.006156514285714343
0.005130428571428591
0.004104342857142895
0.003078257142857199
0.002052171428571503
0.0010260857142857516
5.551115123125783e-17
0.009576800000000052
0.016759400000000035
0.008379700000000045
5.551115123125783e-17
0.01915360000000005
0.015961333333333383
0.012769066666666717
0.009576800000000052
0.0063845333333333865
0.003192266666666721
5.551115123125783e-17
0.007182600000000039
0.014365200000000022
0.009576799999999996
0.009576799999999996
0.009576799999999996
0.009576800000000052
0.009576800000000052
0.01915360000000005
0.007182600000000039
0.011172933333333357
0.01516326666666673
0.01915360000000005
0.004788400000000026
0.0023942000000000685
5.551115123125783e-17
0.01197101000000006
0.023942020000000064
0.016759410000000086
0.009576800000000052
0.006840568571428618
0.004104337142857184
0.00136810571428575
-0.001368125714285684
-0.004104357142857118
-0.006840588571428552
-0.009576819999999986
0.01197100000000001
0.004788400000000026
0.01915360000000005
0.023942010000000014
0.028730420000000034
0.007182600000000039
-0.014365219999999956
0.0023941900000000182
0.01915360000000005
0.014365200000000022
0.009576800000000052
0.007182600000000039
0.0047884000000000815
0.0023942000000000685
5.551115123125783e-17
0.019153610000000043
0.01755747333333335
0.015961336666666714
0.014365200000000022
0.02873041000000004
0.04309562000000006
0.04548982000000007
0.04788402000000003
0.026336210000000027
0.004788400000000026
0.004788400000000026
0.008619124000000034
0.012449848000000041
0.01628057200000005
0.020111296000000056
0.023942020000000064
5.551115123125783e-17
0.0047884000000000815
0.009576800000000052
0.028730420000000034
0.01915360000000005
0.01197100000000001
0.004788400000000026
0.02154781
0.03830722000000003
0.02154781
0.004788400000000026
0.009576800000000052
0.014365200000000022
0.01915360000000005
0.020590122000000044
0.02202664400000004
0.023463166000000035
0.02489968800000003
0.026336210000000027
-0.009576819999999986
0.01915360000000005
0.009576800000000052
5.551115123125783e-17
-0.011971009999999949
-0.023942019999999953
-0.004788409999999965
0.014365200000000022
0.014365200000000022
0.014365200000000022
0.014365200000000022
-9.999999994736442e-09
-0.014365219999999956
-0.0035913124999999435
0.007182595000000014
0.017956502500000027
0.02873041000000004
5.551115123125783e-17
0.0019153600000000326
0.003830720000000065
0.005746080000000042
0.007661440000000075
0.009576800000000052
0.004788400000000026
0.0007980633333333764
-0.0031922733333333286
-0.007182609999999978
-0.011172946666666628
-0.015163283333333333
-0.019153619999999982
-0.004788409999999965
0.009576800000000052
0.01915360000000005
0.004788400000000026
0.014365200000000022
0.023942020000000064
0.014365200000000022
0.01197100000000001
0.009576800000000052
0.028730420000000034
0.02234588000000004
0.015961340000000046
0.009576800000000052
0.011172933333333357
0.012769066666666717
0.014365200000000022
0.02154781
0.028730420000000034
0.02729389800000004
0.025857376000000043
0.024420854000000047
0.02298433200000005
0.02154781
0.020111288000000005
0.01867476600000001
0.017238244000000014
0.015801722000000018
0.014365200000000022
0.019153610000000043
0.007182600000000039
0.021547810000000056
0.01915360666666671
0.016759403333333367
0.014365200000000022
0.010773900000000058
0.007182600000000039
0.0035913000000000195
5.551115123125783e-17
0.0023942000000000685
0.004788400000000026
0.004788400000000026
0.004788400000000026
-0.014365219999999956
-9.999999994736442e-09
0.014365200000000022
0.009576800000000052
-0.004788379999999981
-0.00319224888888886
-0.0015961177777777391
1.3333333381826407e-08
0.0015961444444445028
0.003192275555555568
0.004788406666666689
0.00638453777777781
0.007980668888888931
0.009576800000000052
0.0023942000000000685
5.551115123125783e-17
0.009576799999999996
0.028730420000000034
0.028730420000000034
0.028730420000000034
0.02633621500000005
0.023942010000000014
0.02154780500000003
0.01915360000000005
0.023942020000000064
0.023942020000000064
0.023942020000000064
0.023942020000000064
0.023942020000000064
0.023942020000000064
0.03351882000000006
0.01915360000000005
5.551115123125783e-17
0.014365200000000022
0.014365200000000022
0.014365200000000022
0.014365200000000022
0.014365200000000022
0.014365200000000022
0.014365200000000022
-0.004788379999999981
0.009576800000000052
0.016759410000000086
0.023942020000000064
0.019153610000000043
0.014365200000000022
0.016759400000000035
0.01915360000000005
0.020749740000000072
0.02234588000000004
0.023942020000000064
0.014365200000000022
0.009576805000000022
0.004788410000000021
1.5000000019860238e-08
-0.004788379999999981
5.551115123125783e-17
0.004788402500000066
0.009576805000000077
0.014365207500000032
0.019153610000000043
5.551115123125783e-17
0.007182600000000039
0.014365200000000022
0.014365200000000022
0.014365200000000022
0.019153605000000018
0.023942010000000014
0.028730415000000065
0.03351882000000006
0.009576800000000052
0.014365200000000022
0.01915360000000005
0.01915360000000005
0.01915360000000005
0.01915360000000005
0.01915360000000005
-0.004788379999999981
0.0028730600000000384
0.010534500000000058
0.01819594000000002
0.02585738000000004
0.03351882000000006
0.021547810000000056
0.009576800000000052
0.016759410000000086
0.023942020000000064
0.009576800000000052
-0.007182609999999923
-0.023942019999999953
0.05267242000000005
0.01197100000000001
-0.02873041999999998
-0.019685659999999994
-0.010640899999999953
-0.0015961399999999681
0.007448620000000017
0.016493380000000057
0.025538140000000042
0.03458290000000003
0.04362766000000007
0.05267242000000005
-0.009576819999999986
0.016759400000000035
-0.006384536666666607
0.006384539166666703
0.019153615000000068
0.03192269083333338
0.04469176666666669
0.05746084250000005
0.07022991833333336
0.0829989941666667
0.09576807000000004
-0.062249239999999983
0.10534487000000003
-0.08140285999999997
0.11013328000000003
-0.07182607999999996
-0.05160837333333329
-0.03139066666666662
-0.011172959999999954
0.009044746666666714
0.029262453333333382
0.04948016000000005
0.06969786666666669
0.08991557333333336
0.11013328000000003
0.01197101000000006
-0.022345879999999985
0.13407529000000004
-0.10055647999999995
0.0023941950000000434
0.10534487000000003
0.049480166666666714
-0.0063845366666666625
-0.062249239999999983
-0.022345876666666653
0.017557486666666733
0.05746085000000006
0.036711106666666715
0.015961363333333367
-0.004788379999999981
0.028730420000000034
0.031124620000000047
0.03351882000000006
0.004788400000000026
0.03830722000000003
0.015961340000000046
-0.006384539999999994
-0.02873041999999998
0.001596136666666692
0.03192269333333336
0.062249250000000034
-0.038307239999999965
0.009576805000000077
0.05746085000000006
-0.03351881999999995
-0.014365209999999962
0.0047884000000000815
0.02394201000000007
0.04309562000000006
-0.009576819999999986
0.01915360000000005
0.017956500000000042
0.016759400000000035
0.015562300000000029
0.014365200000000022
0.013168100000000071
0.011971000000000065
0.010773900000000058
0.009576800000000052
0.01197100000000001
0.004788400000000026
0.008379700000000045
0.01197100000000001
0.015562300000000029
0.01915360000000005
0.007182600000000039
0.009576800000000052
0.012769066666666717
0.015961333333333383
0.01915360000000005
0.014365200000000022
0.009576799999999996
0.004788400000000026
0.01117294000000002
0.01755748000000007
0.023942020000000064
0.020749746666666735
0.01755747333333335
0.014365200000000022
0.009576800000000052
0.014365200000000022
0.019153610000000043
0.023942020000000064
0.019153610000000043
0.014365200000000022
0.02873041000000004
0.04309562000000006
-0.004788379999999981
0.0031922800000000473
0.01117294000000002
0.01915360000000005
0.007182610000000034
-0.004788379999999981
-0.0017956349999999621
0.0011971100000000567
0.00418985500000002
0.007182600000000039
0.011492164000000027
0.015801728000000015
0.02011129200000006
0.024420856000000046
0.028730420000000034
0.009576820000000041
0.007182610000000034
0.004788400000000026
0.014365200000000022
0.014365200000000022
0.014365200000000022
0.014365200000000022
0.014365200000000022
0.014365200000000022
0.014365200000000022
0.019153610000000043
0.023942020000000064
-0.004788379999999981
0.004788400000000026
0.009576800000000052
0.01197100000000001
0.014365200000000022
0.009576800000000052
0.016759410000000086
0.023942020000000064
0.02298433600000005
0.022026652000000035
0.021068968000000077
0.020111284000000063
0.01915360000000005
0.014365200000000022
0.014365200000000022
0.01197100000000001
0.009576800000000052
0.007182600000000039
0.004788400000000026
0.0023942000000000685
5.551115123125783e-17
0.01915360000000005
0.009576800000000052
0.009576800000000052
0.007980666666666691
0.0063845333333333865
0.004788400000000026
0.01117294000000002
0.01755748000000007
0.023942020000000064
0.021068976000000073
0.01819593200000008
0.015322888000000034
0.012449844000000043
0.009576800000000052
0.01915360000000005
0.009576799999999996
0.01675941000000003
0.023942020000000064
0.016759410000000086
0.009576800000000052
0.016759410000000086
0.023942020000000064
0.02314395000000008
0.02234588000000004
0.021547810000000056
0.020749740000000072
0.019951670000000032
0.01915360000000005
0.019951670000000032
0.020749740000000072
0.021547810000000056
0.02234588000000004
0.02314395000000008
0.023942020000000064
0.019153610000000043
0.014365200000000022
0.016759400000000035
0.01915360000000005
0.016759400000000035
0.014365200000000022
0.007182600000000039
5.551115123125783e-17
0.007182600000000039
0.014365200000000022
0.01197100000000001
0.009576800000000052
0.01197100000000001
0.016759400000000035
0.023942020000000064
0.021547810000000056
0.01915360000000005
0.004788400000000026
0.0015961400000000237
-0.0015961199999999787
-0.004788379999999981
0.01915360000000005
0.016759400000000035
0.014365200000000022
0.011971000000000065
0.009576800000000052
0.009576800000000052
0.014365200000000022
0.016759400000000035
0.01915360000000005
0.009576800000000052
0.01197100000000001
