0.017317950000000693
0.015721950000001428
0.014125950000000387
0.009337450000000302
0.0045489500000019945
0.001356616666669197
-0.0018357166666653768
-0.005028049999998174
-0.00023904999999935228
-0.0034313833333321497
-0.0066237166666667235
-0.009816049999999521
-0.008447907142857147
-0.007079764285712997
-0.0057116214285706235
-0.00434347857142825
-0.002975335714285876
-0.001607192857141726
-0.00023904999999935228
-0.005028049999998174
-0.014605049999998343
-0.014605049999998343
-0.02418104999999926
-0.02418104999999926
-0.00023904999999935228
0.0007185500000002065
0.0016761500000015417
0.0026337500000011005
0.0035913500000024356
0.0045489500000019945
0.0045489500000019945
0.002154950000001321
-0.00023904999999935228
-0.019393049999997913
-0.019393049999997913
-0.03375804999999943
-0.019393049999997913
-0.005028049999998174
0.0021544500000025835
0.009336950000001565
0.004548950000000218
-0.00023904999999935228
0.0016761500000015417
0.0035913500000006593
0.005506550000001553
0.007421750000000671
0.009336950000001565
0.0045489500000019945
-0.019393049999997913
-0.020989049999998954
-0.02258504999999822
-0.02418104999999926
-0.020590049999999138
-0.016999049999999016
-0.006225049999997623
0.0045489500000019945
0.002154950000001321
-0.00023904999999935228
-0.0034313833333321497
-0.0066237166666667235
-0.009816049999999521
-0.005028049999998174
-0.012210549999998932
-0.019393049999997913
-0.01895777727272474
-0.018522504545453344
-0.01808723181818017
-0.017651959090907
-0.017216686363633826
-0.01678141363636243
-0.016346140909089257
-0.015910868181816085
-0.015475595454542912
-0.015040322727271516
-0.014605049999998343
-0.03375804999999943
-0.019393049999997913
-0.005028049999998174
0.0045489500000019945
-0.00023904999999935228
-0.009816049999999521
-0.00023904999999935228
-0.0026333833333325174
-0.0050277166666656825
-0.007422049999998848
-0.009816383333332013
-0.012210716666665178
-0.014605049999998343
-0.01300871666666481
-0.011412383333333054
-0.009816049999999521
-0.0026335499999987633
0.0045489500000019945
0.009337450000000302
0.014125950000000387
0.023702950000000556
-0.005028049999998174
-0.005028049999998174
-0.016999049999999016
-0.014006299999998362
-0.011013549999997707
-0.008020799999998829
-0.005028049999998174
0.003351950000002546
0.01173195000000149
-0.00023904999999935228
-0.009816049999997745
-0.019393049999997913
-0.02258538333333071
-0.025777716666665285
-0.028970049999998082
-0.028970049999998082
-0.028970049999998082
-0.028970049999998082
-0.028970049999998082
-0.005028049999998174
0.018913950000001734
0.009336950000001565
0.008539116666668178
0.007741283333334792
0.0069434500000014054
-0.0018353833333311087
-0.0106142166666654
-0.019393049999997913
-0.022984299999997404
-0.02657554999999867
-0.030166799999999938
-0.03375804999999943
-0.005028049999998174
-0.005028049999998174
-0.0038309249999990413
-0.002633799999998132
-0.0014366749999972228
-0.0002395499999980899
0.002496664285716932
0.005232878571430177
0.007969092857145199
0.010705307142858445
0.013441521428573466
0.016177735714286712
0.018913950000001734
0.011731450000002752
0.0045489500000019945
-0.009816049999999521
-0.005028049999998174
-0.00023904999999935228
-0.019393049999997913
-0.019393049999997913
-0.01726482777777605
-0.015136605555554183
-0.013008383333332318
-0.010880161111110453
-0.008751938888886812
-0.006623716666664947
-0.004495494444443082
-0.0023672722222212172
-0.00023904999999935228
-0.003830549999999988
-0.007422049999998848
-0.00023904999999935228
-0.005028049999998174
-0.014605049999998343
0.009336950000001565
0.009336950000001565
0.009336950000001565
0.0021544500000025835
-0.005028049999998174
-0.011013299999998338
-0.01699855000000028
-0.01819567499999941
-0.019392799999998545
-0.020589924999999454
-0.021787049999998587
-0.014006049999998993
-0.006225049999997623
0.001555950000001971
0.009336950000001565
-0.00023954999999986626
-0.009816049999999521
-0.008219966666665357
-0.006623883333332969
-0.0050277999999988054
-0.0034317166666646415
-0.0018356333333322539
-0.0002395499999980899
-0.014604549999997829
-0.02418104999999926
-0.01699855000000028
-0.009816049999999521
-0.01699855000000028
-0.02418104999999926
-0.018195549999999727
-0.012210050000000194
-0.006224549999998885
-0.00023904999999935228
-0.00023904999999935228
0.002154950000001321
0.0045489500000019945
-0.0002395499999980899
-0.005028049999998174
0.0045489500000019945
-0.014604549999997829
-0.03375804999999943
-0.01699855000000028
-0.00023904999999935228
-0.012210050000000194
-0.02418104999999926
-0.016200383333332624
-0.008219716666665988
-0.00023904999999935228
-0.0026335499999987633
-0.005028049999998174
-0.016201049999997608
-0.027374049999998817
-0.03854704999999825
-0.014605049999998343
-0.028970049999998082
-0.023497621428569815
-0.018025192857141548
-0.01255276428571328
-0.007080335714283237
-0.0016079071428549696
0.0038645214285732976
0.009336950000001565
-0.0026335499999987633
-0.0050277166666656825
-0.007421883333332602
-0.009816049999999521
-0.006225049999997623
-0.002634049999997501
-0.006943449999997853
-0.011252849999998205
-0.015562249999998556
-0.019871649999998908
-0.02418104999999926
-0.014604549999999605
0.014125950000000387
0.0069434500000014054
-0.00023904999999935228
0.0069434500000014054
0.014125950000000387
0.015322950000001612
0.01651995000000106
0.01771695000000051
0.018913950000001734
-0.03854704999999825
-0.002634049999997501
0.03327895000000147
0.01651961666666857
-0.00023971666666611213
-0.016999049999999016
-0.03375838333333192
-0.0505177166666666
-0.0672770499999995
0.04285595000000164
-0.05291204999999799
0.05722095000000138
-0.03854704999999825
-0.028970049999998082
-0.019393049999997913
-0.009816049999999521
-0.00023904999999935228
-0.007422049999998848
-0.014605049999998343
-0.028970049999998082
0.028490950000001902
0.018914200000001102
0.009337450000002079
-0.0002392999999987211
-0.009816049999997745
-0.019392799999998545
-0.028969549999999344
-0.03854629999999837
-0.04812304999999917
0.04764495000000046
-0.08164204999999924
-0.014604549999997829
0.03806795000000207
-0.0672770499999995
-0.0529118000000004
-0.03854654999999951
-0.02418129999999863
-0.009816049999999521
0.004549199999999587
0.01891445000000047
0.033279700000001355
0.04764495000000046
0.006942950000002668
0.006942950000002668
0.015322950000001612
0.023702950000000556
0.002154950000001321
-0.019393049999997913
-0.040941049999998924
-0.06248904999999816
0.018913950000001734
-0.040941049999998924
-0.10079604999999958
0.04285595000000164
-0.10558404999999915
-0.04493104999999886
0.015721950000001428
0.07637495000000172
0.048442616666667604
0.020510283333335266
-0.007422049999998848
-0.015203299999999587
-0.02298454999999855
-0.030765799999997512
-0.03854704999999825
0.06200995000000198
0.01891445000000047
-0.02418104999999926
0.009337450000000302
0.04285595000000164
0.028490950000001902
0.014125950000000387
-0.00023904999999935228
-0.02418104999999926
0.014125950000000387
-0.04094054999999841
-0.09600704999999898
-0.07366121666666459
-0.051315383333331965
-0.028969549999999344
-0.006623716666664947
0.01572211666666945
0.03806795000000207
-0.11037304999999797
0.05722095000000138
-0.11516104999999932
0.1098939500000018
0.039663950000001336
-0.030566049999999123
-0.10079604999999958
0.09552895000000206
0.06953466428571708
0.04354037857143034
0.017546092857145368
-0.008448192857141379
-0.03444247857142635
-0.060436764285713096
-0.08643104999999807
0.08595195000000189
0.002154950000001321
0.005745950000001443
0.009336950000001565
0.014125950000000387
0.022106616666667023
0.030087283333335435
0.03806795000000207
-0.03375804999999943
-0.009816049999999521
0.014125950000000387
0.03806795000000207
0.06200995000000198
-0.08643104999999807
0.05722095000000138
0.0319109500000021
0.006600950000001049
-0.01870904999999823
-0.04401904999999928
-0.06932904999999856
-0.09463904999999961
-0.11994904999999889
-0.02657554999999867
0.06679795000000155
-0.12952604999999906
-0.03375804999999943
0.06200995000000198
-0.12473804999999949
0.08116295000000129
-0.0768540499999979
-0.034955549999997615
0.006942950000002668
0.048841450000001174
0.09073995000000146
0.0308849500000008
-0.028970049999998082
-0.0074222999999982164
0.01412545000000165
0.035673200000001515
0.05722095000000138
0.006942950000002668
0.018913950000001734
0.009336950000001565
0.035673450000000884
0.06200995000000198
0.03806795000000207
0.014125950000000387
0.007541825000000557
0.0009577000000007274
-0.005626424999999102
-0.012210549999998932
0.015322700000002243
0.04285595000000164
-0.024181549999997998
-0.09121904999999941
-0.08456849444444359
-0.07791793888888776
-0.07126738333333194
-0.06461682777777611
-0.05796627222222206
-0.05131571666666623
-0.04466516111111041
-0.03801460555555458
-0.031364049999998755
-0.02471349444444293
-0.018062938888887103
-0.011412383333331277
-0.004761827777775451
0.0018887277777785982
0.008539283333334424
0.01518983888889025
0.021840394444446076
0.028490950000001902
-0.008619049999998296
-0.045729049999998495
-0.08283904999999869
-0.11994904999999889
-0.06408438333333244
-0.008219716666665988
0.04764495000000046
-0.02418104999999926
-0.09600704999999898
-0.03375804999999943
0.028490950000001902
-0.019393049999997913
-0.0672770499999995
-0.026575799999999816
0.01412545000000165
0.06679795000000155
0.05243295000000181
0.03806795000000207
0.01412545000000165
0.028490950000001902
-0.09600704999999898
0.018913950000001734
-0.031364049999998755
-0.09121904999999941
0.028490950000001902
-0.04812304999999917
0.028490950000001902
0.02944855000000146
0.03040615000000102
0.031363750000002355
0.032321350000001914
0.03327895000000147
0.023702950000000556
-0.02418104999999926
-0.001835383333332885
0.020510283333335266
0.04285595000000164
-0.04812304999999917
-0.0026335499999987633
0.04285595000000164
-0.006624049999999215
-0.056104049999998296
-0.10558404999999915
-0.07206529999999844
-0.03854654999999951
-0.0260966499999995
-0.013646749999999486
-0.001196849999999472
0.011253050000000542
0.023702950000000556
-0.0433350499999996
0.05243295000000181
0.04285628333333413
0.03327961666666823
0.023702950000000556
0.009336950000001565
0.01771670000000114
0.026096450000000715
0.034476200000002066
0.04285595000000164
-0.05291204999999799
0.06200995000000198
-0.0672770499999995
-0.03615254999999884
-0.005028049999999951
0.026096450000000715
0.05722095000000138
-0.09600704999999898
0.014125950000000387
-0.009816049999999521
-0.03375804999999943
-0.05770004999999934
-0.01699855000000028
0.023702950000000556
0.01795675000000152
0.012210550000000708
0.006464350000001673
0.0007181500000008612
-0.005028049999998174
0.011731450000002752
0.028490950000001902
0.03327945000000199
0.03806795000000207
0.018913950000001734
0.04525045000000105
0.07158695000000037
-0.0672770499999995
0.03327895000000147
-0.09121904999999941
-0.08499414999999999
-0.07876924999999879
-0.07254434999999937
-0.06631944999999995
-0.06009454999999875
-0.053869649999999325
-0.0476447499999999
-0.041419849999998704
-0.03519494999999928
-0.028970049999998082
-0.02274514999999866
-0.016520249999999237
-0.010295349999998038
-0.0040704499999986155
0.002154450000000807
0.008379350000002006
0.014604250000001429
0.02082915000000085
0.02705405000000205
0.03327895000000147
-0.026576049999999185
-0.08643104999999807
0.028490950000001902
-0.0433350499999996
0.0045489500000019945
0.009336950000001565
0.047644450000001726
-0.019393049999997913
0.06200995000000198
-0.009816049999997745
-0.08164204999999924
-0.058657849999999456
-0.03567364999999967
-0.012689449999998104
0.010294750000001684
0.03327895000000147
-0.002633799999998132
-0.03854654999999951
-0.07206504999999908
0.004548950000000218
0.03327895000000147
0.04285595000000164
0.0323215500000007
0.02178715000000153
0.011252750000000589
0.000718350000001422
-0.009816049999999521
-0.014604549999997829
0.05243295000000181
-0.012210549999998932
-0.03535438333333296
-0.058498216666665215
-0.08164204999999924
-0.024181549999997998
0.03327895000000147
-0.014605049999998343
-0.06248904999999816
-0.0217875499999991
0.018913950000001734
-0.00023904999999935228
0.01651995000000106
0.03327895000000147
0.03806795000000207
0.018914200000001102
-0.0002395499999980899
-0.019393299999997282
-0.03854704999999825
-0.01300871666666481
0.01252961666666863
0.03806795000000207
-0.09121904999999941
0.03806795000000207
0.0029529500000009534
-0.03216204999999839
-0.0672770499999995
0.028490950000001902
-0.028970049999998082
-0.08643104999999807
0.03806795000000207
0.015322950000001612
-0.007422049999998848
-0.03016704999999753
-0.05291204999999799
-0.04128304999999877
-0.029654049999997767
-0.018025049999998544
-0.006396049999997544
0.005232950000001679
0.01686195000000268
0.028490950000001902
0.011731450000002752
-0.005028049999998174
-0.0002395499999980899
0.0045489500000019945
0.018913950000001734
-0.019393049999997913
0.028490950000001902
-0.05770004999999934
0.06200995000000198
-0.0672770499999995
-0.048807478571427865
-0.030337907142856224
-0.011868335714284584
0.006601235714287057
0.025070807142858698
0.04354037857143034
0.06200995000000198
-0.08164204999999924
-0.0217875499999991
0.028490950000001902
-0.012210549999998932
-0.05291204999999799
-0.009816049999999521
-0.016200716666665116
-0.022585383333332487
-0.028970049999998082
-0.026023357692306348
-0.023076665384612838
-0.020129973076921104
-0.01718328076922937
-0.01423658846153586
-0.011289896153844126
-0.008343203846152392
-0.005396511538460658
-0.0024498192307671474
0.0004968730769245866
0.0034435653846163206
0.006390257692309831
0.009336950000001565
-0.005028049999998174
-0.0026335499999987633
-0.00023904999999935228
0.018913950000001734
0.05243295000000181
0.04046195000000097
0.028490950000001902
0.016519950000002837
0.0045489500000019945
-0.007422049999998848
-0.019393049999997913
-0.03375838333333192
0.009336950000001565
-0.005028049999998174
-0.019393049999997913
0.004548950000000218
0.004548950000000218
0.0045489500000019945
0.0045489500000019945
0.014125950000000387
0.004548950000000218
-0.005028049999998174
-0.014605049999998343
-0.007422049999998848
-0.00023904999999935228
-0.009816049999997745
-0.019393049999997913
-0.005028049999998174
-0.011412383333331277
-0.017796716666666157
-0.02418104999999926
-0.00023904999999935228
0.002154950000001321
0.0045489500000019945
-0.0026335499999987633
-0.009816049999999521
-0.0066237166666667235
-0.0034313833333321497
-0.00023904999999935228
0.014125950000000387
0.0069434500000014054
-0.00023904999999935228
-0.0026335499999987633
-0.005028049999998174
-0.012210549999998932
-0.019393049999997913
-0.019393049999997913
-0.019393049999997913
-0.011412383333331277
-0.0034317166666646415
0.0045489500000019945
-0.014605049999998343
-0.007422049999998848
-0.00023904999999935228
-0.00023904999999935228
-0.00023904999999935228
-0.00023904999999935228
0.002633949999999885
0.005506950000000899
0.008379950000000136
0.01125295000000115
0.014125950000000387
0.014125950000000387
-0.019393049999997913
-0.014605049999998343
-0.019393049999997913
-0.012210549999998932
-0.005028049999998174
-0.009816549999998259
-0.014605049999998343
-0.009816383333332013
-0.0050277166666656825
-0.00023904999999935228
-0.012210050000000194
-0.02418104999999926
-0.01651964999999933
-0.008858249999999401
-0.001196849999999472
0.006464550000000457
0.014125950000000387
0.004548950000000218
-0.005028049999998174
0.0045489500000019945
-0.00023904999999935228
-0.0026335499999987633
-0.005028049999998174
-0.008220383333330972
-0.011412716666665546
-0.014605049999998343
-0.028970049999998082
-0.027373883333330795
-0.025777716666665285
-0.024181549999997998
-0.012210299999999563
-0.00023904999999935228
0.0069434500000014054
0.014125950000000387
0.008140450000000854
0.002154950000001321
-0.003830549999999988
-0.009816049999999521
-0.00023904999999935228
0.00035945000000126015
