-0.01528063926470588
-0.014153956323529393
-0.013027273382352933
-0.011900590441176445
-0.010773907499999985
-0.010773907499999985
-0.010773907499999985
-0.010773907499999985
-0.010773907499999985
-0.010773907499999985
-0.017956512499999994
-0.025139117500000002
-0.020350712500000007
-0.015562307499999983
-0.015562307499999983
-0.015562307499999983
-0.015562307499999983
-0.013168107499999998
-0.010773907499999985
-0.014365212499999974
-0.01795651749999999
-0.025139117500000002
-0.015562307499999983
-0.013168107499999998
-0.015562307499999983
-0.010773907499999985
-0.010773907499999985
-0.0035913024999999765
-0.015562307499999983
-0.015562307499999983
-0.022744912499999992
-0.0203507275
-0.0203507275
-0.0203507275
-0.0203507275
-0.0203507275
-0.017477683500000007
-0.014604639499999988
-0.011731595499999997
-0.008858551499999978
-0.005985507499999987
-0.015562307499999983
-0.0251391225
-0.015562307499999983
-0.015562307499999983
-0.013168107499999998
-0.010773907499999985
-0.009576807499999979
-0.008379707499999972
-0.007182607499999993
-0.005985507499999987
-0.006783574166666667
-0.00758164083333332
-0.008379707499999972
-0.009177774166666652
-0.009975840833333333
-0.010773907499999985
-0.015562307499999983
-0.010773907499999985
-0.0203507275
-0.015562307499999983
-0.015562307499999983
-0.013168107499999998
-0.010773907499999985
-0.010773907499999985
-0.010773907499999985
-0.010773907499999985
-0.010773907499999985
-0.010773907499999985
-0.010773907499999985
-0.010773907499999985
-0.010773907499999985
-0.010773907499999985
-0.010773907499999985
-0.010773907499999985
-0.005985507499999987
0.0035913025000000043
-0.015562317500000006
-0.001197097499999994
-0.005985507499999987
-0.0064208165909090675
-0.006856125681818176
-0.007291434772727257
-0.007726743863636337
-0.008162052954545446
-0.008597362045454526
-0.009032671136363635
-0.009467980227272715
-0.009903289318181796
-0.010338598409090904
-0.010773907499999985
-0.020350712500000007
-0.0299275175
-0.0203507275
-0.020350712500000007
-0.0347159175
-0.005985507499999987
-0.015562307499999983
-0.015562307499999983
-0.01795650999999998
-0.020350712500000007
-0.022744915000000004
-0.025139117500000002
-0.0035913024999999765
-0.025139117500000002
-0.005985507499999987
-0.010773907499999985
-0.015562307499999983
-0.025139117500000002
-0.017956512499999994
-0.010773907499999985
-0.013168107499999998
-0.015562307499999983
-0.011971004999999979
-0.008379702500000002
-0.004788399999999998
-0.001197097499999994
-0.015562307499999983
-0.013168107499999998
-0.010773907499999985
-0.008379707499999972
-0.005985507499999987
-0.0203507275
-0.010773907499999985
-0.0203507275
-0.01715845416666667
-0.013966180833333314
-0.010773907499999985
-0.015562307499999983
-0.008379702500000002
-0.001197097499999994
-0.001197097499999994
-0.001197097499999994
-0.001197097499999994
-0.001197097499999994
-0.001197097499999994
-0.001197097499999994
-0.001197097499999994
-0.001197097499999994
-0.015562317500000006
0.0035913025000000043
-0.008379712499999997
-0.0203507275
-0.013168117499999993
-0.005985507499999987
-0.007900867499999992
-0.009816227499999997
-0.011731587499999974
-0.013646947499999978
-0.015562307499999983
-0.005985507499999987
-0.008379707499999972
-0.010773907499999985
-0.010773907499999985
0.0035913025000000043
0.000718260500000012
-0.0021547814999999804
-0.0050278235000000004
-0.007900865499999993
-0.010773907499999985
-0.010773907499999985
-0.0203507275
-0.019393043499999985
-0.018435359499999998
-0.017477675499999984
-0.016519991499999997
-0.015562307499999983
-0.01496375749999998
-0.014365207499999977
-0.013766657499999974
-0.013168107499999998
-0.012569557499999995
-0.011971007499999992
-0.011372457499999988
-0.010773907499999985
-0.013168117499999993
-0.005985507499999987
-0.010773909999999998
-0.01556231249999998
-0.02035071499999999
-0.025139117500000002
-0.015562307499999983
-0.013168107499999998
-0.015562307499999983
-0.01396617416666665
-0.012370040833333318
-0.010773907499999985
-0.009177774166666652
-0.00758164083333332
-0.005985507499999987
-0.0203507275
-0.0059855024999999895
-0.015562307499999983
-0.015562307499999983
-0.015562307499999983
-0.015562307499999983
-0.015562307499999983
-0.015562307499999983
-0.015562307499999983
-0.015562307499999983
-0.015562307499999983
-0.015562307499999983
-0.015562307499999983
-0.015562307499999983
-0.020350712500000007
-0.008379702500000002
-0.011971005000000007
-0.015562307499999983
-0.020350712500000007
-0.025139117500000002
-0.010773907499999985
0.0035913025000000043
-0.0011971034999999908
-0.005985509499999986
-0.010773915500000009
-0.015562321500000004
-0.0203507275
-0.005985507499999987
-0.010773914166666648
-0.015562320833333337
-0.0203507275
-0.020350712500000007
-0.022744915000000004
-0.025139117500000002
-0.01556231249999998
-0.005985507499999987
-0.0011971024999999913
0.0035913025000000043
-0.013168107499999998
-0.0299275175
-0.01795651000000001
-0.0059855024999999895
0.005985505000000002
0.017956512499999994
-0.0586579475
-0.03311979416666669
-0.007581640833333347
0.017956512499999994
0.009576804999999994
0.001197097499999994
-0.007182610000000006
-0.015562317500000006
-0.0347159175
-0.015562307500000011
0.0035913025000000043
-0.01795650749999997
-0.03950431749999997
-0.037110117499999956
-0.0347159175
-0.032321717499999986
-0.0299275175
0.008379702500000002
-0.012370047499999981
-0.033119797499999964
-0.053869547499999976
0.03232172250000001
-0.03950431749999997
-0.015562307499999983
-0.008379702500000002
-0.001197097499999994
-0.029927522499999998
-0.0586579475
-0.029927527499999995
-0.0011971074999999887
0.02753331249999999
0.0562637325
-0.013168117499999993
-0.08259996750000001
0.03711012250000001
-0.049081147500000005
-0.037110132499999976
-0.025139117500000002
-0.0083797075
0.008379702500000002
-0.007900867499999992
-0.024181437499999986
-0.04046200749999998
-0.056742577499999974
-0.07302314749999997
-0.0059855024999999895
0.06105214250000002
-0.08259996750000001
-0.0650424875
-0.04748500749999998
-0.029927527500000023
-0.012370047500000009
0.0051874325000000054
0.022744912499999992
0.004788397499999986
-0.013168117499999993
-0.0311246325
-0.049081147500000005
-0.0347159175
0.03232172250000001
-0.07781156749999998
0.0562637325
-0.06344634749999997
0.022744912499999992
-0.0299275175
-0.03950431749999997
-0.005985497499999964
0.02753332250000004
0.06105214250000002
0.037908190833333355
0.014764239166666693
-0.008379712499999997
-0.03152366416666666
-0.05466761583333332
-0.07781156749999998
0.06105214250000002
-0.053869547499999976
-0.005985507499999987
0.017956512499999994
0.008379705833333334
-0.0011971008333333255
-0.010773907500000013
-0.020350714166666672
-0.029927520833333332
-0.03950432750000002
-0.04908113416666668
-0.05865794083333334
-0.0682347475
0.0897825625
-0.0921767675
0.0418985325
-0.03950431749999997
-0.03950431749999997
-0.001197097499999994
0.03711012250000001
-0.08738836749999998
0.0849941525
-0.09696516749999998
-0.06703764749999999
-0.037110127500000006
-0.007182607499999993
0.022744912499999992
0.0035913025000000043
-0.015562307499999983
-0.011372456249999968
-0.007182604999999981
-0.0029927537499999934
0.0011970975000000217
-0.08259996750000001
0.0849941525
-0.08259996750000001
-0.06344635150000003
-0.044292735499999986
-0.0251391195
-0.005985503500000017
0.013168112499999995
-0.0299275175
-0.03152365083333333
-0.03311978416666664
-0.0347159175
0.06105214250000002
-0.06344634749999997
0.0514753325
-0.013168117499999993
-0.07781156749999998
-0.055465680833333336
-0.03311979416666663
-0.010773907499999985
-0.008379704999999987
-0.0059855024999999895
-0.0035912999999999917
-0.001197097499999994
-0.0299275175
0.03232172250000001
-0.013168112499999995
-0.0586579475
-0.027533322499999985
0.0035913025000000043
-0.001197097499999994
-0.01077391250000001
-0.0203507275
-0.0011971074999999887
0.017956512499999994
0.009063761071428561
0.00017100964285715614
-0.008721741785714276
-0.01761449321428571
-0.026507244642857114
-0.03539999607142855
-0.04429274749999998
-0.035913037499999995
-0.027533327499999982
-0.01915361749999997
-0.010773907499999985
0.017956512499999994
-0.025139112499999977
-0.0299275175
-0.0203507275
0.008379697500000005
0.03711012250000001
-0.008379712499999997
-0.053869547499999976
-0.03830723499999997
-0.022744922499999987
-0.007182610000000006
0.008379702500000002
-0.010773907499999985
-0.0299275175
0.013168112499999995
-0.01795651750000002
-0.049081147500000005
-0.03152366416666666
-0.013966180833333341
0.0035913025000000043
-0.015562307499999983
-0.020350710833333313
-0.02513911416666667
-0.0299275175
-0.02394201500000001
-0.017956512499999994
-0.011971009999999976
-0.005985507499999987
-0.0347159175
-0.001197097499999994
-0.001197097499999994
-0.01077391250000001
-0.0203507275
-0.025139124166666665
-0.029927520833333332
-0.0347159175
-0.005985507499999987
-0.01237004416666665
-0.01875458083333334
-0.025139117500000002
-0.016759412499999987
-0.0083797075
-2.500000012561898e-09
0.008379702500000002
-0.0011971024999999913
-0.010773907499999985
-0.0299275175
0.013168112499999995
-0.02274491749999999
-0.0586579475
0.013168112499999995
-0.008379702500000002
-0.0299275175
-0.010773907499999985
0.008379702500000002
0.015562307500000011
0.022744912499999992
-0.012370047500000009
-0.04748500749999998
-0.08259996750000001
-0.03471592749999999
0.013168112499999995
-0.07781156749999998
-0.01795651749999999
0.0418985325
-0.04429274749999998
-0.01556232083333331
0.013168105833333332
0.0418985325
0.02274491749999999
0.0035913025000000043
-0.029927522499999998
-0.06344634749999997
-0.04620809549999996
-0.02896984349999998
-0.0117315915
0.00550666050000001
0.022744912499999992
-0.039504317500000025
-0.10175354750000001
0.0802057525
-0.04429274749999998
-0.001197097499999994
0.0083797075
0.017956512499999994
-0.07302314749999997
-0.017956512499999994
0.03711012250000001
-0.03471593250000002
-0.10654198750000002
-0.06919243950000001
-0.0318428915
0.0055066564999999845
0.042856204499999995
0.0802057525
0.027533317500000015
-0.025139117500000002
-0.04429274749999998
0.022744912499999992
-0.06344634749999997
0.0011970975000000217
0.06584054250000002
-0.005985512499999984
-0.07781156749999998
-0.06549852892857141
-0.053185490357142845
-0.040872451785714276
-0.028559413214285706
-0.016246374642857137
-0.003933336071428567
0.008379702500000002
0.001197097499999994
-0.005985507499999987
-0.06344634749999997
-0.02274491749999999
-0.00758164083333332
0.00758163583333335
0.02274491250000002
0.0019951691666666993
-0.01875457416666665
-0.03950431749999997
0.0035913025000000043
-0.0203507225
-0.04429274749999998
-0.019153627499999992
0.005985492499999995
0.03112461250000001
0.0562637325
0.03711011750000001
0.0179565025
-0.0011971125000000138
-0.0203507275
-0.025139117500000002
-0.015562307500000011
0.006783572500000001
0.029129452499999986
0.0514753325
-0.0347159175
-0.0347159175
-0.0347159175
-0.0347159175
-0.0347159175
-0.0347159175
-0.0347159175
-0.017956507499999996
-0.001197097499999994
-0.03950431749999997
0.005985507500000015
0.0514753325
0.034715919166666664
0.01795650583333333
0.0011970924999999966
-0.015562320833333337
-0.032321734166666644
-0.049081147500000005
-0.0299275175
-0.001197097499999994
-0.0299275175
0.0418985325
0.0318428845
0.0217872365
0.0117315885
0.0016759405000000005
-0.0083797075
-0.0184353555
-0.0284910035
-0.0385466515
-0.048602299499999974
-0.0586579475
0.008379702500000002
-0.010773907499999985
-0.03950431749999997
0.03711012250000001
-0.07781156749999998
0.008379702500000002
-0.001197097499999994
-0.03950431749999997
0.013168112499999995
-0.013966174166666678
-0.041100460833333324
-0.0682347475
0.0418985325
-0.001197097499999994
-0.013168107499999998
-0.025139117500000002
-0.021308395499999994
-0.017477673499999985
-0.013646951500000004
-0.009816229499999996
-0.005985507499999987
-0.07781156749999998
-0.06344635583333333
-0.049081144166666674
-0.03471593249999996
-0.020350720833333336
-0.005985509166666653
0.008379702500000002
-0.002394207499999995
-0.013168117499999993
-0.001197097499999994
-0.0682347475
0.06584054250000002
-0.0203507275
-0.0203507275
-0.015562317500000006
-0.010773907499999985
-0.020350717499999976
-0.029927527499999995
-0.039504337500000014
-0.049081147500000005
0.0418985325
0.005985507500000015
-0.0299275175
-0.015562307499999983
-0.015562307499999983
-0.015562307499999983
-0.03232172749999998
-0.049081147500000005
-0.0219468575
0.0051874325000000054
0.03232172250000001
-0.0347159175
-0.03292026687500002
-0.031124616249999987
-0.02932896562500001
-0.027533315000000003
-0.025737664374999997
-0.02394201374999999
-0.022146363124999985
-0.020350712500000007
-0.018555061875
-0.016759411249999995
-0.014963760624999989
-0.013168109999999983
-0.011372459375000005
-0.009576808749999999
-0.007781158124999993
-0.005985507499999987
-0.010773907499999985
-0.015562307499999983
-0.04429274749999998
-0.02035072749999997
0.0035912925000000095
0.02753331249999999
0.0514753325
0.030725585833333346
0.009975839166666667
-0.010773907499999985
-0.03232172749999998
-0.003591297500000007
0.003591297500000007
-0.03950431749999997
0.03711012250000001
-0.06344634749999997
0.0418985325
0.03300578107142857
0.024113029642857137
0.015220278214285704
0.006327526785714271
-0.0025652246428571612
-0.011457976071428566
-0.0203507275
-0.010773907499999985
-0.0011971074999999887
-0.025139127499999997
-0.049081147500000005
-0.015562317500000006
0.017956512499999994
0.0051874325000000054
-0.0075816475000000105
-0.0203507275
-0.0682347475
-0.03830722750000001
-0.0083797075
0.021547812500000013
0.0514753325
-0.03950431749999997
-0.001197097499999994
-0.017956507499999996
-0.0347159175
-0.04429274749999998
-0.008379712499999997
0.027533322500000013
-0.01556231249999998
-0.0586579475
-0.042924621785714295
-0.02719129607142859
-0.011457970357142855
0.0042753553571428515
0.020008681071428558
0.03574200678571429
0.0514753325
-0.053869547499999976
-0.0203507225
-0.02801216749999999
-0.03567361249999998
-0.043335057500000024
-0.05099650250000001
-0.0586579475
0.06584054250000002
-0.0586579475
-0.013168112499999995
0.03232172250000001
0.008379707500000028
-0.015562307499999983
-0.02354297749999998
-0.031523647499999974
-0.03950431749999997
-0.020350717500000004
-0.003591305000000017
0.013168107499999998
0.029927520000000013
0.0466869325
-0.0347159175
-0.0299275175
-0.0035913025000000043
0.022744912499999992
-0.044292737499999985
-0.11133038749999999
-0.0035913075000000017
0.1041477725
0.08116343649999999
0.0581791005
0.0351947645
0.012210428500000009
-0.010773907499999985
-0.0299275175
-0.023542980833333338
-0.017158444166666648
-0.010773907499999985
0.03232172250000001
-0.02035071249999998
-0.07302314749999997
-0.008379707499999972
0.0562637325
0.0011970925000000243
-0.053869547499999976
-0.044292739499999983
-0.03471593149999999
-0.0251391235
-0.015562315499999979
-0.005985507499999987
0.008379702500000002
-0.07781156749999998
0.0466869325
-0.008379707499999972
-0.06344634749999997
-0.03232172250000001
-0.001197097499999994
-0.01077391250000001
-0.0203507275
-0.0251391225
-0.0299275175
-0.017158444166666675
-0.0043893708333333226
0.008379702500000002
-0.010773907499999985
-0.0299275175
-0.010773907499999985
0.008379702500000002
0.0035913025000000043
-0.001197097499999994
-0.010773907499999985
-0.015562317500000006
-0.0203507275
-0.01077391250000001
-0.001197097499999994
-0.0018811560714285525
-0.0025652146428571387
-0.0032492732142856973
-0.0039333317857142835
-0.004617390357142842
-0.005301448928571428
-0.005985507499999987
-0.025139117500000002
-0.005985507499999987
-0.010773907499999985
-0.010474632499999997
-0.010175357499999982
-0.009876082499999966
-0.009576807499999979
-0.00927753249999999
-0.008978257499999975
-0.00867898249999996
-0.008379707499999972
-0.015562307499999983
-0.014878250357142853
-0.014194193214285694
-0.013510136071428563
-0.012826078928571405
-0.012142021785714274
-0.011457964642857116
-0.010773907499999985
-0.015562307499999983
-0.017956512499999994
-0.001197097499999994
-0.004788402499999983
-0.0083797075
-0.011971012500000017
-0.015562317500000006
-0.010773907499999985
-0.01795651749999999
-0.017614487499999998
-0.017272457499999977
-0.016930427499999984
-0.01658839749999999
-0.016246367499999997
-0.015904337499999976
-0.015562307499999983
-0.01795650999999998
-0.020350712500000007
-0.022744915000000004
-0.025139117500000002
-0.010773907499999985
-0.0203507275
-0.0011971024999999913
-0.0043893708333333226
-0.007581639166666654
-0.010773907499999985
-0.013168107499999998
-0.015562307499999983
-0.012370040833333318
-0.009177774166666652
-0.005985507499999987
-0.008379707499999972
-0.010773907499999985
-0.010773907499999985
-0.010773907499999985
-0.010773907499999985
0.0059855024999999895
-0.011971007499999992
-0.0299275175
-0.017956512499999994
-0.005985507499999987
-0.008379707499999972
-0.010773907499999985
-0.012689271499999988
-0.01460463549999999
-0.016519999499999993
-0.018435363499999996
-0.0203507275
-0.010773907499999985
-0.015562310833333315
-0.020350714166666672
-0.025139117500000002
-0.0203507275
-0.01795651749999999
-0.015562307499999983
-0.011731585499999975
-0.007900863499999994
-0.004070141499999985
-0.00023941950000000434
0.0035913025000000043
