-0.05027824999999986
-0.04070124999999969
-0.03112424999999952
-0.04070124999999969
-0.03591291666666585
-0.031124583333332012
-0.026336249999998174
-0.016759583333332273
-0.007182916666664596
0.0023937500000013046
-0.0035917499999982283
-0.009577249999997761
-0.01556274999999907
-0.021548249999998603
-0.026336249999998174
-0.03112424999999952
-0.021548249999998603
-0.04070124999999969
-0.03591324999999834
-0.03591324999999834
-0.030167049999999307
-0.024420849999998495
-0.01867464999999946
-0.012928449999998648
-0.0071822499999996126
-0.002394250000000042
0.0023937500000013046
-0.011971249999998435
-0.01265524999999812
-0.01333924999999958
-0.014023249999999265
-0.01470724999999895
-0.015391249999998635
-0.016075250000000096
-0.01675924999999978
-0.04070124999999969
-0.03591324999999834
-0.03591324999999834
-0.031124749999998258
-0.027533374999999083
-0.023941999999999908
-0.020350624999998956
-0.01675924999999978
-0.03591324999999834
-0.03591324999999834
-0.03591324999999834
-0.03112424999999952
-0.04070124999999969
-0.05027824999999986
-0.03112424999999952
-0.02952824999999848
-0.027932249999999215
-0.026336249999998174
-0.002394249999998266
-0.005985499999999533
-0.009576749999999024
-0.013167999999998514
-0.01675924999999978
-0.02154774999999809
-0.026336249999998174
-0.01675924999999978
-0.04549024999999851
-0.038307249999999016
-0.03112424999999952
-0.028251250000000283
-0.02537824999999927
-0.022505250000000032
-0.01963224999999902
-0.01675924999999978
-0.02394175000000054
-0.03112424999999952
-0.03351849999999956
-0.035912749999999605
-0.03830699999999965
-0.04070124999999969
-0.03351874999999893
-0.026336249999998174
-0.03591324999999834
-0.03591324999999834
-0.04070124999999969
-0.03112424999999952
-0.016759249999998005
-0.002394249999998266
-0.002394249999998266
-0.002394249999998266
-0.002394249999998266
-0.002394249999998266
-0.009576749999999024
-0.01675924999999978
-0.021548249999998603
-0.05985524999999825
-0.05506691666666441
-0.05027858333333235
-0.04549024999999851
-0.021548249999998603
-0.05506624999999943
-0.039104916666666156
-0.023143583333332884
-0.0071822499999996126
-0.004788249999998939
-0.002394249999998266
-0.00718274999999835
-0.011971249999998435
-0.021548249999998603
-0.026336249999998174
-0.03112424999999952
-0.03431658333333232
-0.03750891666666689
-0.04070124999999969
-0.04070124999999969
-0.03830708333333277
-0.03591291666666585
-0.03351874999999893
-0.031124583333332012
-0.028730416666665093
-0.026336249999998174
-0.03112424999999952
-0.03112424999999952
-0.02154774999999809
-0.011971249999998435
-0.015562499999997925
-0.019153749999999192
-0.022744999999998683
-0.026336249999998174
-0.02565224999999849
-0.024968249999998804
-0.02428424999999912
-0.023600249999997658
-0.022916249999997973
-0.022232249999998288
-0.021548249999998603
-0.011971249999998435
-0.026336249999998174
-0.027932249999999215
-0.02952824999999848
-0.03112424999999952
-0.03112424999999952
-0.03112424999999952
-0.03112424999999952
-0.026336249999998174
-0.016759416666666027
-0.007182583333332104
0.002394250000000042
0.0023940833333337963
0.0023939166666675504
0.0023937500000013046
-0.009577249999997761
-0.021548249999998603
-0.026336249999998174
-0.031124749999998258
-0.03591324999999834
-0.031124749999998258
-0.026336249999998174
-0.025139249999998725
-0.023942249999999277
-0.022745249999998052
-0.021548249999998603
-0.026336249999998174
-0.024420849999998495
-0.022505449999998817
-0.020590049999999138
-0.01867464999999946
-0.01675924999999978
-0.01675924999999978
-0.01675924999999978
-0.01675924999999978
-0.01675924999999978
-0.02154774999999809
-0.026336249999998174
-0.027533374999999083
-0.028730499999998216
-0.02992762499999735
-0.031124749999998258
-0.02992762499999735
-0.028730499999998216
-0.027533374999999083
-0.026336249999998174
-0.026336249999998174
-0.027704392857140547
-0.029072535714284697
-0.03044067857142707
-0.031808821428569445
-0.03317696428571182
-0.03454510714285597
-0.03591324999999834
-0.03351874999999893
-0.03112424999999952
-0.03112424999999952
-0.026336249999998174
-0.022345916666663967
-0.018355583333331538
-0.014365249999999108
-0.010374916666664902
-0.006384583333330696
-0.002394249999998266
-0.002394249999998266
-2.4999999759245384e-07
0.0023937500000013046
-0.026336249999998174
-0.05506624999999943
-0.04070124999999969
-0.04549024999999851
-0.02154774999999809
-0.01516324999999874
-0.008778749999997615
-0.002394249999998266
-0.011971249999998435
-0.007182916666664596
-0.002394583333332534
0.0023937500000013046
-0.026336249999998174
-0.03351874999999893
-0.04070124999999969
-0.028730250000000623
-0.01675924999999978
-0.019153749999999192
-0.021548249999998603
-0.009577249999997761
0.0023937500000013046
-0.008140649999999638
-0.018675049999998805
-0.029209449999999748
-0.039743849999998915
-0.05027824999999986
-0.035912749999999605
-0.03112449999999889
-0.026336249999998174
-0.031124678571426756
-0.03591310714285534
-0.04070153571428392
-0.0454899642857125
-0.050278392857141085
-0.05506682142856967
-0.05985524999999825
0.03112475000000181
-0.04070124999999969
-0.0071822499999996126
0.004309750000000889
0.01580175000000139
0.027293750000000117
0.03878575000000062
0.05027775000000112
0.01037441666666794
-0.02952891666666524
-0.06943224999999842
-0.031124749999998258
0.0071827500000001265
0.002394250000000042
-0.002394249999998266
-0.043095749999997324
-0.08379724999999816
-0.015163250000000517
0.04548975000000155
-0.013567249999999476
-0.07262424999999872
-0.13168124999999975
-0.11252758333333368
-0.09337391666666583
-0.07422024999999977
-0.055066583333333696
-0.03591291666666585
-0.01675924999999978
-0.0289962500000005
-0.041233249999999444
-0.053470250000000163
-0.0657072499999991
-0.07794424999999983
-0.09018124999999877
-0.10241824999999949
-0.11465524999999843
-0.12689224999999915
0.05985475000000129
-0.06943224999999842
0.03351875000000071
-0.11252724999999941
0.03112475000000181
-0.03351875000000071
-0.0005986250000002968
0.032321500000000114
0.06524162500000052
0.09816175000000094
0.028730250000000623
-0.04070124999999969
-0.08379724999999816
0.06943175000000146
0.03399755000000049
-0.001436649999998707
-0.03687084999999968
-0.07230504999999887
-0.10773924999999984
-0.05746074999999884
-0.0071822499999996126
0.03591275000000138
-0.0011972499999988173
-0.038307249999999016
-0.03112424999999952
-0.08140275000000052
-0.13168124999999975
-0.058258916666666494
0.015163416666668539
0.0885857500000018
-0.016759249999998005
-0.12210424999999958
-0.10295058333333351
-0.08379691666666567
-0.0646432499999996
-0.04070124999999969
-0.016759249999998005
-0.0039902499999975305
0.008778750000001168
0.021547750000001642
0.06464375000000011
-0.03351875000000071
-0.13168124999999975
-0.031124749999998258
0.06943175000000146
0.040701250000001465
0.011970750000001473
-0.009576999999998392
-0.031124749999998258
-0.0526724999999999
-0.07422024999999977
0.1125277500000017
-0.04549024999999851
-0.051475749999998044
-0.05746124999999758
-0.06344674999999889
-0.06943224999999842
-0.05267274999999927
-0.03591324999999834
-0.019153749999999192
-0.002394250000000042
0.014365250000000884
0.031124750000000034
0.04788425000000096
0.06464375000000011
-0.10295024999999924
-0.01675924999999978
0.0407017500000002
-0.12689224999999915
0.03591275000000138
-0.002394249999998266
-0.026336249999998174
-0.05027824999999808
-0.07422024999999977
-0.09816224999999967
-0.12210424999999958
0.021547750000001642
-0.05506624999999943
-0.13646924999999932
0.05506675000000172
-0.08379724999999816
-0.08379724999999816
-0.08379724999999816
-0.08379724999999816
-0.08379724999999816
-0.08379724999999816
-0.02952858333333097
0.02474008333333444
0.07900875000000163
-0.0885852499999995
-0.05746074999999884
-0.026336249999998174
0.016759250000001558
0.05985475000000129
-0.03351874999999893
-0.12689224999999915
0.0071827500000001265
0.01915375000000097
0.03112475000000181
0.010603035714288112
-0.009918678571427364
-0.030440392857141063
-0.05096210714285654
-0.07148382142857024
-0.09200553571428571
-0.11252724999999941
-0.016759249999998005
0.07900875000000163
0.016759750000000295
0.007182250000001389
-0.01675924999999978
-0.05027824999999986
0.0885857500000018
0.06783591666666844
0.04708608333333508
0.026336250000001726
0.00558641666666837
-0.015163416666664986
-0.03591324999999834
-0.03910558333333114
-0.042297916666665714
-0.04549024999999851
0.05027775000000112
-0.08379724999999816
-0.03112424999999952
0.06943175000000146
-0.07422024999999977
-0.04548991666666602
-0.016759583333332273
0.011970750000001473
0.0407017500000002
0.00838000000000072
-0.02394175000000054
-0.05626350000000002
-0.0885852499999995
0.0023937500000013046
-0.0071822499999996126
-0.02473975000000017
-0.042297249999998954
-0.05985474999999951
-0.07741225000000007
-0.09496974999999885
-0.11252724999999941
-0.00718274999999835
-0.11731624999999823
-0.05267274999999749
0.011970750000001473
0.002992500000001286
-0.005985749999998902
-0.01496399999999909
-0.023942249999999277
-0.03292049999999769
-0.041898749999997875
-0.05087699999999806
-0.05985524999999825
-0.08060491666666536
-0.10135458333333247
-0.12210424999999958
0.0071827500000001265
-0.0007979166666665094
-0.008778583333333145
-0.01675924999999978
-0.024739916666666417
-0.03272058333333305
-0.04070124999999969
-0.048681916666666325
-0.05666258333333296
-0.0646432499999996
-0.07262391666666623
-0.08060458333333287
-0.0885852499999995
-0.11013324999999874
-0.13168124999999975
-0.062249249999998923
0.0071827500000001265
-0.0885852499999995
-0.12210424999999958
-0.0646432499999996
-0.0071822499999996126
-0.12210424999999958
-0.05985474999999951
-0.12210424999999958
-0.08738824999999828
-0.052672249999998755
-0.07481862499999892
-0.09696499999999908
-0.11911137499999924
-0.1412577499999994
-0.021548249999998603
-0.11013324999999874
-0.05267274999999749
-0.0706289999999985
-0.0885852499999995
0.0023937500000013046
-0.03591324999999834
-0.07422024999999977
-0.11252724999999941
-0.10295058333333174
-0.09337391666666583
-0.08379724999999816
-0.06751664999999818
-0.0512360499999982
-0.03495544999999822
-0.018674849999998244
-0.002394249999998266
-0.07900874999999807
0.0023937500000013046
-0.11731624999999823
-0.09337424999999833
-0.06943224999999842
-0.051874583333331614
-0.034316916666666586
-0.01675924999999978
-0.09337424999999833
-0.08020599999999867
-0.06703774999999901
-0.05386949999999935
-0.04070124999999969
-0.02729384999999951
-0.013886449999999328
-0.0004790499999991482
0.012928350000001032
0.026335750000001212
-0.0885852499999995
-0.07900824999999934
-0.011971249999998435
-0.11731624999999823
-0.07422024999999977
-0.0430957499999991
-0.011971249999998435
-0.027294049999998293
-0.04261684999999815
-0.05793964999999979
-0.07326244999999965
-0.0885852499999995
-0.07422024999999799
-0.05985524999999825
-0.049480416666664695
-0.03910558333333114
-0.02873074999999936
-0.018355916666665806
-0.00798108333333225
0.0023937500000013046
-0.027932583333331706
-0.058258916666666494
-0.0885852499999995
-0.0885852499999995
-0.0885852499999995
-0.0885852499999995
-0.01675924999999978
-0.0430957499999991
-0.06943224999999842
-0.07581658333333152
-0.0822009166666664
-0.0885852499999995
-0.0430957499999991
0.0023937500000013046
-0.031124749999998258
-0.0646432499999996
-0.07900874999999807
-0.09337424999999833
-0.06304758333333105
-0.032720916666665545
-0.002394249999998266
-0.03112424999999952
-0.035912749999999605
-0.04070124999999969
-0.04548974999999977
-0.05027824999999986
-0.01675924999999978
-0.0885852499999995
0.016759750000000295
0.0103750833333347
0.003990416666667329
-0.002394249999998266
-0.015562499999999702
-0.02873074999999936
0.05027775000000112
-0.011971249999998435
0.016759750000000295
0.05506675000000172
0.0347160000000013
0.01436525000000266
-0.0059854999999977565
-0.026336249999998174
0.011970750000001473
0.05506675000000172
0.0023937500000013046
0.0047882500000007155
0.0071827500000001265
0.02633624999999995
0.04548974999999977
0.06464325000000137
0.0837967500000012
0.011970750000001473
0.03591275000000138
0.03830695000000084
0.04070115000000207
0.04309535000000153
0.04548955000000099
0.04788375000000222
0.05027795000000168
0.05267215000000114
0.0550663500000006
0.05746055000000183
0.05985475000000129
0.011970750000001473
-0.04549024999999851
0.03591275000000138
-0.002394249999998266
-0.04549024999999851
0.0023937500000013046
0.03112475000000181
0.00119725000000237
-0.028730249999998847
-0.058657750000000064
-0.0885852499999995
-0.03112424999999952
-0.021548249999998603
-0.0885852499999995
-0.09816224999999967
-0.10773924999999984
0.05027775000000112
-0.021548249999998603
-0.09337424999999833
-0.09145884999999865
-0.08954344999999897
-0.08762804999999751
-0.08571264999999784
-0.08379724999999816
-0.01675924999999978
-0.05985524999999825
-0.06096024999999905
-0.06206524999999807
-0.06317024999999887
-0.0642752499999979
-0.0653802499999987
-0.0664852499999995
-0.06759024999999852
-0.06869524999999932
-0.06980025000000012
-0.07090524999999914
-0.07201024999999994
-0.07311524999999897
-0.07422024999999977
-0.038307249999999016
-0.002394249999998266
-0.011971249999998435
-0.04549024999999851
0.011970750000001473
-0.05027824999999986
0.021547750000001642
-0.026336249999998174
-0.07422024999999977
-0.002394249999998266
-0.028730250000000623
-0.05027824999999986
0.0023937500000013046
-0.026336249999998174
-0.02474024999999891
-0.023144249999997868
-0.021548249999998603
-0.019752562499999016
-0.017956874999999428
-0.016161187499998064
-0.014365499999998477
-0.01256981249999889
-0.010774124999999302
-0.008978437499999714
-0.0071827500000001265
-0.005387062499998763
-0.003591374999999175
-0.0017956874999995875
0.0
0.0017956874999995875
0.0035913750000009514
0.005387062500000539
0.0071827500000001265
0.002394250000000042
-0.002394250000000042
-0.021548249999998603
-0.03112458333333379
-0.019153749999999192
-0.019153749999999192
-0.011971249999998435
-0.004788749999999453
0.0023937500000013046
-2.499999993688107e-07
-0.002394250000000042
-0.004788249999998939
-0.0071822499999996126
-0.031124749999998258
-0.031124624999998574
-0.03112449999999889
-0.031124374999999205
-0.03112424999999952
-0.024739916666666417
-0.018355583333331538
-0.011971249999998435
-0.026336249999998174
-0.009577249999997761
-0.013168249999997883
-0.01675924999999978
-0.01995158333333258
-0.023143916666665376
