0.020829548999999947
0.016041148999999977
0.01125274899999995
0.01125274899999995
0.01125274899999995
0.01125274899999995
0.013646948999999964
0.016041148999999977
0.020829548999999947
0.01963244899999994
0.018435348999999934
0.017238248999999983
0.016041148999999977
-0.003112471000000061
0.00646433899999993
0.016041148999999977
0.012848882333333311
0.009656615666666646
0.00646434899999998
0.020829548999999947
0.018435348999999934
0.016041148999999977
0.016041148999999977
0.016041148999999977
0.008858538999999943
0.001675928999999965
0.016041148999999977
0.016041148999999977
0.016041148999999977
0.016041148999999977
0.016041148999999977
0.01125274899999995
0.016041148999999977
0.017238248999999983
0.01843534899999999
0.019632448999999996
0.020829548999999947
0.022026648999999954
0.02322374899999996
0.024420848999999967
0.025617948999999973
0.01125274899999995
-0.003112471000000061
0.03519474899999997
0.028012148999999986
0.020829548999999947
0.013646948999999964
0.00646434899999998
0.008858548999999993
0.01125274899999995
0.016041148999999977
0.025617948999999973
0.001675928999999965
0.016041148999999977
0.018435348999999934
0.020829548999999947
0.013646948999999964
0.00646434899999998
0.004868208999999957
0.0032720689999999886
0.001675928999999965
0.004548972999999956
0.0074220169999999475
0.010295060999999994
0.013168104999999986
0.016041148999999977
0.025617948999999973
0.02322374899999996
0.020829548999999947
0.01125274899999995
0.00646434899999998
0.001675928999999965
0.016041148999999977
0.016041148999999977
0.016041148999999977
0.016041148999999977
0.013168104999999986
0.010295060999999994
0.0074220169999999475
0.004548972999999956
0.001675928999999965
0.004070138999999973
0.00646434899999998
0.020829548999999947
0.03519474899999997
0.020829548999999947
0.00646434899999998
0.00646434899999998
0.00646434899999998
0.00646434899999998
0.00646434899999998
0.009337388999999974
0.012210428999999967
0.01508346899999996
0.017956508999999954
0.020829548999999947
0.013646948999999964
0.00646434899999998
0.013646948999999964
0.020829548999999947
0.00646434899999998
0.01125274899999995
0.030406348999999944
0.024021815666666613
0.017637282333333282
0.01125274899999995
0.030406348999999944
0.023223743999999935
0.016041138999999982
0.008858533999999973
0.001675928999999965
0.004070138999999973
0.00646434899999998
0.009656615666666646
0.012848882333333311
0.016041148999999977
0.011252749000000006
0.00646434899999998
0.016041148999999977
0.016041148999999977
0.016041148999999977
0.016041148999999977
0.016041148999999977
0.016041148999999977
0.016041148999999977
0.016041148999999977
0.018435348999999934
0.020829548999999947
0.025617948999999973
0.01125274899999995
-0.003112471000000061
0.01125274899999995
0.025617948999999973
0.02322374899999996
0.020829548999999947
0.001675928999999965
0.01125274899999995
0.01125274899999995
0.01125274899999995
0.010295068999999935
0.009337388999999974
0.008379708999999957
0.007422028999999997
0.00646434899999998
0.016041148999999977
0.025617948999999973
0.025617948999999973
0.020829548999999947
0.016041148999999977
0.011252749000000006
0.00646434899999998
0.020829548999999947
0.03519474899999997
0.030406348999999944
0.02322374899999996
0.016041148999999977
0.016041148999999977
0.001675928999999965
0.006464335666666654
0.011252742333333288
0.016041148999999977
0.001675928999999965
0.001675928999999965
0.001675928999999965
0.020829548999999947
0.01604114899999992
0.01125274899999995
0.016041148999999977
0.022425682333333308
0.02881021566666664
0.03519474899999997
0.020829548999999947
0.01699882499999994
0.013168100999999932
0.00933737699999998
0.0055066529999999725
0.001675928999999965
0.011252735666666625
0.020829542333333284
0.030406348999999944
0.020829548999999947
0.00646434899999998
0.009656615666666646
0.012848882333333311
0.016041148999999977
0.020829548999999947
0.001675928999999965
0.008060468999999959
0.014445008999999953
0.020829548999999947
0.030406348999999944
0.03000731566666659
0.02960828233333329
0.029209248999999937
0.02881021566666664
0.028411182333333285
0.028012148999999986
0.027613115666666632
0.027214082333333278
0.02681504899999998
0.026416015666666626
0.026016982333333327
0.025617948999999973
0.020829548999999947
0.00646434899999998
0.03519474899999997
0.01125274899999995
0.016041148999999977
0.016041148999999977
-0.007900871000000032
0.025617948999999973
0.013646938999999969
0.001675928999999965
0.025617948999999973
0.020829548999999947
0.01963244899999994
0.018435348999999934
0.017238248999999983
0.016041148999999977
0.018435348999999934
0.020829548999999947
0.01125274899999995
-0.022266051000000064
0.025617948999999973
0.024420848999999967
0.02322374899999996
0.022026648999999954
0.020829548999999947
0.013646948999999964
0.00646434899999998
0.025617948999999973
0.024660268999999957
0.02370258899999994
0.02274490899999998
0.021787228999999964
0.020829548999999947
0.00646433899999993
0.00646434899999998
0.02801216399999995
0.04955997899999995
0.03758896649999993
0.025617953999999943
0.013646941499999954
0.001675928999999965
0.020829548999999947
0.02322374899999996
0.025617948999999973
0.016041148999999977
0.019233415666666642
0.022425682333333308
0.025617948999999973
0.020829548999999947
0.013646948999999964
0.00646434899999998
0.020829548999999947
0.03519474899999997
0.03519474899999997
0.03519474899999997
0.03519474899999997
0.03519474899999997
0.03519474899999997
0.016041148999999977
0.02322374899999996
0.030406348999999944
0.001675928999999965
0.04955997899999995
0.013646963999999928
-0.022266051000000064
-0.012689261000000063
-0.003112471000000061
0.025617953999999943
0.05434837899999995
0.038387035666666625
0.022425692333333302
0.00646434899999998
-0.003112461000000011
-0.012689271000000057
0.008858538999999943
0.030406348999999944
0.035194763999999934
0.03998317899999998
0.016041154000000002
-0.007900871000000032
0.01125274899999995
0.0016759389999999597
-0.007900871000000032
0.0040701414999999574
0.016041154000000002
0.02801216649999999
0.03998317899999998
-0.003112471000000061
-0.0063047376666667265
-0.009497004333333392
-0.012689271000000057
0.05913676899999995
0.02801214899999993
-0.003112471000000061
0.00646434899999998
7.980899999998625e-05
-0.006304731000000063
-0.012689271000000057
0.00646434899999998
0.08307879899999995
0.05674258649999994
0.03040637399999996
0.004070161499999947
-0.022266051000000064
-0.02386219766666675
-0.025458344333333383
-0.02705449100000007
0.001675928999999965
0.030406348999999944
-0.017477671000000028
0.08786719899999995
0.06512228149999993
0.04237736399999997
0.019632446499999956
-0.003112471000000061
-0.04620809100000006
0.04477157899999995
-0.05099649100000003
0.014445018999999948
0.07988652899999996
0.14532803899999996
0.11468225699999995
0.08403647499999997
0.05339069299999996
0.02274491099999998
-0.007900871000000032
-0.02705448100000002
-0.04620809100000006
0.11180921899999996
-0.13718775100000002
0.11180921899999996
0.06392518899999997
0.032800563999999977
0.0016759389999999597
-0.029448686
-0.06057331100000002
0.14532803899999996
0.09145850149999996
0.03758896399999995
-0.016280573500000062
-0.07015011100000007
-0.02705448100000002
0.016041148999999977
0.00646434899999998
-0.003112471000000061
0.06392518899999997
0.04796384233333331
0.03200249566666663
0.016041148999999977
0.001675928999999965
-0.00364451766666668
-0.00896496433333338
-0.014285411000000026
-0.019605857666666726
-0.02492630433333337
-0.03024675100000007
-0.03556719766666672
-0.04088764433333342
-0.04620809100000006
-0.007900871000000087
0.030406348999999944
-0.07972691100000007
-0.031842877666666713
0.01604115566666664
0.06392518899999997
0.07829039899999995
0.05434838899999994
-0.012689261000000063
-0.07972691100000007
0.025617948999999973
0.02881021566666664
0.032002482333333304
0.03519474899999997
0.001675928999999965
-0.03184289100000004
0.09265560899999994
0.00646434899999998
0.017637292333333332
0.028810235666666628
0.03998317899999998
0.011252753999999976
-0.017477671000000028
0.025617948999999973
-0.010295071000000044
-0.04620809100000006
0.04477157899999995
0.05115611566666661
0.0575406523333333
0.06392518899999997
0.039983168999999985
0.016041148999999977
-0.007900871000000032
-0.03184289100000004
0.14532803899999996
-0.06536171100000004
0.030406348999999944
0.028012148999999986
0.025617948999999973
0.004070138999999973
-0.017477671000000028
0.035194763999999934
0.08786719899999995
0.06871358499999997
0.04955997099999995
0.030406356999999995
0.011252742999999954
-0.007900871000000032
0.03998317899999998
0.012449848999999957
-0.015083481000000065
-0.01149217600000002
-0.007900871000000032
0.020829553999999972
0.04955997899999995
0.03998316399999996
0.030406348999999944
0.020145486142857105
0.009884623285714211
-0.0003762395714286271
-0.010637102428571465
-0.020897965285714304
-0.031158828142857198
-0.041419691000000036
0.01125274899999995
-0.05099649100000003
0.07829039899999995
0.03519474899999997
0.016041138999999982
-0.003112471000000061
-0.02226608100000005
-0.041419691000000036
0.00646434899999998
-0.015881537666666667
-0.03822742433333337
-0.06057331100000002
0.006464338999999986
0.07350198899999996
0.00646434899999998
-0.05578491100000005
0.016041148999999977
0.0016759389999999597
-0.012689271000000002
-0.02705448100000002
-0.041419691000000036
0.07829039899999995
0.04716577399999994
0.016041148999999977
-0.05578491100000005
-0.05062816792307695
-0.04547142484615391
-0.04031468176923081
-0.035157938692307766
-0.030001195615384668
-0.02484445253846157
-0.019687709461538527
-0.014530966384615429
-0.009374223307692386
-0.004217480230769288
0.00093926284615381
0.006096005923076853
0.01125274899999995
-0.010295071000000044
-0.03184289100000004
0.05913676899999995
0.001675928999999965
-0.02705449100000007
-0.05578491100000005
-0.003112471000000061
-0.04620809100000006
0.05434837899999995
0.030406348999999944
-0.07015011100000007
-0.022266051000000064
-0.03184289100000004
0.004070143999999998
0.03998317899999998
0.030406348999999944
-0.003112471000000061
-0.036631291000000066
-0.07015011100000007
-0.003112471000000061
0.0064643356666665985
0.016041142333333314
0.025617948999999973
0.020829548999999947
0.022425682333333308
0.024021815666666613
0.025617948999999973
-0.041419691000000036
-0.00949700100000006
0.02242568899999997
0.05434837899999995
0.062329052333333274
0.07030972566666663
0.07829039899999995
0.016041138999999982
-0.017477671000000028
0.01604115233333331
0.049559975666666645
0.08307879899999995
0.06871358899999996
0.05434837899999995
0.0016759439999999848
-0.05099649100000003
0.004070138999999973
0.05913676899999995
0.047963830666666624
0.03679089233333327
0.025617953999999943
0.01604115149999996
0.00646434899999998
-0.012689271000000002
-0.03184289100000004
0.020829548999999947
0.07350198899999996
0.04237736899999994
0.01125274899999995
0.004070143999999942
-0.003112461000000011
-0.01029506600000002
-0.017477671000000028
-0.007900871000000032
0.001675928999999965
0.001675928999999965
0.001675928999999965
0.018435338999999995
0.03519474899999997
0.016041148999999977
-0.007900871000000032
0.00550665699999997
0.018914184999999972
0.032321712999999974
0.045729240999999976
0.05913676899999995
0.05530604699999994
0.05147532499999996
0.04764460299999995
0.04381388099999994
0.039983158999999935
0.036152436999999926
0.03232171499999997
0.028490992999999964
0.024660270999999956
0.020829548999999947
0.001675928999999965
0.030406348999999944
-0.017477671000000028
0.04955997899999995
-0.017477671000000028
0.05913676899999995
0.01125274899999995
0.00837970499999996
0.005506660999999968
0.0026336169999999215
-0.00023942700000006978
-0.003112471000000061
0.0016759389999999597
0.00646434899999998
0.020829548999999947
-0.003112471000000061
-0.003112471000000061
0.020829553999999917
0.04477157899999995
0.03280056399999992
0.020829548999999947
0.016041148999999977
0.01125274899999995
0.00646434899999998
0.010055649
0.013646948999999964
0.017238248999999983
0.020829548999999947
0.024420848999999967
0.028012148999999986
0.03160344899999995
0.03519474899999997
0.020829548999999947
0.001675928999999965
0.001675928999999965
0.001675928999999965
0.001675928999999965
0.001675928999999965
0.001675928999999965
0.001675928999999965
0.001675928999999965
0.028012164000000006
0.00646434899999998
0.0016759389999999597
-0.017477671000000028
-0.006703766000000055
0.004070138999999973
0.014844044
0.025617948999999973
0.00646434899999998
0.025617948999999973
-0.007900871000000032
0.0048682023333332936
0.01763727566666662
0.030406348999999944
0.016041138999999982
0.001675928999999965
0.008060468999999959
0.014445008999999953
0.020829548999999947
0.017637282333333282
0.014445015666666616
0.01125274899999995
0.030406348999999944
0.018435348999999934
0.00646434899999998
0.030406348999999944
0.02801214899999993
0.025617948999999973
0.02322374899999996
0.020829548999999947
0.00646434899999998
0.04477157899999995
0.0391851073333333
0.0335986356666666
0.02801216399999995
0.022425692333333302
0.0168392206666666
0.01125274899999995
0.025617963999999993
0.03998317899999998
0.03998317899999998
0.03998317899999998
0.025617948999999973
-0.003112471000000061
0.008858538999999943
0.020829548999999947
0.020829548999999947
0.030406363999999964
0.03998317899999998
0.001675928999999965
0.00646434899999998
0.01029506899999999
0.014125789
0.017956508999999954
0.021787228999999964
0.025617948999999973
0.020829548999999947
0.001675928999999965
0.01125274899999995
0.013646948999999964
0.016041148999999977
0.016041148999999977
0.016041148999999977
0.016041148999999977
0.016041148999999977
0.01125274899999995
0.012848882333333311
0.014445015666666616
0.016041148999999977
0.013168104999999986
0.010295060999999994
0.0074220169999999475
0.004548972999999956
0.001675928999999965
0.00646434899999998
0.00646434899999998
0.00646434899999998
0.01125274899999995
0.016041148999999977
0.01125274899999995
0.016041148999999977
0.013168106999999984
0.010295064999999992
0.007422022999999944
0.004548980999999952
0.0016759389999999597
-0.0011971030000000327
-0.004070145000000025
-0.006943187000000073
-0.009816229000000065
-0.012689271000000057
-0.007900871000000087
-0.003112471000000061
0.001675928999999965
0.004070138999999973
0.00646434899999998
0.01125274899999995
0.030406348999999944
0.025617948999999973
0.020829548999999947
0.020829548999999947
0.025617948999999973
0.02481988233333332
0.024021815666666613
0.02322374899999996
0.022425682333333308
0.0216276156666666
0.020829548999999947
0.016041148999999977
0.030406348999999944
0.016041148999999977
0.001675928999999965
