0.012928670999999975
0.01053447599999996
0.008140280999999971
0.006224920999999967
0.004309560999999962
0.0023942009999999847
0.0004788409999999521
-0.001436519000000025
0.0033518809999999732
0.008140280999999971
0.009097958999999961
0.010055636999999978
0.011013314999999968
0.011970992999999985
0.012928670999999975
0.012928670999999975
0.0033518809999999732
-0.011013349000000006
0.008140280999999971
0.008140280999999971
0.008140280999999971
0.008140280999999971
0.008140280999999971
0.0033518809999999732
-0.001436519000000025
-0.006224918999999995
0.01771709099999999
0.027293890999999987
0.01771709099999999
-0.006224918999999995
0.003351875999999976
0.012928670999999975
0.012928670999999975
0.012928670999999975
0.012928670999999975
0.008140274333333308
0.0033518776666666417
-0.001436519000000025
0.008140280999999971
0.011731583499999976
0.01532288599999998
0.018914188499999984
0.02250549099999999
0.017717080999999968
0.012928670999999975
0.0009576609999999985
-0.011013349000000006
0.0009576609999999985
0.012928670999999975
0.008140274333333308
0.0033518776666666417
-0.001436519000000025
0.00015961433333333552
0.0017557476666666405
0.0033518809999999732
0.004948014333333306
0.006544147666666639
0.008140280999999971
0.0033518809999999732
-0.0038307340000000023
0.005746075999999989
-0.020590149000000002
-0.018994015666666697
-0.017397882333333337
-0.01580174900000003
0.01771709099999999
0.0033518776666666417
-0.01101333566666668
-0.025378549000000028
-0.012609475666666703
0.00015959766666662212
0.012928670999999975
-0.001436519000000025
0.008140285999999997
0.01771709099999999
0.005746085999999984
-0.006224918999999995
0.008140280999999971
0.012928685999999967
0.01771709099999999
0.0009576709999999933
-0.01580174900000003
-0.013407545250000041
-0.011013341500000051
-0.008619137750000005
-0.006224934000000015
-0.003830730250000025
-0.001436526500000035
0.0009576772499999553
0.0033518809999999732
-0.01580174900000003
0.02250549099999999
0.009337378499999993
-0.0038307340000000023
0.012928670999999975
0.010718638692307658
0.00850860638461537
0.0062985740769230525
0.004088541769230736
0.0018785094615384468
-0.0003315228461538977
-0.0025415551538461867
-0.004751587461538476
-0.00696161976923082
-0.009171652076923109
-0.011381684384615398
-0.013591716692307743
-0.01580174900000003
-0.006224934000000015
0.0033518809999999732
0.0033518710000000063
0.005746085999999984
0.0005586468333332872
-0.004628792333333354
-0.009816231499999994
-0.01500367066666669
-0.020191109833333387
-0.025378549000000028
0.01771709099999999
-0.0014365339999999893
0.0033518809999999732
0.012928685999999967
0.02250549099999999
0.0033518809999999732
0.010534485999999982
0.01771709099999999
0.008140285999999997
-0.001436519000000025
-0.0038307189999999824
-0.006224918999999995
0.008140285999999997
0.02250549099999999
-0.0038307290000000327
-0.030166949
-0.0038307290000000327
0.02250549099999999
0.012928685999999967
0.0033518809999999732
0.00275333099999997
0.0021547809999999945
0.0015562309999999913
0.000957680999999988
-0.007422034000000022
-0.01580174900000003
0.0033518709999999785
0.02250549099999999
0.010534480999999984
-0.0014365290000000197
-0.013407539000000024
-0.025378549000000028
0.01771709099999999
-0.025378549000000028
-0.01879449400000005
-0.012210439000000017
-0.00562638400000004
0.0009576709999999933
0.007541725999999971
0.014125780999999976
0.02070983599999998
0.027293890999999987
0.01771709099999999
0.0009576759999999629
-0.034955349000000024
-0.014604634000000005
0.0057460809999999585
0.026096795999999978
0.04644751099999997
-0.025378549000000028
0.008140280999999971
-0.001436519000000025
-0.0022345856666666775
-0.00303265233333333
-0.0038307189999999824
-0.0046287856666666904
-0.005426852333333343
-0.006224918999999995
0.0033518809999999732
0.010534475999999987
-0.034955349000000024
0.0009576759999999629
0.03687070099999998
0.008140276000000002
-0.020590149000000002
0.0009576709999999933
0.02250549099999999
0.02011128933333331
0.01771708766666666
0.01532288599999998
0.012928684333333301
0.01053448266666665
0.008140280999999971
0.005746085999999984
-0.003351881000000001
-0.012449847999999986
-0.021547815000000026
-0.03064578200000001
-0.039743748999999995
0.05123591099999997
0.003351875999999976
-0.020590146500000017
-0.04453216900000001
-0.017397879000000005
0.009736410999999973
0.03687070099999998
0.027892445999999987
0.01891419099999997
0.009935935999999979
0.000957680999999988
0.04644751099999997
0.0057460809999999585
-0.034955349000000024
0.008140280999999971
0.05123591099999997
0.016120950999999967
-0.018994009000000034
-0.05410896900000001
0.041659100999999976
0.03139823671428568
0.021137372428571416
0.010876508142857122
0.0006156438571428557
-0.00964522042857141
-0.019906084714285732
-0.030166949
0.008140280999999971
0.01771709099999999
0.0033518809999999732
0.012928670999999975
-0.039743748999999995
-0.009417195666666656
0.020909357666666656
0.05123591099999997
-0.049320569000000036
-0.013407539000000024
0.02250549099999999
0.008140285999999997
-0.006224918999999995
-0.0026336177499999835
0.0009576835000000283
0.004548984749999985
0.008140285999999997
-0.003032658999999993
-0.014205604000000038
-0.025378549000000028
0.005746075999999989
0.03687070099999998
0.008140276000000002
-0.020590149000000002
0.012928680999999997
0.04644751099999997
0.008140280999999971
0.00015960433333328528
-0.007821072333333345
-0.01580174900000003
0.0009576709999999933
0.01771709099999999
-0.020590149000000002
-0.0014365290000000197
0.01771709099999999
-0.0014365290000000197
-0.020590149000000002
0.0033518710000000063
0.027293890999999987
0.020909354333333324
0.014524817666666634
0.008140280999999971
-0.04453216900000001
-0.025378551500000013
-0.006224934000000015
0.012928683499999982
0.03208230099999998
0.012928690999999992
-0.006224918999999995
0.008140285999999997
0.02250549099999999
0.012928670999999975
0.006088096714285701
-0.0007524775714286003
-0.007593051857142874
-0.014433626142857148
-0.021274200428571477
-0.02811477471428575
-0.034955349000000024
0.027293890999999987
-0.0014365290000000197
-0.030166949
-0.022385792750000022
-0.01460463649999999
-0.006823480250000014
0.0009576759999999629
0.008738832249999995
0.01651998849999997
0.024301144749999976
0.03208230099999998
0.008140280999999971
-0.020590149000000002
0.01771709099999999
-0.020590149000000002
0.041659100999999976
0.02250549099999999
-0.025378549000000028
-0.008619134000000028
0.00335187433333331
0.015322882666666648
0.027293890999999987
0.012928670999999975
0.005746075999999989
-0.001436519000000025
0.010534485999999982
0.02250549099999999
0.0165199835
0.010534475999999987
0.009935927249999976
0.009337378499999993
0.008738829749999982
0.008140280999999971
-0.030166949
-0.009417198999999987
0.011332550999999996
0.03208230099999998
0.018914188499999984
0.005746075999999989
-0.007422036500000007
-0.020590149000000002
0.02250549099999999
-0.0038307290000000327
-0.030166949
0.008140280999999971
0.010534480999999984
0.01292868099999997
0.015322880999999955
0.017717080999999968
0.008140280999999971
-0.001436519000000025
-0.0052672450000000315
-0.009097971000000038
-0.012928696999999989
-0.016759422999999996
-0.020590149000000002
-0.008619138999999998
0.0033518710000000063
0.01771709099999999
0.02250549099999999
0.027293890999999987
0.016120954333333326
0.004948017666666665
-0.006224918999999995
0.008140285999999997
0.02250549099999999
-0.04453216900000001
-0.026575654000000004
-0.008619138999999998
0.00933737599999998
0.027293890999999987
-0.011013349000000006
-0.013407549000000019
-0.01580174900000003
0.004948004333333311
0.025697757666666626
0.04644751099999997
0.016519985999999987
-0.013407539000000024
-0.014205609000000008
-0.015003679000000048
-0.01580174900000003
0.008140280999999971
0.011731583499999976
0.01532288599999998
0.018914188499999984
0.02250549099999999
0.026096793499999965
0.02968809599999997
0.033279398499999974
0.03687070099999998
-0.0014365239999999946
-0.039743748999999995
0.03208230099999998
-0.025378549000000028
-0.001436519000000025
-0.013407539000000024
0.006544144333333307
0.026495827666666638
0.04644751099999997
0.02489969599999997
0.003351881000000001
-0.01819593399999997
-0.039743748999999995
-0.015801732333333318
0.00814028433333333
0.03208230099999998
0.008140280999999971
-0.001436519000000025
0.041659100999999976
-0.049320569000000036
-0.008619134000000028
0.03208230099999998
0.029035135545454532
0.025987970090909057
0.02294080463636361
0.019893639181818162
0.016846473727272715
0.01379930827272724
0.010752142818181792
0.007704977363636345
0.004657811909090898
0.0016106464545454224
-0.001436519000000025
0.0033518776666666417
0.008140274333333308
0.012928670999999975
0.015322880999999983
0.01771709099999999
-0.00622492899999999
-0.030166949
0.01532288599999998
0.060812720999999986
-0.049320569000000036
-0.013407539000000024
0.02250549099999999
-0.001436519000000025
-0.013407534000000054
-0.025378549000000028
0.041659100999999976
0.008140276000000002
-0.034955349000000024
0.008140275999999974
-0.007821065666666682
-0.023782407333333366
-0.039743748999999995
-0.01580173400000001
0.008140280999999971
0.03208229599999998
0.056024310999999966
0.03303997499999997
0.01005563899999995
-0.012928697000000045
-0.03591303300000004
-0.05889736900000003
0.005746070999999964
0.022505495999999986
-0.006224926500000005
-0.034955349000000024
0.012928685999999967
0.060812720999999986
0.005746075999999989
-0.049320569000000036
0.0009576709999999933
0.05123591099999997
0.020909357666666656
-0.009417195666666656
-0.039743748999999995
-0.026176605666666686
-0.012609462333333321
0.000957680999999988
-0.009217676499999994
-0.01939303400000003
-0.029568391500000013
-0.039743748999999995
-0.009417195666666656
0.020909357666666656
0.05123591099999997
-0.049320569000000036
0.07996633099999997
-0.04453216900000001
0.005746070999999964
0.056024310999999966
0.03687069599999998
0.017717080999999968
-0.0014365339999999893
-0.020590149000000002
0.05123591099999997
0.02849099599999999
0.005746080999999986
-0.016998834000000018
-0.039743748999999995
0.05123591099999997
-0.001436519000000025
0.012928670999999975
0.008140275999999974
0.0033518809999999732
0.008140275999999974
0.012928670999999975
0.012928670999999975
0.012928670999999975
0.012928670999999975
0.012928670999999975
0.012928670999999975
-0.0014365390000000144
-0.01580174900000003
0.012928670999999975
0.01093350266666665
0.008938334333333298
0.006943165999999973
0.004947997666666648
0.0029528293333333233
0.0009576609999999985
-0.001037507333333354
-0.003032675666666651
-0.0050278440000000035
-0.007023012333333356
-0.009018180666666653
-0.011013349000000006
-0.008619138999999998
0.010534485999999982
0.003351867666666647
0.01771709099999999
0.01292868849999998
0.008140285999999997
0.003351883499999986
-0.001436519000000025
0.027293890999999987
0.021308385999999985
0.015322880999999983
0.00933737599999998
0.0033518709999999785
-0.034955349000000024
-0.0030326590000000486
0.028890030999999983
0.060812720999999986
-0.034955349000000024
-0.00782106233333335
0.019313224333333295
0.04644751099999997
0.034955338999999974
0.02346316699999998
0.011970994999999984
0.0004788230000000171
-0.011013349000000006
0.02250549099999999
-0.0038307340000000023
-0.004096754555555582
-0.004362775111111106
-0.004628795666666685
-0.004894816222222209
-0.005160836777777789
-0.0054268573333333125
-0.005692877888888892
-0.005958898444444416
-0.006224918999999995
0.012928670999999975
-0.0014365290000000197
0.01053447599999996
-0.011013349000000006
-0.00462880566666668
0.0017557376666666458
0.008140280999999971
0.000957680999999988
-0.006224918999999995
0.008140280999999971
0.004948014333333306
0.0017557476666666405
-0.001436519000000025
0.0033518809999999732
0.004948014333333306
0.006544147666666639
0.008140280999999971
0.006703756999999977
0.005267232999999982
0.0038307089999999877
0.002394184999999993
0.0009576609999999985
-0.006224918999999995
0.012928670999999975
0.003351875999999976
-0.006224918999999995
-0.005027818999999989
-0.0038307189999999824
-0.0026336190000000315
-0.001436519000000025
0.00047884199999997934
0.0023942029999999836
0.004309563999999988
0.006224924999999992
0.008140285999999997
-0.011013349000000006
0.0033518809999999732
-0.001436519000000025
0.005746075999999989
0.012928670999999975
0.005746075999999989
-0.001436519000000025
0.0014365189999999695
0.004309556999999964
0.007182594999999986
0.01005563299999998
0.012928670999999975
0.009337375999999953
0.0057460809999999585
0.02250549099999999
0.01532288599999998
0.008140280999999971
0.0033518809999999732
-0.001436519000000025
-0.006224918999999995
-0.001436519000000025
0.0017557476666666405
0.004948014333333306
0.008140280999999971
0.0057460809999999585
0.0033518809999999732
0.000957680999999988
-0.001436519000000025
0.000957680999999988
0.0033518809999999732
-0.001436519000000025
-0.006224918999999995
-0.006224918999999995
-0.003351879000000002
-0.0004788390000000087
0.0023942009999999847
0.005267240999999978
0.008140280999999971
-0.001436519000000025
0.0033518809999999732
0.0033518809999999732
0.0033518809999999732
0.010534485999999982
0.01771709099999999
0.006544144333333307
-0.004628802333333348
-0.01580174900000003
-0.012609477333333341
-0.009417205666666706
-0.006224934000000015
-0.00303266233333338
0.0001596093333333104
0.0033518809999999732
0.008140280999999971
-0.001436519000000025
-0.001436519000000025
0.012928670999999975
0.012928670999999975
0.012928670999999975
0.012928670999999975
0.012928670999999975
0.012928670999999975
0.012928670999999975
0.012928670999999975
0.008140280999999971
-0.0038307340000000023
0.0033518809999999732
0.002553814333333293
0.0017557476666666405
0.000957680999999988
0.00015961433333333552
-0.0006384523333333725
-0.001436519000000025
0.004149944333333322
0.009736407666666641
0.00707618655555553
0.00441596544444442
0.001755744333333309
-0.000904476777777774
-0.0035646978888889125
-0.006224918999999995
-0.001436519000000025
0.000957680999999988
0.0033518809999999732
0.0033518809999999732
0.0033518809999999732
-0.006224918999999995
-0.0046287856666666904
-0.00303265233333333
