-0.006224919999999856
-0.006756964444444291
-0.007289008888888726
-0.007821053333333161
-0.008353097777777596
-0.008885142222222142
-0.009417186666666577
-0.009949231111111012
-0.010481275555555447
-0.011013319999999882
0.0009576800000001828
-0.003830719999999843
-0.0014365199999998302
-0.0014365199999998302
-0.011013319999999882
-0.020590119999999934
-0.014604619999999957
-0.008619119999999869
-0.002633619999999892
0.003351880000000085
0.0009576800000001828
-0.0014365199999998302
-0.006224919999999856
-0.003830719999999843
-0.0014365199999998302
-0.002394199999999791
-0.0033518799999998627
-0.0043095599999998235
-0.005267239999999895
-0.006224919999999856
-0.008619119999999869
0.003351880000000085
0.002394200000000124
0.0014365200000001632
0.0004788400000000914
-0.00047883999999986937
-0.0014365199999998302
-0.00356469777777757
-0.005692875555555421
-0.007821053333333161
-0.009949231111111012
-0.012077408888888752
-0.014205586666666603
-0.016333764444444343
-0.018461942222222194
-0.020590119999999934
0.00814028000000011
0.0009576800000001828
-0.006224919999999856
0.00814028000000011
-0.0014365199999998302
0.003351880000000085
-0.0014365199999998302
-0.011013319999999882
-0.008619119999999869
-0.006224919999999856
-0.006224919999999856
-0.011013319999999882
0.003351880000000085
-0.006224919999999967
-0.015801719999999908
-0.007821053333333272
0.00015961333333347483
0.00814028000000011
-0.0014365199999999412
-0.011013319999999882
-0.00964520571428562
-0.008277091428571248
-0.006908977142856987
-0.005540862857142725
-0.004172748571428464
-0.0028046342857140916
-0.0014365199999998302
-0.006224919999999856
-0.011013319999999882
-0.004628786666666551
-0.0014365199999998302
-0.011013319999999882
-0.011013319999999882
-0.011013319999999882
-0.011013319999999882
-0.011013319999999882
-0.011013319999999882
0.003351880000000085
-0.0014365199999998302
-0.003830719999999843
-0.006224919999999856
-0.005426853333333148
-0.004628786666666551
-0.003830719999999843
-0.005027819999999794
-0.006224919999999856
-0.007422019999999918
-0.008619119999999869
-0.00981621999999982
-0.011013319999999882
-0.0014365199999998302
-0.003032653333333135
-0.004628786666666551
-0.006224919999999856
-0.007182599999999817
-0.008140279999999889
-0.00909795999999985
-0.010055639999999921
-0.011013319999999882
-0.015801719999999908
-0.006224919999999856
-0.020590119999999934
-0.0014365199999998302
-0.0014365199999998302
-0.0014365199999998302
0.0009576800000001828
0.003351880000000085
0.00015961333333347483
-0.003032653333333246
-0.006224919999999856
-0.003830719999999843
-0.0014365199999998302
-0.004628786666666551
-0.007821053333333161
-0.011013319999999882
-0.008619119999999869
-0.006224919999999856
-0.00909795999999985
-0.011970999999999843
-0.014844039999999947
-0.01771707999999994
-0.020590119999999934
-0.006224919999999856
-0.008020569999999894
-0.00981621999999982
-0.011611869999999858
-0.013407519999999895
-0.012609453333333187
-0.01181138666666659
-0.011013319999999882
-0.007821053333333161
-0.004628786666666551
-0.0014365199999998302
-0.0014365199999998302
0.003351880000000085
0.002394200000000124
0.0014365200000001632
0.0004788400000000914
-0.00047883999999986937
-0.0014365199999998302
-0.0014364999999998407
0.0009576900000001221
0.003351880000000085
0.00015961333333347483
-0.003032653333333246
-0.006224919999999967
-0.009417186666666577
-0.012609453333333187
-0.015801719999999908
-0.006224919999999856
0.003351880000000085
-0.003830719999999843
-0.011013319999999882
-0.020590119999999934
-0.011013319999999882
-0.00964520571428562
-0.008277091428571248
-0.006908977142856987
-0.005540862857142725
-0.004172748571428464
-0.0028046342857140916
-0.0014365199999998302
0.0009576800000001828
0.0013567133333335368
0.0017557466666667798
0.002154780000000134
0.002553813333333488
0.002952846666666731
0.003351880000000085
0.0009576800000001828
-0.01819591999999992
-0.012210419999999944
-0.006224919999999856
0.0009576800000001828
0.00814028000000011
0.005746080000000098
0.003351880000000085
-0.006224919999999856
-0.015801719999999908
-0.02537851999999985
-0.01819591999999992
-0.011013319999999882
-0.011013319999999882
-0.013407519999999895
-0.015801719999999908
-0.020590119999999823
-0.02537851999999985
-0.01819591999999992
-0.011013319999999882
-0.011013319999999882
-0.011013319999999882
-0.011013319999999882
0.003351880000000085
-0.003032653333333246
-0.009417186666666577
-0.015801719999999908
-0.011013319999999882
-0.006224919999999856
-0.006224919999999856
-0.008619119999999869
-0.011013319999999882
-0.006224919999999856
-0.0014365199999998302
-0.006224919999999856
-0.008619119999999869
-0.011013319999999882
-0.013407519999999895
-0.015801719999999908
0.00814028000000011
-0.011013319999999882
-0.030166919999999875
-0.01819591999999992
-0.006224919999999856
0.003351880000000085
-0.008619119999999869
-0.020590119999999934
-0.015801719999999908
-0.011013319999999882
-0.006224919999999967
-0.0014365199999999412
0.003351880000000085
0.00814028000000011
0.0033519000000001853
-0.020590109999999884
-0.04453211999999984
-0.03112459199999984
-0.017717063999999838
-0.004309535999999836
0.009097992000000166
0.022505520000000168
0.01292870666666679
0.003351893333333522
-0.006224919999999856
-0.006224919999999856
-0.006224919999999856
0.0009576800000001828
0.00814028000000011
-0.006224919999999967
-0.020590119999999934
0.01771712000000014
-0.00861909999999988
-0.0349553199999999
-0.0038306999999999647
0.027293920000000083
-0.006224899999999867
-0.015801709999999858
-0.02537851999999985
0.022505520000000168
0.0033519000000001853
-0.015801719999999908
0.0033519000000001853
0.022505520000000168
0.004948040000000153
-0.01260943999999986
-0.030166919999999875
0.00814028000000011
-0.0014365199999999412
-0.011013319999999882
-0.007821053333333161
-0.004628786666666551
-0.0014365199999998302
-0.003830719999999843
-0.006224919999999856
-0.008619119999999869
-0.011013319999999882
-0.020590119999999934
-0.02537851999999985
-0.015801719999999797
-0.006224919999999856
-0.007182599999999817
-0.008140279999999889
-0.00909795999999985
-0.010055639999999921
-0.011013319999999882
-0.011013319999999882
-0.011013319999999882
-0.011013319999999882
-0.011013319999999882
0.00814028000000011
0.0014365200000001632
-0.005267239999999895
-0.011970999999999843
-0.0186747599999999
-0.02537851999999985
0.01771712000000014
-0.020590119999999934
-0.011013319999999882
-0.020590119999999934
-0.0014365199999998302
-0.004429269999999819
-0.007422019999999807
-0.010414769999999796
-0.013407519999999895
-0.016400269999999884
-0.019393019999999872
-0.02238576999999986
-0.02537851999999985
-0.015801719999999797
-0.006224919999999856
-0.013407519999999895
0.00814028000000011
-0.0014365199999998302
-0.02537851999999985
-0.01819591999999992
-0.011013319999999882
-0.012609453333333187
-0.014205586666666603
-0.015801719999999908
-0.008619119999999869
-0.0014365199999998302
-0.006224919999999856
-0.011013319999999882
-0.00964520571428562
-0.008277091428571248
-0.006908977142856987
-0.005540862857142725
-0.004172748571428464
-0.0028046342857140916
-0.0014365199999998302
-0.006224919999999856
-0.008619119999999869
-0.0014365199999998302
-0.002234586666666538
-0.003032653333333135
-0.003830719999999843
-0.004628786666666551
-0.005426853333333148
-0.006224919999999856
0.0009577000000000613
-0.006224919999999856
0.01771712000000014
-0.020590119999999934
-0.00941717333333325
0.0017557733333334324
0.012928720000000116
0.010534516666666827
0.008140313333333427
0.0057461100000001375
0.0033519066666668484
0.0009577033333334484
-0.0014364999999998407
-0.020590119999999934
-0.013407519999999895
-0.006224919999999967
0.0009576800000000718
0.00814028000000011
-0.030166919999999875
-0.013407499999999795
-0.0046287599999997875
0.004149980000000109
0.012928720000000116
0.0017557733333334324
-0.00941717333333325
-0.020590119999999934
0.003351880000000085
-0.0349553199999999
-0.02633619999999992
-0.01771707999999994
-0.00909795999999985
-0.00047883999999986937
0.00814028000000011
-0.015801719999999797
-0.020590119999999823
-0.02537851999999985
-0.014205586666666492
-0.003032653333333246
0.00814028000000011
-0.015801719999999908
-0.0014364999999998407
0.012928720000000116
0.0033519000000001853
-0.006224919999999856
-0.008619119999999869
-0.011013319999999882
-0.007821053333333161
-0.004628786666666551
-0.0014365199999998302
-0.006224919999999856
-0.011013319999999882
-0.0014365199999998302
-0.011013319999999882
-0.003830719999999843
0.003351880000000085
-0.008619119999999869
-0.020590119999999934
-0.013407519999999895
-0.006224919999999856
-0.014205586666666492
-0.02218625333333324
-0.030166919999999875
-0.015801719999999797
-0.0014365199999998302
-0.022984319999999836
-0.04453211999999984
-0.022984319999999836
-0.0014365199999998302
-0.0026336149999998115
-0.003830709999999904
-0.005027804999999885
-0.006224899999999867
-0.015801709999999858
-0.02537851999999985
-0.021068959999999803
-0.01675939999999987
-0.012449839999999823
-0.008140279999999889
-0.003830719999999843
-0.003032653333333135
-0.002234586666666538
-0.0014365199999998302
-0.0014365199999998302
-0.0014365199999998302
-0.0014365199999998302
0.0009576800000001828
0.003351880000000085
-0.0014365199999998302
-0.011013319999999882
0.0009577000000000613
0.012928720000000116
0.004948040000000153
-0.00303263999999992
-0.011013319999999882
-0.011013319999999882
-0.011013319999999882
-0.014205586666666603
-0.017397853333333213
-0.020590119999999934
-0.015801719999999908
-0.01819591999999992
-0.020590119999999934
-0.006224919999999856
-0.006224919999999856
-0.006224919999999856
-0.006224919999999856
-0.008619119999999869
-0.011013319999999882
-0.013407519999999895
-0.011412353333333236
-0.009417186666666577
-0.007422019999999918
-0.005426853333333148
-0.003431686666666489
-0.0014365199999998302
0.005746100000000087
0.006943190000000099
0.00814028000000011
-0.015801719999999908
-0.015203169999999933
-0.014604619999999846
-0.01400606999999987
-0.013407519999999895
-0.01280896999999992
-0.012210419999999944
-0.011611869999999858
-0.011013319999999882
-0.006224919999999856
-0.008619119999999869
-0.015801719999999908
-0.006224919999999856
-0.005027819999999794
-0.003830719999999843
-0.002633619999999892
-0.0014365199999998302
-0.0014365199999998302
-0.003830719999999843
-0.006224919999999856
-0.015801719999999908
-0.013407519999999895
-0.011013319999999882
-0.013407519999999895
-0.015801719999999908
-0.014205586666666603
-0.012609453333333187
-0.011013319999999882
-0.011013319999999882
-0.011013319999999882
-0.011013319999999882
-0.011013319999999882
-0.011013319999999882
-0.011013319999999882
-0.011013319999999882
-0.011013319999999882
-0.0014365199999998302
-0.008619119999999869
-0.015801719999999908
-0.008619119999999869
-0.0014365199999998302
-0.008619119999999869
-0.015801719999999908
-0.011013319999999882
-0.006224919999999967
-0.0014365199999999412
0.003351880000000085
-0.006224919999999856
-0.008619119999999869
