0.006943180000000049
-0.0002394199999999902
-0.007422019999999918
-0.002633619999999892
-0.007422019999999918
-0.002633619999999892
0.002154780000000023
-0.002633619999999892
0.002154780000000023
0.002154780000000134
-0.0010374866666665872
-0.004229753333333197
-0.007422019999999918
0.0009576800000000718
0.009337380000000062
-0.003830719999999954
-0.01699881999999997
-0.015402686666666665
-0.013806553333333249
-0.012210419999999944
-0.00861911999999998
-0.005027820000000016
-0.0014365199999999412
0.002154780000000023
-0.005027820000000016
-0.012210419999999944
-0.012210419999999944
-0.012210419999999944
-0.012210419999999944
-0.012210419999999944
-0.012210419999999944
-0.012210419999999944
-0.012210419999999944
-0.002633619999999892
0.004548980000000036
0.0009576800000000718
-0.002633619999999892
-0.002633619999999892
-0.002633619999999892
-0.002633619999999892
-0.0034316866666666
-0.004229753333333197
-0.005027819999999905
-0.005825886666666613
-0.00662395333333321
-0.007422019999999918
-0.0014365199999999412
0.004548980000000036
0.00395043000000006
0.003351880000000085
0.0027533300000001093
0.002154780000000134
0.006943180000000049
0.002154780000000134
-0.002633619999999892
-0.021787219999999885
-0.018594953333333275
-0.015402686666666554
-0.012210419999999944
-0.009018153333333223
-0.005825886666666613
-0.002633619999999892
0.0005586466666667178
0.003750913333333439
0.006943180000000049
-0.002633619999999892
-0.007422019999999918
0.006943180000000049
0.011731580000000075
0.002154780000000023
0.0037509133333333278
0.005347046666666744
0.006943180000000049
0.002154780000000023
0.0031124599999999836
0.004070140000000055
0.005027820000000016
0.005985500000000088
0.006943180000000049
0.002154780000000023
-0.007422019999999918
-0.002633619999999892
0.002154780000000023
0.006943180000000049
0.011731580000000075
0.006943180000000049
0.002154780000000023
-0.01699881999999997
-0.012210419999999944
-0.007422019999999918
-0.0055066599999998855
-0.003591299999999964
-0.0016759399999999314
0.0002394199999999902
0.002154780000000023
-0.002633619999999892
-0.007422019999999918
-0.002633619999999892
-0.005825886666666613
-0.009018153333333223
-0.012210419999999944
0.0165199800000001
0.002154780000000023
0.021308380000000127
0.014923846666666796
0.008539313333333354
0.002154780000000023
0.002154780000000023
0.002154780000000023
0.002154780000000023
0.002154780000000023
-0.0002394199999999902
-0.002633619999999892
-0.007422019999999918
-0.002633619999999892
-0.0002394199999999902
0.002154780000000023
0.002154780000000023
0.002154780000000023
-0.01699881999999997
-0.005027820000000016
0.006943180000000049
0.0005586466666667178
-0.005825886666666613
-0.012210419999999944
-0.005825886666666613
0.0005586466666667178
0.006943180000000049
0.004548980000000036
0.002154780000000134
-0.00023941999999987917
-0.002633619999999892
-0.002633619999999892
-0.002633619999999892
-0.002633619999999892
0.002154780000000134
0.006943180000000049
0.004548980000000036
0.002154780000000023
-0.002633619999999892
-0.007422019999999918
-0.002633619999999892
0.002154780000000023
-0.002633619999999892
-0.007422019999999918
-0.003830719999999954
-0.0002394199999999902
0.002154780000000023
0.002154780000000023
0.002154780000000023
0.002154780000000023
0.002154780000000023
0.002154780000000023
0.002154780000000023
0.002154780000000023
0.002154780000000023
-0.007422019999999918
-0.007422019999999918
0.002154780000000023
0.002154780000000023
0.002154780000000023
0.002154780000000023
0.002154780000000023
0.002154780000000023
0.002154780000000023
-0.002633619999999892
0.011731580000000075
0.006943180000000049
0.011731580000000075
-0.01699881999999997
-0.015402686666666665
-0.013806553333333249
-0.012210419999999944
-0.002633619999999892
-0.0034316866666666
-0.004229753333333197
-0.005027819999999905
-0.005825886666666613
-0.00662395333333321
-0.007422019999999918
-0.007422019999999918
-0.007422019999999918
0.006943180000000049
-0.0002394199999999902
-0.002633620000000003
-0.005027819999999905
-0.007422019999999918
-0.012210419999999944
-0.009018153333333223
-0.005825886666666613
-0.002633619999999892
-0.0008379699999998547
0.0009576800000000718
0.0027533300000001093
0.004548980000000036
0.006344630000000073
0.00814028000000011
0.009935930000000037
0.011731580000000075
-0.007422019999999918
-0.002633619999999892
0.002154780000000023
-0.0002394199999999902
0.002154780000000023
-0.007422019999999918
-0.005027819999999905
-0.002633619999999892
-0.002633619999999892
-0.002633619999999892
-0.002633619999999892
-0.002633619999999892
-0.005027819999999905
-0.007422019999999918
-0.009816219999999931
-0.012210419999999944
-0.0002394199999999902
0.003351880000000085
0.006943180000000049
0.005746079999999987
0.004548980000000036
0.003351880000000085
0.002154780000000023
0.006943180000000049
0.004548980000000036
0.002154780000000134
-0.00023941999999987917
-0.002633619999999892
-0.021787219999999885
-0.012210419999999944
-0.002633619999999892
0.006943180000000049
-0.021787219999999885
-0.008619119999999869
0.004548980000000036
0.01771708000000005
0.030885180000000068
0.009337380000000062
-0.012210419999999944
-0.009816219999999931
-0.007422019999999918
-0.002633619999999892
-0.002633619999999892
-0.002633619999999892
-0.002633619999999892
-0.002633619999999892
0.002154780000000134
0.006943180000000049
0.002154780000000023
0.001470722857142892
0.0007866657142857614
0.00010260857142863067
-0.0005814485714285
-0.0012655057142856307
-0.0019495628571427615
-0.002633619999999892
-0.0002394199999999902
0.011731580000000075
0.007741246666666757
0.0037509133333333278
-0.0002394199999999902
0.0009576799999999608
0.002154780000000023
0.006943180000000049
0.011731580000000075
-0.021787219999999885
-0.012210419999999944
-0.002633619999999892
0.006943180000000049
-0.012210419999999944
-0.002633619999999892
0.006943180000000049
-0.007422019999999918
-0.021787219999999885
-0.018594953333333275
-0.015402686666666554
-0.012210419999999944
-0.009018153333333223
-0.005825886666666613
-0.002633619999999892
0.0005586466666667178
0.003750913333333439
0.006943180000000049
0.014125780000000088
0.002154780000000134
-0.007422019999999918
-0.0010374866666665872
0.005347046666666744
0.011731580000000075
-0.021787219999999885
-0.012210419999999944
-0.002633619999999892
0.006943180000000049
-0.021787219999999885
-0.013806553333333249
-0.005825886666666613
0.002154780000000023
-0.002633619999999892
0.002154780000000134
0.006943180000000049
0.011731580000000075
-0.002633619999999892
0.002154780000000134
0.006943180000000049
-0.002633619999999892
-0.012210419999999944
-0.011146331111111074
-0.010082242222222204
-0.009018153333333223
-0.007954064444444353
-0.006889975555555483
-0.005825886666666613
-0.004761797777777632
-0.003697708888888762
-0.002633619999999892
0.011731580000000075
-0.007422019999999918
-0.002633619999999892
0.021308380000000127
-0.02657561999999991
-0.012210419999999944
0.002154780000000023
-0.014604649999999886
-0.031364079999999905
-0.01939306499999993
-0.007422049999999958
0.004548965000000127
0.0165199800000001
0.002154765000000003
-0.012210449999999984
-0.01699883499999988
-0.021787219999999885
-0.00023941999999987917
0.021308380000000127
-0.005027849999999834
-0.031364079999999905
-0.002633649999999932
0.02609678000000004
0.014125780000000088
0.002154780000000023
0.0037509133333333278
0.005347046666666744
0.006943180000000049
0.008539313333333354
0.01013544666666677
0.011731580000000075
-0.012210419999999944
-0.007422019999999918
-0.007422019999999918
-0.007422019999999918
-0.007122744999999986
-0.006823469999999943
-0.006524194999999899
-0.006224919999999967
-0.005925645000000035
-0.005626369999999992
-0.005327094999999948
-0.005027820000000016
-0.002633619999999892
-0.031364079999999905
-0.0002394499999999189
0.030885180000000068
-0.021787219999999885
0.021308380000000127
-0.002633619999999892
-0.02657561999999991
-0.007422019999999918
0.011731580000000075
-0.007422019999999918
-0.02657561999999991
-0.005027819999999905
0.0165199800000001
-0.01699881999999997
-0.01580172000000002
-0.014604619999999957
-0.013407519999999895
-0.012210419999999944
0.021308380000000127
0.014923846666666796
0.008539313333333354
0.002154780000000023
0.0165199800000001
-0.00981624999999986
-0.03615247999999993
-0.021787264999999945
-0.007422049999999958
0.00694316500000014
0.021308380000000127
0.017052024444444536
0.012795668888888945
0.008539313333333465
0.004282957777777874
2.6602222222282812e-05
-0.004229753333333308
-0.008486108888888788
-0.012742464444444379
-0.01699881999999997
0.0165199800000001
0.002154780000000134
-0.002633619999999892
0.011731580000000075
-0.012210419999999944
0.002154780000000134
0.0165199800000001
0.00694318000000016
-0.002633619999999892
-0.0014365199999999412
-0.0002394199999999902
0.0009576800000000718
0.002154780000000023
-0.01699881999999997
-0.01487064222222223
-0.012742464444444379
-0.010614286666666639
-0.008486108888888788
-0.006357931111111048
-0.004229753333333197
-0.002101575555555457
2.6602222222393834e-05
0.002154780000000134
0.002154780000000134
-0.002633619999999892
-0.021787219999999885
-0.019659042222222145
-0.017530864444444294
-0.015402686666666554
-0.013274508888888814
-0.011146331111110963
-0.009018153333333223
-0.006889975555555483
-0.004761797777777632
-0.002633619999999892
0.002154780000000023
0.009337380000000062
-0.007422019999999918
0.004548980000000036
0.0165199800000001
-0.012210419999999944
-0.009816219999999931
-0.007422019999999918
-0.007422019999999918
-0.007422019999999918
-0.007422019999999918
-0.007422019999999918
-0.005027819999999905
-0.002633619999999892
-0.003317677142857023
-0.004001734285714154
-0.004685791428571284
-0.005369848571428526
-0.006053905714285657
-0.006737962857142787
-0.007422019999999918
-0.0002394199999999902
-0.021787219999999885
0.002154780000000023
0.0009576800000000718
-0.0002394199999999902
-0.0014365199999999412
-0.002633619999999892
-0.005027819999999905
-0.007422019999999918
-0.009816219999999931
-0.012210419999999944
-0.014604619999999957
-0.01699881999999997
-0.012210419999999944
-0.00861911999999998
-0.005027820000000016
-0.0014365199999999412
0.002154780000000023
-0.007422019999999918
0.002154780000000134
0.011731580000000075
0.004548980000000036
-0.002633619999999892
0.011731580000000075
0.0111330300000001
0.010534480000000013
0.009935930000000037
0.009337380000000062
0.008738830000000086
0.00814028000000011
0.007541730000000024
0.006943180000000049
-0.007422019999999918
-0.012210419999999944
0.002154780000000134
-0.002633619999999892
-0.002633619999999892
-0.002633619999999892
-0.002633619999999892
-0.002633619999999892
-0.002633619999999892
-0.002633619999999892
-0.002633619999999892
-0.002633619999999892
-0.002633619999999892
-0.002633619999999892
-0.002633619999999892
-0.005027819999999905
-0.002633619999999892
-0.007422019999999918
-0.0002394199999999902
0.006943180000000049
0.00814028000000011
0.009337380000000062
0.010534480000000013
0.011731580000000075
-0.002633619999999892
-0.004229753333333197
-0.005825886666666613
-0.007422019999999918
-0.012210419999999944
-0.007422019999999918
-0.007422019999999918
-0.005825886666666613
-0.004229753333333197
-0.002633619999999892
-0.002633619999999892
-0.002633619999999892
-0.005825886666666613
-0.009018153333333223
-0.012210419999999944
-0.010614286666666639
-0.009018153333333223
-0.007422019999999918
-0.002633619999999892
0.002154780000000023
0.006943180000000049
-0.007422019999999918
-0.006224919999999967
-0.005027819999999905
-0.003830719999999843
-0.002633619999999892
0.002154780000000023
-0.002633619999999892
-0.005027819999999905
-0.007422019999999918
-0.007422019999999918
-0.007422019999999918
-0.007422019999999918
-0.007422019999999918
0.002154780000000023
-0.0010374866666665872
-0.004229753333333308
-0.007422019999999918
0.002154780000000023
0.002154780000000023
0.002154780000000023
0.002154780000000023
-0.0014365199999999412
-0.005027820000000016
-0.00861911999999998
-0.012210419999999944
-0.015801719999999908
-0.019393019999999872
-0.022984319999999947
-0.02657561999999991
-0.019393019999999872
-0.012210419999999944
-0.007422019999999918
-0.012210419999999944
-0.002633619999999892
-0.002633619999999892
0.002154780000000023
0.002154780000000023
-0.002633619999999892
-0.007422019999999918
-0.0002394199999999902
0.006943180000000049
0.011731580000000075
0.011047522857142944
0.010363465714285813
0.009679408571428683
0.008995351428571441
0.00831129428571431
0.0076272371428571795
0.006943180000000049
0.006943180000000049
0.011731580000000075
-0.007422019999999918
0.011731580000000075
0.009337380000000062
0.006943180000000049
