-0.013407599999998965
-0.011013099999999554
-0.008618600000000143
-0.011013099999999554
-0.013407599999998965
-0.015801599999999638
-0.01819560000000031
-0.02537810000000107
-0.03256060000000005
-0.03256060000000005
-0.03256060000000005
-0.0293684333333335
-0.026176266666666947
-0.02298409999999862
-0.019791933333332068
-0.016599766666665516
-0.013407599999998965
-0.03256060000000005
-0.011013099999999554
-0.013407599999998965
-0.013407599999998965
-0.015801599999999638
-0.01819560000000031
-0.01819560000000031
-0.01819560000000031
-0.01819560000000031
-0.01819560000000031
-0.01819560000000031
-0.027772599999998704
-0.025378599999999807
-0.022984599999999134
-0.025378599999999807
-0.027772599999998704
-0.022984599999999134
-0.025036742857141192
-0.027088885714285027
-0.029141028571427086
-0.03119317142857092
-0.03324531428571298
-0.035297457142856814
-0.03734959999999887
-0.03734959999999887
-0.020590099999999723
0.005746399999999596
0.002554066666666799
-0.0006382666666659986
-0.003830599999998796
-0.003830599999998796
-0.00861909999999888
-0.013407599999998965
-0.013407599999998965
-0.013407599999998965
-0.04213760000000022
-0.04453209999999963
-0.04692659999999904
-0.03734959999999887
-0.027772599999998704
-0.022984266666664865
-0.018195933333332803
-0.013407599999998965
-0.011013349999998923
-0.00861909999999888
-0.006224849999998838
-0.003830599999998796
-0.00861909999999888
-0.013407599999998965
0.0009574000000007743
-0.01819560000000031
-0.013407599999998965
-0.015003600000000006
-0.01659959999999927
-0.01819560000000031
-0.027772599999998704
-0.027772599999998704
-0.027772599999998704
-0.027772599999998704
-0.027772599999998704
-0.03256060000000005
-0.027772599999998704
-0.02617659999999944
-0.024580599999998398
-0.022984599999999134
-0.013407599999998965
-0.020590099999999723
-0.027772599999998704
-0.02298409999999862
-0.01819560000000031
-0.020590099999999723
-0.022984599999999134
-0.022026799999999014
-0.021068999999998894
-0.02011120000000055
-0.01915340000000043
-0.01819560000000031
-0.020590099999999723
-0.022984599999999134
-0.027772599999998704
-0.008618600000000143
-0.01580135000000027
-0.02298409999999862
-0.030166849999998746
-0.03734959999999887
-0.03256060000000005
-0.003830599999998796
-0.013407599999998965
-0.00861909999999888
-0.003830599999998796
-0.007421850000000063
-0.011013099999999554
-0.014604349999999044
-0.01819560000000031
-0.011013099999999554
-0.003830599999998796
-0.008618600000000143
-0.011013099999999554
-0.013407599999998965
-0.027772599999998704
-0.022984599999999134
-0.025378599999999807
-0.027772599999998704
-0.02298409999999862
-0.01819560000000031
-0.017511600000000627
-0.016827599999999165
-0.01614359999999948
-0.015459599999999796
-0.014775600000000111
-0.01409159999999865
-0.013407599999998965
-0.006225099999998207
0.0009574000000007743
0.0009578999999995119
-0.008618600000000143
-0.015801599999999638
-0.022984599999999134
-0.022984599999999134
-0.027772599999998704
-0.03256060000000005
-0.03256060000000005
-0.03256060000000005
-0.027772349999999335
-0.02298409999999862
-0.01819584999999968
-0.013407599999998965
-0.013886399999998744
-0.014365199999998524
-0.01484400000000008
-0.015322799999999859
-0.015801599999999638
-0.022984599999999134
-0.03256060000000005
-0.022984599999999134
-0.027772933333332972
-0.032561266666665034
-0.03734959999999887
-0.030964933333333278
-0.024580266666665906
-0.01819560000000031
-0.008618933333332635
0.000957733333333266
0.010534400000000943
-0.003830599999998796
-0.011013099999999554
-0.018195599999998535
-0.025378099999999293
-0.03256060000000005
-0.030166474999999693
-0.027772349999999335
-0.025378224999998977
-0.02298409999999862
-0.020589975000000038
-0.01819584999999968
-0.015801724999999323
-0.013407599999998965
-0.04213760000000022
-0.008618600000000143
-0.008618600000000143
-0.01819560000000031
-0.01819560000000031
-0.01819560000000031
-0.027772599999998704
-0.027772599999998704
-0.027772599999998704
-0.027772599999998704
-0.027772599999998704
-0.027772599999998704
-0.027772599999998704
-0.027772599999998704
-0.027772599999998704
-0.01819560000000031
-0.01819560000000031
-0.01819560000000031
0.0009574000000007743
-0.027772599999998704
-0.022984599999999134
-0.03256060000000005
0.005746399999999596
-0.008618600000000143
-0.003830599999998796
-0.003830599999998796
-0.007421850000000063
-0.011013099999999554
-0.014604349999999044
-0.01819560000000031
-0.015801599999999638
-0.013407599999998965
-0.03256060000000005
-0.03415693333333358
-0.03575326666666534
-0.03734959999999887
-0.008618600000000143
-0.00782060000000051
-0.007022599999999102
-0.0062245999999994694
-0.005426599999999837
-0.004628599999998428
-0.003830599999998796
0.005746399999999596
0.005746399999999596
-0.022984599999999134
-0.020590099999999723
-0.01819560000000031
-0.022984100000000396
-0.027772599999998704
-0.03256109999999879
-0.03734959999999887
-0.027772599999998704
-0.013407599999998965
-0.013407599999998965
-0.013407599999998965
-0.013407599999998965
-0.013407599999998965
-0.013407599999998965
-0.013407599999998965
-0.013407599999998965
-0.013407599999998965
-0.013407599999998965
-0.013407599999998965
-0.013407599999998965
-0.013407599999998965
-0.011013349999998923
-0.00861909999999888
-0.006224849999998838
-0.003830599999998796
0.0009574000000007743
-0.003830599999998796
-0.007554933333331348
-0.011279266666665677
-0.01500359999999823
-0.018727933333332558
-0.02245226666666511
-0.02617659999999944
-0.02990093333333199
-0.03362526666666632
-0.03734959999999887
-0.03495509999999946
-0.018195599999998535
-0.02298409999999862
-0.027772599999998704
0.0009574000000007743
-0.0006385999999984904
-0.0022345999999995314
-0.003830599999998796
-0.005426599999999837
-0.007022599999999102
-0.008618600000000143
-0.0062245999999994694
-0.003830599999998796
-0.011013099999999554
-0.01819560000000031
-0.07086859999999895
-0.04213760000000022
-0.021786974999999487
-0.001436349999998754
0.018914275000000202
0.039264900000000935
-0.011811266666665432
-0.06288743333333358
-0.11396359999999994
-0.0804450999999986
-0.04692659999999904
-0.12354059999999834
-0.2001545999999994
0.1541864000000004
0.024899400000000682
0.02250540000000001
0.02011140000000111
0.01771740000000044
0.015323399999999765
-0.09720409999999902
-0.20973159999999957
-0.03734959999999887
0.17334040000000073
0.14939840000000082
0.1254564000000009
0.101514400000001
0.005746399999999596
-0.09002160000000003
-0.13311709999999977
-0.1762125999999995
0.19728240000000064
0.16615790000000175
0.13503340000000108
0.10869690000000176
0.08236040000000067
-0.05171459999999861
-0.18578959999999967
-0.31986459999999894
0.14460940000000022
0.11109073333333441
0.07757206666666683
0.04405340000000102
0.11348540000000185
0.1829174000000009
-0.3821145999999995
-0.13551159999999918
0.11109140000000117
0.04405340000000102
-0.022984599999999134
0.13263840000000116
0.28826139999999967
0.16915002500000043
0.050038650000001184
-0.06907272499999983
-0.18818409999999908
-0.1510738499999995
-0.11396359999999994
0.11348590000000058
0.3409354000000011
-0.02537759999999878
-0.39169060000000044
-0.20254909999999882
-0.013407599999998965
-0.10917560000000037
-0.2049436
0.08475490000000008
0.37445340000000016
0.19967665000000068
0.024899900000001196
-0.14987685000000006
-0.32465359999999954
-0.03734959999999887
-0.2240965999999993
-0.16615689999999894
-0.10821719999999857
-0.050277499999999975
0.0076622000000003965
0.06560190000000077
0.12354160000000114
0.1814813000000015
0.2394210000000001
0.2973607000000005
0.35530040000000085
0.051236400000000515
-0.2528275999999998
-0.16184810000000027
0.08475490000000008
0.026496066666666707
-0.031762766666666664
-0.09002160000000003
-0.29113459999999947
-0.1059832666666658
0.07916806666666609
0.26431939999999976
-0.05171460000000039
-0.10558409999999974
-0.15945359999999908
-0.2133231000000002
-0.26719259999999956
-0.04453209999999963
0.1781284000000003
0.10630240000000057
0.06959140000000019
0.032880400000001586
-0.003830599999998796
-0.2767695999999997
-0.22697020000000023
-0.17717079999999896
-0.12737139999999947
-0.0775719999999982
-0.027772599999998704
0.1517924000000015
-0.0756566000000003
-0.12593460000000078
-0.1762125999999995
0.01771740000000044
0.21164740000000037
0.16855190000000064
0.1254564000000009
0.12877140000000153
0.13208640000000038
0.135401400000001
0.13871639999999985
0.14203140000000047
0.1453464000000011
0.14866139999999994
0.15197640000000057
0.1552914000000012
0.15860640000000004
0.16192140000000066
0.1652363999999995
0.16855140000000013
-0.08283959999999979
-0.3342305999999997
0.02011140000000111
0.14460990000000074
-0.23367359999999948
-0.21691459999999907
0.2595314000000002
-0.12832859999999968
-0.09480985000000075
-0.06129110000000004
-0.027772349999999335
0.005746399999999596
-0.40126759999999884
0.05363040000000119
0.02011140000000111
-0.013407599999998965
0.11587940000000074
-0.1810016000000001
-0.17022760000000048
-0.15945359999999908
-0.14867959999999947
-0.13790559999999985
-0.03495509999999946
0.06799540000000093
0.1517924000000015
0.23558940000000028
0.22548051111111178
0.21537162222222328
0.205262733333333
0.1951538444444445
0.185044955555556
0.1749360666666675
0.16482717777777722
0.15471828888888872
0.14460940000000022
0.005746399999999596
0.22122390000000003
-0.0995986000000002
-0.08427569999999918
-0.06895279999999993
-0.053629900000000674
-0.03830699999999965
-0.02298409999999862
-0.0076611999999993685
0.0076616999999998825
0.02298460000000091
0.03830750000000194
0.05363040000000119
0.11827390000000015
-0.15546293333333416
0.158975400000001
-0.2001545999999994
-0.18100109999999958
-0.16184759999999976
-0.14269409999999993
-0.12354060000000011
-0.43957460000000026
-0.33901819999999994
-0.2384617999999996
-0.13790540000000107
-0.03734900000000074
0.06320739999999958
-0.10438710000000029
-0.1666362666666661
-0.22888543333333367
-0.29113459999999947
0.010534400000000943
0.000957733333333266
-0.008618933333332635
-0.01819560000000031
-0.010214933333333676
-0.0022342666666670397
0.005746399999999596
-0.06129159999999878
0.010534400000000943
0.08236040000000067
0.11109073333333441
0.13982106666666638
0.16855140000000013
0.06799540000000093
-0.018195599999998535
-0.10438659999999977
0.01771740000000044
0.13982140000000065
0.13982140000000065
0.13982140000000065
0.13982140000000065
0.13982140000000065
0.13982140000000065
0.19249340000000004
0.0967254000000004
0.0009574000000007743
-0.09481059999999886
0.08236040000000067
0.0931342750000006
0.10390815000000053
0.11468202500000046
0.1254559000000004
-0.13311760000000028
-0.12433876666666599
-0.11555993333333348
-0.10678109999999919
-0.0022344333333332855
0.10231223333333439
0.2068589000000003
0.022505649999999378
-0.16184759999999976
-0.0995986000000002
-0.16823226666666713
-0.23686593333333228
-0.3054995999999992
0.14460940000000022
-0.001436599999999899
-0.14748260000000002
-0.11875210000000003
-0.09002160000000003
-0.21691410000000033
-0.34380659999999885
-0.2432503499999985
-0.14269409999999993
-0.04213784999999959
0.05841840000000076
0.0057460666666671045
-0.04692626666666655
-0.0995986000000002
-0.04692659999999904
-0.26719259999999956
-0.01819560000000031
-0.01819560000000031
-0.01819560000000031
-0.008619100000000657
0.0009574000000007743
-0.05011859999999935
-0.10119459999999947
-0.1522705999999996
-0.11875193333333378
-0.0852332666666662
-0.05171460000000039
0.03447640000000085
0.03208240000000018
0.02968840000000128
-0.11396359999999994
-0.09481010000000012
-0.0756566000000003
-0.008619100000000657
0.05841840000000076
0.053629900000000674
0.04884140000000059
-0.008619100000000657
-0.06607960000000013
-0.0995986000000002
-0.05171460000000039
-0.003830599999998796
0.04405340000000102
0.04405340000000102
0.04405340000000102
0.005746399999999596
-0.03256060000000005
-0.06129110000000004
-0.09002160000000003
0.04884140000000059
0.04245706666666749
0.036072733333334384
0.02968840000000128
-0.03256060000000005
-0.03303949999999922
-0.03351840000000017
-0.03399729999999934
-0.03447620000000029
-0.03495509999999946
-0.008618933333332635
0.017717233333334192
0.04405340000000102
0.024899900000001196
0.005746399999999596
-0.013407599999998965
-0.006225099999998207
0.0009574000000007743
0.02011140000000111
0.05363040000000119
0.08714940000000126
-0.003830599999998796
-0.09481059999999886
-0.08140299999999812
-0.06799539999999915
-0.05458779999999841
-0.041180199999999445
-0.027772599999998704
-0.03256060000000005
-0.01819560000000031
-0.02011099999999999
-0.02202639999999967
-0.023941799999999347
-0.025857199999999025
-0.027772599999998704
-0.008618600000000143
-0.022984599999999134
0.005746399999999596
-0.0062245999999994694
-0.01819560000000031
-0.01819560000000031
-0.01819560000000031
-0.015801599999999638
-0.013407599999998965
-0.015003600000000006
-0.01659959999999927
-0.01819560000000031
-0.019791766666665822
-0.02138793333333311
-0.02298409999999862
-0.018195849999997904
-0.013407599999998965
-0.016599933333331762
-0.019792266666666336
-0.022984599999999134
-0.027772599999998704
-0.02298409999999862
-0.018195599999998535
-0.013407100000000227
-0.008618600000000143
-0.008618600000000143
-0.008618600000000143
-0.006225099999998207
-0.005426933333332329
-0.004628766666664674
-0.003830599999998796
-0.018195933333332803
-0.032561266666665034
-0.04692659999999904
-0.03256060000000005
-0.03256060000000005
-0.027772599999998704
-0.022984599999999134
-0.022452488888887956
-0.02192037777777678
-0.0213882666666656
-0.020856155555554423
-0.020324044444445022
-0.019791933333333844
-0.019259822222222667
-0.01872771111111149
-0.01819560000000031
0.010534400000000943
-0.013407599999998965
-0.015003600000000006
-0.01659959999999927
-0.01819560000000031
-0.04213760000000022
-0.039743599999999546
-0.03734959999999887
-0.03256060000000005
-0.030964600000000786
-0.029368599999999745
-0.027772599999998704
-0.02617659999999944
-0.024580600000000175
-0.022984599999999134
-0.026575599999999255
-0.030166599999999377
-0.023782100000000028
-0.017397599999998903
-0.011013099999999554
-0.01819560000000031
-0.015801599999999638
-0.013407599999998965
-0.013407599999998965
-0.013407599999998965
-0.013407599999998965
-0.022984266666666642
-0.03256093333333254
-0.04213760000000022
-0.02537810000000107
-0.008618600000000143
-0.01819560000000031
-0.022984100000000396
-0.027772599999998704
-0.03256109999999879
-0.03734959999999887
-0.027772599999998704
-0.027772599999998704
-0.018195599999998535
-0.008618600000000143
-0.008618600000000143
