-0.027772599999998704
-0.027772599999998704
-0.027772599999998704
-0.027772599999998704
-0.027772599999998704
-0.027772599999998704
-0.02298434999999799
-0.01819609999999905
-0.01819560000000031
-0.03256060000000005
-0.03160300000000049
-0.030645399999999157
-0.029687799999999598
-0.028730199999998263
-0.027772599999998704
-0.008618600000000143
-0.03256060000000005
-0.0038306000000005724
-0.005426599999999837
-0.007022600000000878
-0.008618600000000143
-0.013407100000000227
-0.01819560000000031
-0.03734959999999887
-0.03555397499999913
-0.03375834999999938
-0.03196272499999964
-0.03016709999999989
-0.02837147499999837
-0.026575849999998624
-0.02478022499999888
-0.022984599999999134
-0.04213760000000022
-0.03256060000000005
-0.020590099999999723
-0.0213882666666656
-0.022186433333333255
-0.022984599999999134
-0.022984599999999134
-0.022984599999999134
-0.01819609999999905
-0.013407599999998965
-0.01819584999999968
-0.02298409999999862
-0.027772349999999335
-0.03256060000000005
-0.030508457142857992
-0.028456314285714157
-0.0264041714285721
-0.024352028571428264
-0.022299885714286205
-0.02024774285714237
-0.01819560000000031
-0.02298409999999862
-0.03734959999999887
-0.03734959999999887
-0.04692659999999904
-0.01819560000000031
-0.01819560000000031
-0.01819560000000031
-0.01819560000000031
-0.01819560000000031
-0.013407599999998965
-0.013407599999998965
-0.0038306000000005724
0.005746399999999596
-0.005426599999999837
-0.01659959999999927
-0.027772599999998704
-0.030166599999999377
-0.03256060000000005
-0.03256060000000005
-0.03894526666666742
-0.04532993333333302
-0.05171460000000039
-0.04692626666666655
-0.04213793333333271
-0.03734959999999887
-0.03256060000000005
-0.030764975000000305
-0.02896935000000056
-0.027173725000000815
-0.02537810000000107
-0.008618600000000143
-0.011013099999999554
-0.013407599999998965
-0.02298409999999862
-0.03256060000000005
-0.02537810000000107
-0.01819560000000031
-0.030166600000001154
-0.04213760000000022
-0.040769457142857846
-0.039401314285713696
-0.03803317142857132
-0.03666502857142895
-0.035296885714286574
-0.033928742857142424
-0.03256060000000005
-0.024580266666665906
-0.018993933333332436
-0.013407599999998965
-0.014775742857141339
-0.01614388571428549
-0.017512028571427862
-0.018880171428570236
-0.02024831428571261
-0.02161645714285676
-0.022984599999999134
-0.013407599999998965
-0.0038306000000005724
0.005746399999999596
-0.0014363500000005303
-0.008619100000000657
-0.03734959999999887
-0.022984599999999134
-0.029368933333332237
-0.035753266666667116
-0.04213760000000022
-0.04111152857142919
-0.04008545714285816
-0.03905938571428713
-0.038033314285714326
-0.0370072428571433
-0.03598117142857227
-0.03495510000000124
0.03926539999999967
0.02370289999999997
0.00814040000000027
-0.007422099999999432
-0.022984599999999134
0.010534400000000943
-0.0756566000000003
-0.027772599999998704
-0.08044459999999987
-0.05331059999999965
-0.02617659999999944
0.0009574000000007743
0.0009574000000007743
-0.008618600000000143
-0.0062245999999994694
-0.003830599999998796
-0.024580266666665906
-0.04532993333333302
-0.06607960000000013
-0.022984599999999134
-0.03256126666666681
-0.04213793333333271
-0.05171460000000039
0.02968840000000128
0.01771740000000044
0.005746399999999596
-0.03256060000000005
-0.03575293333333285
-0.03894526666666742
-0.04213760000000022
-0.08044459999999987
-0.06607960000000013
-0.05171460000000039
-0.03734959999999887
-0.022984599999999134
-0.026575849999998624
-0.03016709999999989
-0.03375834999999938
-0.03734959999999887
-0.04094085000000014
-0.04453209999999963
-0.0481233500000009
-0.05171460000000039
0.015322900000001027
-0.03256109999999879
-0.04692659999999904
-0.020590099999999723
0.005746399999999596
-0.008619100000000657
-0.022984599999999134
0.0057460666666671045
0.03447673333333334
0.06320739999999958
-0.09002160000000003
-0.04213760000000022
-0.08523309999999995
-0.12832859999999968
-0.0852332666666662
-0.04213793333333271
0.0009574000000007743
0.017716899999999924
0.03447640000000085
0.02968840000000128
0.022505900000000523
0.015323399999999765
-0.008618600000000143
-0.03256060000000005
-0.05650259999999996
-0.08044459999999987
-0.10438659999999977
-0.09002145714285703
-0.07565631428571429
-0.061291171428571545
-0.046926028571427025
-0.03256088571428428
-0.01819574285714154
-0.003830599999998796
0.006943400000000821
0.01771740000000044
-0.05171460000000039
-0.03256060000000005
-0.05889709999999937
-0.03555372499999976
-0.012210350000000147
0.01113302500000124
0.03447640000000085
0.015323399999999765
-0.008618600000000143
-0.04532993333333302
-0.08204126666666589
-0.11875259999999876
-0.07565693333333279
-0.032561266666665034
0.010534400000000943
0.04644790000000043
-0.021786849999999802
-0.09002160000000003
-0.08762759999999936
-0.08523359999999869
-0.0840363499999981
-0.08283909999999928
-0.08164185000000046
-0.08044459999999987
0.05841840000000076
0.05602423333333384
0.05363006666666692
0.05123590000000178
0.04884173333333486
0.04644756666666794
0.04405340000000102
-0.05171460000000039
-0.07326210000000088
0.015323399999999765
0.005746399999999596
-0.003830599999998796
-0.027772599999998704
-0.05171460000000039
-0.0756566000000003
-0.0995986000000002
-0.07086859999999895
-0.03734959999999887
-0.03043304444444317
-0.023516488888887466
-0.016599933333331762
-0.009683377777776059
-0.0027668222222221317
0.004149733333333572
0.011066288888889275
0.01798284444444498
0.024899400000000682
-0.08044459999999987
-0.07086859999999895
-0.03256060000000005
0.05841840000000076
0.005746399999999596
-0.09002160000000003
-0.03256060000000005
-0.028729999999999478
-0.024899399999998906
-0.02106880000000011
-0.017238199999999537
-0.013407599999998965
-0.0002393499999993054
0.012928900000000354
0.026097150000000013
0.03926539999999967
0.01691939999999903
-0.005426599999999837
-0.027772599999998704
-0.05011859999999935
-0.07246459999999999
-0.09481059999999886
-0.0720655999999984
-0.04932059999999794
-0.026575599999999255
-0.003830599999998796
-0.027772599999998704
0.024899400000000682
0.010534400000000943
-0.03734959999999887
-0.01819560000000031
0.0033519000000001853
-0.003830599999998796
-0.003830599999998796
-0.015801599999999638
-0.027772599999998704
-0.039743599999999546
-0.05171460000000039
-0.06368559999999945
-0.0756566000000003
0.08236040000000067
0.010534400000000943
0.00814040000000027
0.005746399999999596
-0.0756566000000003
-0.015801599999999638
0.04405340000000102
0.010534400000000943
0.0033519000000001853
-0.0038306000000005724
-0.011013099999999554
-0.01819560000000031
-0.03734926666666638
-0.056502933333334227
-0.0756566000000003
-0.008619100000000657
0.05841840000000076
0.0009574000000007743
-0.04692659999999904
-0.049320599999999715
-0.05171460000000039
0.08714940000000126
0.04405340000000102
0.0009574000000007743
-0.008619266666665126
-0.018195933333332803
-0.027772599999998704
-0.04213793333333271
-0.05650326666666494
-0.07086859999999895
0.03926539999999967
0.0325615999999993
0.025857800000000708
0.019154000000000337
0.012450199999999967
0.005746399999999596
-0.0009573999999989979
-0.0076611999999993685
-0.014364999999999739
-0.021068799999998333
-0.027772599999998704
-0.06607960000000013
-0.06607960000000013
0.005746399999999596
-0.04692659999999904
-0.0756566000000003
-0.022984599999999134
-0.019393099999998498
-0.015801599999999638
-0.012210100000000779
-0.008618600000000143
-0.044531599999999116
-0.08044459999999987
-0.14748260000000002
-0.008618600000000143
-0.05650259999999996
-0.10917560000000037
-0.11396397500000077
-0.11875235000000117
-0.1235407249999998
-0.1283291000000002
-0.1331174750000006
-0.13790584999999922
-0.14269422499999962
-0.14748260000000002
-0.0964062666666674
-0.04532993333333302
0.005746399999999596
-0.004514457142857253
-0.014775314285714103
-0.025036171428570952
-0.03529702857142958
-0.04555788571428643
-0.05581874285714328
-0.06607960000000013
-0.07206509999999966
-0.07805060000000097
-0.0840361000000005
-0.09002160000000003
-0.07326210000000088
-0.05650259999999996
0.04884140000000059
-0.04213760000000022
0.0009578999999995119
-0.0756566000000003
0.005746399999999596
-0.027772599999998704
-0.013407599999998965
-0.0213882666666656
-0.029368933333332237
-0.03734959999999887
-0.08044459999999987
-0.0708678857142857
-0.061291171428571545
-0.051714457142857384
-0.04213774285714145
-0.032561028571427286
-0.022984314285713126
-0.013407599999998965
-0.07086859999999895
-0.0756566000000003
-0.01819560000000031
0.005746399999999596
0.02968840000000128
-0.07086859999999895
0.0009574000000007743
0.01372673333333374
0.026496066666666707
0.03926539999999967
0.005746399999999596
0.0005226727272731324
-0.004701054545455108
-0.009924781818181572
-0.015148509090909812
-0.020372236363636276
-0.025595963636364516
-0.03081969090909098
-0.03604341818181922
-0.041267145454545684
-0.046490872727273924
-0.05171460000000039
0.024899400000000682
0.0009574000000007743
-0.04213760000000022
0.024899400000000682
-0.03256060000000005
-0.01819560000000031
-0.014364999999999739
-0.010534399999999167
-0.006703800000000371
-0.002873199999999798
0.0009574000000007743
-0.006225099999998207
-0.013407599999998965
-0.008618600000000143
0.010534400000000943
-0.008618600000000143
-0.015322400000000513
-0.022026200000000884
-0.028729999999999478
-0.03543379999999985
-0.04213760000000022
-0.03256060000000005
-0.02489920000000012
-0.017237800000000192
-0.009576400000000262
-0.001915000000000333
0.005746399999999596
-0.027772599999998704
-0.03256109999999879
-0.03734959999999887
-0.003830599999998796
-0.024181349999999213
-0.04453209999999963
0.0009574000000007743
-0.013407599999998965
-0.04692659999999904
-0.038945933333332405
-0.03096526666666577
-0.022984599999999134
-0.011013599999998291
0.0009574000000007743
0.01292839999999984
0.024899400000000682
-0.03734959999999887
-0.01819609999999905
0.0009574000000007743
0.0009574000000007743
-0.006225099999998207
-0.013407599999998965
-0.03495509999999946
-0.05650259999999996
-0.008618600000000143
-0.018195599999998535
-0.027772599999998704
-0.031363849999998195
-0.03495509999999946
-0.03854635000000073
-0.04213760000000022
-0.03256060000000005
-0.018195599999998535
-0.003830599999998796
-0.05171460000000039
-0.0501184333333331
-0.04852226666666759
-0.046926100000000304
-0.04532993333333302
-0.043733766666667506
-0.04213760000000022
-0.02298409999999862
-0.04213760000000022
-0.02298409999999862
-0.003830599999998796
-0.005027599999998245
-0.0062245999999994694
-0.007421600000000694
-0.008618600000000143
-0.04213760000000022
-0.03256109999999879
-0.022984599999999134
-0.020590099999999723
-0.01819560000000031
-0.03256109999999879
-0.04692659999999904
-0.04692659999999904
