0.006943180000000049
-0.002633620000000003
-0.0002394199999999902
0.002154780000000023
0.004548980000000036
0.006943180000000049
0.011731579999999964
0.0033518799999999738
-0.005027819999999905
-0.005825886666666613
-0.006623953333333321
-0.007422020000000029
0.002154780000000023
0.011731579999999964
0.006943179999999938
0.002154780000000023
-0.002633620000000003
-0.007422019999999918
-0.012210419999999944
0.002154780000000023
-0.002633620000000003
-0.007422020000000029
-0.005027820000000016
-0.002633620000000003
0.006943180000000049
0.005347046666666744
0.0037509133333333278
0.002154780000000023
0.0025900890909090757
0.0030253981818182396
0.0034607072727272925
0.0038960163636363454
0.004331325454545509
0.004766634545454562
0.005201943636363726
0.005637252727272779
0.006072561818181832
0.006507870909090996
0.006943180000000049
0.007741246666666757
0.008539313333333354
0.002154780000000023
0.011731580000000075
0.009337380000000062
0.006943180000000049
0.006943180000000049
0.006943180000000049
0.006943180000000049
0.006943180000000049
0.006943180000000049
0.006943180000000049
-0.0002394199999999902
-0.007422020000000029
0.002154780000000023
0.01651997999999999
0.014125779999999977
0.011731579999999964
0.00933737999999995
0.006943180000000049
0.002154780000000023
-0.002633620000000003
-0.002633620000000003
-0.002633620000000003
-0.002101575555555568
-0.0015695311111111332
-0.0010374866666666982
-0.0005054422222222632
2.6602222222282812e-05
0.0005586466666667178
0.0010906911111111528
0.0016227355555555878
0.002154780000000023
0.002154780000000023
0.006943180000000049
0.009337380000000062
0.011731580000000075
0.011731579999999964
0.011731579999999964
0.011731579999999964
0.011731579999999964
0.011731579999999964
0.011731579999999964
0.011731580000000075
0.011731580000000075
0.011731580000000075
0.011731580000000075
0.011731580000000075
-0.0002394199999999902
0.011731579999999964
0.00933737999999995
0.006943180000000049
0.00933737999999995
0.011731579999999964
0.006943180000000049
0.002154780000000023
0.004548980000000036
0.006943180000000049
0.004548980000000036
0.002154780000000023
-0.0002394199999999902
-0.002633620000000003
0.006943180000000049
0.005575065714285787
0.004206951428571415
0.0028388371428571535
0.001470722857142892
0.00010260857142863067
-0.0012655057142857418
-0.002633620000000003
0.014125779999999977
-0.005027819999999905
-0.0014365199999999412
0.002154780000000023
0.005027820000000016
0.00790086000000001
0.010773900000000003
0.013646939999999996
0.01651997999999999
0.002154780000000023
0.0037509133333333278
0.005347046666666744
0.006943180000000049
0.002154780000000023
0.0033518799999999738
0.004548980000000036
0.0015562300000000473
-0.0014365200000000522
-0.004429270000000041
-0.007422020000000029
-0.0055066599999999966
-0.003591299999999964
-0.0016759400000000424
0.0002394199999999902
0.002154780000000023
-0.0002394199999999902
0.002154780000000023
0.004548980000000036
0.006943179999999938
0.00933737999999995
0.011731579999999964
-0.0002394199999999902
0.002154780000000023
0.006943180000000049
0.011731580000000075
0.01651997999999999
0.004548979999999925
-0.007422020000000029
-0.006224920000000078
-0.005027820000000016
-0.003830719999999954
-0.002633620000000003
-0.0020350700000000277
-0.0014365200000000522
-0.0008379699999999657
-0.0002394199999999902
0.004548979999999925
0.00933737999999995
0.0037509133333333278
-0.0018355533333334062
-0.007422020000000029
0.002154780000000023
0.011731579999999964
0.0050278080000000225
-0.0016759640000000298
-0.008379735999999971
-0.015083508000000023
-0.021787279999999964
-0.009018193333333313
0.0037508933333333383
0.01651997999999999
0.011731579999999964
0.02609678000000004
-0.03615248000000004
0.006943180000000049
0.004548980000000036
0.002154780000000023
0.011731580000000075
0.021308380000000016
0.021308380000000016
0.021308380000000016
0.021308380000000016
0.021308380000000016
0.021308380000000016
0.021308380000000016
-0.007422020000000029
0.021308380000000016
-0.031364080000000016
-0.013806593333333339
0.0037508933333333383
0.021308380000000016
-0.031364080000000016
0.02609678000000004
-0.002633650000000043
-0.031364080000000016
-0.025207557142857162
-0.019051034285714308
-0.012894511428571453
-0.006737988571428599
-0.0005814657142857449
0.005575057142857109
0.011731579999999964
0.006943180000000049
0.021308380000000016
0.006943180000000049
-0.007422020000000029
0.030885180000000068
0.0165199800000001
0.002154780000000023
0.004548980000000036
0.006943180000000049
-0.002633620000000003
-0.012210419999999944
-0.0016759399999999314
0.008858540000000081
0.019393019999999983
0.029927499999999996
0.04046198000000001
-0.007422020000000029
-0.004429270000000041
-0.0014365200000000522
0.0015562300000000473
0.004548980000000036
0.021308380000000016
-0.009816245000000001
-0.04094086999999996
-0.031364064999999997
-0.021787259999999975
-0.012210455000000064
-0.002633650000000043
-0.0026336439999999905
-0.0026336380000000492
-0.002633631999999997
-0.0026336260000000555
-0.002633620000000003
-0.012210419999999944
-0.00861911999999998
-0.005027819999999905
-0.0014365199999999412
0.002154780000000023
-0.0002394199999999902
0.004070140000000055
0.00837969999999999
0.012689260000000036
0.01699881999999997
0.021308380000000016
0.002154780000000023
0.005027820000000016
0.00790086000000001
0.010773900000000003
0.013646939999999996
0.01651997999999999
-0.012210419999999944
-0.009018153333333334
-0.005825886666666613
-0.002633620000000003
0.00933737999999995
0.0033518799999999738
-0.002633620000000003
-0.007422020000000029
-0.012210419999999944
-0.0002394199999999902
0.011731579999999964
0.011731579999999964
0.011731579999999964
0.011731579999999964
0.011731579999999964
0.011731579999999964
0.011731579999999964
0.011731579999999964
0.011731579999999964
0.011731579999999964
0.011731579999999964
-0.009816219999999931
-0.007422020000000029
-0.005825886666666724
-0.004229753333333308
-0.002633620000000003
-0.0010374866666666982
0.0005586466666667178
0.002154780000000023
0.0037509133333333278
0.005347046666666744
0.006943180000000049
-0.0002394199999999902
0.002154780000000023
0.011731579999999964
0.008995351428571441
0.006259122857142807
0.003522894285714284
0.0007866657142856504
-0.0019495628571428725
-0.004685791428571506
-0.007422020000000029
-0.0014365200000000522
0.004548979999999925
-0.002633620000000003
-0.0014365200000000522
-0.0002394199999999902
0.0009576800000000718
0.002154780000000023
-0.002633620000000003
0.006943180000000049
0.008539313333333354
0.010135446666666659
0.011731579999999964
-0.005027819999999905
0.002154780000000023
-0.007422020000000029
-0.01699881999999997
-0.005027819999999905
0.006943180000000049
0.005347046666666744
0.0037509133333333278
0.002154780000000023
0.0005586466666667178
-0.0010374866666666982
-0.002633620000000003
-0.004229753333333308
-0.005825886666666724
-0.007422020000000029
0.006943180000000049
0.006943180000000049
-0.007422020000000029
0.00933737999999995
0.02609678000000004
0.020776328888888917
0.015455877777777793
0.01013542666666667
0.004814975555555545
-0.000505475555555468
-0.005825926666666592
-0.011146377777777716
-0.01646682888888884
-0.021787279999999964
-0.00981626499999999
0.002154749999999983
0.002154780000000023
0.011731580000000075
0.006943180000000049
0.006943180000000049
0.006943180000000049
-0.002633620000000003
-0.012210419999999944
-0.006943179999999938
-0.0016759399999999314
0.003591300000000075
0.008858540000000081
0.014125779999999977
0.019393019999999983
0.02466025999999999
0.029927499999999996
0.03519474
0.04046198000000001
-0.03615248000000004
0.019712239999999936
-0.050517670000000015
0.05003882000000004
0.002154775000000053
-0.04572926999999999
-0.009816245000000001
0.02609678000000004
0.021308374000000074
0.016519967999999996
0.011731562000000029
0.006943156000000061
0.002154749999999983
-0.0026336559999999842
-0.0074220619999999515
-0.012210467999999919
-0.016998873999999997
-0.021787279999999964
0.002154780000000023
-0.002633620000000003
-0.00981624999999997
0.04046198000000001
0.004548949999999996
-0.031364080000000016
-0.014125819999999956
0.003112439999999994
0.020350700000000055
0.037588960000000005
0.054827220000000065
-0.055306069999999985
-0.0439336125
-0.03256115500000001
-0.021188697500000075
-0.009816240000000032
0.04046198000000001
0.006943163333333335
-0.026575653333333338
-0.06009447000000001
0.054827220000000065
-0.055306069999999985
-0.039743758750000024
-0.024181447499999953
-0.008619136249999992
0.006943175000000079
0.02250548625000004
0.0380677975
0.05363010875000007
0.06919242000000003
0.03687069750000005
0.004548974999999955
-0.050517670000000015
0.0069431699999999985
0.00907134833333334
0.011199526666666682
0.013327705000000023
0.015455883333333365
0.017584061666666706
0.019712240000000048
0.012795653333333434
0.00587906666666671
-0.001037520000000014
-0.007954106666666627
-0.01487069333333324
-0.021787279999999964
-0.002633649999999932
0.0165199800000001
0.04046198000000001
-0.007422020000000029
0.00933737999999995
0.02609678000000004
0.014125779999999977
0.002154780000000023
0.018914180000000003
0.03567357999999998
0.027054460000000002
0.018435340000000022
0.009816219999999931
0.001197099999999951
-0.007422020000000029
0.014125779999999977
0.03567357999999998
0.030885179999999957
0.02609677999999993
0.021308380000000016
0.01651997999999999
0.011731579999999964
0.006943179999999938
0.002154780000000023
-0.002633620000000003
-0.007422020000000029
0.004548979999999925
-0.012210419999999944
-0.007422019999999918
-0.002633620000000003
0.002154780000000023
0.006943179999999938
0.011731579999999964
-0.0002394199999999902
-0.0010374866666666982
-0.0018355533333332952
-0.002633620000000003
0.006943180000000049
0.01651997999999999
0.015322879999999928
0.014125779999999977
0.012928680000000026
0.011731579999999964
0.002154780000000023
0.0005586466666667178
-0.0010374866666666982
-0.002633620000000003
-0.007422020000000029
0.006943180000000049
0.0037509133333333278
0.0005586466666667178
-0.002633620000000003
0.011731579999999964
0.011731579999999964
0.011731579999999964
0.006943180000000049
0.002154780000000023
0.005027820000000016
0.00790086000000001
0.010773900000000003
0.013646939999999996
0.01651997999999999
0.002154780000000023
0.0016759400000000424
0.001197100000000062
0.0007182599999999706
0.0002394199999999902
-0.0002394199999999902
0.00933737999999995
0.0009576799999999608
-0.007422020000000029
-0.007422020000000029
-0.007422020000000029
-0.005027820000000016
-0.002633620000000003
-0.0018355533333332952
-0.0010374866666666982
-0.0002394199999999902
0.0005586466666667178
0.0013567133333333148
0.002154780000000023
-0.002633620000000003
0.011731579999999964
0.005746079999999987
-0.0002394199999999902
-0.003830719999999954
-0.007422020000000029
-0.004429270000000041
-0.0014365200000000522
0.0015562299999999363
0.004548979999999925
0.0028388371428570425
0.0011286942857142712
-0.0005814485714286111
-0.0022915914285714933
-0.004001734285714376
-0.005711877142857147
-0.007422020000000029
-0.003830719999999954
-0.0002394199999999902
0.005746079999999987
0.011731579999999964
0.002154780000000023
-0.0010374866666666982
-0.004229753333333308
-0.007422020000000029
0.002154780000000023
0.004548980000000036
0.006943180000000049
0.003750913333333439
0.0005586466666667178
-0.002633620000000003
-0.005825886666666613
-0.009018153333333223
-0.012210419999999944
0.01651997999999999
-0.007422020000000029
0.002154780000000023
0.006943180000000049
0.004548980000000036
0.002154780000000023
0.002154780000000023
0.002154780000000023
-0.005027819999999905
-0.012210419999999944
-0.009550197777777769
-0.006889975555555483
-0.004229753333333308
-0.0015695311111111332
0.0010906911111111528
0.0037509133333333278
0.006411135555555503
0.009071357777777789
0.011731579999999964
0.014125779999999977
0.010534480000000013
0.006943180000000049
-0.0002394199999999902
0.002154780000000023
0.002154780000000023
0.002154780000000023
0.002154780000000023
0.002154780000000023
-0.0007182599999999706
-0.003591299999999964
-0.006464339999999957
-0.00933737999999995
