0.005506549999999777
0.0026335500000005396
-0.000239450000000474
-0.0031124499999997113
0.01604154999999885
0.020829550000000197
-0.007900450000001058
-0.004708450000000752
-0.0015164500000004466
0.001675549999999859
0.020829550000000197
0.02322355000000087
0.025617549999999767
0.020829550000000197
0.020829550000000197
0.020829550000000197
0.019871950000000638
0.018914349999999303
0.017956749999999744
0.01699914999999841
0.01604154999999885
0.011252550000000028
0.01604154999999885
0.004070549999998008
-0.007900450000001058
0.01604154999999885
0.013647049999999439
0.011252550000000028
0.011252550000000028
0.011252550000000028
0.016041050000000112
0.020829550000000197
0.020829550000000197
0.020829550000000197
0.020829550000000197
0.020829550000000197
0.020829550000000197
0.011252550000000028
0.001675549999999859
0.020829550000000197
0.011252550000000028
0.001675549999999859
0.006464549999998681
0.011252550000000028
0.011252550000000028
0.011252550000000028
0.011252550000000028
0.011252550000000028
0.008858299999999986
0.0064640499999999435
0.004069799999999901
0.001675549999999859
0.005267050000000495
0.008858549999999354
0.0058657999999987
0.0028730499999998216
-0.00011969999999905667
-0.0031124499999997113
0.001676050000000373
0.006464549999998681
-0.0031124499999997113
0.001675549999999859
-0.0031127000000008564
-0.007900949999999796
-0.012689200000000511
-0.017477450000001227
-0.0031124499999997113
0.001676050000000373
0.006464550000000457
0.011253049999998765
0.01604154999999885
0.01604154999999885
0.018435549999999523
0.020829550000000197
0.006464549999998681
0.020829550000000197
0.011252550000000028
0.001675549999999859
0.008858549999999354
0.01604154999999885
0.02082954999999842
0.025617549999999767
0.01763688333333313
0.009656216666666495
0.001675549999999859
0.0064640499999999435
0.011252550000000028
0.003271883333333392
-0.004708783333333244
-0.01268944999999988
0.006464549999998681
-0.0031124499999997113
0.008858549999999354
0.020829550000000197
0.018435549999999523
0.01604154999999885
0.023224049999999608
0.03040654999999859
0.025618049999998505
0.020829550000000197
0.019233549999999155
0.01763754999999989
0.01604154999999885
0.001675549999999859
0.00407004999999927
0.006464549999998681
0.0016762166666648426
-0.0031121166666672195
-0.007900450000001058
0.011252550000000028
0.011252550000000028
0.011252550000000028
0.013647049999999439
0.01604154999999885
0.01604154999999885
0.01604154999999885
0.018435549999999523
0.020829550000000197
0.011252550000000028
0.001675549999999859
0.002074633333332798
0.0024737166666657373
0.0028727999999986764
0.003271883333333392
0.003670966666666331
0.00407004999999927
-0.0031124499999997113
-0.01268944999999988
-0.0007184500000008143
0.011252550000000028
0.013647049999999439
0.01604154999999885
0.011253049999998765
0.006464549999998681
0.008858549999999354
0.011252550000000028
0.011252550000000028
0.011252550000000028
0.013647049999999439
0.01604154999999885
0.01604154999999885
0.01604154999999885
0.011253049999998765
0.006464549999998681
-0.0031124499999997113
-0.0031124499999997113
-0.0031124499999997113
-0.0031124499999997113
-0.0007181999999996691
0.001676050000000373
0.004070299999998639
0.006464549999998681
0.01604154999999885
0.025617549999999767
0.03040604999999985
0.035194549999999936
0.025618049999998505
0.01604154999999885
0.018435549999999523
0.020829550000000197
0.011252550000000028
0.016041050000000112
0.020829550000000197
0.019233549999999155
0.01763754999999989
0.01604154999999885
0.011253049999998765
0.006464549999998681
0.001675549999999859
0.0048678833333326565
0.00806021666666723
0.011252550000000028
0.001676050000000373
-0.007900450000001058
-0.0031124499999997113
0.001676050000000373
0.006464549999998681
0.014445216666665317
0.022425883333331953
0.03040654999999859
0.023224049999999608
0.01604154999999885
0.01963279999999834
0.023224049999999608
0.026815299999999098
0.03040654999999859
0.006464549999998681
0.025617549999999767
0.013646550000000701
0.001675549999999859
-0.01268944999999988
-0.005506950000000899
0.001675549999999859
0.001675549999999859
0.001675549999999859
0.001675549999999859
0.013646550000000701
0.025617549999999767
0.023223549999999094
0.02082954999999842
0.018435549999999523
0.01604154999999885
0.020829550000000197
0.025617549999999767
0.021786949999999194
0.017956349999998622
0.014125749999999826
0.010295149999999254
0.006464549999998681
0.011253049999998765
0.01604154999999885
0.006464550000000457
-0.0031124499999997113
0.008060549999999722
0.019233549999999155
0.03040654999999859
0.022425883333331953
0.014445216666665317
0.006464549999998681
0.05434855000000027
0.03280055000000104
0.011252550000000028
0.06392554999999867
0.0687138833333325
0.07350221666666634
0.07829055000000018
0.035194549999999936
0.025618049999998505
0.01604154999999885
-0.019871450000000124
-0.055784450000000874
-0.06536145000000104
-0.07493845000000121
-0.0845154499999996
-0.09409244999999977
-0.180283450000001
0.03040654999999859
-0.0031124500000014876
-0.03663144999999979
-0.07015044999999986
0.15490454999999947
0.12497705000000003
0.09504954999999882
0.06512204999999938
0.035194549999999936
0.09744354999999949
0.09744354999999949
0.09744354999999949
0.09744354999999949
0.09744354999999949
0.09744354999999949
0.09744354999999949
0.011252550000000028
0.00407004999999927
-0.0031124499999997113
-0.07015044999999986
-0.12282245000000103
-0.14197645000000136
0.07829055000000018
0.008858549999999354
-0.060573449999999696
0.06871355000000001
0.19800054999999972
0.14213588333333327
0.08627121666666504
0.03040654999999859
0.08786754999999857
0.0719062166666653
0.05594488333333203
0.03998354999999876
-0.055784450000000874
-0.0031124499999997113
0.049559549999999675
-0.04141995000000165
-0.1323994500000012
-0.07254445000000054
-0.01268944999999988
-0.07254445000000054
-0.1323994500000012
-0.015083450000000553
0.10223255000000009
0.07988654999999945
0.05754055000000058
0.035194549999999936
0.07829021666666591
0.12138588333333367
0.16448154999999964
0.1293665500000003
0.09425154999999918
0.05913654999999984
-0.0007179500000020766
-0.03503478333333554
-0.06935161666666723
-0.10366845000000069
0.01604154999999885
-0.04461178333333393
-0.10526511666666849
-0.16591845000000127
0.10223255000000009
0.047165800000000146
-0.007900949999999796
-0.06296770000000151
-0.11803445000000146
0.1213855499999994
0.08786754999999857
0.0782905499999984
0.06871355000000001
0.05434855000000027
0.03998354999999876
0.011253049999998765
-0.017477450000001227
-0.06057295000000096
-0.10366845000000069
-0.11324545000000086
-0.07685365000000033
-0.0404618499999998
-0.0040700500000010464
0.03232174999999948
0.06871355000000001
-0.02226595000000131
-0.11324545000000086
0.2027885499999993
0.09744405
-0.007900450000001058
0.07829055000000018
-0.031842450000000966
-0.027054450000001395
-0.02226645000000005
-0.023862449999999313
-0.025458450000000354
-0.027054450000001395
-0.02865045000000066
-0.030246449999999925
-0.031842450000000966
-0.08690945000000028
-0.14197645000000136
0.11180955000000026
-0.18507145000000058
0.18842354999999955
0.0998380499999989
0.011252550000000028
0.03040654999999859
0.03758904999999935
0.044771550000000104
-0.00790078333333355
-0.060573116666667204
-0.11324545000000086
-0.08068445000000146
-0.04812345000000029
-0.015562450000000894
0.01699855000000028
0.049559549999999675
-0.04301611666666716
-0.135591783333334
-0.22816745000000083
-0.01268944999999988
0.2027885499999993
0.0998380499999989
-0.0031124499999997113
0.028810216666666832
0.060732883333333376
0.09265554999999992
-0.055784450000000874
-0.017477450000001227
-0.06695778333333458
-0.11643811666666792
-0.16591845000000127
0.1213855499999994
-0.01268944999999988
0.10702054999999966
0.2267305499999992
0.044771550000000104
0.035194549999999936
0.025617549999999767
-0.029448950000000806
-0.08451545000000138
-0.13958195000000018
-0.19464845000000075
-0.09409211666666728
0.006464216666666189
0.10702054999999966
-0.0007184500000008143
-0.10845745000000129
0.29376854999999935
0.17884704999999812
0.06392554999999867
0.08786754999999857
0.11180955000000026
0.13575155000000017
-0.007900450000001058
-0.06057295000000096
-0.11324545000000086
-0.05339045000000198
0.006464549999998681
-0.1276109500000011
-0.2616864500000009
-0.17429795000000148
-0.08690945000000028
0.0004790499999991482
0.08786754999999857
-0.2138024500000011
0.13096254999999957
0.06871354999999824
0.006464549999998681
0.07350204999999832
0.14053954999999974
0.0782905499999984
0.01604154999999885
-0.010294950000000469
-0.03663144999999979
0.013647049999999439
0.06392554999999867
-0.015083450000000553
-0.09409244999999977
-0.02944894999999903
0.035194549999999936
0.0998380499999989
0.16448154999999964
-0.10845745000000129
0.06392554999999867
0.02920954999999914
-0.005506450000002161
-0.040222450000001686
-0.07493845000000121
0.06871355000000001
0.03280055000000104
-0.0031124499999997113
-0.0031124499999997113
-0.0031124499999997113
-0.0031124499999997113
0.0004787999999997794
0.00407004999999927
0.007661300000000537
0.011252550000000028
0.014843799999999518
0.018435050000000786
0.022026300000000276
0.025617549999999767
-0.041419450000001135
0.00407004999999927
0.02082954999999842
0.035194549999999936
-0.01268944999999988
-0.01268944999999988
-0.01268944999999988
-0.01268944999999988
-0.01268944999999988
-0.0015164500000004466
0.009656550000000763
0.020829550000000197
-0.01268944999999988
0.05434855000000027
0.018435549999999523
-0.017477450000001227
0.00407004999999927
0.025617549999999767
0.020829550000000197
0.008858549999999354
-0.0031124499999997113
0.014444883333332825
0.03200221666666714
0.049559549999999675
-0.005506950000000899
-0.060573449999999696
-0.03471605000000011
-0.008858650000000523
0.01699875000000084
0.042856150000000426
0.06871355000000001
0.02082954999999842
-0.027054450000001395
0.006464549999998681
0.08307854999999975
-0.07015044999999986
-0.005506950000000899
0.05913654999999984
0.03280054999999926
0.006464549999998681
0.004968174999998354
0.0034717999999980265
0.0019754249999994755
0.0004790499999991482
-0.001017325000001179
-0.0025137000000015064
-0.004010075000001834
-0.005506450000002161
-0.007002825000000712
-0.00849920000000104
-0.009995575000001367
-0.011491950000001694
-0.012988325000002021
-0.014484700000000572
-0.0159810750000009
-0.017477450000001227
0.014445216666665317
0.04636788333333364
0.07829055000000018
0.001676050000000373
-0.07493845000000121
-0.04940045000000026
-0.02386245000000109
0.001675549999999859
0.025617549999999767
0.049559549999999675
-0.1515524500000005
0.02561805000000028
-0.024659950000000208
-0.020669783333334024
-0.12282245000000103
0.08307854999999975
0.0064640499999999435
-0.07015044999999986
-0.1096547000000001
-0.14915895000000035
-0.18866320000000059
-0.22816745000000083
0.12617455
-0.060573449999999696
-0.1323994500000012
-0.08511395000000022
-0.03782845000000101
0.00945704999999819
0.05674254999999917
0.0028730499999980452
-0.0509964500000013
0.04237754999999943
0.13575155000000017
0.10606334999999945
0.0763751500000005
0.04668694999999978
0.01699875000000084
-0.01268944999999988
-0.18507145000000058
0.001676050000000373
0.18842354999999955
-0.07015044999999986
-0.08212144999999893
-0.09409244999999977
0.09744354999999949
0.05913654999999984
0.020829550000000197
0.006464550000000457
-0.007900450000001058
0.019233549999999155
0.04636754999999937
0.07350154999999958
0.03040604999999985
-0.01268944999999988
-0.0019154500000002628
0.008858549999999354
0.01963254999999897
0.03040654999999859
-0.03423695000000038
0.0016758833333323508
0.037588716666666855
0.07350154999999958
-0.01268944999999988
-0.043813950000000546
-0.07493845000000121
-0.015083450000000553
0.044771550000000104
0.037588949999999954
0.030406349999999804
0.023223749999999654
0.016041149999999504
0.008858549999999354
0.01005555000000058
0.011252550000000028
-0.007900949999999796
-0.027054450000001395
0.09265554999999992
0.018435549999999523
-0.055784450000000874
-0.05339045000000198
-0.0509964500000013
0.023223549999999094
0.09744354999999949
0.006464049999998167
-0.08451545000000138
-0.027054450000001395
0.03040654999999859
0.04237754999999943
0.05434855000000027
7.988333333308617e-05
-0.0541887833333341
-0.10845745000000129
0.13096254999999957
0.05674254999999917
-0.017477450000001227
-0.027054450000001395
-0.03663144999999979
0.020829550000000197
0.07829055000000018
-0.0031124499999997113
-0.08451545000000138
-0.025458450000000354
0.033598549999998895
0.09265554999999992
-0.017477450000001227
-0.03902545000000046
-0.060573449999999696
-0.009497116666667083
0.04157921666666731
0.09265554999999992
-0.005506450000000385
-0.10366845000000069
0.12617455
0.04956005000000019
-0.027054450000001395
-0.017477450000001227
-0.007900450000001058
0.014844300000000032
0.03758904999999935
0.06033379999999866
0.08307854999999975
0.04237730000000006
0.001676050000000373
-0.03902520000000109
-0.07972645000000078
0.09265554999999992
-0.07972645000000078
0.025617549999999767
0.05913654999999984
-0.060573449999999696
0.035194549999999936
0.13096254999999957
0.03040604999999985
-0.07015044999999986
-0.030247116666666685
0.009656216666666495
0.049559549999999675
0.035194549999999936
0.020829550000000197
-0.005506450000000385
-0.031842450000000966
0.044771550000000104
-0.007900949999999796
-0.060573449999999696
-0.010294950000000469
0.03998354999999876
0.023224049999999608
0.006464549999998681
0.001676050000000373
-0.0031124499999997113
0.02242554999999946
0.04796355000000041
0.07350154999999958
-0.01268944999999988
-0.019073783333332983
-0.025458116666667863
-0.031842450000000966
-0.05418845000000161
-0.07653445000000048
-0.09888045000000112
-0.041419450000001135
0.05913654999999984
0.0567422999999998
0.05434804999999976
0.05195379999999972
0.049559549999999675
0.07350154999999958
0.023223549999999094
-0.027054450000001395
-0.006304783333334285
0.014444883333332825
0.035194549999999936
-0.017477450000001227
0.011252550000000028
0.01284888333333356
0.014445216666665317
0.01604154999999885
0.013647049999999439
0.011252550000000028
0.006464549999998681
-0.0007179500000020766
-0.007900450000001058
-0.010294950000000469
-0.01268944999999988
-0.0055066999999997535
0.001676050000000373
0.008858799999998723
0.01604154999999885
0.01564246666666591
0.015243383333332972
0.014844300000000032
0.014445216666665317
0.014046133333332378
0.013647049999999439
0.011252550000000028
0.011253049999998765
0.011252799999999397
0.011252550000000028
0.006464216666666189
0.0016758833333341272
-0.0031124499999997113
-0.010294950000000469
-0.017477450000001227
-0.01189095000000151
-0.006304450000001793
-0.0007179500000020766
0.012449799999998845
0.025617549999999767
0.02082921666666593
0.016040883333333866
0.011252550000000028
0.006464549999998681
0.006464549999998681
0.006464549999998681
-0.0007179500000020766
-0.007900450000001058
-0.0007179500000003003
0.006464550000000457
0.013647049999999439
0.020829550000000197
0.001675549999999859
0.01604154999999885
0.001676050000000373
-0.01268944999999988
-0.01268944999999988
-0.01268944999999988
-0.0031124499999997113
0.006464549999998681
0.018435549999999523
0.03040654999999859
0.03040654999999859
0.03040654999999859
0.03519504999999867
0.03998354999999876
0.02721421666666579
0.014444883333332825
0.001675549999999859
-0.007900949999999796
-0.017477450000001227
-0.01268944999999988
-0.019871950000000638
-0.027054450000001395
-0.017477450000001227
-0.007900450000001058
0.008858549999999354
0.025617549999999767
0.03758854999999883
0.049559549999999675
0.028012049999999178
0.006464549999998681
0.006464549999998681
0.006464549999998681
0.006464549999998681
0.020829550000000197
0.00407004999999927
-0.01268944999999988
-0.01268944999999988
-0.01268944999999988
-0.01268944999999988
0.01604154999999885
0.03040654999999859
0.02561821666666475
0.02082988333333269
0.01604154999999885
