-0.01053489999999968
-0.012928900000000354
-0.015322899999999251
-0.012928900000000354
-0.01053489999999968
-0.01053489999999968
-0.01053489999999968
-0.01053489999999968
-0.015322899999999251
-0.015322899999999251
-0.015322899999999251
-0.010534566666665413
-0.00574623333333335
-0.0009578999999995119
-0.020110900000000598
-0.017716899999999924
-0.015322899999999251
-0.015322899999999251
-0.015322899999999251
-0.00814040000000027
-0.0009578999999995119
-0.004150233333332309
-0.007342566666666883
-0.01053489999999968
-0.01053489999999968
0.003830599999998796
0.01819609999999905
0.003830599999998796
-0.01053489999999968
-0.020111399999999335
-0.029687900000000766
-0.020111399999999335
-0.01053489999999968
-0.00814040000000027
-0.005745900000000859
-0.007342233333334391
-0.008938566666666148
-0.01053489999999968
-0.01053489999999968
-0.01053489999999968
-0.01053489999999968
-0.01053489999999968
-0.01053489999999968
-0.01053489999999968
-0.01053489999999968
-0.01053489999999968
-0.01053489999999968
-0.01053489999999968
-0.01053489999999968
-0.01053489999999968
-0.01053489999999968
-0.009337650000000863
-0.00814040000000027
-0.005745900000000859
-0.005745900000000859
-0.017716899999999924
-0.010534399999999167
-0.015322774999999567
-0.020111149999999967
-0.024899525000000367
-0.029687900000000766
-0.01053489999999968
-0.012928900000000354
-0.015322899999999251
-0.01053489999999968
-0.02489989999999942
-0.039264900000000935
-0.029687900000000766
-0.024899400000000682
-0.020110900000000598
-0.0009574000000007743
0.01819609999999905
0.015003766666666252
0.011811433333333454
0.008619100000000657
-0.015322899999999251
-0.016918900000000292
-0.018514899999999557
-0.020110900000000598
-0.020110900000000598
-0.020110900000000598
-0.017716899999999924
-0.015322899999999251
-0.010534399999999167
-0.005745900000000859
-0.01053489999999968
-0.016520399999999213
-0.022505900000000523
-0.028491400000000056
-0.03447689999999959
-0.02489989999999942
-0.01771740000000044
-0.01053489999999968
-0.012131011111110368
-0.013727122222221055
-0.015323233333333519
-0.016919344444444206
-0.018515455555554894
-0.02011156666666558
-0.021707677777778045
-0.023303788888888732
-0.02489989999999942
0.01819609999999905
-0.0009578999999995119
-0.01053489999999968
-0.01771740000000044
-0.02489989999999942
-0.020111399999999335
-0.015322899999999251
-0.020110900000000598
-0.020110900000000598
-0.028091566666667234
-0.03607223333333387
-0.044052900000000506
-0.005745900000000859
-0.004149899999999818
-0.002553900000000553
-0.0009578999999995119
0.008619100000000657
0.0062249333333337376
0.0038307666666668183
0.001436599999999899
-0.0009575666666670202
-0.0033517333333339394
-0.005745900000000859
-0.029687900000000766
-0.023303566666667663
-0.016919233333332784
-0.01053489999999968
-0.01771740000000044
-0.02489989999999942
-0.0009578999999995119
-0.00814040000000027
-0.015322899999999251
-0.016918900000000292
-0.018514899999999557
-0.020110900000000598
-0.018514899999999557
-0.016918900000000292
-0.015322899999999251
-0.014125899999999803
-0.012928900000000354
-0.01173189999999913
-0.01053489999999968
-0.005746399999999596
-0.020110900000000598
-0.02250540000000001
-0.02489989999999942
-0.012928900000000354
-0.0009578999999995119
0.001436599999999899
0.00383109999999931
-0.0177169000000017
-0.039264900000000935
-0.027293900000000093
-0.015322899999999251
-0.012130566666666454
-0.008938233333333656
-0.005745900000000859
-0.0009578999999995119
-0.003352149999999554
-0.005746399999999596
-0.008140649999999638
-0.01053489999999968
-0.005745900000000859
-0.005745900000000859
-0.010534399999999167
-0.015322899999999251
-0.020111399999999335
-0.02489989999999942
-0.02489989999999942
-0.02489989999999942
-0.02489989999999942
-0.02489989999999942
-0.02210664999999956
-0.019313399999999703
-0.016520149999999845
-0.013726899999999986
-0.010933650000000128
-0.00814040000000027
-0.01771740000000044
-0.02489989999999942
-0.012928900000000354
-0.0009578999999995119
-0.0009578999999995119
-0.0009578999999995119
-0.004788500000000084
-0.008619100000000657
-0.012449699999999453
-0.016280300000000025
-0.020110900000000598
-0.01053489999999968
-0.015322899999999251
-0.015322899999999251
-0.017716899999999924
-0.020110900000000598
-0.020110900000000598
-0.020110900000000598
-0.02250540000000001
-0.02489989999999942
-0.02250540000000001
-0.020110900000000598
-0.008139900000001532
0.00383109999999931
0.00861909999999888
0.013407100000000227
-0.0033519000000001853
-0.020110900000000598
-0.015322899999999251
-0.016918900000000292
-0.018514899999999557
-0.020110900000000598
-0.017716899999999924
-0.015322899999999251
-0.014844099999999472
-0.014365299999999692
-0.013886499999999913
-0.013407700000000133
-0.012928900000000354
-0.012450099999998798
-0.011971299999999019
-0.01149249999999924
-0.01101369999999946
-0.01053489999999968
-0.020110900000000598
-0.020110900000000598
-0.01053489999999968
0.00383109999999931
0.00383109999999931
0.027773099999999218
-0.008139900000001532
-0.02849089999999954
-0.04884189999999933
-0.05841839999999898
-0.06799490000000041
-0.059216233333334145
-0.0504375666666661
-0.04165889999999983
-0.032880233333333564
-0.02410156666666552
-0.015322899999999251
-0.020110900000000598
-0.02489989999999942
-0.04884189999999933
-0.02489989999999942
-0.04165939999999857
-0.058418899999999496
-0.06959156666666644
-0.08076423333333338
-0.09193690000000032
-0.07278389999999924
-0.05910275714285618
-0.04542161428571312
-0.03174047142857006
-0.01805932857142878
-0.0043781857142857206
0.009302957142857338
0.022984100000000396
0.016599544444444447
0.010214988888888499
0.0038304333333343266
-0.002554122222221622
-0.00893867777777757
-0.015323233333333519
-0.02170778888888769
-0.02809234444444364
-0.03447689999999959
-0.101514400000001
-0.04405339999999924
-0.11587890000000023
-0.03208240000000018
-0.039264900000000935
-0.049440275000000256
-0.05961565000000135
-0.06979102500000067
-0.07996640000000177
-0.09014177500000109
-0.10031715000000041
-0.1104925250000015
-0.12066790000000083
-0.12066790000000083
-0.12066790000000083
0.00383109999999931
-0.09193740000000084
-0.1254559000000004
0.008619100000000657
-0.012130566666666454
-0.032880233333333564
-0.053629900000000674
-0.130244900000001
-0.13503290000000057
-0.11800745555555636
-0.10098201111111216
-0.08395656666666795
-0.06693112222222375
-0.04990567777777777
-0.032880233333333564
-0.01585478888888936
0.0011706555555548448
0.01819609999999905
-0.06320690000000084
-0.11587890000000023
-0.14460990000000074
-0.029687900000000766
-0.06799490000000041
-0.08714865000000138
-0.10630240000000057
-0.12545614999999977
-0.14460990000000074
0.08044510000000038
0.015801600000001415
-0.04884189999999933
0.13790610000000036
0.06129160000000056
-0.015322899999999251
0.04213810000000073
0.09959910000000072
0.05889759999999988
0.01819609999999905
0.05171484999999976
0.08523360000000046
0.1187523499999994
0.1522711000000001
0.027773099999999218
0.025378599999999807
0.022984100000000396
0.02777260000000048
0.032561100000000565
0.025378599999999807
0.01819609999999905
0.02777260000000048
0.037349100000000135
-0.053629900000000674
-0.023303566666667663
0.007022766666667124
0.037349100000000135
0.0014361000000011614
-0.03447689999999959
0.013407100000000227
0.06129110000000004
-0.0033519000000001853
-0.06799490000000041
-0.044052900000000506
-0.020110900000000598
0.00383109999999931
0.027773099999999218
0.00383109999999931
-0.020110900000000598
0.001436599999999899
-0.005745900000000859
-0.010534233333334697
-0.01532256666666676
-0.020110900000000598
0.008619433333333149
0.037349766666666895
0.06608010000000064
-0.02489989999999942
-0.012130899999998945
0.0006380999999997528
0.013407100000000227
-0.029687900000000766
-0.0009574000000007743
0.027773099999999218
-0.053629900000000674
-0.039264900000000935
-0.02489989999999942
-0.020111399999999335
-0.015322899999999251
-0.014125899999999803
-0.012928900000000354
-0.01173189999999913
-0.01053489999999968
-0.012130900000000722
-0.013726899999999986
-0.015322899999999251
-0.016918900000000292
-0.018514900000001333
-0.020110900000000598
-0.058418899999999496
0.051715099999999126
-0.005746399999999596
-0.039264900000000935
-0.020111233333334866
-0.0009575666666670202
0.01819609999999905
0.006225099999999983
-0.005745900000000859
-0.0177169000000017
-0.029687900000000766
0.006224600000001246
-0.02130864999999993
-0.04884189999999933
-0.010534399999999167
0.027773099999999218
-0.0009574000000007743
-0.029687900000000766
-0.02250540000000001
-0.015322899999999251
-0.005745899999999082
0.00383109999999931
-0.034476233333334605
-0.07278356666666674
-0.11109090000000066
-0.06679815000000033
-0.02250540000000001
0.021787350000000316
0.06608010000000064
0.03575343333333336
0.005426766666667859
-0.02489989999999942
0.0014363500000005303
0.02777260000000048
-0.07757190000000058
-0.04884149999999998
-0.020111099999999382
0.008619299999999441
0.03734970000000004
0.06608010000000064
-0.056024400000000085
-0.023303566666665887
0.009417266666666535
0.04213810000000073
-0.10151390000000049
-0.08140260000000055
-0.061291300000000604
-0.04118000000000066
-0.021068700000000717
-0.0009573999999989979
0.019153900000000945
0.03926520000000089
0.05937650000000083
0.07948780000000077
0.09959910000000072
-0.0823608999999994
0.015801599999999638
-0.06799490000000041
-0.015322899999999251
-0.01173164999999976
-0.00814040000000027
-0.004549149999999003
-0.0009578999999995119
-0.04884140000000059
0.03495534999999883
0.11875210000000003
0.06607976666666637
0.013407433333332719
-0.039264900000000935
-0.11587890000000023
0.0038311000000010864
0.12354110000000063
0.006225099999999983
-0.11109090000000066
-0.08714890000000075
-0.06320689999999907
-0.03926489999999916
-0.015322899999999251
0.051715099999999126
-0.09193690000000032
-0.0376685666666674
0.016599766666667293
0.07086810000000021
-0.053629900000000674
-0.029687900000000766
-0.005745900000000859
0.015801599999999638
0.037349100000000135
-0.03687090000000026
-0.11109090000000066
-0.015322899999999251
0.08044510000000038
0.045729100000000855
0.01101310000000133
-0.02370289999999997
-0.058418899999999496
-0.07038990000000034
-0.0823608999999994
-0.02489989999999942
0.032561100000000565
0.09002210000000055
0.008619100000000657
-0.07278389999999924
0.03016709999999989
0.007023099999999616
-0.01612090000000066
-0.039264900000000935
-0.022026700000001398
-0.004788500000000084
0.012449699999999453
0.029687900000000766
0.046926100000000304
-0.058418899999999496
0.037349100000000135
-0.020110900000000598
-0.09193690000000032
-0.032880233333333564
0.026176433333333193
0.08523309999999995
0.0397434333333333
-0.00574623333333335
-0.0512359
0.005027600000000021
0.06129110000000004
0.018195766666666557
-0.024899566666666928
-0.06799490000000041
-0.020110900000000598
0.027773099999999218
-0.01053489999999968
-0.01771740000000044
-0.02489989999999942
-0.005746399999999596
0.013407100000000227
-0.09672590000000092
-0.012928900000000354
0.07086810000000021
0.030964766666667032
-0.008938566666666148
-0.04884189999999933
-0.052034233333332125
-0.0552265666666667
-0.058418899999999496
-0.0009578999999995119
0.05650310000000047
-0.04884189999999933
-0.012928900000000354
0.022984100000000396
0.01101310000000133
-0.0009578999999995119
-0.03447689999999959
-0.005746399999999596
0.022984100000000396
-0.010534399999999167
-0.044052900000000506
-0.028490650000000173
-0.012928400000001616
0.0026338499999987164
0.01819609999999905
-0.020110900000000598
-0.03447640000000085
-0.04884189999999933
0.04213810000000073
0.018196100000000826
-0.005745900000000859
-0.029687900000000766
-0.015322899999999251
-0.010534399999999167
-0.005745900000000859
-0.015322900000001027
-0.02489989999999942
-0.03447689999999959
-0.02489989999999942
-0.015322899999999251
-0.005745900000000859
0.00383109999999931
-0.010534233333334697
-0.024899566666666928
-0.039264900000000935
-0.0009579000000012883
0.037349100000000135
0.030166599999999377
0.022984100000000396
0.015801599999999638
0.00861909999999888
0.001436599999999899
-0.005745900000000859
-0.03447689999999959
0.013407100000000227
-0.012928900000000354
0.00383109999999931
-0.005745899999999082
-0.015322899999999251
-0.009337399999999718
-0.0033519000000001853
-0.011731400000000392
-0.020110900000000598
-0.020110900000000598
-0.020110900000000598
-0.029687900000000766
-0.039264900000000935
-0.010534400000000943
0.01819609999999905
-0.0033519000000001853
-0.02489989999999942
-0.016520149999999845
-0.00814040000000027
0.00023935000000108175
0.008619100000000657
-0.005745900000000859
-0.00814040000000027
-0.01053489999999968
-0.007342566666666883
-0.004150233333332309
-0.0009578999999995119
-0.005746300000000204
-0.01053469999999912
-0.015323099999999812
-0.020111499999998728
-0.02489989999999942
0.00383109999999931
-0.01053489999999968
-0.005745900000000859
-0.003009757142857339
-0.00027361428571559543
0.0024625285714279244
0.005198671428571444
0.007934814285714964
0.010670957142856707
0.013407100000000227
-0.0009578999999995119
-0.0018028999999994966
-0.0026478999999994812
-0.003492899999999466
-0.0043378999999994505
-0.005182899999999435
-0.00602789999999942
-0.0068728999999994045
-0.007717899999999389
-0.008562899999999374
-0.009407899999999358
-0.010252899999999343
-0.011097899999999328
-0.011942899999999312
-0.012787899999999297
-0.013632899999999282
-0.014477899999999266
-0.015322899999999251
-0.012928649999999209
-0.010534399999999167
-0.008140149999999124
-0.005745899999999082
-0.02489989999999942
-0.012928900000000354
-0.0009578999999995119
-0.0023260428571418856
-0.0036941857142860357
-0.005062328571428409
-0.006430471428570783
-0.007798614285713157
-0.009166757142857307
-0.01053489999999968
-0.020110900000000598
-0.02170723333333413
-0.005745899999999082
-0.0009575666666670202
-0.012928400000001616
-0.020110900000000598
-0.00574623333333335
-0.012130788888889299
-0.01851534444444347
-0.02489989999999942
-0.01771740000000044
-0.01053489999999968
-0.0009578999999995119
-0.01771740000000044
-0.03447689999999959
-0.015322899999999251
0.00383109999999931
-0.0009578999999995119
-0.0033519000000001853
-0.005745900000000859
-0.005745900000000859
-0.005745900000000859
-0.005745900000000859
-0.015322899999999251
-0.01851523333333205
-0.021707566666666622
-0.02489989999999942
-0.02649590000000046
-0.028091899999999725
-0.029687900000000766
-0.02489989999999942
-0.020111399999999335
-0.015322899999999251
-0.015322899999999251
-0.015322899999999251
-0.015322899999999251
-0.015322899999999251
0.008619100000000657
0.0038306000000005724
-0.0009578999999995119
-0.00574623333333335
-0.010534566666665413
-0.015322899999999251
-0.010534399999999167
-0.005745900000000859
-0.00814040000000027
-0.01053489999999968
-0.005746399999999596
