-0.0005852424444444115
-5.32002222222161e-05
0.00047884200000003485
0.00047884200000003485
0.002873051999999987
0.00047884200000003485
-0.0007182529999999465
-0.0019153479999999834
-0.0031124430000000203
-0.004309538000000002
-0.0007182479999999769
0.002873042000000048
0.0016759420000000413
0.00047884200000003485
0.002873042000000048
0.005267242000000005
0.005267242000000005
0.005267242000000005
0.005267242000000005
0.005267242000000005
0.00047884200000003485
-0.0011172946666666572
-0.0027134313333332938
-0.004309567999999986
-0.005905704666666678
-0.0075018413333333145
-0.009097978000000007
-0.0019153680000000284
0.00047884200000003485
0.00047884200000003485
0.00047884200000003485
0.00047884200000003485
0.00047884200000003485
-0.005905697999999959
-0.012290238000000009
-0.018674778000000003
-0.004309538000000002
-0.004309538000000002
-0.004309538000000002
-0.004309538000000002
-0.004309538000000002
-0.004309538000000002
-0.004309538000000002
-0.004309538000000002
0.005267242000000005
0.00047884200000003485
0.00047884200000003485
0.00047884200000003485
0.00047884200000003485
0.00047884200000003485
0.00047884200000003485
0.00047884200000003485
0.00047884200000003485
-0.0011172846666666625
-0.0027134113333333043
-0.004309538000000002
0.010055642000000031
-0.004309538000000002
0.00047885533333336117
0.0052672486666666685
0.010055642000000031
0.005267242000000061
0.00047884200000003485
0.010055642000000031
0.0004788319999999846
-0.009097978000000007
0.005267242000000005
0.010055642000000031
0.002873051999999987
-0.004309538000000002
0.019632442000000028
0.015801722000000018
0.011971002000000008
0.008140282000000054
0.0043095620000000445
0.00047884200000003485
0.005267242000000005
0.005267242000000005
0.005267242000000005
0.005267242000000005
0.005267242000000005
0.005267242000000005
0.005267242000000005
0.0028730319999999976
0.00047884200000003485
0.002873042000000048
0.005267242000000005
0.005267242000000005
0.005267242000000005
0.004309561999999989
0.0033518820000000282
0.002394202000000012
0.0014365220000000511
0.00047884200000003485
-0.004309538000000002
-0.001573312285714279
0.0011629134285714438
0.0038991391428571665
0.006635364857142834
0.009371590571428556
0.012107816285714279
0.014844042000000002
-0.004309538000000002
-0.004309538000000002
-0.013886377999999977
-0.01268927799999997
-0.01149217800000002
-0.010295078000000013
-0.009097978000000007
-0.004309567999999986
0.00047884200000003485
0.00047884200000003485
0.00047884200000003485
0.00047884200000003485
0.00047884200000003485
0.002873042000000048
0.005267242000000005
0.002873042000000048
0.00047884200000003485
-0.009097978000000007
0.007661442000000018
0.007182602000000038
0.006703762000000002
0.006224922000000022
0.005746081999999986
0.005267242000000005
0.0004788519999999741
-0.009097962999999987
-0.018674778000000003
-0.01628057799999999
-0.013886377999999977
-0.006703767999999943
0.00047884200000003485
0.007661442000000018
0.014844042000000002
0.014159984857142871
0.01347592771428574
0.01279187057142861
0.012107813428571423
0.011423756285714293
0.010739699142857162
0.010055642000000031
0.005267242000000061
0.00047884200000003485
-0.0019153479999999834
0.00047884200000003485
0.005267242000000005
0.007661442000000018
0.010055642000000031
0.0004788319999999846
-0.009097978000000007
-0.013886377999999977
-0.010694109111111072
-0.0075018402222222225
-0.004309571333333317
-0.0011173024444444124
0.002074966444444437
0.005267235333333342
0.008459504222222247
0.011651773111111097
0.014844042000000002
0.0028730419999999923
-0.009097958000000017
-0.004309538000000002
0.014844042000000002
0.014844042000000002
0.014844042000000002
0.010055641999999976
0.005267242000000005
0.002873042000000048
0.00047884200000003485
0.0016759420000000413
0.002873042000000048
0.004070141999999999
0.005267242000000005
0.005267242000000005
0.007661442000000018
0.010055642000000031
0.009097962000000015
0.008140281999999999
0.007182602000000038
0.006224922000000022
0.005267242000000005
0.014844042000000002
0.00047884200000003485
0.00207497533333334
0.0036711086666667003
0.005267242000000005
0.005267242000000005
0.005267242000000005
0.005267242000000005
0.005267242000000005
0.005267242000000005
0.00047884200000003485
-0.009097978000000007
-0.009097978000000007
-0.009097978000000007
-0.009097978000000007
-0.009097978000000007
-0.006703758000000004
-0.004309538000000002
0.010055642000000031
0.002873051999999987
-0.004309538000000002
-0.0043095439999999985
-0.004309549999999995
-0.004309555999999992
-0.004309561999999989
-0.004309567999999986
-0.009097972999999981
-0.013886377999999977
-0.006703767999999943
0.00047884200000003485
0.005267242000000061
0.010055642000000031
0.008619124000000034
0.007182606000000036
0.0057460879999999825
0.004309569999999985
0.002873051999999987
0.00047884200000003485
0.0014365220000000511
0.002394202000000012
0.0033518820000000282
0.004309561999999989
0.005267242000000005
-0.0019153479999999834
0.005267242000000005
0.005267242000000005
0.005267242000000005
0.002873042000000048
0.00047884200000003485
0.00207497533333334
0.0036711086666667003
0.005267242000000005
0.002873042000000048
0.00047884200000003485
0.00047884200000003485
0.00047884200000003485
0.00047884200000003485
0.00047884200000003485
0.00047884200000003485
0.0004788519999999741
-0.009097978000000007
-0.006703758000000004
-0.004309538000000002
0.002873051999999987
0.010055642000000031
0.005267242000000061
0.00047884200000003485
-0.009097967999999956
-0.018674778000000003
-0.004309567999999986
0.010055642000000031
0.00800347342857144
0.005951304857142903
0.003899136285714311
0.0018469677142857188
-0.00020520085714287317
-0.0022573694285714097
-0.004309538000000002
-0.004309538000000002
-0.004309538000000002
-0.004309567999999986
0.010055642000000031
-0.013886377999999977
-0.006703767999999943
0.00047884200000003485
-0.009097967999999956
-0.018674778000000003
-0.010055649999999972
-0.0014365219999999956
0.007182606000000036
0.01580173400000001
0.024420862000000043
-0.10007763799999997
0.05315126200000003
-0.05219359800000001
-0.006703767999999999
0.03878606200000001
0.050757076999999984
0.06272809200000001
0.014844057000000022
-0.03303997799999997
0.017238257000000035
0.06751649200000001
0.03160347699999999
-0.004309538000000002
0.005267261999999995
0.014844061999999991
0.024420862000000043
0.03399766200000004
0.043574462000000036
0.02202665199999998
0.014844048666666665
0.00766144533333335
0.00047884200000003485
-0.023463177999999973
-0.018674777999999947
-0.013886377999999977
-0.03782838799999999
-0.061770398000000004
-0.009097967999999956
0.043574462000000036
0.01867476600000001
-0.006224929999999962
-0.03112462599999999
-0.05602432199999996
-0.08092401799999999
-0.009097978000000007
0.03878606200000001
-0.10007763799999997
0.0028730370000000227
0.10582371200000001
0.022026657000000005
-0.061770398000000004
0.00526724700000003
0.07230489200000001
0.07070875866666668
0.06911262533333334
0.06751649200000001
0.03718993533333337
0.006863378666666697
-0.023463177999999973
0.07230489200000001
0.014844047000000027
-0.042616797999999956
0.019632442000000028
0.010055642000000031
0.00047884200000003485
0.017238252000000065
0.03399766200000004
-0.0019153679999999729
-0.037828397999999985
-0.02585738799999998
-0.013886377999999977
-0.012689276333333332
-0.011492174666666632
-0.010295072999999988
-0.009097971333333288
-0.007900869666666643
-0.006703767999999943
-0.005506666333333299
-0.004309564666666654
-0.0031124629999999542
-0.0019153613333333097
-0.0007182596666666097
0.00047884200000003485
-0.0007182579999999716
-0.0019153579999999781
-0.06655879799999997
0.05793967700000002
-0.09528921800000001
0.09624691200000002
-0.08571241799999996
-0.06017426633333328
-0.034636114666666606
-0.009097962999999987
0.01644018866666669
0.041978340333333364
0.06751649200000001
-0.04740519799999998
0.10103531200000002
-0.033039987999999965
0.007661436999999993
0.048362862000000006
-0.045011002999999994
-0.138384868
0.19680338200000003
0.10941502200000003
0.02202666200000003
-0.06536169799999997
-0.15275005799999997
-0.030645777999999957
0.09145850200000002
0.08667009819047622
0.08188169438095241
0.07709329057142858
0.07230488676190477
0.06751648295238097
0.06272807914285716
0.05793967533333333
0.05315127152380955
0.04836286771428572
0.04357446390476194
0.038786060095238106
0.03399765628571427
0.029209252476190495
0.02442084866666666
0.019632444857142883
0.01484404104761905
0.010055637238095216
0.005267233428571438
0.0004788296190476049
-0.004309574190476173
-0.009097978000000007
-0.04022260799999999
-0.07134723799999998
0.09145850200000002
-0.0019153579999999781
-0.05219359800000001
0.06272809200000001
-0.06655879799999997
0.029209262000000014
-0.04261678799999996
0.16328455200000003
-0.035434193
-0.018674778000000003
0.007661447000000043
-0.09050081799999998
-0.03303997799999997
0.024420862000000043
0.08188170200000003
-0.018674778000000003
0.019632457000000048
0.05793969200000004
0.03947013057142862
0.021000569142857195
0.002531007714285771
-0.015938553714285653
-0.03440811514285713
-0.052877676571428556
-0.07134723799999998
0.03399766200000004
0.024420862000000043
0.045968672000000044
-0.157538458
-0.07134720133333333
0.014844055333333328
0.10103531200000002
0.03399766200000004
-0.033039987999999965
-0.10007763799999997
-0.03782839133333332
0.02442085533333338
0.08667010200000003
0.0762952275555556
0.06592035311111114
0.0555454786666667
0.045170604222222244
0.034795729777777784
0.02442085533333338
0.01404598088888892
0.0036711064444444608
-0.006703767999999943
-0.017078642444444403
-0.027453516888888863
-0.03782839133333327
-0.04820326577777778
-0.058578140222222186
-0.06895301466666665
-0.0793278891111111
-0.08970276355555551
-0.10007763799999997
-0.011492177999999964
0.07709328200000001
0.024420851999999993
-0.10007763799999997
0.05315126200000003
-0.05937619799999999
0.19680338200000003
-0.03543418799999998
0.005267242000000005
-0.018674778000000003
-0.03303997799999997
0.04357447200000003
0.120188922
-0.21499933799999993
-0.10606315424999996
0.0028730295000000128
0.11180921325000004
0.220745397
-0.15275005799999997
-0.13564861799999994
-0.11854717799999998
-0.10144573799999995
-0.08434429799999998
-0.06724285799999996
-0.05014141799999994
-0.03303997799999997
-0.015938538000000002
0.0011629020000000212
0.018264342000000044
0.03536578200000001
0.052467222000000036
0.06956866200000003
0.08667010200000003
0.019632442000000028
-0.042616797999999956
-0.011492163
0.05434837949999999
0.120188922
0.0028730520000000426
-0.147961668
0.06033388700000003
0.029807815750000022
-0.0007182554999999868
-0.031244326749999995
-0.061770398000000004
0.09145850200000002
-0.12880803799999996
-0.001915352999999953
0.12497733200000002
0.05434838450000001
-0.016280563000000026
-0.08690951050000001
-0.157538458
0.187226572
0.024420851999999993
-0.138384868
0.05793969200000004
0.048362877000000026
0.03878606200000001
0.01894839057142861
-0.000889280857142849
-0.02072695228571425
-0.04056462371428571
-0.06040229514285711
-0.08023996657142851
-0.10007763799999997
0.13455413200000002
-0.14317326799999996
-0.058578137999999946
0.026016992000000072
0.11061212200000001
-0.08571241799999996
0.05793969200000004
-0.004309567999999986
0.029209262000000014
0.06272809200000001
-0.033039972999999945
-0.12880803799999996
-0.029847707999999973
0.06911262200000004
0.16807295200000003
0.10007762400000003
0.03208229600000001
-0.035913031999999956
-0.10390836000000003
-0.171903688
0.120188922
-0.042616797999999956
-0.039538537999999956
-0.03646027799999996
-0.03338201799999996
-0.03030375799999996
-0.02722549799999996
-0.02414723799999996
-0.02106897799999996
-0.01799071799999996
-0.014912457999999962
-0.011834197999999962
-0.008755937999999963
-0.005677677999999964
-0.0025994179999999645
0.00047884200000003485
0.003557102000000034
0.0066353620000000335
0.009713622000000033
0.012791882000000032
0.01587014200000003
0.01894840200000003
0.02202666200000003
0.01244983700000002
-0.03623226133333329
0.043574467000000006
-0.029847727999999962
0.11061212200000001
0.010055652000000026
-0.09050081799999998
0.09145850200000002
-0.07613561799999996
-0.03543418799999998
0.005267242000000005
0.012449847000000014
0.019632452000000022
0.02681505700000003
0.03399766200000004
-0.009097964666666625
-0.052193591333333345
-0.09528921800000001
0.13455413200000002
-0.10965443799999997
0.08667010200000003
0.042377372000000024
-0.0019153579999999781
-0.04620808799999998
-0.09050081799999998
0.07709328200000001
-0.042616797999999956
-0.02346316799999998
-0.004309538000000002
0.012449861999999978
0.029209262000000014
-0.02106898800000001
-0.07134723799999998
-0.011492187999999959
0.048362862000000006
-0.0019153680000000284
-0.05219359800000001
0.00526724700000003
0.06272809200000001
0.04776433075000003
0.03280056949999999
0.017836808250000002
0.0028730470000000174
-0.012090714249999968
-0.027054475499999953
-0.04201823674999999
-0.05698199799999998
-0.013886367999999982
0.029209262000000014
-0.009097967999999956
-0.006703758000000004
-0.004309557999999991
-0.0019153579999999781
0.00047884200000003485
0.00047884200000003485
0.00047884200000003485
0.00047884200000003485
0.00047884200000003485
0.0011628991428571656
0.0018469562857142963
0.002531013428571427
0.003215070571428613
0.003899127714285744
0.004583184857142875
0.005267242000000005
0.002873042000000048
0.014844042000000002
0.0028730319999999976
-0.009097978000000007
-0.009097978000000007
-0.009097978000000007
-0.0031124730000000045
0.0028730319999999976
0.008858537
0.014844042000000002
0.010055641999999976
0.005267242000000005
0.005267242000000005
0.005267242000000005
-0.009097978000000007
-0.009097978000000007
-0.01149217800000002
-0.013886377999999977
-0.006703767999999943
0.00047884200000003485
-0.004309538000000002
-0.0036254837142857266
-0.002941429428571396
-0.002257375142857121
-0.0015733208571428459
-0.0008892665714285708
-0.00020521228571424022
0.00047884200000003485
0.014844042000000002
0.010055642000000031
0.005267242000000005
0.00047884200000003485
0.005267242000000005
0.012449841999999989
0.008858542000000025
0.005267242000000005
0.0004788519999999741
-0.004309538000000002
0.0004788519999999741
0.005267242000000005
0.006464342000000012
0.007661442000000018
0.008858542000000025
0.010055642000000031
-0.006703758000000004
-0.0007182580000000272
0.005267242000000005
0.007661442000000018
0.010055642000000031
0.007661442000000018
0.005267242000000005
0.010055641999999976
0.014844042000000002
0.010055642000000031
0.005267242000000005
0.00047884200000003485
0.00047884200000003485
0.00047884200000003485
0.00047884200000003485
0.00047884200000003485
0.014844042000000002
0.010055642000000031
-0.0019153679999999729
-0.013886377999999977
0.00047884200000003485
0.00047884200000003485
0.00047884200000003485
0.00047884200000003485
0.0014365220000000511
0.002394202000000012
0.0033518820000000282
0.004309561999999989
0.005267242000000005
-0.004309538000000002
0.005267242000000005
-0.0011172979999999888
-0.007501837999999983
-0.013886377999999977
-0.006703767999999943
0.00047884200000003485
0.002873042000000048
0.005267242000000005
0.005267242000000005
-0.004309567999999986
-0.013886377999999977
-0.009097971333333288
-0.004309564666666654
0.00047884200000003485
-0.004309538000000002
-0.004309538000000002
-0.004309538000000002
-0.004309538000000002
-0.004309538000000002
