-0.0033519099999999025
-0.0033519099999999025
-0.0033519099999999025
-0.0033519099999999025
0.0014365200000001632
0.0004788340000001501
-0.00047885199999986305
-0.0014365379999998762
-0.0023942239999998893
-0.0033519099999999025
0.0014365200000001632
-0.003351889999999913
-0.008140299999999878
-0.012928709999999954
0.001436550000000092
0.011013350000000033
0.006224950000000007
0.001436550000000092
0.001436550000000092
0.001436550000000092
-0.0009576799999999608
-0.0033519099999999025
0.006224950000000118
0.0030326633333334074
-0.000159623333333192
-0.0033519099999999025
0.008619120000000091
0.020590150000000085
0.013407550000000157
0.006224950000000118
0.0014365200000001632
-0.0033519099999999025
-0.008140309999999928
-0.0065441766666666235
-0.0049480433333332074
-0.0033519099999999025
-0.0033519099999999025
-0.0033519099999999025
0.003830720000000065
0.011013350000000033
0.001436550000000092
0.004628816666666702
0.007821083333333423
0.011013350000000033
0.008619150000000131
0.006224950000000118
0.003830750000000105
0.001436550000000092
0.001436550000000092
0.001436550000000092
0.001436550000000092
0.001436550000000092
0.001436550000000092
0.001436550000000092
0.001436550000000092
0.001436550000000092
0.011013350000000033
0.020590150000000085
-0.008140309999999928
-0.0069432099999999775
-0.0057461099999999155
-0.0045490099999998534
-0.0033519099999999025
0.002633620000000114
0.008619150000000131
0.005027850000000056
0.001436550000000092
0.001436550000000092
0.001436550000000092
-0.005746079999999987
-0.012928709999999954
0.003830720000000065
0.020590150000000085
0.009417196666666738
-0.001755756666666608
-0.012928709999999954
-0.010534509999999941
-0.008140309999999928
-0.0057461099999999155
-0.0033519099999999025
0.013407550000000157
0.00742205000000018
0.001436550000000092
0.001436550000000092
0.001436550000000092
0.0019153900000000723
0.0023942300000000527
0.002873070000000144
0.0033519100000001245
0.003830750000000105
0.01580175000000006
0.014205616666666754
0.012609483333333338
0.011013350000000033
0.009417216666666728
0.007821083333333423
0.006224950000000118
0.006224950000000118
0.006224950000000118
0.0048568271428572896
0.00348870428571435
0.002120581428571522
0.0007524585714286935
-0.0006156642857141348
-0.001983787142857074
-0.0033519099999999025
0.001436550000000092
0.001436550000000092
-0.0009576799999999608
-0.0014365259999999935
-0.0019153719999999153
-0.002394217999999948
-0.0028730639999998697
-0.0033519099999999025
-0.0009576799999999608
0.001436550000000092
0.001436550000000092
-0.0033518799999998627
-0.008140309999999928
-0.0009576799999999608
0.006224950000000118
0.0014365200000001632
-0.0033519099999999025
-0.0033519099999999025
-0.0033519099999999025
-0.001983787142857074
-0.0006156642857141348
0.0007524585714286935
0.002120581428571522
0.00348870428571435
0.0048568271428572896
0.006224950000000118
0.003830735000000085
0.0014365200000000522
-0.008140309999999928
0.01580175000000006
0.011013335000000124
0.006224920000000078
0.0014365050000000323
-0.0033519099999999025
-0.012928709999999954
0.006224950000000118
-0.012928709999999954
-0.001755756666666608
0.009417196666666738
0.020590150000000085
-0.008140309999999928
-0.00015962333333330303
0.007821063333333433
0.01580175000000006
0.001436550000000092
-0.0009576799999999608
-0.0033519099999999025
0.0014365200000001632
0.006224950000000118
0.0014365200000001632
-0.0033519099999999025
-0.000159623333333192
0.0030326633333334074
0.006224950000000118
0.002633635000000134
-0.0009576799999999608
-0.004548994999999945
-0.008140309999999928
0.001436550000000092
-0.0033519099999999025
-0.002667844285714205
-0.0019837785714285072
-0.0012997128571428096
-0.000615647142857001
6.841857142869667e-05
0.0007524842857143943
0.001436550000000092
-0.008140274999999919
0.011013350000000033
-0.008140309999999928
0.006224950000000118
0.0022346066666667497
-0.0017557366666666185
-0.005746079999999987
-0.009736423333333244
-0.013726766666666612
-0.01771710999999998
-0.005746094999999896
0.006224920000000078
-0.005746074999999906
0.005027837500000132
0.01580175000000006
0.004628796666666712
-0.006544156666666634
-0.01771710999999998
-0.027293899999999927
-0.019632449999999912
-0.011970999999999954
-0.004309549999999995
0.0033519000000000743
0.011013350000000033
0.003830720000000065
-0.004948019999999942
-0.013726759999999949
-0.0225054999999999
0.001436550000000092
-0.0033518799999998627
-0.008140309999999928
-0.006544171666666543
-0.004948033333333268
-0.0033518949999998826
-0.001755756666666497
-0.0001596183333332224
0.0014365200000001632
0.0026336275000001796
0.003830735000000196
0.0050278425000001015
0.006224950000000118
-0.0033519099999999025
0.008619150000000131
-0.0017557333333332314
-0.012130616666666594
-0.0225054999999999
0.020590150000000085
0.003830720000000065
-0.012928709999999954
0.006224920000000078
0.02537855000000011
0.018195935000000052
0.011013320000000104
0.0038307050000001563
-0.0033519099999999025
0.011013350000000033
0.006224930000000017
0.001436510000000113
-0.0033519099999999025
-0.0033519099999999025
0.006224950000000118
0.0030326633333334074
-0.000159623333333192
-0.0033519099999999025
0.018195920000000143
0.03974375000000008
0.00861912500000006
-0.0225054999999999
0.01580175000000006
0.005027837500000021
-0.005746074999999906
-0.016519987499999944
-0.027293899999999927
-0.010534489999999952
0.006224920000000078
0.006224923333333465
0.006224926666666741
0.006224930000000128
0.0062249333333334045
0.006224936666666792
0.006224940000000068
0.006224943333333455
0.006224946666666731
0.006224950000000118
0.001436550000000092
-0.008140309999999928
-0.0177171049999999
-0.01133256249999992
-0.004948019999999942
0.001436522500000148
0.007821065000000127
0.014205607500000106
0.020590150000000085
-0.03687069999999992
-0.0009576749999998801
0.00782106666666682
0.01659980833333341
0.02537855000000011
-0.03687069999999992
-0.003351874999999893
0.030166950000000026
-0.012928709999999954
-0.001755756666666608
0.009417196666666738
0.020590150000000085
0.013407550000000157
0.006224950000000118
-0.0033519099999999025
0.01580175000000006
-0.005746074999999906
-0.027293899999999927
0.003830725000000035
0.03495535000000005
0.018195937500000037
0.0014365250000000218
-0.015322887499999993
-0.03208229999999995
0.030166950000000026
-0.04165909999999995
-0.016120949999999912
0.009417200000000014
0.03495535000000005
-0.04165909999999995
-0.008140274999999919
0.02537855000000011
0.023250369444444585
0.02112218888888895
0.018994008333333423
0.016865827777777898
0.014737647222222261
0.012609466666666735
0.01048128611111121
0.008353105555555573
0.006224925000000048
-0.012928704999999874
0.006224950000000118
0.0014365300000001024
-0.003351889999999913
-0.008140309999999928
0.01580172000000002
0.03974375000000008
0.02948288571428581
0.019222021428571545
0.008961157142857168
-0.0012997071428570983
-0.011560571428571365
-0.021821435714285686
-0.03208229999999995
-0.003351874999999893
0.02537855000000011
-0.0560243299999999
-0.010534474999999932
0.03495535000000005
-0.04644749999999992
0.04932055000000013
0.020590133333333482
-0.008140283333333276
-0.03687069999999992
0.030166950000000026
0.022984349999999987
0.01580175000000006
0.013886384000000085
0.011971018000000111
0.010055652000000026
0.008140286000000052
0.006224920000000078
0.004309554000000104
0.0023941880000001303
0.0004788220000000454
-0.0014365439999999285
-0.0033519099999999025
0.003830720000000065
0.011013350000000033
-0.008140309999999928
0.03974375000000008
-0.03208229999999995
-0.005746089999999926
-0.00035913666666664845
0.00502781666666674
0.010414770000000129
0.015801723333333406
0.021188676666666684
0.026575630000000072
0.03196258333333346
0.03734953666666674
0.042736490000000016
0.048123443333333404
0.05351039666666679
0.05889735000000007
0.001436510000000113
-0.0560243299999999
0.001436510000000113
0.05889735000000007
-0.0560243299999999
0.03974375000000008
-0.03208229999999995
0.011013350000000033
-0.03208229999999995
0.013407550000000157
0.003830750000000105
-0.008140309999999928
-0.0014365379999998762
0.005267234000000065
0.011971006000000117
0.01867477800000006
0.02537855000000011
-0.04165909999999995
0.003830725000000035
0.02178723750000011
0.03974375000000008
0.018674776000000115
-0.0023941979999999585
-0.02346317199999992
-0.044532145999999884
-0.0656011199999999
0.07326259000000013
-0.03687069999999992
0.00861912500000006
0.054108950000000045
0.02896983750000004
0.003830725000000035
-0.02130838749999997
-0.04644749999999992
-0.017717083333333217
0.01101333333333343
0.03974375000000008
-0.04644749999999992
-0.003351874999999893
0.0023942100000000632
0.00814029500000013
0.013886380000000087
0.019632465000000154
0.02537855000000011
0.01580173500000015
0.006224920000000078
0.0038307125000001108
0.0014365050000000323
-0.0009577024999999351
-0.0033519099999999025
0.0004788220000000454
0.004309554000000104
0.008140286000000052
0.011971018000000111
0.01580175000000006
0.006224950000000118
0.006224950000000007
-0.008140309999999928
0.011013350000000033
-0.0033518799999999738
-0.01771710999999998
-0.011731594999999984
-0.005746079999999987
0.00023943500000012108
0.006224950000000118
-0.012928709999999954
-0.00814029999999999
-0.003351889999999913
0.0014365200000000522
0.006224930000000017
0.011013340000000094
0.01580175000000006
0.0014365200000000522
-0.012928709999999954
-0.005746079999999987
0.001436550000000092
-0.005746079999999987
-0.012928709999999954
0.011013350000000033
0.007821083333333423
0.004628816666666702
0.001436550000000092
0.001436550000000092
0.001436550000000092
0.001436550000000092
0.001436550000000092
0.001436550000000092
-0.0033518799999998627
-0.008140309999999928
-0.008140309999999928
-0.008140309999999928
-0.00015962333333330303
0.007821063333333433
0.01580175000000006
0.013749578571428667
0.011697407142857164
0.009645235714285771
0.007593064285714379
0.005540892857142987
0.003488721428571484
0.001436550000000092
-0.008140309999999928
0.003830720000000065
-0.0009576799999999608
0.03495535000000005
0.006224925000000048
-0.0225054999999999
0.0014365250000001328
0.02537855000000011
-0.03687069999999992
-0.023702587499999928
-0.010534474999999932
0.002633637500000008
0.01580175000000006
-0.012928709999999954
0.0014365200000000522
0.01580175000000006
0.013407550000000046
0.011013350000000033
0.013407550000000046
0.01580175000000006
0.008619150000000131
0.001436550000000092
0.008619150000000131
0.01580175000000006
-0.0009576799999999608
-0.01771710999999998
-0.004948023333333329
0.007821063333333433
0.020590150000000085
0.017397883333333364
0.014205616666666754
0.011013350000000033
-0.008140309999999928
0.006224950000000118
0.0014365200000001632
-0.0033519099999999025
0.006224950000000118
-0.0009576799999999608
-0.008140309999999928
0.0014365200000000522
0.011013350000000033
0.004628796666666712
-0.001755756666666608
-0.008140309999999928
-0.0033518949999999936
0.0014365200000000522
0.006224935000000098
0.011013350000000033
0.001436550000000092
-0.008140309999999928
-0.004149956666666621
-0.00015960333333320254
0.003830750000000105
0.003032683333333397
0.0022346166666668
0.001436550000000092
0.006224950000000118
-0.00015960333333320254
-0.006544156666666634
-0.012928709999999954
-0.01133257666666665
-0.009736443333333233
-0.008140309999999928
-0.012928709999999954
-0.011622777272727203
-0.010316844545454451
-0.00901091181818181
-0.007704979090909059
-0.006399046363636307
-0.005093113636363555
-0.0037871809090908037
-0.002481248181818052
-0.0011753154545454114
0.00013061727272734025
0.001436550000000092
0.006224950000000118
-0.008140309999999928
0.01580175000000006
0.011013350000000033
-0.0057461099999999155
0.006224950000000118
0.003830735000000085
0.0014365200000001632
-0.0009576949999998696
-0.0033519099999999025
0.006224920000000078
0.01580175000000006
0.013407550000000046
0.011013350000000033
-0.0033519099999999025
-0.0057461099999999155
-0.008140309999999928
0.006224950000000118
0.0048568271428572896
0.00348870428571435
0.002120581428571522
0.0007524585714286935
-0.0006156642857141348
-0.001983787142857074
-0.0033519099999999025
-0.0057461099999999155
-0.0065441766666666235
-0.0073422433333332204
-0.008140309999999928
-0.0033519099999999025
0.003830720000000065
0.011013350000000033
0.003830720000000065
