7.18335000000625e-05
7.18335000000625e-05
7.18335000000625e-05
7.18335000000625e-05
-0.007110796500000016
-0.014293426499999984
-0.009504996499999918
-0.0047165664999999635
-0.0047165664999999635
-0.0047165664999999635
-0.0047165664999999635
-0.0047165664999999635
-0.007110796500000016
-0.013096311500000013
-0.01908182650000001
-0.01588955983333329
-0.012697293166666679
-0.009505026499999958
-0.01189922649999997
-0.014293426499999984
-0.01908182650000001
-0.01269727316666669
-0.006312719833333258
7.18335000000625e-05
-0.01908182650000001
-0.01588954983333335
-0.01269727316666669
-0.009504996499999918
-0.006312719833333258
-0.0031204431666665977
7.18335000000625e-05
0.0024660335000000755
0.0048602334999999774
-0.009505026499999958
-0.01908182650000001
-0.009505026499999958
-0.014293426499999984
-0.01908182650000001
-0.01908182650000001
-0.01908182650000001
-0.01429341449999999
-0.00950500249999997
-0.004716590500000062
7.18214999999578e-05
0.0048602334999999774
-0.004716596500000003
-0.014293426499999984
-0.009505026499999958
-0.007110796500000016
-0.0047165664999999635
-0.014293426499999984
-0.009505026499999958
-0.010702126499999909
-0.01189922649999997
-0.013096326500000033
-0.014293426499999984
-0.0047165664999999635
-0.0039184998333332555
-0.0031204331666666585
-0.0023223664999999505
-0.0015242998333332425
-0.0007262331666666455
7.18335000000625e-05
-0.0047165664999999635
-0.009505026499999958
-0.0047165664999999635
0.0024660335000000755
0.009648633500000003
0.0048602334999999774
7.18335000000625e-05
-0.0047165664999999635
-0.009505026499999958
-0.023870226500000036
7.18335000000625e-05
7.18335000000625e-05
7.18335000000625e-05
7.18335000000625e-05
7.18335000000625e-05
7.18335000000625e-05
7.18335000000625e-05
-0.009504996499999918
-0.01908182650000001
-0.01588955983333329
-0.012697293166666679
-0.009505026499999958
-0.0047165664999999635
-0.0047165664999999635
-0.01908182650000001
7.18335000000625e-05
-0.0023223664999999505
-0.0047165664999999635
-0.005913681499999934
-0.007110796500000016
-0.008307911499999987
-0.009505026499999958
-0.014293426499999984
-0.0047165664999999635
-0.009504996499999918
-0.014293426499999984
-0.011101139833333273
-0.007908853166666674
-0.0047165664999999635
-0.009505026499999958
-0.00232239649999999
0.0048602334999999774
7.183349999995148e-05
-0.0047165664999999635
-0.009504996499999918
-0.014293426499999984
-0.009504996499999918
-0.0047165664999999635
-0.010702078999999975
-0.016687591499999987
-0.022673104
-0.028658616499999956
-0.026264418999999983
-0.023870221499999955
-0.021476024000000038
-0.01908182650000001
0.0048602334999999774
-0.01908182650000001
-0.014293426499999984
-0.007110796500000016
7.18335000000625e-05
-0.03344701649999998
-0.023870199833333272
-0.014293383166666618
-0.0047165664999999635
-0.023870226500000036
-0.016687626499999997
-0.009505026499999958
-0.01189922649999997
-0.014293426499999984
-0.01189922649999997
-0.009505026499999958
7.180350000002278e-05
0.009648633500000003
0.003264080166666683
-0.0031204731666666374
-0.009505026499999958
0.009648633500000003
0.00725443349999999
0.0048602334999999774
0.0024660335000000755
7.18335000000625e-05
-0.0023223664999999505
-0.0047165664999999635
-0.011899196500000042
-0.01908182650000001
7.18335000000625e-05
0.0048602334999999774
0.0048602334999999774
-0.014293426499999984
-0.00232239649999999
0.009648633500000003
7.180350000002278e-05
-0.009505026499999958
-0.00897297538888886
-0.008440924277777762
-0.007908873166666663
-0.007376822055555565
-0.006844770944444356
-0.006312719833333258
-0.00578066872222216
-0.005248617611111062
-0.0047165664999999635
-0.009505026499999958
-0.014293426499999984
-0.01908182650000001
-0.0047165664999999635
-0.01908182650000001
7.18335000000625e-05
-0.009505026499999958
-0.01189922649999997
-0.014293426499999984
7.18335000000625e-05
7.18335000000625e-05
7.18335000000625e-05
7.18335000000625e-05
7.18335000000625e-05
7.18335000000625e-05
-0.0047165664999999635
-0.007110781499999996
-0.009504996499999918
-0.011899211499999951
-0.014293426499999984
-0.009505026499999958
-0.007110796500000016
-0.0047165664999999635
7.183349999995148e-05
0.0048602334999999774
0.0012689184999999936
-0.00232239649999999
-0.005913711499999974
-0.009505026499999958
-0.009505026499999958
-0.016687626499999997
-0.023870226500000036
-0.022673126500000085
-0.021476026500000023
-0.02027892649999996
-0.01908182650000001
-0.01788472650000006
-0.016687626499999997
-0.015490526499999935
-0.014293426499999984
7.18335000000625e-05
-0.014293426499999984
-0.009505026499999958
-0.006312749833333298
-0.0031204731666666374
7.180350000002278e-05
0.003264080166666683
0.006456356833333343
0.009648633500000003
-0.0047165664999999635
0.0072544335000001015
0.0048602334999999774
-0.001524319833333343
-0.007908873166666663
-0.014293426499999984
-0.009504996499999918
-0.004716581499999983
7.18335000000625e-05
-0.0011252664999999995
-0.0023223664999999505
-0.0035194664999999015
-0.0047165664999999635
7.18335000000625e-05
7.18335000000625e-05
7.18335000000625e-05
-0.004118031499999897
-0.008307896499999967
-0.012497761500000037
-0.016687626499999997
7.18335000000625e-05
-0.016687591499999987
-0.03344701649999998
-0.02865862149999998
-0.023870226500000036
-0.02027892649999996
-0.016687626499999997
-0.013096326500000033
-0.009505026499999958
0.0048602334999999774
-0.00950499650000003
-0.023870226500000036
7.18335000000625e-05
-0.007110796500000016
-0.014293426499999984
-0.009504996499999918
-0.0047165664999999635
-0.011899196500000042
-0.01908182650000001
-0.004716596500000003
0.009648633500000003
-0.009504991499999949
-0.028658616499999956
-0.0071107914999999355
0.01443703350000003
-0.004716596500000003
-0.023870226500000036
-0.018283749833333363
-0.01269727316666669
-0.007110796500000016
-0.001524319833333343
0.00406215683333333
0.009648633500000003
-0.021476021499999942
-0.023870226500000036
-0.02706248983333337
-0.030254753166666648
-0.03344701649999998
0.0048602334999999774
-0.019081789833333307
-0.04302381316666665
-0.06696583649999999
-0.054396275250000015
-0.04182671399999999
-0.02925715274999996
-0.016687591499999987
-0.010702078999999975
-0.0047165664999999635
7.18335000000625e-05
-0.014293391499999974
-0.028658616499999956
0.004860208500000018
0.03837903350000005
0.012042803500000088
-0.014293426499999984
-0.011899222214285743
-0.009505017928571391
-0.00711081364285715
-0.004716609357142798
-0.002322405071428557
7.179921428579483e-05
0.0024660035000000358
0.004860207785714277
0.007254412071428629
0.00964861635714287
0.012042820642857222
0.014437024928571462
0.016831229214285814
0.019225433500000055
0.019225433500000055
7.18335000000625e-05
0.04795583349999999
-0.014293426499999984
0.004860203499999938
0.02401383349999997
-0.0047165664999999635
0.009648633500000003
0.03837903350000005
0.019225413500000066
7.179349999997253e-05
-0.01908182650000001
0.04795583349999999
-0.028658616499999956
0.02401383350000008
7.18168333333491e-05
-0.023870199833333272
-0.047812216500000004
0.043167433500000074
-0.057389046499999985
-0.03663928649999998
-0.015889526499999973
0.0048602334999999774
0.0048602334999999774
-0.007908849833333398
-0.020677933166666662
-0.03344701649999998
-0.02446876025
-0.01549050399999996
-0.006512247749999922
0.0024660085000000054
0.011444264750000044
0.020422521000000082
0.02940077725000001
0.03837903350000005
-0.07654263649999998
-0.00232239649999999
-0.057389046499999985
-0.011899206499999981
0.03359063350000002
-0.09090786649999999
0.01443703350000003
0.008451518500000033
0.0024660035000000358
-0.003519511499999961
-0.009505026499999958
-0.062177446499999955
0.028802233499999996
-0.023870201499999966
-0.07654263649999998
-0.031052801500000005
0.01443703350000003
0.004860213499999988
-0.004716606499999942
-0.014293426499999984
-0.02067795650000004
-0.027062486499999983
-0.03344701649999998
0.03359063350000002
0.012042813500000027
-0.009505006499999968
-0.011101146499999937
-0.012697286500000016
-0.014293426499999984
-0.03344701649999998
0.009648608500000044
0.052744233500000015
0.0024660085000000054
-0.047812216500000004
-0.0277009265
-0.0075896364999999966
0.012521653500000007
0.03263294350000001
0.052744233500000015
-0.014293426499999984
-0.013335746500000023
-0.012378066499999951
-0.01142038649999999
-0.010462706499999919
-0.009505026499999958
0.019225433500000055
-0.009504991499999949
0.0048602334999999774
-0.021475991500000013
-0.047812216500000004
-0.032249903999999996
-0.016687591499999987
-0.0011252789999999235
0.01443703350000003
-0.01908182650000001
-0.009505026499999958
-0.0033485036428571036
0.0028080192142857507
0.008964542071428605
0.01512106492857146
0.021277587785714314
0.027434110642857168
0.03359063350000002
-0.028658616499999956
0.02401383349999997
-0.047812216500000004
0.009648633500000003
-0.007110796500000016
-0.023870226500000036
0.0048602334999999774
0.0040621668333332694
0.0032641001666666725
0.0024660335000000755
0.0016679668333333675
0.0008699001666666595
7.18335000000625e-05
-0.007110796500000016
-0.014293426499999984
-0.00232239649999999
0.009648633500000003
-0.028658616499999956
0.009648633500000003
-0.009505026499999958
7.18335000000625e-05
0.0064563668333333935
0.012840900166666724
0.019225433500000055
0.004860203500000049
-0.009505026499999958
-0.023870226500000036
-0.014293406499999994
-0.004716586500000064
0.0048602334999999774
-0.052600616499999975
-0.023870191500000026
0.0048602334999999774
-0.00232239649999999
-0.009505026499999958
-0.013495358166666582
-0.017485689833333318
-0.021476021499999942
-0.025466353166666678
-0.029456684833333302
-0.03344701649999998
0.0048602334999999774
-0.007110796500000016
-0.005913681499999934
-0.0047165664999999635
-0.008068451500000018
-0.011420336499999961
-0.014772221500000016
-0.01812410649999996
-0.021475991500000013
-0.024827876499999957
-0.02817976150000001
-0.03153164650000001
-0.03488353150000001
-0.03823541650000001
0.019225433500000055
-0.02865862149999998
0.01443703350000003
-0.0011252789999999235
-0.016687591499999987
-0.032249903999999996
-0.047812216500000004
0.03359063350000002
-0.04302381649999998
-0.020677933166666662
0.001667950166666654
0.02401383349999997
7.18335000000625e-05
-0.014293383166666618
-0.028658599833333298
-0.04302381649999998
0.04795583349999999
-0.057389046499999985
0.04795583349999999
-0.0047165664999999635
-0.007110773999999931
-0.00950498150000001
-0.011899188999999977
-0.014293396499999944
-0.016687604000000023
-0.01908181149999999
-0.02147601900000007
-0.023870226500000036
0.052744233500000015
-0.03823541650000001
0.052744233500000015
-0.023870226500000036
-0.014293426499999984
0.043167433500000074
0.015634116000000087
-0.011899201500000012
-0.039432519
-0.06696583649999999
-0.004716581499999983
0.05753267350000002
-0.023870226500000036
0.009648633500000003
0.028802233499999996
-0.003120456500000035
-0.03504314650000001
-0.06696583649999999
-0.007110801499999986
0.052744233500000015
0.03263294350000001
0.012521653500000007
-0.0075896364999999966
-0.0277009265
-0.047812216500000004
-0.02626439149999993
-0.0047165664999999635
0.028802233499999996
-0.07175423649999996
0.052744233500000015
-0.062177446499999955
-0.04302381983333331
-0.02387019316666661
-0.0047165664999999635
0.043167433500000074
0.015634116000000087
-0.011899201500000012
-0.039432519
-0.06696583649999999
-0.03823541899999999
-0.009505001499999999
0.01922541599999994
0.04795583349999999
0.01603315016666662
-0.015889533166666636
-0.047812216500000004
-0.03823541983333334
-0.028658623166666675
-0.01908182650000001
-0.013761375388888886
-0.008440924277777762
-0.0031204731666666374
0.0021999779444444867
0.0075204290555555
0.012840880166666624
0.018161331277777748
0.023481782388888872
0.028802233499999996
-0.0015243265000000061
-0.03185088649999995
-0.062177446499999955
-0.011899206499999981
0.03837903350000005
-0.009505026499999958
0.016831223499999992
-0.08133103649999995
0.04795583349999999
-0.03584121649999994
-0.009505001499999999
0.00581789350000006
0.021140788500000007
0.036463683500000066
0.05178657850000001
0.06710947350000007
0.01802832600000004
-0.031052821499999994
-0.033447016499999926
0.02401382850000011
0.08147467350000004
0.004860218500000069
-0.07175423649999996
-0.021476001499999953
0.028802233499999996
0.01443703350000003
7.18335000000625e-05
-0.03344700149999996
-0.06696583649999999
-0.052068579833333295
-0.03717132316666666
-0.022274066499999967
-0.007376809833333331
0.007520446833333416
0.022417703500000052
0.03731496016666669
0.052212216833333436
0.06710947350000007
-0.08611946649999996
0.009648633500000003
-0.07175423649999996
0.004860218500000069
0.08147467350000004
-0.10048466649999999
-0.028658616499999956
0.043167433500000074
0.027605118500000025
0.012042803500000088
-0.003519511499999961
-0.01908182650000001
-0.0047166065000000534
0.009648613500000014
0.005458759749999986
0.0012689060000000696
-0.002920947749999958
-0.007110801499999986
-0.011300655250000013
-0.015490509000000041
-0.019680362749999958
-0.023870216499999986
-0.03344701649999998
-0.04302381649999998
0.07189787349999999
0.012840893500000061
-0.046216086499999975
-0.10527306649999996
0.05753267350000002
0.007254428500000021
-0.04302381649999998
-0.028658616499999956
-0.009504998499999973
0.009648619500000066
0.028802237500000105
0.04795585550000003
0.06710947350000007
-0.014293396499999944
-0.021476006499999922
-0.028658616499999956
-0.028658616499999956
-0.01848326024999991
-0.008307903999999922
0.0018674522500000679
0.012042808500000057
0.022218164750000047
0.032393521000000036
0.042568877250000026
0.052744233500000015
-0.08611946649999996
0.01443702850000006
-0.028658616499999956
0.03837903350000005
-0.021476001499999953
-0.08133103649999995
-0.007110781499999885
0.06710947350000007
0.0371819510000001
0.007254428500000021
-0.02267309399999995
-0.052600616499999975
-0.02865859149999994
-0.0047165664999999635
0.04795583349999999
-0.009505001499999999
-0.06696583649999999
0.04795583349999999
0.004860208500000018
-0.03823541650000001
-0.0190817915
7.18335000000625e-05
0.019225433500000055
0.03837903350000005
0.014437016833333316
-0.009504999833333305
-0.03344701649999998
0.043167433500000074
0.009648603499999964
-0.023870226500000036
-0.014293396499999944
-0.0047165664999999635
0.019225433500000055
-0.0047165914999999226
-0.028658616499999956
-0.009504999833333305
0.00964861683333329
0.028802233499999996
0.016831223499999992
0.004860213499999988
-0.007110796500000016
-0.0029209390000000113
0.0012689184999999936
0.0054587759999999985
0.009648633500000003
-0.0011252790000000346
-0.011899191499999962
-0.022673104
-0.03344701649999998
-0.019081804000000036
-0.004716591500000034
0.009648620999999968
0.02401383349999997
0.008451521000000017
-0.0071107915000000466
-0.022673104
-0.03823541650000001
0.009648633500000003
-0.016687626499999997
-0.021475991499999902
-0.015889516499999923
-0.010303041499999943
-0.0047165664999999635
-0.009505026499999958
-0.01189922649999997
-0.014293426499999984
0.02401383349999997
0.015121083499999965
0.006228333499999961
-0.002664416500000044
-0.011557166500000049
-0.020449916500000054
-0.029342666500000003
-0.03823541650000001
7.180350000002278e-05
-0.00591370400000002
-0.011899211499999951
-0.017884718999999993
-0.023870226500000036
0.009648633500000003
-0.014293426499999984
-0.0047165664999999635
7.18335000000625e-05
-0.007110796500000016
-0.014293426499999984
-0.012820068038461474
-0.011346709576923075
-0.009873351115384565
-0.008399992653846167
-0.006926634192307657
-0.005453275730769258
-0.003979917269230748
-0.0025065588076923495
-0.0010332003461538397
0.00044015811538455907
0.0019135165769230689
0.0033868750384614676
0.0048602334999999774
-0.023870226500000036
0.009648633500000003
-0.028658616499999956
0.0048602334999999774
-0.009505026499999958
-0.009505026499999958
-0.01908182650000001
-0.0047165664999999635
-0.0011252664999999995
0.0024660335000000755
0.0060573335000000395
0.009648633500000003
0.0060573335000000395
0.0024660335000000755
-0.0011252664999999995
-0.0047165664999999635
-0.009504996499999918
-0.0047165664999999635
-0.009505026499999958
-0.01189922649999997
-0.014293426499999984
-0.014293426499999984
-0.014293426499999984
-0.014293426499999984
-0.014293426499999984
-0.011420374499999997
-0.00854732250000001
-0.005674270499999912
-0.0028012184999999246
7.18335000000625e-05
-0.004716581499999983
-0.009504996499999918
-0.007110781499999885
-0.0047165664999999635
-0.009505026499999958
-0.010303093166666666
-0.011101159833333263
-0.01189922649999997
-0.012697293166666679
-0.013495359833333276
-0.014293426499999984
-0.014293426499999984
-0.011899196500000042
-0.009504986499999979
-0.007110776500000027
-0.0047165664999999635
7.18335000000625e-05
-0.004716596499999892
-0.009505026499999958
-0.009505026499999958
-0.009505026499999958
-0.009505026499999958
-0.009505026499999958
-0.009505026499999958
-0.014293426499999984
-0.014293426499999984
-0.009505011500000049
-0.004716596500000003
7.181850000004264e-05
0.0048602334999999774
0.0024660334999999645
7.183349999995148e-05
-0.0023223664999999505
-0.0047165664999999635
