-0.0019153625000000174
-0.003112462500000024
0.01604114749999999
-0.003112462500000024
-0.007900862500000022
-0.012689262499999993
-0.005506662500000009
0.0016759374999999743
-0.003112462500000024
-0.007900862500000022
-0.0007182675000000083
0.006464327499999978
0.004868197499999977
0.0032720674999999755
0.0016759374999999743
0.0016759374999999743
0.0016759374999999743
0.0016759374999999743
0.0016759374999999743
-0.003112462500000024
-0.003112462500000024
-0.003112462500000024
-0.003112462500000024
-0.0007182675000000083
7.980083333331e-05
0.000877869166666656
0.0016759374999999743
-0.003112462500000024
-0.003112462500000024
-0.003112462500000024
-0.001516330833333357
7.980083333331e-05
0.001675932499999977
0.003272064166666644
0.004868195833333311
0.006464327499999978
0.006464332499999975
0.0064643374999999725
0.00646434249999997
0.011252747499999993
0.011252747499999993
0.006464327499999978
0.006464327499999978
0.006464327499999978
-0.003112462500000024
-0.0015163291666666912
7.980416666664158e-05
0.0016759374999999743
0.0016759374999999743
0.0016759374999999743
0.0016759374999999743
0.0016759374999999743
0.0016759374999999743
0.006464327499999978
0.004868195833333311
0.003272064166666644
0.001675932499999977
0.006464339999999985
0.011252747499999993
0.004070142499999985
-0.003112462500000024
-0.0015163291666666912
7.980416666664158e-05
0.0016759374999999743
0.0016759374999999743
0.0016759374999999743
0.0016759374999999743
0.0016759374999999743
0.0016759374999999743
-0.007900862500000022
-0.003112462500000024
0.011252747499999993
0.006464327499999978
0.004070132499999962
0.0016759374999999743
0.0016759374999999743
0.0016759374999999743
0.0016759374999999743
0.011252747499999993
0.010226661071428556
0.009200574642857146
0.008174488214285708
0.00714840178571427
0.006122315357142832
0.005096228928571422
0.004070142499999985
0.003044056071428547
0.002017969642857137
0.0009918832142856993
-3.420321428573847e-05
-0.0010602896428571762
-0.002086376071428586
-0.003112462500000024
-0.007900862500000022
0.0016759374999999743
-0.012689262499999993
0.001675932499999977
0.0016759329545454338
0.0016759334090908906
0.0016759338636363474
0.0016759343181818043
0.001675934772727261
0.0016759352272726902
0.001675935681818147
0.0016759361363636038
0.0016759365909090607
0.0016759370454545175
0.0016759374999999743
-0.003112462500000024
0.001675932499999977
0.001675934166666615
-0.0031124675000000213
0.004070132499999962
0.002633613499999965
0.0011970944999999678
-0.00023942450000002946
-0.0016759435000000267
-0.003112462500000024
0.006464327499999978
0.008858532499999988
0.01125273749999997
0.004070137499999987
-0.003112462500000024
-0.003112462500000024
-0.003112462500000024
-0.003112462500000024
-0.003112462500000024
-0.007900862500000022
-0.012689262499999993
-0.008698927499999981
-0.004708592499999997
-0.0007182575000000135
0.003272077499999998
0.0072624125000000095
0.011252747499999993
-0.003112462500000024
0.006464327499999978
-0.0007182675000000083
-0.007900862500000022
-0.0007182675000000083
0.006464327499999978
0.004070132499999962
0.0016759374999999743
-0.0007182625000000387
-0.003112462500000024
-0.004708595833333357
-0.006304729166666662
-0.007900862500000022
-0.006304729166666662
-0.004708595833333357
-0.003112462500000024
-0.001197104500000018
0.0007182534999999879
0.002633611499999966
0.004548969499999972
0.006464327499999978
0.001675932499999977
0.006464339999999985
0.011252747499999993
0.003272077499999998
-0.004708592499999997
-0.012689262499999993
0.0016759374999999743
0.0016759374999999743
0.0016759374999999743
0.0016759374999999743
0.0016759374999999743
0.0016759374999999743
-0.005506662500000009
-0.004309562500000003
-0.003112462500000024
-0.003112462500000024
-0.003112462500000024
0.00646434249999997
0.01604114749999999
0.00646434249999997
-0.003112462500000024
-0.003112462500000024
-0.003112462500000024
-0.004070142500000012
-0.005027822500000029
-0.005985502500000045
-0.006943182500000006
-0.007900862500000022
-0.007900862500000022
0.0016759374999999743
0.011252747499999993
0.008858537499999986
0.006464327499999978
-0.0031124675000000213
-0.012689262499999993
-0.0031124675000000213
0.006464327499999978
0.001675932499999977
-0.003112462500000024
0.011252747499999993
0.008858544999999995
0.00646434249999997
0.004070139999999972
0.0016759374999999743
0.0016759374999999743
0.004070132499999962
0.006464327499999978
-0.0007182675000000083
-0.007900862500000022
-0.005506662500000009
-0.003112462500000024
-0.003112462500000024
-0.003112462500000024
-0.0007182625000000387
0.0016759374999999743
0.004070132499999962
0.006464327499999978
0.006464327499999978
0.006464327499999978
-0.001516345833333349
-0.009497019166666648
-0.017477692500000003
-0.007900877499999986
0.0016759374999999743
0.006464327499999978
-0.0007182675000000083
-0.007900862500000022
-0.007900862500000022
-0.0007182675000000083
0.006464327499999978
0.006464327499999978
0.006464327499999978
0.002873029999999971
-0.0007182675000000083
-0.004309565000000015
-0.007900862500000022
0.006464327499999978
0.004070132499999962
0.0016759374999999743
0.006464327499999978
0.005506649499999988
0.004548971499999971
0.0035912934999999813
0.002633615499999964
0.0016759374999999743
0.001675932499999977
-0.0007182650000000235
-0.003112462500000024
0.001675932499999977
0.006464327499999978
0.005267229999999984
0.004070132499999962
0.0028730349999999683
0.0016759374999999743
0.011252747499999993
0.0016759424999999994
-0.007900862500000022
-0.0007182675000000083
0.006464327499999978
-0.007900862500000022
-0.003112462500000024
0.0016759374999999743
0.0032720674999999755
0.004868197499999977
0.006464327499999978
0.02082954749999999
0.013646937499999984
0.006464327499999978
0.0024739908333333005
-0.001516345833333349
-0.005506682499999999
-0.009497019166666648
-0.013487355833333353
-0.017477692500000003
0.006464327499999978
-0.003112462500000024
-0.012689262499999993
0.0016759374999999743
0.018435347499999977
0.03519475749999998
-0.0102950775
-0.05578491250000003
-0.03663129750000002
-0.017477682500000008
0.001675932499999977
0.02082954749999999
-0.031842892500000025
-0.027852555833333376
-0.02386221916666667
-0.01987188250000002
-0.04501099750000001
-0.0701501125
-0.04940036249999999
-0.028650612500000033
-0.007900862500000022
0.025617957499999983
0.0032720741666666386
-0.019073809166666705
-0.04141969250000002
-0.0015163325000000227
0.038387027499999976
0.07829038749999997
0.04636769416666664
0.014445000833333305
-0.017477692500000003
0.020829542499999992
0.05913677749999999
0.05195417249999998
0.04477156749999997
-0.05099651250000001
0.08307878749999997
0.041579292499999976
7.979749999995067e-05
-0.04141969750000005
-0.01747768500000005
0.006464327499999978
-0.006304745833333375
-0.0190738191666667
-0.031842892500000025
0.11180920749999998
0.04636769416666667
-0.0190738191666667
-0.08451533250000001
-0.007900872500000017
0.06871358749999998
0.008858537499999986
-0.05099651250000001
-0.05099651250000001
0.00407013249999999
0.05913677749999999
-0.012689277500000012
-0.08451533250000001
-0.017477682500000008
0.04955996749999997
0.11659761749999997
0.035194762500000004
-0.04620809249999999
-0.003112462499999996
0.03998316749999997
0.020829557499999984
0.001675947499999969
-0.01747766250000002
0.020829557499999984
0.05913677749999999
-0.015083477500000025
-0.08930373250000004
-0.022266085833333366
0.04477156083333331
0.11180920749999998
0.08499414749999998
0.058179087499999976
0.031364027499999975
0.004548967499999973
-0.02226609250000003
0.006464332499999975
0.03519475749999998
-0.036631287500000026
0.04477156749999997
-0.01987188250000002
-0.08451533250000001
0.15011644249999997
0.028012154999999983
-0.09409213250000001
-0.04461196250000002
0.004868207499999971
0.05434837749999999
0.03040635416666665
0.006464330833333337
-0.017477692500000003
-0.007900882500000012
0.0016759274999999796
0.011252737499999999
0.02082954749999999
0.010055640000000005
-0.0007182675000000083
0.002274486249999985
0.005267239999999979
0.00825999375
0.011252747499999993
0.018435352499999974
0.025617957499999983
-0.010295067500000005
-0.04620809249999999
-0.0007182625000000109
0.04477156749999997
0.02322374999999996
0.001675932499999977
-0.031842892500000025
-0.027738545357142902
-0.023634198214285723
-0.0195298510714286
-0.015425503928571477
-0.011321156785714298
-0.007216809642857175
-0.003112462500000024
-0.004309572499999997
-0.005506682499999999
0.006464327499999978
-0.005506662500000009
0.0026336214999999885
0.010773905499999986
0.018914189499999984
0.02705447349999998
0.03519475749999998
-0.031842892500000025
0.01604114749999999
-0.001516332499999995
-0.01907381249999998
-0.036631292499999996
0.01604114749999999
0.008858544999999995
0.0016759424999999994
-0.005506659999999969
-0.012689262499999993
0.01604114749999999
0.0016759374999999743
-0.004070148500000009
-0.009816234499999993
-0.015562320500000032
-0.021308406500000016
-0.0270544925
-0.013886380000000004
-0.0007182675000000083
0.05913677749999999
0.011252742499999996
-0.036631292499999996
0.0016759374999999743
0.03998316749999997
-0.036631292499999996
-0.0007182675000000083
0.03519475749999998
0.028012151249999978
0.020829544999999977
0.013646938749999976
0.006464332499999975
-0.0007182737500000258
-0.007900880000000027
-0.015083486250000028
-0.02226609250000003
-0.0063047425000000434
0.00965660749999997
0.025617957499999983
0.004070137499999987
-0.004908120000000016
-0.013886377500000019
-0.022864634999999994
-0.031842892500000025
0.0016759424999999994
0.05434837749999999
0.032002497500000004
0.009656617499999992
-0.012689262499999993
0.011252747499999993
0.027533317499999987
0.04381388750000001
0.060094457500000004
0.0763750275
0.09265559749999999
-0.003112452500000029
-0.06536171250000003
-0.05219360250000002
-0.03902549250000001
-0.025857382499999998
-0.012689272500000043
0.00047883749999996783
0.013646947499999978
0.02681505749999999
0.03998316749999997
0.010055644999999974
-0.01987187750000005
-0.012689272500000043
0.022425684166666626
0.057540640833333295
0.09265559749999999
-0.08451533250000001
-0.06797357522727274
-0.05143181795454546
-0.034890060681818186
-0.01834830340909091
-0.0018065461363636348
0.014735211136363613
0.03127696840909089
0.047818725681818164
0.06436048295454544
0.08090224022727271
0.09744399749999999
-0.1036689325
0.04477156749999997
-0.07493849250000004
0.0232237525
0.01923341749999999
0.015243082500000005
0.011252747499999993
0.02082954749999999
-0.0486023025
-0.11803415250000002
-0.08451532916666668
-0.050996505833333344
-0.017477682500000008
0.0160411408333333
0.04955996416666664
0.08307878749999997
-0.09409213250000001
0.07350198749999998
-0.005506667500000034
-0.005506672500000004
0.04955996749999997
0.008858537499999958
-0.031842892500000025
-0.0031124675000000213
0.025617957499999983
0.028012157499999996
0.03040635749999998
-0.007900867499999992
-0.04620809249999999
-0.017477672500000013
0.011252747499999993
0.0399831675
0.06871358749999998
-0.05578491250000003
0.05434837749999999
0.008858542499999983
-0.036631292499999996
-0.019871877499999996
-0.003112462500000024
-0.004708595833333357
-0.006304729166666662
-0.007900862500000022
-0.00619071964285714
-0.004480576785714313
-0.0027704339285714585
-0.0010602910714285763
0.0006498517857142783
0.002359994642857133
0.004070137499999987
-0.0031124675000000213
-0.003910533333333355
-0.004708599166666688
-0.0055066650000000494
-0.006304730833333355
-0.007102796666666661
-0.007900862500000022
-0.036631292499999996
0.004070132499999962
0.07350198749999998
0.025617947499999988
-0.02226609250000003
-0.01747768916666667
-0.012689285833333369
-0.007900882500000012
-0.003112479166666682
0.001675924166666648
0.006464327499999978
0.04477156749999997
-0.09409213250000001
0.09744399749999999
-0.060573312500000004
0.006464327499999978
0.023223747499999975
0.03998316749999997
-0.012689272500000043
-0.06536171250000003
0.011252742499999996
0.0878671975
0.06232904583333332
0.03679089416666664
0.011252742499999996
-0.01428540916666668
-0.039823560833333355
-0.06536171250000003
0.011252747499999993
0.03998316749999997
-0.06536171250000003
0.08307878749999997
0.06529329035714282
0.04750779321428569
0.02972229607142854
0.011936798928571385
-0.005848698214285769
-0.023634195357142923
-0.04141969250000002
-0.01588154250000004
0.00965660749999997
0.03519475749999998
-0.017477682500000008
0.07829038749999997
0.05374982124999997
0.029209254999999962
0.004668688749999955
-0.01987187750000005
0.006464327499999978
-0.015881552500000035
-0.03822743250000002
-0.060573312500000004
0.08307878749999997
-0.060573312500000004
-0.04141969850000002
-0.022266084500000033
-0.0031124705000000197
0.016041143499999994
0.03519475749999998
0.025617957499999983
0.011252747499999993
-0.003112462499999996
-0.017477672500000013
-0.031842882499999975
-0.04620809249999999
-0.01109313583333335
0.024021820833333346
0.05913677749999999
0.0064643375
-0.012689262499999993
-0.012005205357142862
-0.011321148214285731
-0.0106370910714286
-0.009953033928571414
-0.009268976785714284
-0.008584919642857153
-0.007900862500000022
-0.017477672500000013
0.001675932499999977
0.01604114749999999
0.013646947499999978
0.011252747499999993
0.0016759341666666705
-0.00790087916666668
-0.017477692500000003
0.006464332499999975
0.03040635749999998
-0.012689262499999993
-0.0031124591666666646
0.0064643441666666634
0.01604114749999999
0.013988974642857144
0.011936801785714268
0.00988462892857142
0.007832456071428545
0.0057802832142856975
0.0037281103571428498
0.0016759374999999743
-0.012689262499999993
0.04477156749999997
-0.017477692500000003
0.006464327499999978
-0.007900862500000022
-0.012689262499999993
-0.006304732499999993
7.979749999997843e-05
0.006464327499999978
-0.003112479166666682
-0.012689285833333369
-0.02226609250000003
0.0016759374999999743
-0.012689262499999993
-0.0007182575000000135
0.011252747499999993
0.010226659642857128
0.009200571785714262
0.008174483928571397
0.007148396071428559
0.006122308214285693
0.005096220357142828
0.004070132499999962
-0.003112462500000024
-0.003644506944444459
-0.004176551388888922
-0.004708595833333357
-0.005240640277777792
-0.005772684722222227
-0.006304729166666662
-0.006836773611111152
-0.007368818055555587
-0.007900862500000022
0.0016759374999999743
0.0016759374999999743
-0.003112462500000024
-0.003112462500000024
0.0016759374999999743
0.011252747499999993
0.0064643441666666634
0.001675940833333306
-0.003112462500000024
-0.0015163291666666912
7.980416666664158e-05
0.0016759374999999743
-0.007900862500000022
0.011252747499999993
0.004070142499999985
-0.003112462500000024
-0.005506662500000009
-0.007900862500000022
-0.005506662500000009
-0.003112462500000024
-0.0102950775
-0.017477692500000003
-0.015562326500000029
-0.0136469605
-0.011731594500000025
-0.009816228499999996
-0.007900862500000022
0.011252747499999993
0.006464327499999978
