-0.0059058166666670076
-0.009098149999999805
-0.006703650000000394
-0.004309150000000983
-0.006703650000000394
-0.009098149999999805
-0.0027134833333324337
0.003671183333333161
0.010055850000000532
-0.013886149999999375
-0.012822038888888443
-0.01175792777777751
-0.010693816666666578
-0.009629705555555645
-0.008565594444444713
-0.0075014833333337805
-0.006437372222222848
-0.0053732611111119155
-0.004309150000000983
-0.009098149999999805
-0.018674150000000722
-0.023463149999999544
-0.004309150000000983
0.010055850000000532
-0.013886149999999375
-0.013886149999999375
-0.010693816666666578
-0.0075014833333337805
-0.004309150000000983
-0.009098149999999805
-0.023463149999999544
-0.021068650000000133
-0.018674150000000722
-0.013886149999999375
-0.009098149999999805
-0.011492316666666724
-0.013886483333333643
-0.016280650000000563
-0.018674816666665706
-0.021068983333332625
-0.023463149999999544
-0.018674150000000722
-0.009098149999999805
0.014843850000000103
0.014843850000000103
0.014843850000000103
0.010055850000000532
0.00633151666666798
0.0026071833333336514
-0.001117149999998901
-0.00484148333333323
-0.008565816666665782
-0.01229015000000011
-0.016014483333332663
-0.019738816666666992
-0.023463149999999544
-0.03782815000000106
-0.011492150000000478
0.0004788500000003637
-0.0015732928571416949
-0.00362543571428553
-0.005677578571427588
-0.007729721428571423
-0.009781864285713482
-0.011834007142857317
-0.013886149999999375
-0.023463149999999544
-0.004309150000000983
0.010055850000000532
-0.006703650000000394
-0.007182549999999566
-0.007661450000000514
-0.008140349999999685
-0.008619250000000633
-0.009098149999999805
-0.011492150000000478
-0.013886149999999375
-0.023463149999999544
-0.009098149999999805
-0.013886149999999375
-0.018674150000000722
-0.013885900000000007
-0.009097649999999291
-0.004309400000000352
0.0004788500000003637
-0.013886149999999375
-0.013287649999998763
-0.012689149999999927
-0.012090649999999314
-0.011492150000000478
-0.010893649999999866
-0.010295149999999254
-0.009696650000000417
-0.009098149999999805
0.005267849999999186
-0.01707848333333395
-0.018674150000000722
-0.021068650000000133
-0.023463149999999544
-0.013886149999999375
-0.004309150000000983
-0.0062245500000006615
-0.00813995000000034
-0.010055350000000018
-0.011970749999999697
-0.013886149999999375
0.00047934999999910133
-0.006703400000001025
-0.013886149999999375
-0.004309150000000983
-0.009097483333334822
-0.013885816666666884
-0.018674150000000722
-0.013886149999999375
-0.009098149999999805
-0.011492150000000478
-0.013886149999999375
-0.021068650000000133
-0.02825115000000089
-0.025058816666668093
-0.02186648333333352
-0.018674150000000722
-0.017716550000001163
-0.016758949999999828
-0.01580135000000027
-0.014843749999998934
-0.013886149999999375
-0.013886149999999375
-0.006703650000000394
-0.019871900000000053
-0.03304014999999971
-0.0337241499999994
-0.03440815000000086
-0.035092150000000544
-0.03577615000000023
-0.03646014999999991
-0.037144150000001375
-0.03782815000000106
0.02442085000000027
0.019632849999998925
-0.023463149999999544
-0.027054399999999035
-0.030645650000000302
-0.03423690000000157
-0.03782815000000106
-0.013886149999999375
-0.018674150000000722
0.010055850000000532
0.0020751833333338965
-0.0059054833333327394
-0.013886149999999375
-0.011491899999999333
-0.009097649999999291
-0.006703400000001025
-0.004309150000000983
0.0004788500000003637
0.0004788500000003637
0.0004788500000003637
0.005267849999999186
-0.0019151500000003097
-0.009098149999999805
-0.009098149999999805
-0.009098149999999805
-0.009098149999999805
-0.011492150000000478
-0.013886149999999375
-0.006703650000000394
0.0004788500000003637
0.0004788500000003637
0.0004788500000003637
0.0004788500000003637
0.0004788500000003637
0.0004788500000003637
0.0004788500000003637
0.0004788500000003637
0.0004788500000003637
0.0004788500000003637
0.0004788500000003637
0.0004788500000003637
-0.010294899999999885
-0.021068650000000133
-0.009097483333334822
-0.009097538888889645
-0.009097594444444468
-0.009097649999999291
-0.013886149999999375
-0.01867464999999946
-0.023463149999999544
-0.011492150000000478
0.0004788500000003637
0.0004788500000003637
-0.0019151500000003097
-0.004309150000000983
0.0004788500000003637
0.0004788500000003637
0.0004788500000003637
-0.006703650000000394
-0.013886149999999375
-0.013886149999999375
-0.013886149999999375
-0.013886149999999375
-0.013886149999999375
-0.013886149999999375
-0.013886149999999375
-0.013886149999999375
-0.023463149999999544
-0.020270816666666747
-0.01707848333333395
-0.013886149999999375
-0.010693816666666578
-0.0075014833333337805
-0.004309150000000983
-0.013886149999999375
0.019632849999998925
0.0004788500000003637
0.00047934999999910133
-0.004309400000000352
-0.009098149999999805
-0.01189131666666654
-0.014684483333333276
-0.01747765000000001
-0.020270816666666747
-0.023063983333333482
-0.025857150000000217
-0.028650316666666953
-0.03144348333333369
-0.034236650000000424
-0.03702981666666716
-0.039822983333333895
-0.04261615000000063
-0.06177015000000097
-0.1575381500000006
0.07230485000000009
0.05075734999999959
0.010055850000000532
-0.08092414999999953
0.0004788500000003637
0.08188185000000026
0.16328485000000015
0.1345545166666664
0.10582418333333266
0.07709384999999891
-0.02825115000000089
-0.09528915000000104
-0.09180669545454556
-0.08832424090909186
-0.08484178636363637
-0.08135933181818267
-0.07787687727272719
-0.07439442272727348
-0.070911968181818
-0.06742951363636429
-0.06394705909090881
-0.0604646045454551
-0.05698214999999962
-0.006703899999999763
0.043574350000000095
0.09385259999999995
0.1441308499999998
0.09784318333333353
0.05155551666666547
0.005267849999999186
-0.10486564999999892
0.0651223500000011
-0.044212816666666654
-0.048202983333334615
-0.0521931500000008
0.019632849999998925
0.03225675909090775
0.044880668181816574
0.057504577272727175
0.070128486363636
0.08275239545454482
0.09537630454545365
0.10800021363636247
0.1206241227272713
0.1332480318181819
0.14587194090909072
0.15849584999999955
-0.07134714999999936
-0.006703650000000394
-0.0785296500000019
-0.02825115000000089
0.1489198500000004
0.14030065000000036
0.1316814500000003
0.12306225000000026
0.11444305000000021
0.10582385000000016
-0.05698214999999962
-0.1575381500000006
-0.13718740000000018
-0.11683665000000154
-0.09648590000000112
-0.0761351500000007
-0.013886149999999375
0.03639234999999985
0.1022325999999989
0.16807284999999972
0.11779459999999986
0.06751635
0.017238100000000145
-0.03304014999999971
-0.08690965000000084
-0.14077915000000019
-0.09409214999999982
-0.04740514999999945
0.019632350000000187
0.08666984999999983
0.12178484999999917
0.15689985000000028
0.19201484999999963
0.08188185000000026
-0.02825115000000089
-0.005905483333334516
0.016440183333333636
0.03878585000000001
-0.10007715000000061
-0.09209648333333398
-0.08411581666666734
-0.0761351500000007
-0.1575381500000006
-0.10247165000000003
-0.04740514999999945
0.030805516666667643
0.10901618333333296
0.18722685000000006
0.18563051666666652
0.184034183333333
0.18243784999999946
0.1201888499999999
0.05793985000000035
-0.03902539999999988
-0.1359906500000001
-0.12880795000000056
-0.12162525000000102
-0.1144425499999997
-0.10725985000000016
-0.10007715000000061
-0.08571215000000088
0.06512234999999933
0.10462659999999957
0.1441308499999998
0.08188185000000026
0.019632849999998925
-0.010693816666666578
-0.04102048333333386
-0.07134714999999936
-0.02825115000000089
-0.010693816666666578
0.006863516666665959
0.02442085000000027
-0.06655815000000054
-0.06177014999999919
-0.05698214999999962
-0.006703650000000394
0.04357485000000061
0.010055850000000532
-0.023463149999999544
-0.025857150000000217
-0.02825115000000089
-0.016758950000001605
-0.005266750000000542
0.0062254499999987445
0.017717649999999807
0.029209849999999093
0.019632849999998925
-0.018674150000000722
-0.015481927777777571
-0.012289705555556196
-0.009097483333333045
-0.00590526111111167
-0.0027130388888885193
0.00047918333333285545
0.0036714055555560066
0.006863627777777381
0.010055850000000532
-0.03304014999999971
0.0028733499999997747
-0.015083399999999969
-0.03304014999999971
-0.004309150000000983
-0.0019151500000003097
-0.004907900000000964
-0.007900649999999843
-0.01089339999999872
-0.013886149999999375
-0.009097649999999291
-0.004309150000000983
0.019632849999998925
-0.03304014999999971
0.005267350000000448
0.04357485000000061
-0.0019151500000003097
-0.04740514999999945
-0.030645649999998525
-0.013886149999999375
0.0004788500000003637
-0.004309550000000328
-0.009097949999999244
-0.013886349999999936
-0.018674749999998852
-0.023463149999999544
0.010055850000000532
-0.011492150000000478
-0.03304014999999971
0.014843850000000103
0.0004788500000003637
-0.013886149999999375
-0.01628015000000005
-0.018674150000000722
-0.021068650000000133
-0.023463149999999544
-0.04261615000000063
-0.023462816666667052
-0.004309483333333475
0.014843850000000103
-0.02825164999999963
-0.07134714999999936
-0.01867464999999946
0.03399785000000044
-0.021068650000000133
-0.0761351500000007
-0.013886149999999375
0.04836285000000018
0.02362285000000064
-0.0011171500000006773
-0.025857150000000217
-0.05059714999999976
-0.07533715000000107
-0.10007715000000061
0.03399785000000044
-0.10965415000000078
0.05793985000000035
0.03479585000000007
0.011651849999999797
-0.011492150000000478
-0.03463614999999898
-0.05778014999999925
-0.08092414999999953
0.029209849999999093
0.07709384999999891
-0.004309150000000983
-0.06655815000000054
-0.004309149999999207
0.05793985000000035
-0.004309149999999207
-0.06655815000000054
-0.015482150000000416
0.035593849999999705
0.08666984999999983
0.08666984999999983
0.03160334999999925
-0.023463149999999544
-0.016280650000000563
-0.009098149999999805
-0.08092414999999953
-0.15275015000000103
-0.049799150000000125
0.053151849999999
-0.018674150000000722
-0.09050015000000045
-0.0019151500000003097
0.08666984999999983
0.07230485000000009
0.05793985000000035
0.026017183333333804
-0.005905483333334516
-0.03782815000000106
-0.02106865000000191
-0.004309150000000983
-0.10965415000000078
-0.04022214999999996
0.029209849999999093
-0.03782815000000106
-0.10486614999999944
-0.011492150000000478
0.08188185000000026
0.04836285000000018
0.014843850000000103
0.011796759090909603
0.008749668181817327
0.005702577272726828
0.002655486363636328
-0.00039160454545417167
-0.0034386954545464476
-0.006485786363636947
-0.009532877272727447
-0.012579968181817947
-0.015627059090910222
-0.018674150000000722
-0.016280150000001825
0.019632849999998925
-0.022265650000001358
-0.06416415000000164
-0.10606265000000015
-0.14796115000000043
0.053151849999999
0.010055849999998756
0.03878585000000001
0.021228516666667474
0.003671183333333161
-0.013886149999999375
0.010055850000000532
0.03399785000000044
0.05793985000000035
-0.02825115000000089
-0.11444215000000035
-0.011492150000000478
0.016440183333333636
0.04437251666666597
0.07230485000000009
-0.0761351500000007
-0.006703650000000394
0.06272784999999992
0.0004788500000003637
0.0004788500000003637
0.0004788500000003637
0.0004788500000003637
0.0004788500000003637
0.0004788500000003637
0.0004788500000003637
0.0004788500000003637
0.02442085000000027
-0.006703650000000394
-0.14796115000000043
-0.033039650000000975
0.08188185000000026
-0.021068650000000133
-0.12401915000000052
-0.013886149999999375
0.09624685
0.05195409999999967
0.007661350000001121
-0.036631399999999203
-0.08092414999999953
0.06272784999999992
-0.009098149999999805
-0.016280650000000563
-0.023463149999999544
0.012449850000001206
0.04836285000000018
-0.033039650000000975
-0.11444215000000035
-0.07326195000000091
-0.03208174999999969
0.009098449999999758
0.05027865000000098
0.09145885000000042
0.075816716666667
0.06017458333333359
0.04453245000000017
0.02889031666666675
0.01324818333333333
-0.002393950000000089
-0.018036083333333508
-0.03367821666666693
-0.049320350000000346
-0.06496248333333376
-0.08060461666666718
-0.0962467500000006
-0.11188888333333402
-0.12753101666666744
-0.14317315000000086
-0.01867464999999946
0.10582385000000016
-0.01867464999999946
-0.10965415000000078
0.07230485000000009
-0.0019151500000003097
-0.03304014999999971
-0.02186715000000028
-0.01069414999999907
0.0004788500000003637
0.003671183333333161
0.006863516666665959
0.010055850000000532
0.01324818333333333
0.016440516666666127
0.019632849999998925
0.0228251833333335
0.026017516666666296
0.029209849999999093
-0.04740514999999945
0.02442085000000027
0.09624685
0.019632849999998925
-0.13838415000000026
0.13455384999999964
0.04836285000000018
-0.03782815000000106
-0.12401915000000052
-0.011492150000000478
-0.006703650000000394
0.005267349999998672
0.03319976666666591
0.061132183333333145
0.0890645999999986
0.11699701666666584
0.14492943333333308
0.17286185000000032
-0.023463149999999544
-0.018674150000000722
-0.10965415000000078
0.15849584999999955
-0.04022265000000047
-0.2389411500000005
-0.0019151500000003097
0.23511084999999987
0.01484434999999884
-0.20542215000000041
-0.04501065000000004
0.11540085000000033
0.03399785000000044
-0.04740514999999945
-0.05538581666666609
-0.06336648333333272
-0.07134714999999936
0.02681535000000146
0.1249778500000005
-0.030645149999999788
-0.18626815000000008
0.19201484999999963
0.06432418333333345
-0.0633664833333345
-0.19105715000000068
-0.02825164999999963
0.13455384999999964
-0.08571215000000088
-0.035434150000000386
0.014843850000000103
-0.001117483333333169
-0.01707881666666644
-0.03304014999999971
-0.013886149999999375
0.005267849999999186
-0.02825115000000089
-0.009097649999999291
0.010055850000000532
0.007661849999999859
0.005267849999999186
-0.0019151500000003097
-0.009098149999999805
-0.004309649999999721
0.0004788500000003637
-0.0011171500000006773
-0.002713149999999942
-0.004309150000000983
-0.005905483333334516
-0.007501816666666272
-0.009098149999999805
-0.009098149999999805
-0.009098149999999805
-0.009098149999999805
-0.009098149999999805
-0.009098149999999805
-0.004309649999999721
-0.009098149999999805
-0.013886149999999375
-0.018674150000000722
-0.01628015000000005
-0.013886149999999375
-0.011492150000000478
-0.009098149999999805
-0.009098149999999805
-0.009098149999999805
-0.009098149999999805
-0.009098149999999805
-0.009098149999999805
-0.009098149999999805
-0.009098149999999805
-0.021068650000000133
-0.015482150000000416
-0.0098956500000007
-0.004309150000000983
-0.004309150000000983
-0.0019151500000003097
0.0004788500000003637
-0.009098149999999805
-0.009098149999999805
-0.009098149999999805
-0.007901025000000672
-0.006703899999999763
-0.0055067749999988536
-0.004309649999999721
-0.0031125250000005877
-0.0019153999999996785
-0.0007182749999987692
0.0004788500000003637
-0.011492150000000478
-0.01149165000000174
-0.0055063999999998
0.0004788500000003637
-0.016280650000000563
-0.03304014999999971
-0.021069150000000647
-0.009098149999999805
-0.010694150000000846
-0.01229015000000011
-0.013886149999999375
-0.015482150000000416
-0.017078150000001457
-0.018674150000000722
0.0004788500000003637
0.012450349999999943
-0.000717899999999716
-0.013886149999999375
-0.021068650000000133
-0.02825115000000089
-0.016280150000001825
-0.004309150000000983
-0.009097649999999291
-0.013886149999999375
-0.01628015000000005
-0.018674150000000722
-0.015482150000000416
-0.01229015000000011
-0.009098149999999805
-0.004309150000000983
0.00047934999999910133
0.005267849999999186
0.0028733499999997747
0.0004788500000003637
0.0004788500000003637
0.0004788500000003637
-0.00031923333333239157
-0.0011173166666669232
-0.0019153999999996785
-0.0027134833333324337
-0.0035115666666669654
-0.004309649999999721
-0.005107733333332476
-0.0059058166666670076
-0.006703899999999763
-0.007501983333332518
-0.00830006666666705
-0.009098149999999805
-0.009098149999999805
-0.009098149999999805
0.0004788500000003637
0.0028733499999997747
-0.016280650000000563
-0.009098149999999805
0.005267349999998672
0.019632849999998925
0.007661849999999859
-0.004309150000000983
-0.0011168166666681856
0.0020755166666663882
0.005267849999999186
-0.004309150000000983
0.00047934999999910133
0.005267849999999186
-0.01149165000000174
-0.02825115000000089
-0.02825115000000089
-0.02825115000000089
-0.02825115000000089
-0.009098149999999805
0.0004788500000003637
-0.005506649999999169
-0.011492150000000478
-0.01747765000000001
-0.023463149999999544
0.010055850000000532
0.0004788500000003637
-0.009098149999999805
-0.007501816666666272
-0.005905483333334516
-0.004309150000000983
-0.004309150000000983
0.005267849999999186
-0.004309149999999207
-0.013886149999999375
-0.0075014833333337805
-0.0011168166666664092
0.005267849999999186
-0.009098149999999805
-0.009098149999999805
-0.009098149999999805
-0.010694150000000846
-0.01229015000000011
-0.013886149999999375
-0.015482150000000416
-0.017078150000001457
-0.018674150000000722
-0.018674150000000722
-0.018674150000000722
-0.018674150000000722
-0.013886149999999375
-0.009098149999999805
-0.009097983333333559
-0.009097816666665537
-0.009097649999999291
