0.010941497999999994
0.010342948000000018
0.009744398000000043
0.009145848000000012
0.008547297999999981
0.007948748000000005
0.007948748000000005
0.007948748000000005
-0.011204871999999977
-0.006416451999999961
0.003160348000000035
-0.001628057000000016
-0.006416462000000012
-0.006416451999999961
-0.001628051999999991
0.003160348000000035
0.007948748000000005
-0.015993272000000003
-0.009608732000000009
-0.003224191999999959
0.003160348000000035
0.00475648133333334
0.0063526146666667005
0.007948748000000005
0.007948748000000005
0.007948748000000005
0.0031603479999999795
-0.001628051999999991
0.003160348000000035
-0.001628051999999991
-0.001628051999999991
-0.001628051999999991
0.000766148000000022
0.003160348000000035
0.003160348000000035
0.003160348000000035
0.003160348000000035
0.003160348000000035
-3.191866666663046e-05
-0.003224185333333296
-0.006416451999999961
-0.001628051999999991
0.00016759799999999103
0.0019632480000000285
0.0037588980000000105
0.0055545479999999925
0.009145848000000012
0.012737148000000031
0.010342948000000018
0.007948748000000005
0.0063526146666667005
0.00475648133333334
0.003160348000000035
0.0055545479999999925
0.007948748000000005
0.006751647999999999
0.0055545479999999925
0.0015642146666666745
-0.0024261186666666434
-0.006416451999999961
0.003160348000000035
0.007948748000000005
0.012737148000000031
0.017525548000000002
0.007948748000000005
0.00475648133333334
0.0015642146666666745
-0.001628051999999991
0.003160348000000035
0.0019632480000000285
0.000766148000000022
-0.00043095199999998446
-0.001628051999999991
-0.006416451999999961
-0.006416451999999961
-0.006416451999999961
0.0055545479999999925
0.017525548000000002
0.007948741333333342
-0.0016280653333333173
-0.011204871999999977
-0.001628051999999991
0.0012449880000000024
0.004118027999999996
0.006991068000000045
0.009864108000000038
0.012737148000000031
0.003160348000000035
0.007948748000000005
0.012737148000000031
-0.011204871999999977
-0.006416451999999961
-0.003224185333333296
-3.191866666663046e-05
0.003160348000000035
0.007948748000000005
0.012737148000000031
0.007948748000000005
0.0063526146666667005
0.00475648133333334
0.003160348000000035
0.003160348000000035
0.0039584146666666875
0.00475648133333334
0.0055545479999999925
0.0063526146666667005
0.007150681333333353
0.007948748000000005
-0.001628051999999991
-0.001628051999999991
0.017525548000000002
-0.001628051999999991
-0.006416451999999961
-0.001628051999999991
0.003160348000000035
0.007948748000000005
0.011141014666666671
0.014333281333333336
0.017525548000000002
0.012737148000000031
0.007948748000000005
0.007948748000000005
0.004357445500000001
0.0007661429999999969
-0.0028251595000000074
-0.006416462000000012
-0.001628051999999991
0.0031603479999999795
0.007948748000000005
-0.0016280619999999857
-0.011204871999999977
-0.004022261999999999
0.003160348000000035
0.0055545479999999925
0.007948748000000005
0.008906428000000022
0.009864108000000038
0.010821787999999999
0.011779468000000015
0.012737148000000031
-0.011204871999999977
-0.006416451999999961
-0.006416451999999961
-0.008810661999999969
-0.011204871999999977
0.0007661380000000273
0.012737148000000031
0.010342948000000018
0.007948748000000005
0.0055545479999999925
0.003160348000000035
0.003160348000000035
0.003160348000000035
0.003160348000000035
0.003160348000000035
0.00475648133333334
0.0063526146666667005
0.007948748000000005
-0.006416451999999961
0.000766148000000022
0.007948748000000005
0.012737148000000031
0.017525548000000002
0.015131348000000044
0.012737148000000031
0.0007661380000000273
-0.011204871999999977
-0.009608731999999953
-0.008012591999999985
-0.006416451999999961
-0.006416451999999961
-0.006416451999999961
-0.006416451999999961
-0.006416451999999961
0.0055545479999999925
0.0043574480000000415
0.003160348000000035
0.003160348000000035
0.003160348000000035
-0.0016280519999999354
-0.006416451999999961
-0.0016280519999999354
0.003160348000000035
-0.004022261999999999
-0.011204871999999977
-0.006416462000000012
-0.001628051999999991
-0.0016280544999999758
-0.001628057000000016
-0.0016280595000000009
-0.0016280619999999857
-0.006416466999999981
-0.011204871999999977
-0.008810661999999969
-0.006416451999999961
-0.0016280519999999354
0.003160348000000035
0.003160348000000035
0.003160348000000035
0.0055545479999999925
0.007948748000000005
0.00475648133333334
0.0015642146666666745
-0.001628051999999991
0.0031603479999999795
0.007948748000000005
0.010342948000000018
0.012737148000000031
0.007948748000000005
-0.004022261999999999
-0.015993272000000003
0.0007661380000000273
0.017525548000000002
0.0007661380000000273
-0.015993272000000003
0.007948748000000005
0.013421208000000018
0.01889366800000003
0.024366127999999987
0.029838588
0.03531104800000001
0.040783508000000024
0.04625596800000001
-0.006416451999999961
0.07498639800000001
-0.001628051999999991
-0.020781671999999973
-0.018387472000000016
-0.015993272000000003
-0.025570072
-0.025570072
-0.025570072
-0.0016280619999999857
0.022313948000000028
0.017525548000000002
0.012737148000000031
0.007948748000000005
-0.006416462000000012
-0.02078167200000003
-0.03514688199999999
-0.04951209200000001
-0.020781671999999973
0.022313948000000028
0.046255973000000006
0.07019799800000001
-0.03993529200000001
-0.001628057000000016
0.03667917800000001
-0.0040222569999999735
-0.04472369199999998
-0.03131616399999998
-0.017908635999999978
-0.004501107999999976
0.008906420000000026
0.022313948000000028
-0.011204871999999977
0.084563208
-0.04951209200000001
-0.03275268200000003
-0.015993272000000003
-0.027964282000000007
-0.03993529200000001
-0.011204871999999977
0.017525548000000002
-0.0016280619999999857
-0.020781671999999973
0.022313962999999992
0.06540959800000001
0.05264052466666669
0.03987145133333336
0.027102378000000038
-0.0016280453333333278
-0.030358468666666638
-0.059088892000000004
0.022313948000000028
0.017525548000000002
0.04386177299999999
0.07019799800000001
0.022313962999999992
-0.025570072
0.022313962999999992
0.07019799800000001
0.0031603530000000046
-0.06387729199999997
-0.057173527999999973
-0.05046976399999997
-0.04376599999999997
-0.03706223599999997
-0.03035847199999997
-0.011204871999999977
-3.1921999999962036e-05
0.011141027999999997
0.022313978000000012
-0.015993272000000003
-0.01359907199999999
-0.011204871999999977
-0.03275268199999998
-0.05430049199999998
-0.023175871999999986
0.007948748000000005
0.014333291333333331
0.020717834666666712
0.027102378000000038
0.051044388000000024
0.006352621333333364
-0.038339145333333324
-0.08303091200000001
0.027102378000000038
0.017525563000000022
0.007948748000000005
0.010941500499999979
0.013934253000000008
0.016927005500000036
0.01991975800000001
0.04984728300000002
0.079774808
0.04306371466666667
0.006352621333333364
-0.03035847199999997
0.051044388000000024
0.027102368000000043
0.003160348000000035
-0.020781671999999973
0.020717824666666718
0.06221732133333335
0.10371681800000002
-0.03993529200000001
0.027102378000000038
0.00316035300000006
-0.020781671999999973
0.03428496800000003
0.089351608
0.03827530800000001
-0.012800991999999956
-0.06387729199999997
-0.038339145333333324
-0.012800998666666619
0.012737148000000031
0.002202660000000023
-0.008331827999999986
-0.018866315999999994
-0.029400804000000003
-0.03993529200000001
0.04625596800000001
-0.027964271999999957
-0.025570072
0.007948752999999975
0.041467578000000005
-0.011204856999999957
-0.06387729199999997
-0.044723678666666655
-0.02557006533333328
-0.006416451999999961
-0.06387729199999997
-0.01359905699999997
0.03667917800000001
-0.008810657
-0.05430049199999998
-0.001628051999999991
-0.004620803249999972
-0.007613554500000008
-0.010606305749999989
-0.01359905699999997
-0.027166201999999973
-0.040733346999999975
-0.05430049199999998
-0.008810657
0.03667917800000001
0.010342955500000028
-0.015993266999999978
-0.042329489499999984
-0.06866571199999999
0.0055545479999999925
0.079774808
-0.04472369199999998
0.0007661380000000273
0.04625596800000001
-0.06387729199999997
-0.001628051999999991
0.06062118800000002
-0.011204871999999977
0.004118021999999999
0.01944091600000003
0.034763810000000006
0.05008670400000001
0.06540959800000001
-0.06387729199999997
0.06540959800000001
0.024708163000000005
-0.015993272000000003
0.05583278800000002
0.02391009466666666
-0.008012598666666648
-0.03993529200000001
0.06540959800000001
0.023910101333333322
-0.017589395333333313
-0.059088892000000004
0.07019799800000001
0.040270475500000014
0.010342952999999988
-0.019584569499999982
-0.04951209200000001
-0.034348813666666644
-0.019185535333333337
-0.004022257000000029
0.011141021333333334
0.026304299666666697
0.041467578000000005
-0.01359906700000002
-0.06866571199999999
0.06540959800000001
-0.05430049199999998
0.04625596800000001
-0.05430049199999998
-0.01918553199999995
0.015929428000000023
0.051044388000000024
-0.020781671999999973
-0.001628051999999991
0.00954489133333336
0.020717834666666657
0.03189077800000001
-0.06387729199999997
0.089351608
-0.001628051999999991
-0.09260771200000001
-0.020781665333333366
0.05104438133333333
0.122870428
-0.006416462000000012
-0.135703352
0.122870428
0.04785210133333334
-0.02716622533333335
-0.10218455199999998
0.10850522800000001
0.044659848
-0.019185532000000005
-0.08303091200000001
-0.06456135771428573
-0.04609180342857144
-0.027622249142857158
-0.009152694857142873
0.009316859428571411
0.027786413714285696
0.04625596800000001
-0.020781651999999984
0.05583278800000002
-0.08781931199999998
-0.012800995333333343
0.06221732133333335
0.13723563800000002
-0.006416456999999931
-0.15006855199999997
-0.04631981533333329
0.057428921333333355
0.161177658
0.010342953000000044
-0.14049175199999997
0.161177658
-0.10697293199999997
-0.008810661999999969
0.089351608
-0.03993529200000001
-0.026527758000000012
-0.013120224000000014
0.0002873100000000406
0.01369484400000004
0.027102378000000038
-0.03035848699999999
0.05343857550000003
0.13723563800000002
-0.01359907199999999
-0.16443378199999997
0.0007661429999999969
0.16596606800000002
0.010342958000000013
-0.145280152
-0.09979032075
-0.05430048949999999
-0.008810658249999992
0.03667917300000001
-0.0016280595000000009
-0.03993529200000001
0.007948744666666674
0.05583278133333336
0.10371681800000002
-0.145280152
-0.082073228
-0.018866304
0.04434062
0.107547544
0.170754468
-0.145280152
0.10850522800000001
0.036679188
-0.035146852000000006
-0.025570072
0.017525557999999997
0.06062118799999999
0.10371681800000002
-0.15964535199999996
-0.044723675333333324
0.07019800133333334
0.185119678
-0.17401058199999997
-0.023175871999999986
0.12765883800000002
0.03907337300000002
-0.04951209200000001
-0.03275268200000003
-0.015993272000000003
0.04386177299999999
0.10371681800000002
0.05295974400000003
0.0022026700000000177
-0.048554403999999995
-0.09931147799999995
-0.15006855199999997
0.17554287200000002
0.060621187333333326
-0.05430049733333331
-0.169222182
0.034284963
-0.020781671999999973
0.019121691333333357
0.05902505466666669
0.09892841800000002
-0.027964266999999987
-0.154856952
0.007948758
0.170754468
0.007948758
-0.154856952
-0.025570066999999974
0.10371681800000002
0.04386177299999999
-0.015993272000000003
-0.03993529200000001
0.027102363000000018
0.09414001800000002
0.015929428000000023
-0.062281162
-0.14049175199999997
0.156389258
0.01991976299999998
-0.11654973199999996
-0.06866569949999995
-0.020781666999999948
0.027102365500000003
0.07498639800000001
-0.020781671999999973
-0.03514688199999999
-0.04951209200000001
0.079774808
-0.015993262000000008
-0.11176133199999999
0.000766148000000022
0.11329362800000001
0.010342958000000013
-0.09260771200000001
-0.04153141199999999
0.009544888000000029
0.06062118800000002
-0.035146852000000006
-0.03355072199999998
-0.031954592000000004
-0.03035846200000003
-0.028762332
-0.027166201999999973
-0.025570072
0.017525557999999997
0.06062118800000002
-0.07345411199999996
0.0007661429999999969
0.07498639800000001
-0.07345411199999996
0.06062118800000002
0.03907337133333336
0.017525554666666665
-0.004022261999999999
-0.0010295095000000254
0.0019632430000000034
0.004955995500000032
0.007948748000000005
-0.006416451999999961
-0.004820318666666656
-0.003224185333333296
-0.001628051999999991
0.012737148000000031
0.0007661380000000273
-0.011204871999999977
-0.0016280653333333173
0.007948741333333342
0.017525548000000002
0.007948748000000005
-0.001628051999999991
-0.001628051999999991
-0.001628051999999991
-0.001628051999999991
-0.001628051999999991
-0.001628051999999991
-0.001628051999999991
-0.001628051999999991
-0.001628051999999991
-0.015993272000000003
0.012737148000000031
-0.001628051999999991
-0.015993272000000003
-0.011204861999999982
-0.006416451999999961
0.003160348000000035
0.012737148000000031
0.011300628000000035
0.009864108000000038
0.008427587999999986
0.006991067999999989
0.0055545479999999925
0.006153097999999968
0.006751647999999999
0.00735019800000003
0.007948748000000005
0.003160348000000035
0.003160348000000035
0.003160348000000035
0.003160348000000035
0.017525548000000002
0.012737148000000031
0.007948748000000005
0.0031603479999999795
-0.001628051999999991
-0.00043095199999998446
0.000766148000000022
0.0019632480000000285
0.003160348000000035
0.007948748000000005
-0.001628051999999991
0.000766148000000022
0.003160348000000035
-0.006416462000000012
-0.015993272000000003
-0.011204861999999982
-0.006416451999999961
0.000766148000000022
0.007948748000000005
0.007948748000000005
0.007948748000000005
0.00475648133333334
0.0015642146666666745
-0.001628051999999991
0.012737148000000031
0.010342948000000018
0.007948748000000005
0.0031603479999999795
-0.001628051999999991
0.000766148000000022
0.003160348000000035
0.003160348000000035
0.003160348000000035
0.0055545479999999925
0.007948748000000005
0.010342948000000018
0.012737148000000031
0.009145848000000012
0.0055545479999999925
0.0019632480000000285
-0.001628051999999991
0.003160348000000035
0.000766148000000022
-0.001628051999999991
0.007948748000000005
0.015131348000000044
0.022313948000000028
0.012737148000000031
0.011141014666666671
0.009544881333333366
0.007948748000000005
-0.006416451999999961
-0.003224185333333296
-3.191866666663046e-05
0.003160348000000035
0.001244988000000058
-0.0006703719999999747
-0.0025857319999999517
-0.004501091999999984
-0.006416451999999961
0.017525548000000002
-0.011204871999999977
-0.006416462000000012
-0.001628051999999991
0.007948748000000005
0.0055545479999999925
0.003160348000000035
-0.0016280519999999354
-0.006416451999999961
0.003160348000000035
0.012737148000000031
0.011540048000000025
0.010342948000000018
0.009145848000000012
0.007948748000000005
0.0055545479999999925
0.003160348000000035
-0.004022261999999999
-0.011204871999999977
-0.006416462000000012
-0.001628051999999991
0.022313948000000028
0.012737148000000031
0.0055545479999999925
-0.001628051999999991
0.012737148000000031
0.007948748000000005
0.003160348000000035
-0.0016280519999999354
-0.006416451999999961
-0.006416451999999961
-0.006416451999999961
-0.006416451999999961
0.003160348000000035
0.003160348000000035
0.003160348000000035
