-0.004022251999999948
-0.005219351999999955
-0.006416451999999961
0.007948748000000005
0.0063526146666667005
0.00475648133333334
0.0031603479999999795
0.0015642146666666745
-3.191866666663046e-05
-0.001628051999999991
0.0007661380000000273
-0.001628051999999991
-3.191866666663046e-05
0.0015642146666666745
0.003160348000000035
0.003160348000000035
0.003160348000000035
0.003160348000000035
0.003160348000000035
0.0043574480000000415
0.0055545479999999925
0.006751647999999999
0.007948748000000005
0.012737148000000031
-0.015993272000000003
-0.001628051999999991
0.003160348000000035
0.0063526146666667005
0.009544881333333366
0.012737148000000031
0.0055545479999999925
-0.001628051999999991
0.00475648133333334
0.011141014666666671
0.017525548000000002
0.017525548000000002
0.017525548000000002
0.017525548000000002
0.017525548000000002
0.017525548000000002
0.017525548000000002
0.017525548000000002
0.017525548000000002
0.017525548000000002
0.017525548000000002
0.017525548000000002
0.017525548000000002
0.017525548000000002
0.017525548000000002
0.017525548000000002
0.017525548000000002
0.007948748000000005
-0.001628051999999991
-0.001628051999999991
-0.001628051999999991
0.0015642146666666745
0.00475648133333334
0.007948748000000005
0.007948748000000005
0.007948748000000005
0.0063526146666667005
0.00475648133333334
0.003160348000000035
0.003160348000000035
0.003160348000000035
0.0055545479999999925
0.007948748000000005
0.0031603479999999795
-0.001628051999999991
-0.001628051999999991
-0.001628051999999991
0.0031603479999999795
0.007948748000000005
0.000766148000000022
-0.006416451999999961
-0.006416451999999961
-0.006416451999999961
0.003160348000000035
0.003160348000000035
0.0055545479999999925
0.003160348000000035
0.005554538000000053
0.0025617905000000496
-0.00043095699999995407
-0.0034237044999999577
-0.006416451999999961
-0.006416451999999961
0.007948748000000005
-0.0016280619999999857
-0.011204871999999977
-0.006416451999999961
0.003160348000000035
0.012737148000000031
0.012737148000000031
0.012737148000000031
0.007948748000000005
0.003160348000000035
0.006033388000000028
0.008906428000000022
0.011779468000000015
0.014652508000000009
0.017525548000000002
0.007948748000000005
0.00848079244444444
0.009012836888888875
0.009544881333333366
0.010076925777777801
0.010608970222222236
0.011141014666666671
0.011673059111111161
0.012205103555555596
0.012737148000000031
0.007948748000000005
-0.001628051999999991
-0.004022251999999948
0.012737148000000031
0.009544881333333366
0.0063526146666667005
0.003160348000000035
0.007948748000000005
0.012737148000000031
0.011540048000000025
0.010342948000000018
0.009145848000000012
0.007948748000000005
0.007948748000000005
0.012737148000000031
0.007948748000000005
-0.001628051999999991
0.0031603479999999795
0.007948748000000005
0.006751647999999999
0.0055545479999999925
0.0043574480000000415
0.003160348000000035
0.027102378000000038
0.017525563000000022
0.007948748000000005
0.015131348000000044
0.022313948000000028
0.003160348000000035
0.000766148000000022
-0.001628051999999991
0.0031603479999999795
0.007948748000000005
0.0031603479999999795
-0.001628051999999991
-0.003543415999999966
-0.005458779999999996
-0.007374143999999971
-0.009289508000000002
-0.011204871999999977
0.003160348000000035
0.010342948000000018
0.017525548000000002
-0.001628051999999991
-0.006416451999999961
0.000766148000000022
0.007948748000000005
-0.006416451999999961
-0.004820318666666656
-0.003224185333333296
-0.001628051999999991
-0.0008299853333333385
-3.191866666663046e-05
0.000766148000000022
0.0015642146666666745
0.002362281333333327
0.0031603479999999795
0.0039584146666666875
0.00475648133333334
0.0055545479999999925
0.0063526146666667005
0.007150681333333353
0.007948748000000005
-0.001628051999999991
-0.008810661999999969
0.02949656300000003
-0.03275268199999998
0.012737148000000031
0.012737148000000031
0.012737148000000031
0.012737148000000031
0.00316034300000001
-0.006416462000000012
-0.015993266999999978
-0.025570072
0.041467578000000005
-0.006416451999999961
0.017525548000000002
0.0007661380000000273
-0.015993272000000003
0.022313958000000023
0.06062118800000002
0.022313958000000023
-0.015993272000000003
-0.011204867999999979
-0.006416464000000011
-0.0016280599999999867
0.0031603439999999816
0.007948748000000005
0.0031603479999999795
-0.001628051999999991
0.05583278800000002
-0.03035847199999997
-0.020781671999999973
-0.018387472000000016
-0.015993272000000003
-0.0032241986666666778
0.009544874666666703
0.022313948000000028
-0.05430049199999998
-0.04153141866666665
-0.028762345333333328
-0.015993272000000003
-0.014796169500000012
-0.01359906700000002
-0.012401964499999973
-0.011204861999999982
-0.01000775949999999
-0.008810656999999944
-0.007613554499999953
-0.006416451999999961
0.003160348000000035
-0.008810661999999969
-0.020781671999999973
-0.006416451999999961
0.003160348000000035
-0.04472369199999998
-0.015993272000000003
-0.006416462000000012
0.003160348000000035
0.03667917800000001
-0.04951209200000001
-0.015993272000000003
0.017525548000000002
0.01684149085714287
0.01615743371428574
0.01547337657142861
0.014789319428571424
0.014105262285714293
0.013421205142857162
0.012737148000000031
0.028698494666666685
0.04465984133333337
0.06062118800000002
0.05044583050000001
0.04027047300000003
0.030095115500000047
0.01991975800000001
0.009744400500000028
-0.00043095699999995407
-0.010606314499999991
-0.020781671999999973
0.06540959800000001
0.027102378000000038
0.012737158000000026
0.089351608
0.04625597800000003
0.003160348000000035
0.007948748000000005
-0.0016280586666666541
-0.011204865333333314
-0.02078167200000003
-0.03035847866666669
-0.03993528533333335
-0.04951209200000001
0.06540959800000001
-0.027964271999999957
-0.004022261999999999
-0.06866571199999999
-0.001628051999999991
-0.011204861999999982
-0.020781671999999973
-0.004022261999999999
0.012737148000000031
-0.020781671999999973
-0.05430049199999998
-0.018387472000000016
0.017525548000000002
0.015131348000000044
0.012737148000000031
-0.0016280586666666541
-0.015993265333333284
-0.03035847199999997
-0.0276982475555555
-0.025038023111111085
-0.022377798666666615
-0.0197175742222222
-0.01705734977777773
-0.014397125333333316
-0.011736900888888846
-0.009076676444444431
-0.006416451999999961
0.012737148000000031
0.017525548000000002
0.01513135800000004
0.012737163000000051
0.0055545542500000655
-0.0016280544999999758
-0.008810663250000017
-0.015993272000000003
0.05583278800000002
-0.035146852000000006
-0.02157971533333336
-0.008012578666666659
0.005554557999999987
0.01912169466666669
0.032688831333333335
0.04625596800000001
-0.03035847199999997
0.017525548000000002
-0.035146852000000006
-0.014796149499999967
0.005554553000000018
0.018209619428571466
0.03086468585714286
0.04351975228571431
0.05617481871428573
0.06882988514285715
0.0814849515714286
0.09414001800000002
0.05583278800000002
0.017525557999999997
-0.09739611199999998
0.10850522800000001
0.017525557999999997
-0.07345411199999996
-0.04711789199999994
-0.020781671999999973
0.0055545479999999925
0.031890768000000014
0.05822698800000001
0.084563208
-0.08781931199999998
-0.04153141199999999
0.004756488000000003
0.051044388000000024
-0.025570072
0.041467578000000005
0.012737153000000001
-0.015993272000000003
-0.025570072
-0.014397130333333341
-0.003224188666666683
0.007948752999999975
0.01912169466666669
0.030294636333333347
0.041467578000000005
-0.0064164569999999865
-0.05430049199999998
0.09414001800000002
-0.08303091200000001
0.118082028
-0.11176133199999999
0.13244723800000002
0.11010135633333334
0.0877554746666667
0.06540959300000002
0.043063711333333365
0.020717829666666687
-0.001628051999999991
-0.04951209200000001
0.03189077800000001
0.025506234666666683
0.019121691333333357
0.012737148000000031
-0.03993529200000001
0.01991975800000001
0.079774808
0.025506234666666683
-0.028762338666666665
-0.08303091200000001
0.11329362800000001
-0.12133813199999999
0.005554553000000018
0.13244723800000002
0.04625598133333336
-0.0399352753333333
-0.126126532
0.0007661529999999916
0.12765883800000002
0.0031603530000000046
-0.12133813199999999
-0.07632714200000001
-0.031316151999999986
0.013694838000000042
0.058705828000000015
0.10371681800000002
-0.09260771200000001
0.041467578000000005
-0.001628051999999991
-0.025570072
0.012737154666666695
0.05104438133333333
0.089351608
0.01912169466666669
-0.05110821866666665
-0.12133813199999999
0.142024048
-0.135703352
-0.04472368866666665
0.04625597466666667
0.13723563800000002
0.057428908
-0.02237782199999999
-0.10218455199999998
-0.08941547366666663
-0.07664639533333334
-0.06387731699999999
-0.05110823866666664
-0.03833916033333329
-0.025570081999999994
-0.012801003666666644
-3.1925333333293615e-05
0.012737153000000001
0.02550623133333335
0.0382753096666667
0.051044388000000024
-0.025570072
0.024708163000000005
0.0031603530000000046
-0.011888919142857113
-0.026938191285714286
-0.0419874634285714
-0.057036735571428576
-0.0720860077142857
-0.08713527985714287
-0.10218455199999998
0.11329362800000001
-0.06387729199999997
0.051044388000000024
0.017525548000000002
0.010342958000000013
-0.05430049199999998
0.06540959800000001
-0.07345411199999996
-0.02557007533333333
0.022313961333333354
0.07019799800000001
-0.04472369199999998
-0.021978777000000005
0.0007661380000000273
0.023511053000000004
0.04625596800000001
0.007948748000000005
-0.0004309570000000096
-0.008810662000000025
-0.017190366999999984
-0.025570072
-0.0064164569999999865
0.012737158000000026
0.03189077300000004
0.051044388000000024
-0.059088892000000004
0.015131357999999984
0.04625596800000001
-0.025570072
-0.018387472000000016
-0.011204871999999977
-0.002585742000000002
0.006033388000000028
0.014652518000000003
0.023271648000000034
0.03189077800000001
-0.03993529200000001
-0.001628057000000016
0.03667917800000001
-0.025570072
-0.004022261999999999
0.017525548000000002
0.0031603380000000403
-0.011204871999999977
-0.006416462000000012
-0.001628051999999991
-0.001628051999999991
-0.001628051999999991
-0.004022251999999948
-0.006416451999999961
-0.00043095199999998446
0.0055545479999999925
0.011540048000000025
0.017525548000000002
-0.006416451999999961
-0.004022251999999948
-0.0016280519999999354
0.000766148000000022
0.003160348000000035
-0.006416451999999961
0.003160348000000035
-0.006416451999999961
-0.0016280519999999354
0.003160348000000035
-0.001628051999999991
-0.003224185333333296
-0.004820318666666656
-0.006416451999999961
-0.003224185333333296
-3.191866666663046e-05
0.003160348000000035
0.003160348000000035
0.00369239244444447
0.004224436888888905
0.00475648133333334
0.005288525777777775
0.0058205702222222655
0.0063526146666667005
0.0068846591111111355
0.0074167035555555705
0.007948748000000005
-0.008810661999999969
0.003160348000000035
0.0055545479999999925
0.0031603479999999795
0.000766148000000022
-0.001628051999999991
0.012737148000000031
0.0055545479999999925
-0.001628051999999991
-0.0007574338181818296
0.00011318436363638718
0.0009838025454545485
0.0018544207272727098
0.0027250389090909266
0.003595657090909088
0.004466275272727305
0.005336893454545466
0.006207511636363627
0.007078129818181844
0.007948748000000005
0.000766148000000022
0.0055545479999999925
-0.004022251999999948
-0.004820318666666601
-0.005618385333333309
-0.006416451999999961
-0.00043095199999998446
0.0055545479999999925
0.011540048000000025
0.017525548000000002
0.0031603479999999795
-0.006416451999999961
-0.004022251999999948
-0.001628051999999991
0.0012449880000000024
0.004118027999999996
0.006991068000000045
0.009864108000000038
0.012737148000000031
-0.006416451999999961
0.003160348000000035
-0.006416451999999961
-0.0016280519999999354
0.003160348000000035
0.000766148000000022
-0.001628051999999991
-0.006416462000000012
-0.011204871999999977
-3.193199999995677e-05
0.011141008000000008
0.022313948000000028
0.01656786800000004
0.010821788000000054
0.005075708000000012
-0.0006703719999999747
-0.006416451999999961
0.000766148000000022
0.007948748000000005
0.0031603479999999795
-0.006416451999999961
-0.007100511999999948
-0.00778457199999999
-0.008468631999999976
