0.0055545479999999925
0.0031603479999999795
0.000766148000000022
-0.001628051999999991
-0.006416451999999961
0.000766148000000022
0.007948748000000005
0.003160348000000035
0.0055545479999999925
0.007948748000000005
0.007948748000000005
0.007948748000000005
0.007948748000000005
0.007948748000000005
-0.0032241920000000146
-0.01439713199999998
-0.025570072
-0.020781667999999975
-0.015993264000000007
-0.011204859999999983
-0.006416456000000015
-0.001628051999999991
-0.006416451999999961
-0.006416451999999961
0.010342948000000018
0.012737148000000031
0.0007661380000000273
-0.011204871999999977
-0.008331827999999986
-0.005458783999999994
-0.0025857399999999475
0.00028730400000004375
0.003160348000000035
0.0055545479999999925
0.007948748000000005
0.009544881333333366
0.011141014666666671
0.012737148000000031
0.003160348000000035
0.007948748000000005
0.0055545479999999925
0.003160348000000035
0.007948748000000005
0.012737148000000031
0.009544881333333366
0.0063526146666667005
0.003160348000000035
0.0015642146666666745
-3.191866666663046e-05
-0.001628051999999991
0.003160348000000035
0.0019632480000000285
0.000766148000000022
-0.00043095199999998446
-0.001628051999999991
0.003160348000000035
0.0055545479999999925
0.007948748000000005
0.0055545479999999925
0.003160348000000035
0.003160348000000035
0.003160348000000035
0.003160348000000035
0.0015642146666666745
-3.191866666663046e-05
-0.001628051999999991
-0.006416451999999961
-0.006416451999999961
-0.006416451999999961
-0.004022251999999948
-0.001628051999999991
0.007948748000000005
0.007948748000000005
0.007948748000000005
0.007948748000000005
0.007948748000000005
0.007948748000000005
0.007948748000000005
0.006033388000000028
0.004118027999999996
0.0022026680000000187
0.00028730799999998613
-0.001628051999999991
-0.001628051999999991
-0.001628051999999991
0.003160348000000035
0.003160348000000035
0.003160348000000035
0.003160348000000035
0.003160348000000035
0.003160348000000035
0.017525548000000002
0.010342948000000018
0.003160348000000035
-3.191866666663046e-05
-0.003224185333333296
-0.006416451999999961
0.012737148000000031
0.013934248000000038
0.015131348000000044
0.016328447999999995
0.017525548000000002
0.010342948000000018
0.003160348000000035
0.012737148000000031
0.0055545479999999925
-0.001628051999999991
-0.006416451999999961
-0.0016280519999999354
0.003160348000000035
0.00475648133333334
0.0063526146666667005
0.007948748000000005
-0.006416451999999961
-0.006416451999999961
-0.006416451999999961
-0.006416451999999961
-0.006416451999999961
0.007948748000000005
0.007948748000000005
0.007948748000000005
0.007948748000000005
0.007948748000000005
0.007948748000000005
0.010342948000000018
0.012737148000000031
0.015131347999999989
0.017525548000000002
0.007948748000000005
0.007948748000000005
0.007948748000000005
0.007948748000000005
0.007948748000000005
0.007948748000000005
0.007948748000000005
0.007948748000000005
0.007948748000000005
0.007948748000000005
0.007948748000000005
0.007948748000000005
-0.006416462000000012
-0.006416451999999961
0.015131348000000044
-0.004022251999999948
0.007948748000000005
0.006751647999999999
0.0055545479999999925
0.004357447999999986
0.0031603479999999795
0.0019632480000000285
0.000766148000000022
-0.00043095199999998446
-0.001628051999999991
-0.001628051999999991
0.003160348000000035
-0.006416451999999961
-0.001628051999999991
0.007948748000000005
-0.006416451999999961
0.000766148000000022
0.007948748000000005
0.00735019800000003
0.006751647999999999
0.0061530980000000235
0.0055545479999999925
0.004955998000000017
0.0043574480000000415
0.0037588980000000105
0.003160348000000035
0.000766148000000022
-0.001628051999999991
0.003160348000000035
0.000766148000000022
0.012737148000000031
-0.006416451999999961
-0.001628051999999991
0.003160348000000035
0.007948748000000005
0.007948748000000005
0.007948748000000005
0.007948748000000005
0.007948748000000005
0.007948748000000005
0.007948748000000005
0.007948748000000005
0.007948748000000005
0.007948748000000005
-0.001628051999999991
-0.001628051999999991
0.007948748000000005
0.003160348000000035
0.007948748000000005
0.012737148000000031
0.017525548000000002
0.003160348000000035
0.001244988000000058
-0.0006703719999999747
-0.0025857319999999517
-0.004501091999999984
-0.006416451999999961
-0.004820321999999988
-0.003224191999999959
-0.0016280619999999857
-3.1925333333293615e-05
0.001564211333333343
0.003160348000000035
-0.001628051999999991
-0.001628051999999991
0.007948748000000005
0.0061530980000000235
0.0043574480000000415
0.002561798000000004
0.000766148000000022
-0.00043095199999998446
-0.001628051999999991
-0.0028251519999999974
-0.004022251999999948
-0.005219351999999955
-0.006416451999999961
-0.001628051999999991
0.010342948000000018
0.009145848000000012
0.007948748000000005
0.007948748000000005
0.007948748000000005
0.010342948000000018
0.012737148000000031
0.010342948000000018
0.007948748000000005
0.000766148000000022
-0.006416451999999961
-0.008331815999999992
-0.010247179999999967
-0.012162543999999997
-0.014077907999999972
-0.015993272000000003
0.017525548000000002
-0.001628051999999991
0.03667917800000001
0.031890768000000014
0.02710235800000005
0.022313948000000028
-0.001628051999999991
0.02470816800000003
0.051044388000000024
0.027102368000000043
0.003160348000000035
-0.020781671999999973
-0.014796169499999956
-0.008810666999999994
-0.002825164499999977
0.0031603380000000403
0.07498639800000001
0.027102363000000018
-0.020781671999999973
-0.018387472000000016
-0.015993272000000003
-0.01359907199999999
-0.011204871999999977
-0.020781671999999973
-0.03035847199999997
-0.027964271999999957
-0.025570071999999944
-0.023175871999999986
-0.020781671999999973
-0.01838747199999996
-0.015993272000000003
-0.01359907199999999
-0.011204871999999977
0.048650183000000014
0.04386177800000002
-0.02197876700000001
-0.08781931199999998
-0.05669469199999999
-0.025570072
-0.03035846200000003
-0.035146852000000006
-0.006416436999999997
0.022313978000000012
0.05104439299999999
0.079774808
-0.011204871999999977
0.06062118800000002
0.04146756800000001
0.022313948000000028
-0.03035848200000002
-0.08303091200000001
-0.037541082
0.007948748000000005
-0.011204861999999982
-0.03035847199999997
0.07019799800000001
0.043063708000000006
0.01592941800000003
-0.011204871999999977
0.06062118300000002
0.13244723800000002
0.03667917300000001
-0.059088892000000004
-0.04771643449999996
-0.03634397699999997
-0.024971519499999983
-0.01359906199999994
-0.014796166999999971
-0.015993272000000003
-0.011204871999999977
0.022313958000000023
0.05583278800000002
0.06540959300000002
0.07498639800000001
0.05104437966666667
0.027102361333333325
0.00316034300000001
-0.020781675333333305
-0.04472369366666662
-0.06866571199999999
0.07498639800000001
-0.04951209200000001
0.022313948000000028
-0.006416451999999961
-0.035146852000000006
0.027102381333333314
0.08935161466666669
0.151600848
0.10563217600000002
0.059663504000000006
0.01369483199999999
-0.03227384
-0.07824251199999999
-0.020781671999999973
-0.04951209200000001
0.022313948000000028
-0.03993529200000001
-0.032752687
-0.025570081999999994
-0.018387476999999985
-0.011204871999999977
-0.016791338666666655
-0.022377805333333278
-0.027964271999999957
-0.011204871999999977
0.012737148000000031
0.0430637046666667
0.07339026133333335
0.10371681800000002
0.04146757466666667
-0.02078166866666664
-0.08303091200000001
0.07498639800000001
0.06700572800000001
0.05902505800000002
0.051044388000000024
-0.015993262000000008
-0.08303091200000001
0.024708163000000005
0.13244723800000002
0.0877554746666667
0.043063711333333365
-0.001628051999999991
0.12765883800000002
0.06860186133333335
0.009544884666666698
-0.04951209200000001
-0.02197877199999998
0.0055545479999999925
0.03308786800000002
0.06062118800000002
0.046255983
0.03189077800000001
-0.004022257000000029
-0.03993529200000001
0.10850522800000001
0.057428921333333355
0.0063526146666667005
-0.04472369199999998
0.007948748000000005
0.001564211333333343
-0.00482032533333332
-0.011204861999999982
-0.017589398666666645
-0.023973935333333307
-0.03035847199999997
0.07019799800000001
-0.020781666999999948
-0.006416459499999971
0.007948748000000005
0.0055545479999999925
0.003160348000000035
0.0026815090000000263
0.0022026700000000177
0.0017238310000000645
0.0012449920000000558
0.0007661530000000472
0.022313948000000028
0.006352608000000037
-0.009608732000000009
-0.025570072
-0.0064164553333333485
0.012737161333333358
0.03189077800000001
-0.006416451999999961
0.002362284666666714
0.01114102133333339
0.01991975800000001
0.028698494666666685
0.03747723133333336
0.04625596800000001
-0.03993529200000001
0.05583278800000002
0.022313962999999992
0.001564211333333343
-0.019185540333333362
-0.03993529200000001
0.010342948000000018
0.06062118800000002
0.003160348000000035
-0.05430049199999998
-0.0064164569999999865
0.041467578000000005
-0.04472369199999998
-0.020781671999999973
0.003160348000000035
-0.0016280586666666541
-0.006416465333333288
-0.011204871999999977
-0.001628051999999991
0.005075714000000009
0.011779480000000009
0.01848324600000001
0.02518701200000001
0.03189077800000001
-0.035146852000000006
0.041467578000000005
0.037477242166666674
0.033486906333333344
0.029496570499999986
0.025506234666666683
0.02151589883333338
0.017525563000000022
0.010342958000000013
-0.043526576999999955
-0.09739611199999998
0.010342958000000013
0.118082028
0.010342958000000013
-0.09739611199999998
0.0007661530000000472
0.09892841800000002
0.0693999296666667
0.03987144133333334
0.010342952999999988
-0.019185535333333337
-0.04871402366666666
-0.07824251199999999
0.03667917800000001
-0.006416451999999961
-0.006416451999999961
0.079774808
-0.004022252000000004
-0.08781931199999998
-0.059088892000000004
-0.03035847199999997
-0.001628051999999991
0.027102367999999988
0.05583278800000002
0.084563208
0.11329362800000001
-0.11176133199999999
-0.01359905699999997
0.161177658
0.017525563000000022
-0.126126532
-0.01359905699999997
0.09892841800000002
0.07857770300000003
0.05822698800000001
0.037876273000000016
0.017525557999999997
-0.002825156999999967
-0.023175871999999986
0.079774808
-0.126126532
0.02470817000000003
0.17554287200000002
-0.17401058199999997
-0.06547343866666666
0.043063704666666675
0.151600848
0.0031603479999999795
-0.145280152
0.079774808
0.04785211466666667
0.015929421333333305
-0.015993272000000003
-0.042329492000000024
-0.06866571199999999
0.02949656300000003
0.12765883800000002
-0.15964535199999996
0.00794876
0.17554287200000002
0.010342960000000012
-0.154856952
-0.01359905699999997
0.12765883800000002
0.034284972999999996
-0.059088892000000004
-0.015993256999999983
0.027102378000000038
0.03348690800000004
0.03987143800000001
0.04625596800000001
0.006751643000000029
-0.03275268199999998
-0.07225700699999998
-0.11176133199999999
0.0007661429999999969
0.07857770050000001
0.156389258
0.041467573000000035
-0.07345411199999996
-0.02317586699999996
0.027102378000000038
0.04386178300000004
0.06062118800000002
0.041999619111111136
0.023378050222222224
0.00475648133333334
-0.013865087555555544
-0.03248665644444443
-0.05110822533333331
-0.0697297942222222
-0.08835136311111108
-0.10697293199999997
0.17554287200000002
-0.15964535199999996
0.161177658
-0.01838746699999999
0.022313948000000028
-0.017589405333333308
-0.057492758666666643
-0.09739611199999998
0.13723563800000002
0.04785210800000003
-0.04153142199999993
-0.13091495199999997
-0.08398859799999997
-0.037062243999999966
0.009864109999999982
0.05679046400000001
0.10371681800000002
-0.059088892000000004
0.04625596800000001
0.038731336571428576
0.031206705142857172
0.023682073714285712
0.016157442285714307
0.008632810857142903
0.001108179428571443
-0.006416451999999961
-0.001628051999999991
0.007948748000000005
0.007948748000000005
0.003160348000000035
0.007948748000000005
0.0061530980000000235
0.0043574480000000415
0.002561798000000004
0.000766148000000022
-0.00102950199999996
-0.0028251519999999974
-0.004620801999999979
-0.006416451999999961
-0.001628051999999991
-0.004022251999999948
-0.006416451999999961
0.007948748000000005
-0.001628051999999991
0.007948748000000005
0.003160348000000035
0.003160348000000035
0.003160348000000035
0.003160348000000035
0.003160348000000035
-0.006416451999999961
0.003160348000000035
-0.015993272000000003
-0.008810662000000025
-0.001628051999999991
0.0031603479999999795
0.007948748000000005
0.0055545479999999925
0.003160348000000035
0.0024762908571429043
0.001792233714285718
0.0011081765714285874
0.0004241194285714567
-0.000259937714285674
-0.0009439948571428602
-0.001628051999999991
0.012737148000000031
0.007948748000000005
0.0031603479999999795
-0.001628051999999991
-0.001628051999999991
0.0031603479999999795
0.007948748000000005
-0.015993272000000003
-0.010007767
-0.004022261999999999
0.0019632430000000034
0.007948748000000005
0.009145848000000012
0.010342948000000018
0.011540048000000025
0.012737148000000031
0.007948748000000005
0.003160348000000035
-0.015993272000000003
-0.001628051999999991
-3.191866666663046e-05
0.0015642146666666745
0.003160348000000035
0.003160348000000035
0.003160348000000035
0.003160348000000035
0.0015642146666666745
-3.191866666663046e-05
-0.001628051999999991
-0.001628051999999991
0.0063526146666667005
0.014333281333333336
0.022313948000000028
0.003160348000000035
0.004118028000000051
0.005075708000000012
0.006033388000000028
0.006991067999999989
0.007948748000000005
0.0055545479999999925
0.003160348000000035
-0.006416451999999961
0.003160348000000035
-0.001628051999999991
0.000766148000000022
0.0031603479999999795
0.0055545479999999925
0.007948748000000005
0.0043574480000000415
0.000766148000000022
-0.0028251519999999974
-0.006416451999999961
0.007948748000000061
0.007948748000000005
0.00316034300000001
-0.0016280619999999857
-0.006416466999999981
-0.011204871999999977
-0.001628051999999991
-0.00482032533333332
-0.008012598666666648
-0.011204871999999977
0.005554538000000053
0.022313948000000028
0.017525548000000002
0.012737148000000031
0.007948748000000005
0.003160348000000035
-0.006416451999999961
0.007948748000000005
0.007948748000000005
0.007948748000000005
0.0055545479999999925
0.003160348000000035
0.004118028000000051
0.005075708000000012
0.006033388000000028
0.006991067999999989
0.007948748000000005
0.009864107999999983
0.011779468000000015
0.013694827999999992
0.015610188000000025
0.017525548000000002
0.017525548000000002
0.015929414666666697
0.014333281333333336
0.012737148000000031
0.003160348000000035
0.003160348000000035
0.017525548000000002
0.003160348000000035
0.007948748000000005
0.0063526146666667005
0.00475648133333334
0.003160348000000035
0.003160348000000035
0.003160348000000035
0.003160348000000035
