0.004548981999999868
0.002154781999999855
0.004548981999999868
0.006943181999999881
0.002154781999999855
-0.0026336180000001708
-0.007422018000000197
-0.012210418000000112
0.002154781999999855
0.016519981999999822
0.011731581999999796
0.006943181999999881
0.002154781999999855
-0.0026336180000001708
-0.0038307180000001217
-0.005027818000000073
-0.01101334800000009
-0.016998878000000106
-0.009816248000000138
-0.0026336180000001708
-0.0026336180000001708
-0.0026336180000001708
-0.004229751333333476
-0.005825884666666781
-0.007422018000000086
0.006943181999999881
0.0009576669999998844
-0.0050278480000001124
-0.01101336300000011
-0.016998878000000106
-0.016998878000000106
-0.007422018000000086
-0.0026336180000001708
0.002154781999999855
-0.016998878000000106
-0.013806591333333396
-0.010614304666666796
-0.007422018000000086
-0.0026336180000001708
0.002154781999999855
-0.0026336180000001708
-0.007422018000000086
-0.026575678000000158
-0.021787258000000143
-0.016998838000000127
-0.012210418000000112
-0.015402704666666822
-0.01859499133333342
-0.021787278000000132
-0.007422018000000086
-0.005027818000000073
-0.0026336180000001708
-0.007422018000000197
-0.012210418000000112
-0.007422018000000197
-0.0026336180000001708
-0.005027818000000073
-0.007422018000000086
0.002154781999999855
0.011731581999999907
0.010534481999999956
0.009337381999999894
0.008140281999999832
0.006943181999999881
-0.016998878000000106
-0.007422018000000086
-0.0026336180000001708
0.002154781999999855
0.009337381999999783
0.016519981999999822
0.014125781999999809
0.011731581999999907
-0.0026336180000001708
0.002154781999999855
0.006943181999999881
-0.00023943300000017764
-0.0074220480000001254
-0.014604663000000073
-0.021787278000000132
-0.007422018000000086
-0.01221044800000004
-0.016998878000000106
-0.01939307800000012
-0.021787278000000132
-0.007422018000000086
-0.005027818000000073
-0.0026336180000001708
-0.0026336180000001708
-0.0026336180000001708
-0.0026336180000001708
-0.0026336180000001708
-0.0026336180000001708
-0.0026336180000001708
-0.0026336180000001708
-0.0026336180000001708
-0.0026336180000001708
0.002154781999999855
-0.0026336180000001708
0.0013567153333331472
0.005347048666666576
0.009337381999999894
0.002154781999999855
-0.005027818000000073
-0.012210418000000112
-0.007422018000000086
-0.006224918000000135
-0.005027818000000073
-0.0038307180000001217
-0.0026336180000001708
-0.0026336180000001708
-0.005027818000000184
-0.007422018000000197
-0.009816218000000099
-0.012210418000000112
-0.012210418000000112
-0.007422018000000086
-0.007422018000000086
-0.007422018000000086
-0.0026336180000001708
-0.007422018000000197
-0.012210418000000112
-0.007422018000000197
-0.0026336180000001708
-0.0026336180000001708
-0.0026336180000001708
-0.0026336180000001708
-0.0026336180000001708
-0.0026336180000001708
-0.0026336180000001708
-0.0034316846666668788
-0.004229751333333476
-0.005027818000000073
-0.005825884666666781
-0.006623951333333489
-0.007422018000000086
-0.007422018000000086
-0.0026336180000001708
-0.009816248000000138
-0.016998878000000106
-0.0026336180000001708
-0.009816248000000138
-0.016998878000000106
-0.014604648000000164
-0.013407543000000133
-0.012210438000000101
-0.01101333300000018
-0.009816228000000149
-0.008619123000000117
-0.007422018000000086
-0.007422018000000086
-0.007422018000000086
-0.007422018000000086
-0.0026336180000001708
-0.012210418000000112
-0.007422018000000086
-0.0026336180000001708
0.002154781999999855
-0.00023941800000015778
-0.0026336180000001708
-0.005825884666666781
-0.009018151333333502
-0.012210418000000112
-0.009018151333333502
-0.005825884666666781
-0.0026336180000001708
-0.0026336180000001708
-0.0026336180000001708
-0.00023941800000015778
0.002154781999999855
-0.005027818000000073
-0.012210418000000112
-0.014604648000000164
-0.016998878000000106
-0.014604648000000164
-0.012210418000000112
-0.004229751333333476
0.003750915333333271
0.011731581999999907
-0.007422018000000086
-0.00901815133333339
-0.010614284666666807
-0.012210418000000112
-0.016998848000000066
-0.021787278000000132
-0.021787278000000132
-0.016998848000000066
-0.012210418000000112
-0.005027818000000073
0.002154781999999855
0.0005586486666665502
-0.0010374846666668658
-0.0026336180000001708
-0.00023941800000015778
0.002154781999999855
0.003351881999999806
0.004548981999999868
0.00574608199999993
0.006943181999999881
-0.0026336180000001708
-0.005027818000000073
-0.007422018000000086
-0.016998878000000106
-0.01221045800000009
-0.007422038000000186
-0.0026336180000001708
-0.005027818000000073
-0.007422018000000086
-0.00023941800000004676
0.006943181999999881
0.00598550199999992
0.005027821999999849
0.004070141999999888
0.003112461999999816
0.002154781999999855
0.006943181999999881
0.00375091533333316
0.0005586486666665502
-0.0026336180000001708
-0.012210418000000112
-0.007422018000000086
-0.01221044800000004
-0.016998878000000106
-0.0026336180000001708
-0.005027818000000184
-0.007422018000000197
-0.009816218000000099
-0.012210418000000112
-0.0026336180000001708
-0.0026336180000001708
-0.0038307180000001217
-0.005027818000000073
-0.006224918000000135
-0.007422018000000086
-0.016998878000000106
-0.012210418000000112
-0.009816218000000099
-0.007422018000000086
-0.014604648000000164
-0.021787278000000132
-0.0026336180000001708
-0.014604648000000164
-0.026575678000000158
-0.021787268000000193
-0.016998858000000117
-0.012210448000000151
-0.007422038000000186
-0.00263362800000011
0.002154781999999855
-0.012210418000000112
-0.007422018000000086
-0.0026336180000001708
-0.009816248000000138
-0.016998878000000106
-0.007422018000000086
-0.016998848000000066
-0.026575678000000158
-0.021787258000000143
-0.016998838000000127
-0.012210418000000112
-0.015083470000000099
-0.017956522000000086
-0.020829574000000184
-0.02370262600000017
-0.026575678000000158
-0.0074220480000001254
0.011731581999999907
-0.016998878000000106
0.0308851819999999
-0.0026336180000001708
0.026096781999999874
0.026096781999999874
0.026096781999999874
0.026096781999999874
0.011731581999999907
0.012529648666666615
0.013327715333333212
0.014125781999999809
0.014923848666666517
0.015721915333333225
0.016519981999999822
0.002154781999999855
0.002154781999999855
-0.016998878000000106
-0.012210418000000112
-0.012210418000000112
-0.012210418000000112
-0.012210418000000112
-0.0026336180000001708
-0.014604648000000164
-0.026575678000000158
-0.024979544666666853
-0.023383411333333437
-0.021787278000000132
-0.021787278000000132
-0.021787278000000132
-0.021787278000000132
-0.021787278000000132
-0.021787278000000132
-0.021787278000000132
-0.021787278000000132
-0.021787278000000132
-0.014604648000000164
-0.016998878000000106
0.002154781999999855
-0.0026336180000001708
-0.007422018000000086
-0.005027818000000073
-0.0026336180000001708
-0.0026336180000001708
-0.0026336180000001708
-0.0026336180000001708
-0.0026336180000001708
-0.0026336180000001708
0.011731581999999907
-0.0026336180000001708
-0.00023941800000015778
0.002154781999999855
0.006943181999999881
-0.0026336180000001708
-0.012210418000000112
-0.005027818000000073
0.002154781999999855
0.006943181999999881
0.011731581999999907
0.010773901999999946
0.009816221999999875
0.008858541999999914
0.007900861999999842
0.006943181999999881
0.006943181999999881
0.006943181999999881
0.006943181999999881
0.014125781999999809
0.021308381999999848
0.018914181999999835
0.016519981999999822
0.016519981999999822
0.016519981999999822
0.016519981999999822
0.026096781999999874
0.014125781999999809
0.002154781999999855
0.004548981999999868
0.006943181999999881
0.00375091533333316
0.0005586486666665502
-0.0026336180000001708
0.002154781999999855
-0.0026336180000001708
-0.007422018000000086
-0.0026336180000001708
0.002154781999999855
-0.0026336180000001708
-0.009018171333333491
-0.015402724666666812
-0.021787278000000132
-0.0050278480000001124
0.011731581999999907
0.00574608199999993
-0.00023941800000004676
-0.006224918000000135
-0.012210418000000112
-0.014604643000000084
-0.005825901333333383
0.0029528403333332065
0.011731581999999907
-0.014604643000000084
-0.04094086800000013
0.021308381999999848
-0.0026336480000002105
-0.026575678000000158
-0.015402724666666812
-0.004229771333333465
0.006943181999999881
0.005347048666666576
0.00375091533333316
0.002154781999999855
0.0005586486666665502
-0.0010374846666668658
-0.0026336180000001708
0.006943181999999881
-0.0026336180000001708
-0.005027818000000073
-0.007422018000000086
-0.00023941800000004676
0.006943181999999881
0.011731581999999907
0.016519981999999822
0.004548981999999868
-0.007422018000000086
-0.005027818000000073
-0.0026336180000001708
-0.00023941800000015778
0.002154781999999855
-0.012210418000000112
0.002154781999999855
0.006943181999999881
0.011731581999999907
0.006943181999999881
0.0005586486666665502
-0.005825884666666781
-0.012210418000000112
0.002154781999999855
-0.0026336180000001708
-0.007422018000000086
-0.007422018000000086
-0.007422018000000086
-0.0010374846666667548
0.005347048666666576
0.011731581999999907
0.013327715333333212
0.014923848666666517
0.016519981999999822
0.011731581999999907
-0.007422018000000086
0.009337381999999894
0.026096781999999874
0.016519981999999933
0.006943181999999881
0.006943181999999881
0.006943181999999881
-0.0050278480000001124
-0.016998878000000106
-0.005027863000000132
0.0069431519999998415
0.018914166999999926
0.0308851819999999
0.0069431519999998415
-0.016998878000000106
0.006943181999999881
-0.05051766800000013
-0.01939304300000011
0.011731581999999907
0.003750915333333271
-0.004229751333333476
-0.012210418000000112
0.002154781999999855
-0.02657564300000015
-0.05530606800000015
-0.044771578000000145
-0.03423708800000014
-0.023702598000000186
-0.013168108000000123
-0.0026336180000001708
-0.04094086800000013
-0.034955355500000174
-0.02896984300000016
-0.008619130500000072
0.011731581999999907
-0.01221044300000007
-0.036152468000000104
-0.007422043000000156
0.021308381999999848
-0.0050278480000001124
-0.031364078000000184
-0.00023944800000008648
0.0308851819999999
0.014923828666666528
-0.0010375246666667337
-0.016998878000000106
0.035673581999999926
0.011731581999999907
-0.012210418000000112
0.009337381999999894
0.0308851819999999
0.011731581999999907
-0.007422018000000086
0.011731581999999907
0.0308851819999999
0.0069431519999998415
-0.016998878000000106
-0.00023944800000008648
0.016519981999999822
0.008539315333333186
0.0005586486666665502
-0.007422018000000086
0.016519981999999822
0.005347028666666476
-0.00582592466666676
-0.016998878000000106
0.016519981999999822
-0.0026336480000002105
-0.021787278000000132
-0.00023944800000008648
0.021308381999999848
-0.007422043000000156
-0.036152468000000104
-0.00023944300000011687
0.035673581999999926
0.0045489519999999395
-0.026575678000000158
-0.015402724666666812
-0.004229771333333465
0.006943181999999881
0.004548981999999868
0.002154781999999855
-0.00023941800000004676
-0.0026336180000000597
-0.005027818000000073
-0.007422018000000086
-0.0050278480000001124
-0.007422018000000086
-0.00023941800000004676
0.006943181999999881
-0.026575678000000158
-0.013806591333333507
-0.0010375046666667442
0.011731581999999907
-0.0014365305000001438
-0.014604643000000084
-0.027772755500000135
-0.04094086800000013
-0.009816243000000169
0.021308381999999848
-0.04094086800000013
0.0308851819999999
-0.04094086800000013
0.04046198199999984
0.013327698666666499
-0.013806584666666843
-0.04094086800000013
-0.009018171333333491
0.022904525333333203
0.0548272219999999
0.029688099499999843
0.004548976999999899
-0.020590145500000157
-0.045729268000000156
0.04046198199999984
-0.045729268000000156
-0.012210418000000112
-0.016998848000000066
-0.021787278000000132
-0.012210448000000151
-0.0026336180000001708
-0.031364078000000184
-0.026575678000000158
-0.021787278000000132
-0.016998878000000106
-0.018195978000000057
-0.01939307800000012
-0.02059017800000018
-0.021787278000000132
-0.016998878000000106
0.011731581999999907
-0.021787278000000132
-0.01221045800000009
-0.0026336380000001602
0.006943181999999881
-0.009816248000000138
-0.026575678000000158
-0.0026336480000002105
0.021308381999999848
-0.009816243000000169
-0.04094086800000013
0.05003882199999987
0.035673606999999885
0.0213083919999999
0.0069431769999999116
-0.007422038000000075
-0.021787253000000062
-0.036152468000000104
-0.00023944300000011687
0.035673581999999926
-0.005027843000000143
-0.045729268000000156
0.016519981999999822
-0.021787278000000132
0.035673581999999926
0.023702573666666615
0.011731565333333194
-0.00023944300000011687
-0.012210451333333427
-0.024181459666666738
-0.036152468000000104
-0.02737372633333346
-0.01859498466666676
-0.009816243000000169
-0.0010375013333334682
0.0077412403333331214
0.016519981999999822
-0.031364078000000184
-0.00023944800000008648
0.00035910949999995445
0.0009576669999998844
0.0015562244999998143
0.002154781999999855
-0.0074220480000001254
-0.016998878000000106
-0.0026336180000001708
0.004548981999999868
-0.0026336180000001708
-0.0005814465714287786
0.0014707248571427245
0.0035228962857141166
0.00557506771428562
0.007627239142857012
0.009679410571428515
0.011731581999999907
-0.016998878000000106
-0.0050278480000001124
0.006943181999999881
-0.0074220480000001254
-0.005027833000000204
-0.0026336180000001708
-0.007422018000000086
-0.009816233000000119
-0.01221044800000004
-0.014604663000000073
-0.016998878000000106
-0.016998878000000106
-0.016998878000000106
-0.016998878000000106
-0.0026336180000001708
-0.012210418000000112
-0.005027818000000073
0.002154781999999855
-0.012210418000000112
-0.00023941800000004676
0.011731581999999907
0.002154781999999855
-0.007422018000000086
-0.004229751333333476
-0.0010374846666667548
0.002154781999999855
-0.0026336180000001708
-0.007422018000000086
-0.012210418000000112
0.016519981999999822
-0.00023944800000008648
-0.016998878000000106
-0.0050278480000001124
0.006943181999999881
-0.016998878000000106
-0.00582592466666676
0.005347028666666476
0.016519981999999822
-0.00023944800000008648
-0.016998878000000106
-0.009816248000000138
-0.0026336180000001708
-0.009816248000000138
-0.016998878000000106
-0.007422058000000065
0.0021547619999998657
0.011731581999999907
-0.016998878000000106
0.002154781999999855
-0.0026336180000001708
-0.007422018000000086
-0.005027818000000073
-0.0026336180000001708
0.002154781999999855
0.006943181999999881
-0.0026336180000001708
-0.012210418000000112
-0.011252738000000151
-0.010295058000000079
-0.009337378000000118
-0.008379698000000046
-0.007422018000000086
-0.0026336180000001708
0.002154781999999855
0.011731581999999907
0.006943181999999881
0.002154781999999855
0.002154781999999855
0.002154781999999855
-0.0074220480000001254
-0.016998878000000106
-0.014604648000000164
-0.012210418000000112
-0.008106075142857216
-0.004001732285714432
0.00010261057142846308
0.004206953428571247
0.008311296285714143
0.012415639142856927
0.016519981999999822
-0.009816218000000099
-0.0026336180000001708
-0.012210418000000112
-0.005027818000000073
0.002154781999999855
-0.005027818000000073
-0.012210418000000112
-0.012210418000000112
-0.012210418000000112
-0.008619118000000148
-0.005027818000000073
-0.0014365180000001088
0.002154781999999855
-0.005027818000000073
-0.012210418000000112
-0.016998878000000106
-0.0026336180000001708
0.002154781999999855
0.006943181999999881
0.002154781999999855
-0.0026336180000001708
-0.0026336180000001708
-0.0026336180000001708
0.002154781999999855
-0.0010374846666667548
-0.004229751333333476
-0.007422018000000086
-0.007422018000000086
-0.007422018000000086
-0.007422018000000086
-0.005027818000000073
-0.0026336180000001708
-0.0026336180000001708
-0.0026336180000001708
-0.0026336180000001708
0.002154781999999855
0.006943181999999881
-0.016998878000000106
-0.013806591333333396
-0.010614304666666796
-0.007422018000000086
-0.0026336180000001708
0.002154781999999855
0.002154781999999855
0.002154781999999855
0.002154781999999855
0.0005586486666665502
-0.0010374846666668658
-0.0026336180000001708
-0.0026336180000001708
-0.0032321680000001463
