-0.0217874000000009
-0.017956600000001544
-0.014125800000002187
-0.010295000000001053
-0.006464200000001696
-0.0026334000000023394
-0.01939290000000149
-0.0026334000000023394
-0.012210400000002508
-0.0217874000000009
-0.03136440000000107
-0.040940400000001986
-0.03375790000000123
-0.026575400000002247
-0.024181400000001574
-0.0217874000000009
-0.018595066666668103
-0.01540273333333353
-0.012210400000000732
-0.005825733333335137
0.0005589333333322344
0.006943599999997829
0.012929099999997362
0.01891459999999867
0.024900099999998204
0.030885599999997737
-0.0026334000000023394
-0.016998900000000816
-0.01939315000000086
-0.0217874000000009
-0.010614400000001467
0.0005585999999997426
0.011731599999999176
0.006259171428570909
0.0007867428571408652
-0.004685685714287402
-0.01015811428571567
-0.015630542857143936
-0.02110297142857398
-0.026575400000002247
-0.01699840000000208
-0.026575400000002247
-0.01699840000000208
-0.0026334000000023394
-0.0026334000000023394
0.016519599999998746
0.0117315999999974
0.006943599999997829
-0.0217874000000009
-0.02338340000000194
-0.024979400000001206
-0.026575400000002247
-0.025378400000001022
-0.024181400000001574
-0.022984400000002125
-0.0217874000000009
-0.01699840000000208
-0.036152400000002416
-0.05530640000000098
-0.012210400000000732
-0.024181400000001574
-0.036152400000002416
-0.019392900000003266
-0.0026334000000023394
-0.00023940000000166606
0.0021545999999990073
-0.002633900000001077
-0.007422400000001161
-0.010614400000001467
-0.013806400000001773
-0.01699840000000208
-0.026575400000002247
-0.024181150000002205
-0.021786900000002163
-0.01939265000000212
-0.01699840000000208
-0.0217874000000009
-0.036152400000002416
-0.036152400000002416
-0.036152400000002416
-0.012210400000000732
-0.014604400000001405
-0.01699840000000208
-0.014125400000002841
-0.011252400000001828
-0.00837940000000259
-0.005506400000001577
-0.0026334000000023394
-0.012210400000000732
-0.0217874000000009
-0.01699840000000208
-0.01939290000000149
-0.0217874000000009
-0.007422400000001161
-0.00838000000000072
-0.009337600000000279
-0.010295200000001614
-0.011252800000001173
-0.012210400000000732
-0.0217874000000009
-0.012210400000000732
-0.012210400000000732
-0.012210400000000732
-0.012210400000000732
-0.012210400000000732
-0.026575400000002247
-0.007422400000001161
0.0021545999999990073
0.0021545999999990073
0.0021545999999990073
-0.007422400000001161
-0.002633900000001077
0.0021545999999990073
-0.00071840000000023
-0.0035914000000012436
-0.006464400000000481
-0.009337400000001495
-0.012210400000000732
-0.014604400000001405
-0.01699840000000208
-0.028969400000001144
-0.040940400000001986
-0.03136390000000233
-0.0217874000000009
-0.024979733333333698
-0.028172066666668272
-0.03136440000000107
-0.012210400000000732
0.006943599999997829
0.0117315999999974
0.016519599999998746
0.03806759999999798
0.05961559999999899
0.05801959999999795
0.056423599999998686
0.054827599999997645
0.02130859999999757
-0.014604400000003182
-0.050517400000002155
-0.07254400000000238
-0.09457060000000261
-0.11659720000000107
-0.1386238000000013
-0.16065040000000153
-0.16065040000000153
-0.00023940000000166606
0.11228759999999838
0.08834559999999847
0.06440359999999856
0.040461599999998654
-0.03375790000000123
-0.025857050000000825
-0.017956200000000422
-0.010055350000001795
-0.0021545000000013914
0.005746349999999012
0.013647199999999415
0.02154804999999982
0.029448899999998446
0.03734974999999885
0.04525059999999925
-0.026575400000002247
-0.12713240000000248
-0.08403640000000223
-0.05770040000000165
-0.03136440000000107
-0.009816400000001835
-0.013407400000001957
-0.01699840000000208
-0.010294800000002269
-0.003591200000002459
0.003112399999999127
0.009815999999998937
0.016519599999998746
0.05003859999999882
0.051634933333332356
0.05323126666666411
0.054827599999997645
-0.036152400000002416
-0.0476446000000017
-0.059136800000002765
-0.07062900000000205
-0.08212120000000311
-0.0936134000000024
-0.07829040000000198
-0.06296740000000156
-0.04764440000000292
-0.0323214000000025
-0.01699840000000208
-0.009816400000001835
-0.006054114285715784
-0.0022918285714297326
0.0014704571428563185
0.005232742857140593
0.008995028571426644
0.012757314285712695
0.016519599999998746
0.06440409999999908
0.04764484999999752
0.030885599999997737
-0.04572940000000081
-0.06368590000000118
-0.08164240000000156
-0.09959890000000193
-0.11755540000000231
-0.11276706666666847
-0.10797873333333463
-0.10319040000000079
-0.0217874000000009
0.016519599999998746
0.030885599999997737
-0.009815900000003097
0.01053484999999732
0.030885599999997737
0.01891459999999867
0.006943599999997829
-0.00023902500000261284
-0.007421650000001279
-0.01460427500000172
-0.021786900000002163
-0.028969525000002605
-0.03615215000000305
-0.04333477500000171
-0.050517400000002155
-0.0648824000000019
-0.03854640000000131
-0.03495540000000119
-0.03136440000000107
-0.012210400000000732
-0.009816400000001835
-0.007422400000001161
-0.00502790000000175
-0.0026334000000023394
-0.0012652571428599657
0.00010288571428418436
0.001471028571426558
0.002839171428568932
0.0042073142857113055
0.005575457142855456
0.006943599999997829
-0.007421900000000647
-0.007422066666666893
-0.0074222333333349155
-0.007422400000001161
-0.028969900000001658
-0.032561150000002925
-0.036152400000002416
-0.029767733333335045
-0.02338306666666945
-0.01699840000000208
-0.03136440000000107
-0.028628114285714545
-0.025891828571429798
-0.023155542857143274
-0.020419257142858527
-0.017682971428572003
-0.014946685714287256
-0.012210400000000732
-0.036152400000002416
-0.0217874000000009
-0.036152400000002416
0.04525059999999925
0.05003909999999934
0.054827599999997645
0.04644784999999807
0.03806809999999672
0.029688349999997143
0.02130859999999757
-0.012210150000001363
-0.04572890000000207
-0.07924765000000278
-0.11276640000000171
-0.16543940000000212
-0.012210400000000732
0.07038959999999861
0.15298959999999795
0.10702089999999842
0.06105219999999889
0.015083499999997585
-0.030885200000001944
-0.07685390000000147
-0.22888565000000227
-0.3809174000000013
0.011731599999999176
0.012928599999998625
0.01412559999999985
0.015322599999999298
0.016519599999998746
0.17932559999999853
0.1812409999999982
0.1831563999999979
0.18507179999999934
0.18698719999999902
0.1889025999999987
-0.10797840000000214
-0.25641840000000116
-0.17820806666666833
-0.09999773333333373
-0.0217874000000009
-0.0648824000000019
0.009337599999998503
0.0835575999999989
0.15777759999999752
0.23199759999999792
0.19369059999999827
0.1544257999999985
0.11516099999999874
0.0758961999999972
0.03663139999999743
-0.0026334000000023394
-0.09840140000000197
-0.3809174000000013
-0.026575400000002247
-0.10079590000000138
-0.1750164000000023
0.21763259999999818
0.19249347499999914
0.16735434999999832
0.1422152249999975
0.11707609999999846
0.09193697499999942
0.0667978499999986
0.04165872499999779
0.016519599999998746
0.10271159999999924
0.06919259999999916
0.026096599999998915
0.035673599999999084
-0.03136390000000233
-0.09840140000000197
-0.26838965000000137
-0.43837790000000076
-0.3426100250000008
-0.24684215000000087
-0.15107427500000092
-0.05530640000000098
-0.1941694000000016
-0.024181400000001574
0.14580659999999845
0.11587909999999901
0.0859515999999978
0.056024099999998356
0.026096599999998915
0.030885599999997737
0.13622959999999829
0.09792259999999864
0.163364099999999
0.2288055999999976
0.294247099999998
-0.11755540000000231
-0.09121915000000236
-0.06488290000000063
-0.03854665000000068
-0.012210400000000732
-0.17980440000000186
-0.026575400000002247
0.12665359999999914
-0.10797840000000214
-0.10079590000000138
-0.0936134000000024
-0.08643090000000164
-0.07924840000000088
-0.12234340000000188
0.06440359999999856
-0.009816400000001835
-0.08403640000000223
-0.06488290000000241
-0.045729400000002585
-0.026575900000000985
-0.007422400000001161
-0.12234340000000188
0.040461599999998654
-0.05530640000000275
-0.15107440000000238
-0.09121940000000173
-0.03136440000000107
-0.06967140000000072
-0.10797840000000214
0.0835575999999989
0.032481266666666286
-0.018595066666668103
-0.06967140000000072
-0.055306066666668485
-0.04094073333333448
-0.026575400000002247
-0.03136390000000233
-0.036152400000002416
-0.00742206666666867
0.021308266666665077
0.05003859999999882
0.006943099999997315
-0.036152400000002416
-0.0217874000000009
-0.007422400000001161
-0.08403640000000223
-0.07685377500000179
-0.06967115000000135
-0.06248852500000268
-0.05530590000000224
-0.0481232750000018
-0.04094065000000313
-0.03375802500000269
-0.026575400000002247
-0.0217874000000009
-0.060094400000002324
-0.019393400000002003
0.00853893333333211
0.03647126666666445
0.06440359999999856
-0.07924840000000088
0.040461599999998654
-0.00502790000000175
-0.050517400000002155
0.0117315999999974
0.07398059999999873
0.06560084999999916
0.05722109999999958
0.04884134999999823
0.040461599999998654
0.004548599999999681
-0.03136440000000107
-0.018595066666668103
-0.005825733333335137
0.006943599999997829
-0.05530640000000098
-0.0038309000000005256
0.04764459999999815
0.0991200999999986
0.15059559999999905
-0.11037240000000281
-0.1606507333333358
-0.21092906666666877
-0.26120740000000175
0.07398059999999873
0.06057309999999916
0.04716559999999781
0.03375809999999824
0.020350599999998664
0.006943099999997315
-0.006464400000002257
-0.01987190000000183
-0.0332794000000014
-0.04668690000000275
-0.060094400000002324
-0.04692615000000089
-0.03375790000000123
-0.04367682857142974
-0.05359575714285825
-0.06351468571428676
-0.07343361428571527
-0.08335254285714377
-0.09327147142857228
-0.10319040000000079
0.12186459999999855
0.06919259999999916
0.24636309999999817
-0.09840190000000248
-0.3282444000000009
-0.062488900000001735
0.05961559999999899
-0.1941694000000016
-0.0672769000000013
0.05961559999999899
0.04046209999999917
0.02130859999999757
0.06600026666666459
0.1106919333333316
0.15538359999999862
0.1601715999999982
0.04764459999999815
-0.0648824000000019
-0.0433349000000014
-0.0217874000000009
-0.11755540000000053
-0.21332340000000194
-0.036152400000002416
0.14101859999999888
-0.045728900000000294
-0.23247640000000125
-0.1526697333333349
-0.07286306666666853
0.006943599999997829
-0.30909140000000157
-0.15586240000000195
-0.002633400000000563
0.15059559999999905
0.0907405999999984
0.030885599999997737
-0.028969400000001144
-0.0888244000000018
-0.020589900000000938
0.04764459999999815
0.11587909999999724
0.1841135999999981
-0.007421900000000647
-0.036152400000002416
0.02130859999999757
0.07876959999999755
0.05123609999999701
0.023702599999998242
-0.0038309000000005256
-0.03136440000000107
-0.0648824000000019
-0.0672766142857153
-0.06967082857143048
-0.07206504285714388
-0.07445925714285906
-0.07685347142857246
-0.07924768571428764
-0.08164190000000104
-0.012210400000000732
-0.0409409000000025
0.00853918333333148
0.05801926666666368
0.10749934999999766
0.15697943333333164
0.20645951666666384
0.2559395999999978
0.04525009999999696
-0.16543940000000212
0.17932559999999853
-0.0888244000000018
-0.07605540000000133
-0.06328640000000085
-0.05051740000000038
-0.03774840000000168
-0.024979400000001206
-0.012210400000000732
-0.060094400000002324
-0.12234340000000188
-0.024181400000001574
0.012689199999998735
0.049559799999999044
0.08643039999999758
0.12330099999999788
0.1601715999999982
0.08994176666666576
0.019711933333331544
-0.05051790000000267
-0.1207477333333351
-0.19097756666666754
-0.26120740000000175
0.24157459999999809
0.03806759999999798
-0.16543940000000212
0.20326759999999844
-0.09840140000000197
-0.05769990000000291
-0.01699840000000208
-0.03495490000000245
-0.05291140000000283
-0.07086790000000143
-0.0888244000000018
-0.07924790000000215
-0.06967140000000072
0.12665359999999914
-0.03375790000000123
-0.1941694000000016
-0.0952090666666674
0.003751266666665032
0.10271159999999924
-0.24205340000000142
0.2128445999999986
0.12306209999999851
0.03327959999999841
-0.05650290000000169
-0.1462854000000018
0.028491099999998326
0.05961559999999899
-0.11755540000000231
-0.062488900000001735
-0.007422400000001161
0.021308266666665077
0.050038933333331315
0.07876959999999755
-0.028969400000001144
-0.13670840000000162
-0.045728900000000294
0.04525059999999925
-0.06967090000000198
-0.18459240000000143
-0.09600715000000193
-0.007421900000000647
0.08116334999999886
0.16974859999999836
-0.16543940000000212
0.1601715999999982
0.0117315999999974
-0.13670840000000162
-0.03136440000000107
-0.002633900000001077
0.026096599999998915
0.028491099999998326
0.030885599999997737
-0.028969400000001144
-0.0888244000000018
-0.06009415000000118
-0.03136390000000233
-0.0026336500000017082
0.026096599999998915
-0.06488290000000063
-0.15586240000000195
-0.07206540000000317
0.0117315999999974
0.05163493333333058
0.09153826666666554
0.13144159999999872
-0.009816400000001835
-0.15107440000000238
0.05003859999999882
-0.0409409000000025
-0.13192040000000205
-0.07445940000000206
-0.01699840000000208
-0.0068231500000024425
0.0033520999999971934
0.013527349999998606
0.023702599999998242
0.03387784999999788
0.04405309999999929
0.054228349999998926
0.06440359999999856
-0.06967140000000072
-0.007422400000001161
-0.01699840000000208
0.0021545999999990073
-0.03136440000000107
-0.040940400000001986
-0.03136390000000233
-0.0217874000000009
-0.0217874000000009
-0.0217874000000009
-0.0217874000000009
-0.0217874000000009
-0.0217874000000009
-0.0217874000000009
-0.012210400000000732
-0.012210400000000732
-0.012210400000000732
-0.012210400000000732
-0.012210400000000732
-0.012210400000000732
-0.01699840000000208
-0.0217874000000009
-0.0217874000000009
-0.01699840000000208
-0.017682542857144767
-0.018366685714287456
-0.019050828571430145
-0.019734971428572834
-0.020419114285715523
-0.02110325714285821
-0.0217874000000009
-0.0217874000000009
-0.0217874000000009
-0.024181400000001574
0.0021545999999990073
0.004549099999998418
0.006943599999997829
-0.03136440000000107
-0.014604900000001919
0.0021545999999990073
-0.002633900000001077
-0.007422400000001161
-0.005826066666667629
-0.004229733333335872
-0.0026334000000023394
-0.014604400000003182
-0.026575400000002247
-0.012210400000000732
-0.012210400000000732
-0.012210400000000732
-0.024181400000001574
-0.036152400000002416
-0.0217874000000009
-0.0217874000000009
-0.0217874000000009
-0.0217874000000009
-0.020191066666667368
-0.01859473333333561
-0.01699840000000208
-0.01699840000000208
-0.01699840000000208
-0.01699840000000208
-0.01699840000000208
-0.01699840000000208
-0.0217874000000009
-0.03136440000000107
-0.03136440000000107
-0.03136440000000107
-0.03375840000000174
-0.036152400000002416
-0.026575400000002247
-0.036152400000002416
-0.04572940000000081
-0.04285640000000157
-0.03998340000000056
-0.03711040000000132
-0.034237400000000306
-0.03136440000000107
-0.022984400000002125
-0.014604400000001405
-0.01819590000000204
-0.0217874000000009
-0.007422400000001161
-0.009337600000002055
-0.011252800000001173
-0.013168000000002067
-0.015083200000001185
-0.01699840000000208
-0.007422400000001161
-0.013806733333334265
-0.020191066666669144
-0.026575400000002247
-0.028490800000001926
-0.030406200000001604
-0.03232160000000306
-0.03423700000000274
-0.036152400000002416
-0.02777265000000284
-0.01939290000000149
-0.01699840000000208
0.006943599999997829
0.0053472666666642965
0.00375093333333254
0.0021545999999990073
-0.00502790000000175
-0.012210400000000732
-0.007421900000000647
-0.0026334000000023394
-0.007421733333336178
-0.01221006666666824
-0.01699840000000208
-0.01859473333333561
-0.020191066666667368
-0.0217874000000009
-0.028969900000001658
-0.01819615000000141
-0.007422400000001161
-0.014604900000001919
-0.0217874000000009
-0.014604900000001919
-0.007422400000001161
-0.00502790000000175
-0.0026334000000023394
