-0.06727749999999943
-0.08523399999999981
-0.020590499999999068
0.009337249999999742
0.03926500000000033
-0.018195999999999657
-0.07565699999999964
-0.054109249999999776
-0.03256149999999991
-0.011013750000000044
0.010533999999999821
-0.03256100000000117
-0.018196000000001433
-0.003830999999999918
-0.027772999999999826
-0.05171499999999973
-0.03734949999999948
-0.022984000000001004
-0.06608000000000125
-0.05650300000000108
-0.04692600000000091
-0.04453200000000024
-0.042137999999999565
-0.041180400000000006
-0.04022280000000045
-0.03926519999999911
-0.03830759999999955
-0.037349999999999994
-0.027772999999999826
-0.018195999999999657
-0.022984000000001004
0.0009579999999989042
-0.022984000000001004
-0.025378500000000415
-0.027772999999999826
-0.02298449999999974
-0.018195999999999657
-0.025378500000000415
-0.03256100000000117
-0.03591300000000075
-0.03926500000000033
-0.04261700000000168
-0.04596900000000126
-0.049321000000000836
-0.04912141666666692
-0.048921833333334774
-0.048722250000000855
-0.048522666666666936
-0.04832308333333479
-0.048123500000000874
-0.047923916666666955
-0.04772433333333481
-0.04752475000000089
-0.047325166666666973
-0.04712558333333483
-0.04692600000000091
-0.008619000000001265
-0.025378500000000415
-0.026575583333334762
-0.027772666666667334
-0.028969749999999905
-0.030166833333334253
-0.0313639166666686
-0.03256100000000117
-0.034955250000001215
-0.03734949999999948
-0.03803357142857067
-0.038717642857141854
-0.03940171428571304
-0.040085785714286004
-0.04076985714285719
-0.04145392857142838
-0.042137999999999565
-0.02681500000000092
-0.025538166666667195
-0.024261333333333468
-0.02298449999999974
-0.024181624999998874
-0.025378749999999783
-0.026575875000000693
-0.027772999999999826
-0.027772999999999826
-0.027772999999999826
-0.027772999999999826
-0.037349999999999994
-0.04692600000000091
-0.05650300000000108
-0.06608000000000125
-0.06416460000000157
-0.06224920000000189
-0.06033380000000044
-0.05841840000000076
-0.05650300000000108
-0.011811333333334062
-0.012343555555556662
-0.012875777777777486
-0.013408000000000087
-0.011013500000000676
-0.008619000000001265
-0.011013500000000676
-0.013408000000000087
-0.037349999999999994
-0.037349999999999994
-0.037349999999999994
-0.037349999999999994
-0.0437343333333331
-0.05011866666666798
-0.05650300000000108
-0.05650300000000108
-0.05650300000000108
-0.05650300000000108
-0.05650300000000108
-0.05650300000000108
-0.05650300000000108
-0.0110134999999989
0.0009579999999989042
0.0009579999999989042
-0.008619000000001265
-0.018195999999999657
-0.02059000000000033
-0.022984000000001004
-0.027772999999999826
-0.026815299999999098
-0.025857600000000147
-0.02489989999999942
-0.02394220000000047
-0.02298449999999974
-0.022026799999999014
-0.021069100000000063
-0.020111399999999335
-0.019153700000000384
-0.018195999999999657
-0.015003666666668636
-0.013408000000000087
-0.027772999999999826
-0.027772999999999826
-0.027772999999999826
-0.018195999999999657
-0.01899399999999929
-0.019792000000000698
-0.02059000000000033
-0.021387999999999963
-0.02218600000000137
-0.022984000000001004
-0.008619000000001265
-0.010215333333334797
-0.011811666666666554
-0.013408000000000087
-0.027772999999999826
-0.027772999999999826
-0.02298449999999974
-0.018195999999999657
-0.018195999999999657
-0.018195999999999657
-0.018195999999999657
-0.018195999999999657
-0.018195999999999657
-0.011811333333334062
-0.005426666666666691
0.0009579999999989042
-0.00383050000000118
-0.008619000000001265
-0.008619000000001265
-0.008619000000001265
-0.008619000000001265
-0.018195999999999657
-0.018195999999999657
-0.018195999999999657
-0.0301670000000005
-0.042137999999999565
-0.027772999999999826
-0.013408000000000087
-0.014205999999999719
-0.015003999999999351
-0.015801999999998984
-0.016600000000000392
-0.017398000000000025
-0.018195999999999657
-0.003830999999999918
-0.008619000000001265
-0.003830999999999918
-0.008619000000001265
-0.011013500000000676
-0.013408000000000087
-0.015460142857142145
-0.01751228571428598
-0.01956442857142804
-0.021616571428571874
-0.023668714285713932
-0.025720857142857767
-0.027772999999999826
-0.033519000000000077
-0.03926500000000033
-0.04501100000000058
-0.05075700000000083
-0.05650300000000108
-0.03256100000000117
-0.03256100000000117
-0.030166833333334253
-0.027772666666667334
-0.025378500000000415
-0.022984333333333495
-0.020590166666666576
-0.018195999999999657
-0.0014365000000005068
-0.016600000000000392
-0.0205902499999997
-0.024580500000000782
-0.028570750000001865
-0.03256100000000117
-0.018195999999999657
-0.022984000000001004
-0.027772666666667334
-0.032561333333333664
-0.037349999999999994
-0.04692600000000091
-0.03974350000000193
-0.03256100000000117
-0.03256100000000117
-0.03256100000000117
-0.025378500000000415
-0.018195999999999657
-0.019792111111110344
-0.021388222222222808
-0.022984333333333495
-0.024580444444444183
-0.026176555555556646
-0.027772666666667334
-0.02936877777777802
-0.030964888888890485
-0.03256100000000117
-0.02059000000000033
-0.008619000000001265
0.0009579999999989042
-0.0301670000000005
-0.03256100000000117
-0.008619000000001265
0.01532300000000042
0.016919083333332807
0.01851516666666697
0.02011124999999936
0.021707333333331746
0.02330341666666591
0.024899499999998298
0.0679949999999998
0.07517766666666681
0.08236033333333381
0.08954300000000082
0.05482700000000129
0.02011099999999999
0.06001433333333317
0.09991766666666635
0.13982099999999953
0.11587899999999962
0.09193699999999971
0.0679949999999998
0.06440375000000031
0.06081249999999905
0.05722124999999956
0.053630000000000067
0.11827324999999966
0.18291649999999926
0.14780166666666616
0.11268683333333307
0.07757199999999997
0.09672600000000031
0.11109100000000005
0.18052250000000036
0.2499539999999989
0.19249333333333318
0.1350326666666657
0.07757199999999997
0.07757199999999997
0.07757199999999997
0.07757199999999997
0.07757199999999997
0.07757199999999997
0.07757199999999997
0.07757199999999997
0.07757199999999997
0.07757199999999997
0.07757199999999997
0.07757199999999997
0.07757199999999997
0.07757199999999997
0.07757199999999997
0.07757199999999997
0.07757199999999997
0.0911391111111115
0.10470622222222126
0.11827333333333279
-0.10917533333333473
-0.14987666666666755
-0.19057800000000036
-0.09481000000000073
-0.18339550000000138
-0.27198100000000025
-0.22888533333333427
-0.18578966666666652
-0.14269400000000054
-0.23846200000000017
-0.13910275000000105
-0.039743500000000154
0.059615750000000745
0.15897499999999987
0.08235999999999954
0.10929487499999979
0.13622975000000004
0.16316462500000029
0.19009950000000053
0.217034374999999
0.24396924999999925
0.2709041249999995
0.29783899999999974
0.06320700000000024
-0.06847400000000015
-0.286346
-0.013408000000000087
-0.20015500000000053
-0.05969533333333388
0.08076433333333277
0.22122399999999942
0.16184780000000032
0.10247159999999944
0.04309540000000034
-0.01628080000000054
-0.07565699999999964
-0.05410900000000041
-0.10797849999999976
-0.16184800000000088
0.02968800000000016
-0.026176666666666293
-0.08204133333333452
-0.13790600000000097
0.20206999999999908
0.0775719999999982
-0.04692600000000091
-0.015801500000000246
0.01532300000000042
0.04644749999999931
0.07757199999999997
-0.13790600000000097
-0.17142500000000105
-0.03495550000000058
0.10151399999999988
-0.006225000000000591
-0.11396400000000106
0.01532300000000042
0.14461000000000013
0.03447650000000024
-0.07565699999999964
-0.013407500000001349
0.04884199999999872
-0.00383050000000118
-0.05650300000000108
-0.05889725000000112
-0.061291500000001164
-0.0636857500000012
-0.06608000000000125
0.0440529999999999
-0.11396400000000106
-0.027773000000001602
0.05841799999999964
-0.03974400000000067
-0.13790600000000097
-0.0301670000000005
0.07757199999999997
-0.022984500000001518
-0.12354100000000123
-0.04453250000000075
0.03447599999999973
0.02011079999999943
0.005745599999999129
-0.008619599999999394
-0.022984799999999694
-0.037349999999999994
-0.027174499999999213
-0.01699900000000021
-0.006823500000001204
0.0033519999999995775
0.005746000000000251
-0.002633749999999324
-0.011013500000000676
-0.01939325000000025
-0.027772999999999826
-0.03615275000000118
-0.04453250000000075
-0.09959899999999955
-0.061291666666665634
-0.022984333333333495
0.01532300000000042
0.008824428571429621
0.0023258571428570463
-0.004172714285713752
-0.010671285714286327
-0.017169857142857126
-0.0236684285714297
-0.0301670000000005
-0.018196000000001433
-0.005427000000000959
0.007341999999999516
0.02011099999999999
-0.09959899999999955
-0.04932050000000032
-0.03415733333333293
-0.01899416666666731
-0.003830999999999918
0.017716999999999317
0.03926500000000033
0.002553999999999945
-0.03415700000000044
-0.07086800000000082
0.05841799999999964
-0.09481000000000073
-0.05650300000000108
-0.018195999999999657
0.02011099999999999
-0.015801999999998984
-0.05171499999999973
-0.09481000000000073
-0.060333599999999876
-0.025857200000000802
0.008619200000000049
0.043095599999999123
0.07757199999999997
-0.1283290000000008
-0.061291500000001164
0.005746000000000251
0.0009579999999989042
-0.09002200000000116
-0.01580200000000076
0.05841799999999964
0.012928499999999232
-0.03256100000000117
-0.014604500000000797
0.0033519999999995775
0.021308499999999952
0.03926500000000033
0.05171480000000095
0.0641645999999998
0.07661440000000042
0.08906419999999926
0.10151399999999988
0.022505000000000663
0.021478952380952876
0.02045290476190509
0.0194268571428573
0.01840080952381129
0.017374761904763503
0.016348714285715715
0.015322666666667928
-0.04692600000000091
-0.03136375000000058
-0.015801500000000246
-0.035553625000000366
-0.055305750000000486
-0.0750578750000006
-0.09481000000000073
-0.08523399999999981
-0.07996669999999995
-0.07469940000000008
-0.06943210000000022
-0.06416480000000035
-0.05889750000000049
-0.12354100000000123
0.03447599999999973
-0.08523400000000159
-0.20494400000000113
-0.1546655000000019
-0.1043870000000009
-0.09002183333333313
-0.07565666666666715
-0.061291500000001164
-0.0469263333333334
-0.03256116666666564
-0.018195999999999657
-0.12354050000000072
-0.06368574999999943
-0.003830999999999918
-0.1570600000000013
-0.12114700000000056
-0.08523399999999981
-0.042137999999999565
0.0009579999999989042
-0.0756565000000009
-0.1522710000000007
-0.13790583333333473
-0.12354066666666697
-0.10917550000000098
-0.094810333333335
-0.08044516666666723
-0.06608000000000125
-0.07086800000000082
-0.06927191666666666
-0.06767583333333427
-0.0660797500000001
-0.06448366666666772
-0.06288758333333355
-0.061291500000001164
-0.059695416666667
-0.05809933333333284
-0.05650325000000045
-0.054907166666666285
-0.0533110833333339
-0.05171499999999973
-0.018195999999999657
-0.10678150000000208
-0.04213800000000134
-0.027772999999999826
-0.043095799999999684
-0.05841859999999954
-0.07374140000000118
-0.08906420000000104
-0.1043870000000009
-0.042137999999999565
-0.042137999999999565
-0.044532187499999765
-0.046926374999999965
-0.049320562500000165
-0.051714750000000365
-0.054108937500000565
-0.056503125000000765
-0.058897312500000965
-0.061291500000001164
-0.06368568749999959
-0.06607987499999979
-0.06847406249999999
-0.07086825000000019
-0.07326243750000039
-0.07565662500000059
-0.07805081250000079
-0.08044500000000099
-0.0469263333333334
-0.013407666666667595
-0.018994166666665535
-0.037349999999999994
-0.03435724999999934
-0.03136450000000046
-0.028371749999999807
-0.025378999999999152
-0.022386250000000274
-0.01939349999999962
-0.01640075000000074
-0.013408000000000087
-0.03734950000000126
-0.029688000000001935
-0.022026500000000837
-0.014365000000001515
-0.0067035000000004175
0.0009579999999989042
-0.03415733333333293
-0.08523399999999981
-0.07374180000000052
-0.06224959999999946
-0.050757400000000175
-0.03926519999999911
-0.027772999999999826
0.005746000000000251
-0.06608000000000125
-0.04533033333333414
-0.024580666666667028
-0.003830999999999918
-0.00462899999999955
-0.005427000000000959
-0.006225000000000591
-0.0070230000000002235
-0.007821000000001632
-0.008619000000001265
-0.014006000000000185
-0.019393000000000882
-0.02478000000000158
-0.0301670000000005
-0.03555399999999942
-0.040941000000000116
-0.04632800000000081
-0.05171499999999973
-0.05051774999999914
-0.04932050000000032
-0.048123250000001505
-0.04692600000000091
-0.034955000000001846
-0.022984000000001004
-0.011013000000000162
0.0009579999999989042
-0.05171499999999973
0.005746000000000251
-0.008619000000001265
-0.05171499999999973
-0.003830999999999918
-0.008619333333333756
-0.013407666666667595
-0.018195999999999657
-0.022984333333333495
-0.027772666666667334
-0.03160320000000105
-0.027293600000001916
-0.022984000000001004
-0.027772416666667965
-0.032560833333334926
-0.03734925000000189
-0.04213766666666885
-0.04066430769231033
-0.039190948717950036
-0.03771758974359152
-0.036244230769233
-0.034770871794872704
-0.033297512820514186
-0.03182415384615567
-0.03035079487179715
-0.028877435897436854
-0.027404076923078335
-0.025930717948719817
-0.024457358974359522
-0.022984000000001004
-0.015801500000000246
-0.03575366666666646
-0.05650300000000108
-0.0612919999999999
-0.06608000000000125
-0.06248875000000176
