-0.014684432666666691
0.007661448999999987
0.004241160428571422
0.0008208718571428575
-0.002599416714285707
-0.006019705285714327
-0.009439993857142892
-0.012860282428571457
-0.01628057100000002
0.00047882900000001394
-0.045010991
-0.03862645433333334
-0.032241917666666675
-0.025857381000000013
-0.01947284433333335
-0.013088307666666688
-0.006703771000000025
-0.023463181
0.02681504899999998
0.021068964999999995
0.01532288100000001
0.00957679699999997
0.0038307129999999856
-0.001915370999999999
-0.004309563500000002
-0.006703756000000005
-0.013886368500000024
-0.021068981000000042
-0.0019153660000000294
0.017238248999999983
0.00047883899999995316
-0.01628057100000002
-0.0019153610000000043
0.012449849000000013
-0.0019153610000000043
-0.01628057100000002
-0.015083471000000015
-0.013886371000000064
-0.012689271000000057
-0.011492171000000051
-0.010295068500000004
-0.009097966000000013
-0.007900863500000022
-0.006703760999999975
-0.004309565999999987
-0.001915370999999999
-0.001117301000000015
-0.0003192309999999754
0.0004788390000000087
-0.012689255999999982
-0.02585735100000003
-0.022026635000000017
-0.018195919000000005
-0.014365203000000049
-0.010534487000000037
-0.006703771000000025
-0.006703771000000025
-0.021068970999999992
-0.006703760999999975
0.007661448999999987
-0.004309561000000017
-0.01628057100000002
-0.021068961000000053
-0.02585735100000003
-0.001915370999999999
-0.00829990433333333
-0.014684437666666661
-0.021068970999999992
-0.030645780999999983
-0.04022259100000003
-0.024261244333333376
-0.008299897666666667
0.007661448999999987
-0.035434191000000004
-0.01867478100000003
-0.001915370999999999
0.0004788390000000087
0.0028730490000000164
-0.004309560999999962
-0.011492170999999995
-0.011492170999999995
-0.011492170999999995
-0.00829990433333333
-0.0051076376666666645
-0.001915370999999999
-0.021068970999999992
-0.01867477099999998
-0.016280570999999966
-0.013886371000000008
-0.011492170999999995
-0.01628057100000002
-0.01628057100000002
-0.009896031000000027
-0.0035114909999999777
0.0028730490000000164
-0.0007182559999999727
-0.004309560999999962
-0.007900866000000006
-0.011492170999999995
-0.025857381000000013
-0.02585735100000003
-0.022505475000000053
-0.01915359900000002
-0.015801723000000045
-0.012449847000000014
-0.009097971000000038
-0.00989603766666669
-0.010694104333333343
-0.011492170999999995
-0.006703771000000025
-0.011492171000000051
-0.01628057100000002
-0.011492170999999995
-0.009097971000000038
-0.006703771000000025
-0.011492171000000051
-0.01628057100000002
-0.01628057100000002
-0.01628057100000002
-0.01628057100000002
-0.01628057100000002
-0.01628057100000002
-0.01628057100000002
-0.01628057100000002
-0.01628057100000002
-0.01628057100000002
-0.01628057100000002
-0.01628057100000002
-0.01628057100000002
-0.01628057100000002
-0.01628057100000002
-0.006703771000000025
-0.004309571000000012
-0.001915370999999999
-0.01628057100000002
-0.01628057100000002
-0.01628057100000002
-0.01628057100000002
-0.01628057100000002
-0.011492171000000051
-0.006703771000000025
-0.0059057043333333725
-0.0051076376666666645
-0.004309571000000012
-0.0035115043333333595
-0.0027134376666666515
-0.001915370999999999
-0.01628057100000002
-0.01867476100000004
-0.01029506600000002
-0.001915370999999999
-0.0031124710000000055
-0.004309571000000012
-0.0055066710000000185
-0.006703771000000025
-0.007900870999999976
-0.009097970999999982
-0.010295070999999989
-0.011492170999999995
-0.012689271000000002
-0.013886371000000008
-0.015083471000000015
-0.01628057100000002
-0.013886371000000008
-0.014365210999999989
-0.01484405099999997
-0.015322891000000005
-0.015801730999999986
-0.016280570999999966
-0.015482504333333313
-0.014684437666666661
-0.013886371000000008
-0.013088304333333356
-0.017078637666666674
-0.021068970999999992
-0.020470421000000016
-0.019871870999999985
-0.01927332100000001
-0.01867477099999998
-0.018076221000000003
-0.017477671000000028
-0.016879120999999997
-0.01628057100000002
-0.012290237666666703
-0.008299904333333386
-0.001915370999999999
-0.0051076376666666645
-0.00829990433333333
-0.011492170999999995
-0.016280570999999966
-0.021068970999999992
-0.019871870999999985
-0.01867477099999998
-0.017477671000000028
-0.01628057100000002
-0.015083471000000015
-0.013886371000000064
-0.012689271000000057
-0.011492171000000051
-0.013886371000000008
-0.01628057100000002
-0.015083471000000015
-0.013886371000000008
-0.012689271000000002
-0.011492171000000051
-0.010295071000000044
-0.009097971000000038
-0.007900871000000032
-0.006703771000000025
0.0004788390000000087
-0.016280570999999966
-0.01867477099999998
-0.021068970999999992
-0.01628057100000002
-0.009896031000000027
-0.0035114909999999777
0.0028730490000000164
0.0028730490000000164
0.0028730490000000164
0.0016759439999999848
0.0004788390000000087
-0.0007182659999999674
-0.001915370999999999
-0.01628057100000002
-0.015083471000000015
-0.013886371000000008
-0.012689271000000002
-0.011492170999999995
-0.00829990433333333
-0.0051076376666666645
-0.001915370999999999
0.0028730490000000164
-0.0019153610000000043
-0.006703771000000025
-0.007102804333333379
-0.0075018376666666775
-0.007900871000000032
-0.008299904333333386
-0.008698937666666684
-0.009097971000000038
-0.02585735100000003
-0.021867021000000042
-0.017876691
-0.013886361000000014
-0.009896031000000027
-0.0059057009999999854
-0.001915370999999999
-0.01628057100000002
-0.023463181
0.02202664900000001
0.01176578614285717
0.001504923285714277
-0.008755939571428561
-0.019016802428571455
-0.029277665285714294
-0.03953852814285719
-0.049799391000000026
-0.013088304333333356
0.014045987333333343
0.041180278999999986
-0.013886365999999983
-0.06895301100000001
-0.009097966000000013
0.05075707899999998
-0.004309566000000042
-0.05937621100000001
-0.02466028349999999
0.010055643999999975
0.044771571499999996
0.07948749899999999
-0.08331821100000003
-0.05458779600000002
-0.025857381000000013
0.0028730339999999965
0.031603449000000006
-0.03303999099999999
-0.03437010211111108
-0.03570021322222222
-0.03703032433333331
-0.03836043544444445
-0.03969054655555554
-0.04102065766666668
-0.04235076877777777
-0.04368087988888891
-0.045010991
-0.03782839100000002
-0.006703771000000025
-0.011492170999999995
-0.01628057100000002
-0.021068970999999992
0.010055654000000025
0.041180278999999986
0.006464351499999965
-0.028251576
-0.06296750349999997
-0.09768343099999999
0.007661444000000017
0.136948339
0.01723825400000001
-0.10247183100000001
-0.030645780999999983
0.04118026899999999
0.113006319
-0.10726023099999998
-0.06256846766666663
-0.017876704333333326
0.026815058999999974
0.07150682233333333
0.11619858566666666
0.160890349
-0.121625451
-0.049799395999999996
-0.0019153585000000195
0.045968678999999985
0.007661448999999987
-0.030645780999999983
-0.06895301100000001
0.007661448999999987
-0.00351148433333337
-0.014684417666666671
-0.02585735100000003
-0.078529811
-0.022665104333333352
0.0331996023333333
0.08906430899999998
-0.088106611
0.043574479
0.175255569
0.01963245899999999
-0.13599065100000002
-0.016280565999999996
0.103429519
0.053630125
0.003830730999999976
-0.04596866300000002
-0.09576805700000002
-0.14556745100000001
0.05075707899999998
-0.04022259100000003
-0.001915370999999999
0.010055639000000005
0.02202664900000001
-0.033039980999999996
-0.088106611
0.0004788490000000034
0.08906430899999998
0.06392519149999998
0.038786074000000004
0.013646956499999974
-0.011492161
-0.036631278499999975
-0.061770396000000005
-0.08690951350000004
-0.11204863100000001
0.030007329000000027
-0.03623225099999999
-0.10247183100000001
0.103429519
0.0052672340000000095
-0.092895051
-0.025857386000000038
0.041180278999999986
-0.092895051
-0.07493853475000001
-0.05698201850000001
-0.03902550225000001
-0.021068986000000012
-0.003112469750000013
0.014844046499999985
0.032800562749999984
0.05075707899999998
-0.017876704333333326
0.002074972333333369
0.02202664900000001
-0.013886371000000008
-0.049799391000000026
-0.028251581000000026
-0.006703771000000025
-0.0019153610000000043
0.0028730490000000164
-0.014684430999999998
-0.03224191100000001
-0.049799391000000026
-0.03543418300000001
-0.02106897499999999
-0.006703767000000027
0.007661440999999991
0.02202664900000001
-0.00989603766666669
-0.041818724333333335
-0.07374141100000003
0.006065315666666626
-0.049799391000000026
-0.03543418433333334
-0.02106897766666671
-0.006703771000000025
0.012449849000000013
-0.023463181
-0.05937621100000001
-0.050996502666666665
-0.04261679433333332
-0.03423708600000003
-0.02585737766666668
-0.017477669333333334
-0.009097960999999988
0.013646959000000014
0.036391879000000016
-0.030645791000000033
-0.03224192433333334
-0.0338380576666667
-0.03543419100000006
-0.037030324333333364
-0.03862645766666667
-0.04022259100000003
-0.00031922766666669933
0.0007448645555555578
0.0018089567777777593
0.0028730490000000164
0.0004788471250000148
-0.0019153547499999868
-0.004309556624999988
-0.00670375849999999
-0.009097960374999992
-0.011492162249999993
-0.013886364124999995
-0.016280565999999996
-0.02825158099999997
0.02202664900000001
-0.06895301100000001
0.01484404899999997
0.09864110899999998
0.07948749566666663
0.06033388233333331
0.04118026899999999
0.022026655666666672
0.0028730423333332977
-0.01628057100000002
-0.035434184333333396
-0.054587797666666715
-0.07374141100000003
-0.025857381000000013
0.02202664900000001
0.060333889
-0.021068970999999992
-0.011492170999999995
-0.03782838599999999
-0.06416460100000004
-0.09050081600000004
-0.11683703100000004
0.005267248999999974
0.003405091222222212
0.0015429334444444498
-0.00031922433333336775
-0.00218138211111113
-0.004043539888888892
-0.005905697666666654
-0.007767855444444471
-0.009630013222222233
-0.011492170999999995
-0.02825158099999997
-0.005107631000000001
0.032401528999999984
0.069910689
-0.01149218099999999
-0.092895051
-0.06655882600000002
-0.040222601000000024
-0.013886375999999978
0.012449849000000013
0.05075707899999998
-0.025857375999999987
-0.10247183100000001
0.069910689
0.03399765900000001
-0.001915370999999999
-0.021068980999999987
-0.040222590999999974
-0.05937620100000002
-0.078529811
-0.065122283
-0.051714755
-0.038307227
-0.024899698999999997
-0.011492170999999995
0.001915356999999951
0.015322884999999953
0.028730412999999955
0.04213794099999996
0.055545468999999986
0.0004788390000000087
-0.054587791
-0.02106897766666671
0.005267238999999979
-0.049799391000000026
0.036391879000000016
-0.016280565999999996
-0.06895301100000001
-0.030645780999999983
0.007661448999999987
0.012449849000000013
0.017238248999999983
0.02202664900000001
-0.013886371000000008
-0.049799391000000026
-0.02745351100000004
-0.005107631000000001
0.017238248999999983
0.009457094
0.0016759390000000152
-0.006105216000000024
-0.013886371000000008
0.0028730490000000164
-0.021068970999999992
-0.045010991
-0.021068973499999977
0.0028730439999999913
0.02681506149999996
0.05075707899999998
-0.006703771000000025
-0.01947284433333335
-0.032241917666666675
-0.045010991
0.02681504899999998
-0.021068970999999992
-0.02825158099999997
-0.035434191000000004
-0.009097971000000038
0.017238248999999983
0.004469175666666658
-0.008299897666666667
-0.021068970999999992
-0.013886371000000008
-0.006703771000000025
-0.007574389181818186
-0.008445007363636403
-0.009315625545454564
-0.010186243727272726
-0.011056861909090943
-0.011927480090909104
-0.01279809827272732
-0.013668716454545482
-0.014539334636363643
-0.01540995281818186
-0.01628057100000002
0.0028730490000000164
-0.004309560999999962
-0.023463171000000005
0.012449853999999982
-0.003511494333333365
-0.019472842666666657
-0.035434191000000004
-0.02745351766666665
-0.01947284433333335
-0.011492170999999995
-0.003511497666666641
0.004469175666666658
0.012449849000000013
-0.013886371000000008
-0.012449851000000012
-0.011013331000000015
-0.009576811000000018
-0.008140291000000022
-0.006703771000000025
-0.0075018376666666775
-0.00829990433333333
-0.01707862766666668
-0.02585735100000003
-0.01987185600000002
-0.013886361000000014
-0.007900866000000006
-0.001915370999999999
-0.011492170999999995
-0.013886371000000008
-0.01628057100000002
-0.01559651385714289
-0.01491245671428576
-0.01422839957142863
-0.013544342428571443
-0.012860285285714312
-0.012176228142857182
-0.011492171000000051
-0.006703771000000025
-0.01628057100000002
-0.012090718500000042
-0.007900866000000006
-0.0037110135000000266
0.00047883899999995316
-0.005107631000000057
-0.010694101000000011
-0.01628057100000002
-0.011492170999999995
-0.012176228142857126
-0.012860285285714312
-0.013544342428571443
-0.014228399571428574
-0.014912456714285705
-0.01559651385714289
-0.01628057100000002
-0.021068961000000053
-0.005506656000000054
0.010055649
0.007062893999999986
0.004070139000000028
0.0010773840000000146
-0.001915370999999999
-0.0040435487777777945
-0.0061717265555555345
-0.00829990433333333
-0.010295070999999989
-0.012290237666666648
-0.014285404333333362
-0.01628057100000002
-0.006703771000000025
-0.02585735100000003
-0.022266056000000034
-0.01867476100000004
-0.01508346599999999
-0.011492170999999995
-0.011492171000000051
-0.011492171000000051
-0.008299904333333386
-0.0051076376666666645
-0.001915370999999999
-0.01628057100000002
-0.013088304333333356
-0.00989603766666669
-0.006703771000000025
-0.035434191000000004
-0.01867478100000003
-0.001915370999999999
0.002873038999999966
0.007661448999999987
0.005267244000000004
0.002873038999999966
0.00047883399999998355
-0.001915370999999999
0.007661448999999987
-0.011492170999999995
-0.011492170999999995
-0.011492170999999995
-0.011492170999999995
-0.011492170999999995
-0.011492170999999995
-0.011492171000000051
-0.011492171000000051
-0.011492171000000051
-0.01628057100000002
-0.011492170999999995
-0.014684437666666661
-0.017876704333333326
-0.021068970999999992
-0.011492170999999995
-0.00989603766666669
-0.00829990433333333
-0.006703771000000025
