0.008938351666666733
0.00814028500000008
0.0009576950000000362
-0.0062248949999999525
0.003351895000000049
0.01292868500000005
0.022505505000000092
0.014524831666666738
0.0065441583333334385
-0.001436514999999916
0.00335188500000011
0.00814028500000008
0.01292868500000005
0.017717085000000077
0.0033518850000000544
0.00814028500000008
0.00814028500000008
0.00814028500000008
0.010534485000000038
0.01292868500000005
0.008140285000000025
0.0033518850000000544
0.01292868500000005
0.010534485000000038
0.00814028500000008
0.00814028500000008
0.00814028500000008
0.00814028500000008
0.00814028500000008
0.00814028500000008
-0.001436514999999916
0.0017557516666667494
0.004948018333333415
0.00814028500000008
0.01292868500000005
0.017717085000000077
0.017717085000000077
0.017717085000000077
0.017717085000000077
0.017717085000000077
0.011332551666666746
0.004948018333333415
-0.001436514999999916
0.00814028500000008
0.0033518850000000544
0.002154785000000048
0.0009576850000000969
-0.00023941499999990956
-0.001436514999999916
-0.001436514999999916
0.0009576850000000969
0.0033518850000000544
0.008140285000000025
0.01292868500000005
0.0033518850000000544
0.004948018333333415
0.00654415166666672
0.00814028500000008
-0.0062248949999999525
-0.0062248949999999525
-0.0062248949999999525
-0.0062248949999999525
-0.0062248949999999525
-0.0062248949999999525
0.003351895000000049
0.01292868500000005
0.0033518850000000544
0.005746085000000012
0.008140285000000025
0.0009576950000000362
-0.0062248949999999525
-0.0038307049999999343
-0.001436514999999916
0.010534495000000088
0.022505505000000092
0.01771710100000007
0.0129286970000001
0.008140293000000076
0.003351889000000108
-0.001436514999999916
-0.001436514999999916
-0.001436514999999916
-0.001436514999999916
0.00814028500000008
0.017717085000000077
0.017717085000000077
0.017717085000000077
0.010534485000000038
0.0033518850000000544
0.0033518850000000544
0.0033518850000000544
0.002394205000000038
0.0014365250000000773
0.00047884500000006103
-0.00047883499999989976
-0.001436514999999916
0.0009576850000000969
0.0033518850000000544
0.004548985000000061
0.005746085000000067
0.0117315850000001
0.017717085000000077
0.00814028500000008
0.00814028500000008
0.00814028500000008
0.00814028500000008
0.00814028500000008
0.00814028500000008
0.00814028500000008
0.005746085000000067
0.00335188500000011
0.0009576850000000969
-0.001436514999999916
-0.001436514999999916
-0.001436514999999916
-0.0062248949999999525
0.00814028500000008
0.00335188500000011
-0.001436514999999916
0.00814028500000008
0.017717085000000077
0.017717085000000077
0.017717085000000077
0.01292868500000005
0.00814028500000008
0.004948018333333415
0.0017557516666667494
-0.001436514999999916
0.00047884500000006103
0.0023942050000000936
0.004309565000000071
0.006224925000000103
0.00814028500000008
0.022505505000000092
0.010534485000000038
0.008140285000000025
0.005746085000000067
0.0033518850000000544
0.0033518850000000544
0.008140285000000025
0.01292868500000005
0.008140285000000025
0.0033518850000000544
0.0017557516666667494
0.00015961833333338893
-0.001436514999999916
-0.0030326416666666134
-0.004628768333333255
-0.0062248949999999525
0.00814028500000008
0.017717085000000077
0.010534485000000038
0.0033518850000000544
0.008140285000000025
0.01292868500000005
0.008140285000000025
0.0033518850000000544
0.0033518850000000544
0.0014365290000000752
-0.0004788269999999595
-0.0023941829999999387
-0.004309538999999973
-0.0062248949999999525
0.00814028500000008
0.00814028500000008
-0.0062248949999999525
-0.0062248949999999525
-0.0062248949999999525
-0.0030326349999999502
0.00015962500000005209
0.0033518850000000544
-0.001436514999999916
0.00015961833333338893
0.0017557516666667494
0.0033518850000000544
0.00814028500000008
0.01292868500000005
0.017717085000000077
0.017717085000000077
0.010534485000000038
0.0033518850000000544
0.00654415166666672
0.009736418333333385
0.01292868500000005
0.008140285000000025
0.0033518850000000544
0.0033518850000000544
-0.011013334999999957
-0.0014365249999999663
0.00814028500000008
0.0033518916666667176
-0.0014365016666665897
-0.0062248949999999525
-0.0014365016666665897
0.0033518916666667176
0.00814028500000008
0.017717085000000077
0.01292868500000005
0.00814028500000008
-0.001436514999999916
-0.001436514999999916
-0.001436514999999916
-0.001436514999999916
0.0009576850000000969
0.0033518850000000544
-0.001436514999999916
0.0033518850000000544
0.00814028500000008
0.01292868500000005
0.011731585000000044
0.010534485000000038
0.009337385000000087
0.00814028500000008
-0.001436514999999916
0.0033518850000000544
0.0033518850000000544
0.008140285000000025
0.01292868500000005
0.01292868500000005
0.01292868500000005
0.008140285000000025
0.0033518850000000544
0.0033518850000000544
0.0033518850000000544
0.002154785000000048
0.0009576850000000969
-0.00023941499999990956
-0.001436514999999916
-0.001436514999999916
-0.001436514999999916
0.01292868500000005
0.0033518850000000544
0.0033518850000000544
0.0033518850000000544
0.005746085000000067
0.00814028500000008
0.00814028500000008
0.00814028500000008
0.00814028500000008
0.0009576950000000362
-0.0062248949999999525
-0.001436514999999916
0.02130840000000006
0.04405331500000009
0.06679823000000007
0.08954314500000007
0.020111295000000085
-0.04932055499999993
0.022505505000000092
-0.006224914999999942
-0.03495533499999992
0.022505505000000092
0.00335188500000011
-0.015801734999999928
0.00814028500000008
0.03208230500000009
0.020111295000000085
0.00814028500000008
0.02011129750000007
0.032082310000000114
0.0440533225000001
0.05602433500000009
0.026096805000000056
-0.0038307249999999793
0.03567360000000003
0.07517792500000006
0.01292868500000005
-0.04932055499999993
0.0057460900000000925
0.06081273500000006
0.027293905000000063
-0.006224924999999937
-0.039743754999999936
0.046447505000000056
0.03782838100000008
0.029209257000000044
0.020590133000000066
0.011971009000000032
0.0033518850000000544
0.0033518850000000544
0.0033518850000000544
0.0033518850000000544
-0.011013324999999907
-0.02218626833333326
-0.033359211666666555
-0.04453215499999991
0.05602433500000009
-0.05410895499999996
-0.03974374833333327
-0.025378541666666643
-0.011013334999999957
-0.022984339999999936
-0.034955344999999916
-0.04692634999999995
-0.05889735499999993
-0.046926344999999925
-0.03495533499999992
0.0033518750000000597
-0.022984339999999936
-0.04932055499999993
-0.02298433499999991
0.0033518850000000544
-0.015801728333333265
-0.03495534166666664
-0.05410895499999996
0.05602433500000009
-0.020590134999999954
-0.027772739999999962
-0.034955344999999916
-0.042137949999999924
-0.04932055499999993
-0.011013334999999957
-0.03974374499999994
-0.06847415499999993
-0.031763068333333255
0.004948018333333415
0.041659105000000085
-0.03016693499999995
-0.03734954499999993
-0.04453215499999991
-0.018195934999999885
0.00814028500000008
-0.0205901349999999
-0.04932055499999993
-0.01340752499999992
0.022505505000000092
0.01691903166666675
0.011332558333333409
0.005746085000000067
0.00015961166666672577
-0.005426861666666616
-0.011013334999999957
-0.03016693499999995
0.04884172000000009
-0.03495533499999992
0.015322900000000084
0.06560113500000006
-0.01340751999999995
-0.09241617499999993
-0.033758234999999914
0.02489970500000005
0.08355764500000007
0.14221558500000006
0.08714894500000006
0.03208230500000009
-0.02298433499999991
-0.07805097499999991
-0.015801734999999928
0.07517792500000006
-0.07805097499999991
-0.011013319999999938
0.05602433500000009
-0.03734952999999991
-0.1307233949999999
-0.056503154999999916
0.017717085000000077
0.022505491666666766
0.0272938983333334
0.03208230500000009
-0.0062248949999999525
-0.0030326349999999502
0.00015962500000005209
0.0033518850000000544
0.046447505000000056
0.048043638333333416
0.04963977166666672
0.05123590500000008
-0.04453215499999991
0.07038953500000006
0.027293905000000063
-0.015801724999999933
-0.05889735499999993
-0.007821051666666579
0.043255251666666716
0.09433155500000007
-0.025378534999999924
-0.0373495499999999
-0.04932056499999993
-0.06129157999999996
-0.07326259499999993
-0.037349557499999964
-0.0014365199999999412
0.10390835500000006
0.0009576800000000718
-0.10199299499999992
-0.054108961666666566
-0.006224928333333268
0.041659105000000085
0.05602433500000009
-0.015801719999999908
-0.08762777499999991
-0.0529118549999999
-0.018195934999999885
0.01651998500000007
0.05123590500000008
0.022505505000000092
-0.0062248949999999525
0.041659105000000085
-0.006224924999999937
-0.05410895499999996
0.06081273500000006
-0.0014365099999999464
-0.06368575499999996
-0.028969834999999944
0.005746085000000067
0.04046200500000002
0.07517792500000006
-0.06847415499999993
-0.04836286299999992
-0.02825157099999992
-0.008140278999999917
0.011971013000000086
0.03208230500000009
0.03208230500000009
0.03208230500000009
-0.04932055499999993
0.03208230500000009
-0.0062248949999999525
0.027293905000000063
-0.006224924999999937
-0.039743754999999936
0.008140290000000105
0.05602433500000009
0.03208231700000008
0.008140299000000073
-0.015801718999999936
-0.039743736999999946
-0.06368575499999996
0.07038953500000006
-0.07326259499999993
0.05602433500000009
0.022505500000000067
-0.011013334999999957
-0.006224924999999937
-0.001436514999999916
0.0009576850000000969
0.0033518850000000544
0.01771709500000007
0.03208230500000009
0.01292869166666677
-0.006224921666666605
-0.025378534999999924
-0.019393029999999922
-0.01340752499999992
-0.007422019999999918
-0.001436514999999916
0.03687070500000006
0.009736418333333385
-0.017397868333333233
-0.04453215499999991
0.05602433500000009
-0.05410895499999996
0.03208230500000009
0.03208230500000009
0.03208230500000009
-0.006224924999999881
-0.04453215499999991
-0.02218626833333326
0.00015961833333344444
0.022505505000000092
0.005746085000000067
-0.011013334999999957
0.03208230500000009
0.005746085000000067
-0.020590134999999954
0.0009576850000000969
0.022505505000000092
-0.039743754999999936
-0.011013334999999957
0.017717085000000077
0.046447505000000056
0.041659105000000085
0.03687070500000006
0.03208230500000009
0.01173159000000007
-0.008619124999999894
-0.028969839999999913
-0.04932055499999993
0.09911995500000007
-0.07805097499999991
0.10869676500000006
-0.011013334999999957
-0.034955344999999916
-0.05889735499999993
0.001755755000000081
0.06240886500000009
0.12306197500000007
-0.011013324999999907
-0.14508862499999992
-0.03974374833333327
0.0656011283333334
0.17094600500000007
0.0975238183333334
0.024101631666666734
-0.04932055499999993
-0.05410895499999996
0.12306197500000007
-0.16903064499999992
-0.049320558333333264
0.0703895283333334
0.19009961500000006
0.06560113000000006
-0.05889735499999993
-0.05809928833333328
-0.05730122166666657
-0.056503154999999916
-0.055705088333333264
-0.05490702166666661
-0.05410895499999996
-0.05331088833333325
-0.0525128216666666
-0.051714754999999946
-0.05091668833333324
-0.050118621666666585
-0.04932055499999993
0.13263877500000007
-0.16903064499999992
0.18531121500000006
-0.06607996499999996
0.13263877500000007
-0.15945381499999994
0.04884172500000006
0.02729390900000006
0.005746093000000063
-0.015801722999999934
-0.03734953899999993
-0.05889735499999993
-0.00861912499999995
0.04485137833333336
0.09832188166666672
0.15179238500000006
-0.09241617499999993
-0.07326256166666661
-0.05410894833333324
-0.03495533499999992
0.13263877500000007
-0.0205901349999999
-0.17381904499999995
-0.0716664383333333
0.03048616833333334
0.13263877500000007
0.07398083250000007
0.015322890000000089
-0.043335052499999915
-0.10199299499999992
-0.03495533499999992
0.04405332000000006
0.12306197500000007
-0.14987702499999994
-0.09321425166666658
-0.036551478333333276
0.020111295000000085
0.0219069487500001
0.02370260250000006
0.025498256250000073
0.027293910000000088
0.017717101666666735
0.008140293333333437
-0.001436514999999916
-0.03016693499999995
-0.020058082777777708
-0.009949230555555522
0.0001596216666667205
0.010268473888888963
0.02037732611111115
0.03048617833333339
0.04059503055555563
0.05070388277777782
0.06081273500000006
-0.03495533499999992
0.03208230500000009
0.00814028500000008
0.022505485000000047
0.0014365130000000281
-0.019632458999999935
-0.040701430999999955
-0.061770402999999974
-0.08283937499999994
0.03687070500000006
-0.07326259499999993
0.03447649500000005
0.14221558500000006
0.07198567166666675
0.0017557583333334126
-0.06847415499999993
0.027293905000000063
0.046447520000000075
0.06560113500000006
0.0033518916666667176
-0.0588973516666666
-0.12114659499999991
0.19488802500000008
0.13455414100000007
0.07422025700000007
0.013886373000000063
-0.04644751099999994
-0.10678139499999995
-0.021787232499999976
0.06320693000000005
-0.14030022499999995
0.03208230200000006
0.20446482900000007
0.03687071700000005
-0.1307233949999999
-0.056503154999999916
0.017717085000000077
0.049639778333333384
0.08156247166666675
0.11348516500000005
-0.14508862499999992
0.017717090000000046
0.18052280500000006
0.027293905000000063
-0.12593499499999994
-0.06129155499999994
0.0033518850000000544
0.05363012000000006
0.10390835500000006
-0.015801734999999928
-0.13551182499999992
-0.0038307249999999238
0.12785037500000007
0.07996634100000008
0.03208230700000009
-0.015801726999999932
-0.06368576099999995
-0.11156979499999992
0.027293905000000063
0.07038953500000006
-0.022984329999999942
-0.11635819499999994
0.07517792500000006
0.020111295000000085
-0.03495533499999992
-0.01739786166666657
0.00015961166666672577
0.017717085000000077
0.027293891666666736
0.036870698333333396
0.046447505000000056
0.028490995000000074
0.010534485000000038
-0.007422024999999943
-0.025378534999999924
0.017717085000000077
0.005746085000000067
0.014524825000000074
0.02330356500000008
0.03208230500000009
0.005746095000000062
-0.02059011499999991
0.02968811500000007
0.07996634500000008
0.01771709500000007
-0.04453215499999991
-0.033359211666666555
-0.02218626833333326
-0.011013324999999907
0.00015961833333344444
0.01133256166666674
0.022505505000000092
-0.015801734999999928
0.03926491000000004
0.09433155500000007
-0.06847415499999993
-0.018195924999999946
0.03208230500000009
0.03208230500000009
0.03208230500000009
0.03208230500000009
-0.06368575499999996
-0.02178722749999995
0.020111300000000054
0.06200982750000006
0.10390835500000006
-0.08283937499999994
-0.03016693499999995
0.022505505000000092
0.022505505000000092
0.022505505000000092
-0.04932055499999993
0.015322895000000059
0.07996634500000008
0.0033518750000000597
-0.07326259499999993
-0.03495536166666657
0.003351871666666728
0.041659105000000085
0.03926490500000007
0.03687070500000006
0.0344765050000001
0.03208230500000009
0.02809196916666673
0.024101633333333428
0.020111297500000125
0.016120961666666767
0.012130625833333408
0.008140290000000105
0.00155623375000008
-0.0050278224999999455
-0.011611878749999915
-0.01819593499999994
-0.008619124999999894
0.046447505000000056
-0.039743754999999936
-0.02896984499999994
-0.01819593499999994
-0.007422024999999943
0.0033518850000000544
0.03687070500000006
-0.03016693499999995
0.01292870000000007
0.05602433500000009
0.008140290000000105
-0.039743754999999936
-0.0205901349999999
-0.001436514999999916
0.010534495000000088
0.022505505000000092
0.00335188500000011
-0.015801734999999928
-0.0030326549999999397
0.009736425000000104
0.022505505000000092
0.0033518850000000544
-0.0014365049999999768
-0.0062248949999999525
0.00814030500000007
0.022505505000000092
0.00335188500000011
-0.015801734999999928
-0.0038307249999999238
0.00814028500000008
0.01292868500000005
0.017717085000000077
0.0033518750000000597
-0.011013334999999957
0.0017557450000000308
0.014524825000000074
0.027293905000000063
-0.0062248949999999525
-0.0014365049999999768
0.0033518850000000544
0.005746085000000067
0.00814028500000008
0.005746085000000067
0.0033518850000000544
0.024899695000000055
0.046447505000000056
0.010534485000000038
-0.025378534999999924
0.00814028500000008
0.041659105000000085
0.020111295000000085
-0.001436514999999916
0.0017557516666667494
0.004948018333333415
0.00814028500000008
-0.001436514999999916
0.0009576850000000969
0.0033518850000000544
0.010534485000000038
0.017717085000000077
0.010534485000000038
0.0033518850000000544
0.010534485000000038
0.017717085000000077
0.01292868500000005
0.00814028500000008
0.004948018333333415
0.0017557516666667494
-0.001436514999999916
0.0009576850000000969
0.00335188500000011
0.005746085000000067
0.00814028500000008
0.00814028500000008
0.00814028500000008
-0.001436514999999916
0.0033518850000000544
0.0033518850000000544
-0.001436514999999916
0.00015961833333338893
0.0017557516666667494
0.0033518850000000544
0.0033518850000000544
0.0033518850000000544
-0.0014365049999999768
-0.0062248949999999525
-0.0062248949999999525
-0.0062248949999999525
-0.0062248949999999525
-0.0062248949999999525
0.022505505000000092
-0.001436514999999916
0.005746085000000067
0.01292868500000005
-0.001436514999999916
0.0009576850000000969
0.0033518850000000544
0.0009576850000000969
-0.001436514999999916
-0.001436514999999916
-0.001436514999999916
