-0.016520433333335305
-0.020351233333334662
-0.020351233333334662
-0.021149233333334294
-0.021947233333333926
-0.022745233333335335
-0.023543233333334967
-0.0243412333333346
-0.025139233333334232
-0.0035912333333349977
0.013167766666665415
0.010957766666665592
0.008747766666665768
0.006537766666665945
0.0043277666666643455
0.0021177666666645223
-9.223333333530093e-05
-0.002302233333335124
-0.004512233333334947
-0.006722233333334771
-0.00893223333333637
-0.011142233333336193
-0.013352233333336017
-0.01556223333333584
-0.020351233333334662
-0.018435433333335638
-0.009816333333334981
-0.0011972333333343244
-0.0035912333333349977
-0.005985233333335671
-0.005985233333335671
-0.0347162333333344
-0.02753373333333542
-0.020351233333334662
-0.01795698333333462
-0.015562733333334577
-0.013168483333334535
-0.010774233333334493
-0.013168233333335166
-0.01556223333333584
-0.008379733333335082
-0.0011972333333361007
-0.004070233333335338
-0.006943233333336352
-0.009816233333335589
-0.012689233333336603
-0.01556223333333584
-0.032322233333335504
-0.0299279476190506
-0.027533661904763918
-0.025139376190479013
-0.02274509047619233
-0.020350804761907426
-0.017956519047620745
-0.01556223333333584
-0.0011972333333343244
-0.005985566666668163
-0.010773900000002001
-0.01556223333333584
-0.017158566666669373
-0.01875490000000113
-0.020351233333334662
-0.02154823333333411
-0.022745233333335335
-0.023942233333334784
-0.025139233333334232
-0.032322233333335504
-0.029628733333336044
-0.026935233333334807
-0.024241733333335347
-0.02154823333333411
-0.01885473333333465
-0.01616123333333519
-0.013467733333333953
-0.010774233333334493
-0.005985733333334409
-0.0011972333333343244
0.0003987666666649403
-0.00997623333333486
-0.020351233333334662
-0.022745233333335335
-0.025139233333334232
-0.01795673333333525
-0.010774233333334493
-0.01316835833333485
-0.015562483333333432
-0.01795660833333379
-0.020350733333334148
-0.017158566666667596
-0.013966400000001045
-0.010774233333334493
0.008379766666664068
0.001995099999998473
-0.004389566666668898
-0.010774233333334493
-0.01556223333333584
-0.017158566666669373
-0.01875490000000113
-0.020351233333334662
-0.005985233333335671
-0.012369900000001266
-0.018754566666668637
-0.025139233333334232
-0.0011972333333343244
-0.013168233333335166
-0.025139233333334232
-0.022745233333335335
-0.020351233333334662
-0.022745233333335335
-0.025139233333334232
-0.013168233333335166
-0.0011972333333343244
-0.007581900000001696
-0.01396656666666729
-0.020351233333334662
-0.015562733333334577
-0.010774233333334493
-0.010774233333334493
-0.010774233333334493
-0.010774233333334493
-0.010774233333334493
-0.010774233333334493
-0.010774233333334493
-0.010774233333334493
-0.015562566666668332
-0.020350900000000394
-0.025139233333334232
-0.010774233333334493
-0.025139233333334232
-0.020351233333334662
-0.020351233333334662
-0.013168233333335166
-0.005985233333335671
-0.006669304761906858
-0.007353376190478045
-0.008037447619049232
-0.008721519047622195
-0.009405590476193382
-0.010089661904764569
-0.010773733333335755
0.003590766666665246
0.008379766666664068
-0.0035912333333349977
-0.01556223333333584
-0.01795673333333525
-0.020351233333334662
-0.020351233333334662
-0.020351233333334662
-0.015562733333334577
-0.010774233333334493
-0.015562483333335209
-0.020350733333334148
-0.025138983333334863
-0.02992723333333558
-0.025139233333334232
-0.020351233333334662
-0.010774233333334493
-0.0011972333333343244
-0.005985233333335671
-0.025139233333334232
-0.027533233333334906
-0.02992723333333558
-0.030459344444446756
-0.030991455555557934
-0.031523566666667335
-0.03205567777777851
-0.03258778888888969
-0.03311990000000087
-0.059190011111112995
-0.08526012222222334
-0.11133023333333547
0.015562266666664826
0.14245476666666512
0.1201089333333325
0.0977630999999981
0.07541726666666548
-0.017956483333335882
-0.11133023333333547
-0.1017532333333353
-0.018754566666668637
0.06424409999999803
0.1472427666666647
0.16639676666666503
0.12330109999999905
0.0802054333333313
0.03710976666666532
-0.0315239000000016
-0.10015756666666853
-0.16879123333333546
-0.14006123333333598
-0.11885537619047959
-0.09764951904762142
-0.07644366190476504
-0.05523780476190687
-0.034031947619050484
-0.01282609047619232
0.008379766666664068
0.06105176666666523
0.03710976666666532
-0.05865823333333431
-0.06105223333333498
-0.06344623333333566
-0.07781156666666966
-0.0921769000000019
-0.1065422333333359
-0.010774233333334493
0.08499376666666514
0.18076176666666477
0.09935876666666488
0.02513876666666448
-0.049081233333335916
-0.10015756666666853
-0.15123390000000292
-0.20231023333333553
-0.1065422333333359
-0.07142723333333478
-0.03631223333333544
-0.0011972333333343244
0.006584016666664638
0.014365266666665377
0.02214651666666434
0.029927766666663302
0.05067743333333041
0.07142709999999752
0.09217676666666463
0.031124766666664527
-0.02992723333333558
-0.1280897333333364
-0.22625223333333544
-0.20805623333333578
-0.18986023333333613
-0.1716642333333347
-0.15346823333333504
-0.13527223333333538
0.017956766666664237
0.011372641666664407
0.004788516666664577
-0.0017956083333352524
-0.008379733333335082
0.0706287666666654
0.0706287666666654
0.0706287666666654
0.0706287666666654
0.0706287666666654
-0.015562733333334577
0.0011970166666657178
0.017956766666664237
0.0035912666666639836
-0.010774233333334493
-0.029927733333334317
-0.049081233333335916
-0.049081233333335916
-0.049081233333335916
-0.049081233333335916
-0.049081233333335916
-0.049081233333335916
0.013167766666665415
-0.005985733333334409
-0.02513923333333601
-0.04429273333333583
0.008379766666664068
0.013168099999997906
0.017956433333331745
0.022744766666665583
-0.02992723333333558
-0.02992723333333558
-0.02992723333333558
-0.023542900000002476
-0.017158566666667596
-0.010774233333334493
-0.005985733333334409
-0.0011972333333343244
-0.0347162333333344
-0.03950456666666824
-0.04429290000000208
-0.049081233333335916
-0.020350733333335924
0.008379766666664068
-0.005985233333335671
-0.010773733333335755
-0.01556223333333584
-0.020350733333334148
-0.025139233333334232
-0.02992756666666807
-0.03471590000000191
-0.03950423333333575
0.013167766666665415
0.010773766666664741
0.008379766666664068
0.0051874333333312705
0.001995099999998473
-0.0011972333333343244
-0.005985233333335671
-0.005985233333335671
-0.005985233333335671
-0.008379733333335082
-0.010774233333334493
-0.01795673333333525
-0.025139233333334232
-0.028730483333333723
-0.03232173333333499
-0.03591298333333448
-0.03950423333333575
-0.04309548333333524
-0.04668673333333473
-0.050277983333335996
-0.05386923333333549
-0.050677066666668935
-0.047484900000002384
-0.04429273333333583
0.00837926666666533
0.001538766666664415
-0.005301733333334724
-0.01214223333333564
-0.018982733333334778
-0.025823233333335693
-0.03266373333333483
-0.03950423333333575
-0.06105223333333498
-0.0738214000000017
-0.08659056666666842
-0.09935973333333514
-0.06727743333333436
-0.03519513333333535
-0.0031128333333345637
0.028969466666664445
0.06105176666666523
0.03710976666666532
0.013167766666665415
0.18555026666666485
0.09696501666666535
0.008379766666664068
-0.014125733333335333
-0.036631233333334734
-0.05913673333333591
-0.08164223333333531
-0.10414773333333471
-0.10055648333333522
-0.09696523333333573
-0.19752123333333493
-0.1328782333333347
-0.06823523333333448
0.015561766666664312
0.09935876666666488
0.0921762666666659
0.08499376666666514
0.039504266666664734
-0.005985233333335671
0.016588623809521863
0.0391624809523794
0.06173633809523693
0.08431019523809269
0.10688405238095022
0.12945790952380776
0.1520317666666653
0.02593676666666589
0.007780891666666179
-0.010374983333335308
-0.02853085833333502
-0.04668673333333473
-0.12210398333333572
-0.19752123333333493
-0.1568202333333346
-0.11611923333333429
-0.07541773333333524
-0.0347162333333344
-0.04269690000000104
-0.05067756666666767
-0.05865823333333431
-0.06663890000000094
-0.07461956666666758
-0.08260023333333422
0.05386926666666625
0.05785959999999868
0.061849933333332885
0.06584026666666531
0.10414751666666433
0.14245476666666512
0.11851276666666521
0.0945707666666653
0.059455766666665966
0.024340766666664848
-0.010774233333334493
0.001196766666666349
0.013167766666665415
0.02513876666666448
0.03710976666666532
0.06584076666666405
-0.01556223333333584
-0.08738823333333556
-0.05386956666666798
-0.02035090000000217
0.013167766666665415
0.002526877777777159
-0.008114011111112873
-0.01875490000000113
-0.029395788888889385
-0.04003667777777942
-0.05067756666666767
-0.04292494761904919
-0.035172328571428935
-0.027419709523810454
-0.019667090476191973
-0.011914471428573492
-0.004161852380953235
0.003590766666665246
-0.06025423333333535
-0.03551423333333403
-0.010774233333334493
-0.01629931025641085
-0.02182438717948898
-0.027349464102565335
-0.03287454102564169
-0.03839961794871982
-0.04392469487179618
-0.04944977179487253
-0.05497484871794889
-0.06049992564102702
-0.06602500256410337
-0.07155007948717973
-0.07707515641025786
-0.08260023333333422
0.037110099999997814
-0.015562483333335209
-0.023942202083334863
-0.032321920833334516
-0.04070163958333417
-0.0490813583333356
-0.057461077083335255
-0.06584079583333491
-0.07422051458333456
-0.08260023333333422
-0.037110233333335074
-0.08260023333333422
-0.05099683333333438
-0.019393433333334542
0.012209966666665295
0.04381336666666513
0.07541676666666497
0.0626477666666645
0.0498787666666658
0.03710976666666532
0.019552433333332786
-0.0011972333333343244
-0.037110233333335074
-0.07302323333333582
-0.0347162333333344
-0.02801243333333403
-0.02130863333333366
-0.014604833333335066
-0.007901033333334695
-0.0011972333333343244
-0.06344623333333566
-0.06584073333333507
-0.06823523333333448
0.04668676666666549
0.02912943333333118
0.011572099999998642
-0.005985233333335671
-0.011372358333336052
-0.016759483333334657
-0.02214660833333504
-0.02753373333333542
-0.06344623333333566
-0.05889728333333544
-0.05434833333333522
-0.049799383333335
-0.04525043333333478
-0.04070148333333634
-0.03615253333333612
-0.031603583333335905
-0.027054633333335687
-0.02250568333333547
-0.01795673333333525
-0.013407783333335033
-0.008858833333334815
-0.0043098833333345965
0.0002390666666656216
0.00478801666666584
0.009336966666664281
0.0138859166666645
0.018434866666664718
0.022983816666664936
0.027532766666665154
-0.1256952333333352
-0.07422023333333527
-0.022745233333335335
0.0035912666666639836
-0.028331566666668806
-0.05067740000000143
-0.07302323333333582
-0.029927733333334317
0.013167766666665415
0.005187099999998779
-0.002793566666667857
-0.010774233333334493
-0.010774233333334493
-0.010774233333334493
-0.010774233333334493
-0.010774233333334493
-0.010774233333334493
-0.010774233333334493
-0.010774233333334493
-0.0011972333333343244
-0.0035914000000012436
-0.005985566666668163
-0.008379733333335082
-0.04429323333333457
-0.032322233333335504
-0.020351233333334662
-0.00838023333333382
0.003590766666665246
-0.04429323333333457
-0.06344623333333566
-0.04848260833333562
-0.03351898333333381
-0.01855535833333377
-0.0035917333333337353
-0.01197148333333331
-0.020351233333334662
0.013167766666665415
0.009975433333332617
0.0067830999999980435
0.003590766666665246
-0.010774233333334493
-0.010774233333334493
-0.010774233333334493
-0.010774233333334493
-0.010774233333334493
-0.010774233333334493
-0.0011972333333343244
-0.0059856333333350165
-0.010774033333333932
-0.015562433333334624
-0.02035083333333354
-0.025139233333334232
-0.01795673333333525
-0.010774233333334493
0.001196766666666349
0.013167766666665415
