-0.015562733333334577
-0.020351233333334662
-0.01436548333333576
-0.008379733333335082
-0.007182483333334488
-0.005985233333335671
-0.010773733333335755
-0.01556223333333584
-0.010774233333334493
-0.015562733333334577
-0.020351233333334662
-0.01795673333333525
-0.01556223333333584
-0.014365233333336391
-0.013168233333335166
-0.011971233333333942
-0.010774233333334493
-0.025139233333334232
-0.02154798333333474
-0.01795673333333525
-0.014365483333333984
-0.010774233333334493
-0.02992723333333558
-0.005985233333335671
-0.010773733333335755
-0.01556223333333584
-0.010774233333334493
-0.0011972333333361007
0.008379766666664068
0.00598556666666461
0.003591366666663376
0.001197166666663918
-0.0011970333333355399
-0.0035912333333349977
-0.005985433333336232
-0.00837963333333569
-0.010773833333335148
-0.013168033333336382
-0.01556223333333584
-0.016759733333334026
-0.025737983333334213
-0.0347162333333344
-0.02753373333333542
-0.020351233333334662
-0.022745233333335335
-0.025139233333334232
-0.020949358333334445
-0.016759483333334657
-0.01256960833333487
-0.008379733333335082
-0.008379858333334766
-0.008379983333334451
-0.008380108333334135
-0.00838023333333382
-0.02154823333333411
-0.0347162333333344
-0.034203161904763135
-0.03369009047619187
-0.033177019047620604
-0.03266394761904934
-0.03215087619047807
-0.03163780476190681
-0.03112473333333554
-0.030611661904764276
-0.03009859047619301
-0.029585519047621744
-0.02907244761905048
-0.028559376190479213
-0.028046304761907948
-0.027533233333336682
-0.008379733333335082
-0.013966233333336575
-0.01556223333333584
-0.020351233333334662
-0.020351233333334662
-0.017158900000001864
-0.01396656666666729
-0.010774233333334493
-0.0011972333333343244
-0.0027934000000016113
-0.004389566666667122
-0.005985733333334409
-0.007581900000001696
-0.009178066666667206
-0.010774233333334493
-0.0011972333333343244
-0.0051875666666685305
-0.00917790000000096
-0.013168233333335166
-0.011572233333334125
-0.00997623333333486
-0.00838023333333382
-0.010774233333334493
-0.013168233333335166
-0.01556223333333584
-0.005985233333335671
-0.005027633333336112
-0.004070033333334777
-0.0031124333333352183
-0.002154833333333883
-0.0011972333333343244
-0.0035912333333349977
-0.005985233333335671
-0.0035912333333349977
-0.0011972333333343244
-0.010774233333334493
-0.0011972333333343244
-0.004389483333333999
-0.007581733333333673
-0.010773983333333348
-0.013966233333334799
-0.017158483333334473
-0.020350733333334148
-0.021946900000001435
-0.023543066666666945
-0.025139233333334232
-0.024455233333334547
-0.023771233333334862
-0.023087233333335178
-0.022403233333333716
-0.02171923333333403
-0.021035233333334347
-0.020351233333334662
-0.017158566666669373
-0.010774233333334493
-0.005985733333334409
-0.0011972333333343244
-0.01795673333333525
-0.0347162333333344
-0.033120066666667114
-0.0315239000000016
-0.029927733333334317
-0.02833156666666703
-0.02673540000000152
-0.025139233333334232
-0.015562733333334577
-0.014194519047620702
-0.012826304761906826
-0.01145809047619295
-0.010089876190477298
-0.008721661904763423
-0.007353447619049547
-0.005985233333335671
-0.013168233333335166
-0.008379733333335082
-0.0035912333333349977
-0.005985433333334456
-0.00837963333333569
-0.010773833333335148
-0.013168033333336382
-0.01556223333333584
-0.0011972333333343244
0.0011970999999988408
0.003591433333332006
0.005985766666665171
-0.01556223333333584
-0.025139233333334232
-0.024540733333335396
-0.023942233333334784
-0.02334373333333417
-0.022745233333335335
-0.01735823333333464
-0.011971233333333942
-0.006584233333335021
-0.0011972333333343244
-0.005985233333335671
-0.005985233333335671
-0.005985233333335671
0.008379766666664068
0.0011972666666650866
-0.005985233333335671
-0.006783400000001549
-0.007581566666669204
-0.008379733333335082
-0.007581566666669204
-0.006783400000001549
-0.005985233333335671
-0.010773900000002001
-0.015562566666668332
-0.020351233333334662
-0.02753373333333542
-0.0347162333333344
-0.03112498333333491
-0.02753373333333542
-0.023942483333334152
-0.020351233333334662
-0.020351233333334662
0.008379766666664068
-0.005985233333335671
0.008379766666664068
0.007421966666663948
0.006464166666663829
0.005506366666665485
0.004548566666665366
0.003590766666665246
-0.010774233333334493
-0.013168233333335166
-0.01556223333333584
-0.025139233333334232
-0.029927733333334317
-0.0347162333333344
-0.029927733333334317
-0.025139233333334232
-0.022745233333335335
-0.020351233333334662
-0.022745233333335335
-0.025139233333334232
-0.027533233333334906
-0.02992723333333558
-0.010774233333334493
-0.005985233333335671
0.008379766666664068
0.007421966666663948
0.006464166666663829
0.005506366666665485
0.004548566666665366
0.003590766666665246
-0.0011972333333343244
0.008379766666664068
-0.0035912333333349977
-0.01556223333333584
-0.032321733333336766
-0.049081233333335916
-0.04429273333333583
-0.03950423333333575
-0.029927733333334317
-0.020351233333334662
-0.005985233333335671
-0.00438923333333463
-0.0027932333333353654
-0.0011972333333361007
0.0003987666666649403
0.0019947666666659813
0.003590766666665246
-0.0035914833333343665
-0.010773733333335755
-0.010774233333334493
-0.013966400000001045
-0.017158566666667596
-0.020350733333334148
-0.017956483333335882
-0.01556223333333584
-0.020350733333334148
-0.025139233333334232
-0.0243412333333346
-0.023543233333334967
-0.022745233333335335
-0.021947233333333926
-0.021149233333334294
-0.020351233333334662
-0.010774233333334493
-0.0011972333333343244
-0.0011972333333343244
-0.005985233333335671
-0.01556223333333584
-0.010774233333334493
-0.020350733333334148
-0.02992723333333558
-0.025139233333334232
-0.020351233333334662
-0.01795673333333525
-0.01556223333333584
-0.014365108333336707
-0.013167983333335798
-0.011970858333334888
-0.010773733333335755
-0.0027932333333353654
0.005187266666665025
0.013167766666665415
0.039504266666664734
0.06584076666666405
0.041898766666664145
0.013168099999997906
-0.015562566666668332
-0.04429323333333457
0.04668676666666549
0.06584026666666531
0.08499376666666514
0.12808943333333112
0.17118509999999887
0.21428076666666485
0.08978226666666522
-0.0347162333333344
0.0035912666666639836
0.041898766666664145
0.20470376666666468
0.11611826666666403
0.027532766666665154
-0.00838023333333382
-0.04429323333333457
0.001196766666666349
0.04668676666666549
-0.037110233333335074
-0.12090723333333564
-0.1726220333333348
-0.22433683333333576
-0.27605163333333493
-0.3277664333333359
-0.37948123333333506
0.022744766666665583
-0.16400323333333588
0.008379766666664068
0.11372426666666513
0.21906876666666442
0.2382225166666636
0.2573762666666646
0.1304835166666649
0.003590766666665246
0.00837926666666533
0.013167766666665415
-0.09217723333333439
-0.13101645555555663
-0.16985567777777888
-0.20869490000000113
-0.24753412222222337
-0.2863733444444456
-0.32521256666666787
-0.3640517888888901
-0.40289101111111236
-0.4417302333333346
-0.004389233333336406
0.19033876666666494
0.25977076666666576
0.3292027666666648
-0.08260023333333422
-0.06983123333333374
-0.057062233333335044
-0.04429323333333457
-0.06983123333333552
-0.09536923333333469
-0.12090723333333564
-0.29568373333333575
-0.47046023333333586
0.03232176666666575
-0.005985733333334409
-0.04429323333333457
0.0706287666666654
0.08339776666666587
0.09616676666666457
0.10893576666666505
0.3148377666666651
0.07302326666666481
-0.16879123333333546
-0.15955644761904964
-0.15032166190476381
-0.141086876190478
-0.13185209047619217
-0.12261730476190635
-0.11338251904762053
-0.10414773333333471
-0.09491294761905067
-0.08567816190476485
-0.07644337619047903
-0.06720859047619321
-0.05797380476190739
-0.04873901904762157
-0.03950423333333575
-0.08140298333333362
0.04189843333333165
0.028863359259258203
0.015828285185182978
0.002793211111109528
-0.010241862962963921
-0.023276937037039147
-0.036312011111112596
-0.049347085185186046
-0.06238215925926127
-0.07541723333333472
0.05626376666666566
0.04987909999999829
0.043494433333332694
0.03710976666666532
-0.07541773333333524
-0.1879452333333358
-0.31723173333333676
-0.44651823333333596
0.18555076666666537
0.1017537666666648
0.017956766666664237
-0.06584023333333455
-0.14963723333333512
-0.037110233333335074
0.07541676666666497
0.18555076666666537
0.18555076666666537
0.053071433333331086
-0.07940790000000142
-0.2118872333333357
0.07541676666666497
-0.005985733333336185
-0.08738823333333556
-0.1280897333333364
-0.16879123333333546
-0.10845743333333502
-0.04812363333333458
0.01221016666666408
0.07254396666666452
0.13287776666666495
-0.1256952333333352
0.08978276666666574
0.05147476666666506
0.022744766666665583
-0.005985233333335671
-0.02992723333333558
-0.05386923333333549
-0.022744733333336598
0.008379766666664068
-0.010773733333335755
-0.02992723333333558
-0.025139233333334232
-0.020351233333334662
-0.014605033333335626
-0.008858833333334815
-0.003112633333335779
0.0026335666666650326
0.008379766666664068
-0.04429323333333457
-0.010774233333334493
-0.015562566666668332
-0.020350900000000394
-0.025139233333334232
-0.025139233333334232
0.03710976666666532
0.013167766666665415
-0.010774233333334493
-0.008379733333335082
-0.005985233333335671
0.000171195238092281
0.006327623809522009
0.012484052380949962
0.01864048095237969
0.024796909523807642
0.03095333809523737
0.03710976666666532
-0.03471573333333566
-0.0466869833333341
-0.05865823333333431
0.003590766666665246
-0.09696523333333573
-0.025139233333334232
0.04668676666666549
0.015562266666664826
-0.01556223333333584
-0.014125733333335333
-0.012689233333334826
-0.011252733333336096
-0.009816233333335589
-0.008379733333335082
-0.006943233333334575
-0.0055067333333340684
-0.004070233333335338
-0.002633733333334831
-0.0011972333333343244
-0.0011972333333343244
-0.0011972333333343244
0.041898766666664145
-0.04429273333333583
-0.0347162333333344
-0.0035917333333337353
0.027532766666665154
0.003590766666665246
-0.017158900000001864
-0.0379085666666672
-0.05865823333333431
-0.05147573333333355
-0.04429323333333457
0.08020576666666557
-0.013168233333335166
-0.1065422333333359
0.041898766666664145
0.05865776666666456
0.07541676666666497
0.04509043333333196
0.014764099999997171
-0.01556223333333584
-0.05067723333333518
-0.0857922333333363
-0.12090723333333564
-0.05865790000000182
0.0035914333333302295
0.06584076666666405
-0.0011972333333343244
-0.04429273333333583
-0.08738823333333556
0.017956766666664237
0.03232176666666575
-0.013168233333335166
-0.05865823333333431
-0.15203173333333453
-0.24540523333333475
-0.05386923333333371
0.13766676666666555
0.11098848095237912
0.08431019523809447
0.057631909523808034
0.030953623809521602
0.0042753380952351705
-0.022402947619049485
-0.049081233333335916
-0.2142812333333346
-0.07461956666666758
0.06504209999999766
0.20470376666666468
-0.10414823333333523
-0.09536923333333469
-0.08659023333333593
-0.0778112333333354
0.2765297666666644
0.1312817666666639
-0.013966233333334799
-0.1592142333333353
-0.11611873333333556
-0.07302323333333582
-0.029927733333334317
0.013167766666665415
0.056263266666665146
0.09935876666666488
0.19752151666666506
0.15682012380952237
0.11611873095237968
0.07541733809523699
0.034715945238092516
-0.005985447619050177
-0.04668684047619287
-0.08738823333333556
0.14245476666666512
-0.02992723333333558
-0.007182483333334488
0.015562266666664826
0.03830701666666414
0.06105176666666523
0.26216476666666466
0.18714643333333214
0.11212809999999784
0.037109766666663546
-0.037908566666668975
-0.1129269000000015
-0.1879452333333358
0.07541676666666497
-0.03391806666666852
-0.14325290000000201
0.013965933333331293
0.1711847666666646
0.06743626666666458
-0.03631223333333544
-0.14006073333333546
-0.23582898333333446
-0.33159723333333524
-0.04668723333333524
0.23822276666666475
0.04908076666666439
-0.14006123333333598
-0.0873887333333343
-0.0347162333333344
-0.026735566666667765
-0.01875490000000113
-0.010774233333334493
0.019751829166665402
0.0502778916666653
0.08080395416666519
0.11133001666666509
0.14185607916666498
0.17238214166666488
0.20290820416666477
0.23343426666666467
0.056263516666664515
-0.12090723333333564
-0.0035914833333343665
0.11372426666666513
-0.13527223333333538
-0.12150560833333479
-0.1077389833333342
-0.09397235833333539
-0.0802057333333348
-0.06643910833333422
-0.05267248333333541
-0.03890585833333482
-0.025139233333334232
-0.07302323333333582
-0.00694343333333336
-0.11994970000000116
-0.23295596666666718
-0.345962233333335
-0.049081233333335916
0.24779976666666492
-0.2549822333333349
-0.12808973333333462
-0.0011972333333343244
-0.09217673333333565
-0.1831562333333352
0.02035076666666491
0.22385776666666501
0.16819264166666414
0.11252751666666505
0.05686239166666596
0.0011972666666650866
-0.054467858333335784
-0.11013298333333488
-0.16579810833333397
-0.22146323333333484
0.010773766666666518
0.04828276666666653
0.08579176666666477
0.12330076666666479
-0.0873887333333343
0.010773516666665373
0.10893576666666505
-0.005985233333335671
-0.0562637333333349
-0.1065422333333359
-0.0901248047619081
-0.07370737619047851
-0.05728994761905071
-0.040872519047621125
-0.02445509047619332
-0.008037661904763738
0.008379766666664068
0.012569641666663856
0.016759516666663643
0.020949391666665207
0.025139266666664994
0.0945707666666653
-0.04429273333333583
-0.1831562333333352
-0.06584073333333507
0.05147476666666506
0.03710956666666476
0.02274436666666446
0.008379166666665938
-0.005986033333334362
-0.020351233333334662
-0.03232215000000238
-0.044293066666668324
-0.056263983333334266
-0.06823490000000199
-0.0802058166666697
-0.09217673333333565
0.022744766666665583
-0.05865823333333431
-2.333333348758515e-07
0.05865776666666633
0.11731576666666577
0.1759737666666652
0.08180176666666483
-0.012370233333335534
-0.1065422333333359
-0.07781173333333591
-0.049081233333335916
-0.020350733333335924
0.008379766666664068
0.0179562666666655
-0.06823498333333511
-0.15442623333333572
-0.0011972333333343244
-0.049081233333335916
-0.09696523333333573
0.039504266666664734
0.1759737666666652
0.15271583809523648
0.12945790952380776
0.10619998095237904
0.08294205238095032
0.059684123809521594
0.03642619523809287
0.013168266666664152
-0.010089661904762792
-0.03334759047619151
-0.056605519047620234
-0.07986344761904896
-0.10312137619047768
-0.1263793047619064
-0.14963723333333512
-0.02753373333333542
-0.005985566666668163
-0.019552677777779692
-0.03311978888889122
-0.046686900000000975
-0.060254011111112504
-0.07382112222222403
-0.08738823333333556
0.025139266666664994
0.13766676666666555
-0.017956233333334737
-0.17357923333333503
-0.015562483333336985
-0.004617590476193811
0.006327302380949362
0.017272195238092536
0.02821708809523571
0.03916198095237888
0.05010687380952206
0.06105176666666523
-0.08738823333333556
0.15681976666666486
-0.06823490000000199
0.006783322222220889
0.08180154444444199
0.15681976666666486
-0.015562733333336354
-0.1879452333333358
0.08978276666666574
-0.037110233333335074
-0.16400323333333588
0.0179562666666655
0.1999157666666651
0.022744766666665583
-0.15442623333333572
-0.020350733333334148
0.11372476666666564
-0.049081233333335916
-0.2118872333333357
-0.08738856666666805
0.037110099999997814
0.16160876666666546
0.04987943333333256
-0.06184990000000212
-0.17357923333333503
-0.10414748333333534
-0.03471573333333566
0.06344651666666579
0.16160876666666546
0.11432326666666626
0.06703776666666528
0.019752266666664298
-0.027533233333334906
-0.022744804761906323
-0.01795637619047774
-0.013167947619049158
-0.008379519047620576
-0.0035910904761919937
0.0011973380952365886
0.005985766666665171
-0.05386923333333549
-0.017956233333336513
0.017956766666664237
-0.017956233333336513
-0.05386923333333549
-0.022744733333336598
0.008379766666664068
0.006783433333330535
0.005187099999998779
0.003590766666665246
0.001196766666666349
-0.0011972333333343244
0.013167766666665415
0.013167766666665415
0.013167766666665415
0.001196766666666349
-0.010774233333334493
-0.005985733333334409
-0.0011972333333343244
-0.008379733333335082
-0.01556223333333584
-0.01556223333333584
-0.01556223333333584
-0.013168233333335166
-0.010774233333334493
-0.010774233333334493
-0.010774233333334493
-0.010774233333334493
-0.010774233333334493
-0.010774233333334493
-0.010774233333334493
-0.010774233333334493
-0.005985733333336185
-0.0011972333333361007
-0.005985233333335671
-0.0011972333333343244
-0.0011972333333343244
-0.010774233333334493
-0.020351233333334662
-0.010774233333334493
-0.0011972333333343244
-0.010774233333334493
-0.020351233333334662
-0.017956900000001497
-0.015562566666668332
-0.013168233333335166
-0.010773900000002001
-0.008379566666668836
-0.005985233333335671
-0.015562733333334577
-0.015562483333335209
-0.01556223333333584
-0.0011972333333343244
-0.008379733333335082
-0.01556223333333584
-0.010773733333335755
-0.005985233333335671
-0.005985233333335671
-0.005985233333335671
-0.005985233333335671
-0.005985233333335671
-0.005985233333335671
-0.005985233333335671
-0.005985233333335671
-0.005985233333335671
-0.006943033333335791
-0.00790083333333591
-0.008858633333334254
-0.009816433333334373
-0.010774233333334493
-0.02513923333333601
-0.010774233333334493
0.008379766666664068
-0.0011972333333361007
-0.010774233333334493
-0.010774233333334493
-0.010774233333334493
-0.010774233333334493
-0.010774233333334493
-0.010774233333334493
-0.010774233333334493
-0.010774233333334493
-0.010774233333334493
-0.010774233333334493
-0.01556223333333584
-0.005985733333334409
-0.027533233333334906
-0.004788233333336223
0.017956766666664237
-0.01556223333333584
-0.01556223333333584
-0.01556223333333584
-0.010773900000002001
-0.005985566666668163
-0.0011972333333343244
-0.0035912333333349977
-0.005985233333335671
-0.0035912333333349977
-0.0011972333333343244
-0.0011972333333343244
-0.0011972333333343244
-0.0023943583333352336
-0.0035914833333343665
-0.004788608333335276
-0.005985733333336185
-0.005985233333335671
-0.008379733333335082
-0.010774233333334493
-0.011458233333334178
-0.01214223333333564
-0.012826233333335324
-0.013510233333335009
-0.014194233333334694
-0.014878233333336155
-0.01556223333333584
-0.01556223333333584
-0.02992723333333558
-0.025139233333334232
-0.010774233333334493
0.003590766666665246
-0.0011972333333361007
-0.005985233333335671
-0.010773733333335755
-0.01556223333333584
-0.014878233333336155
-0.014194233333334694
-0.013510233333335009
-0.012826233333335324
-0.01214223333333564
-0.011458233333334178
-0.010774233333334493
-0.020351233333334662
-0.03950423333333575
-0.01556223333333584
-0.020350733333334148
-0.025139233333334232
-0.010774233333334493
0.003590766666665246
0.001196766666666349
-0.0011972333333343244
0.0003987666666649403
0.0019947666666659813
0.003590766666665246
0.003590766666665246
0.003590766666665246
0.003590766666665246
0.003590766666665246
-0.005985233333335671
-0.015562233333334063
-0.025139233333334232
-0.020351233333334662
-0.025139233333334232
-0.02992723333333558
-0.01556223333333584
