-0.02633614999999878
-0.02729374999999834
-0.028251349999999675
-0.029208949999999234
-0.03016655000000057
-0.031124150000000128
-0.02633614999999878
-0.01675915000000039
-0.011971149999999042
-0.011971149999999042
-0.011971149999999042
-0.011971149999999042
-0.02633614999999878
-0.04549014999999912
-0.044292899999998525
-0.04309564999999971
-0.04189840000000089
-0.0407011500000003
-0.02154814999999921
-0.01675915000000039
-0.014365149999999716
-0.011971149999999042
-0.02154814999999921
-0.02291614999999858
-0.024284149999999727
-0.025652149999999097
-0.027020150000000243
-0.028388149999999612
-0.02975615000000076
-0.031124150000000128
-0.028730149999999455
-0.02633614999999878
-0.023942149999999884
-0.02154814999999921
-0.02154814999999921
-0.0191536499999998
-0.01675915000000039
-0.01675915000000039
-0.02873015000000123
-0.0407011500000003
-0.02154814999999921
-0.020749983333333333
-0.019951816666665678
-0.0191536499999998
-0.018355483333333922
-0.017557316666666267
-0.01675915000000039
-0.014365149999999716
-0.011971149999999042
-0.031124150000000128
-0.019153150000001062
-0.01675915000000039
-0.021547649999998697
-0.02633614999999878
-0.02154814999999921
-0.02633648333333305
-0.03112481666666511
-0.03591314999999895
-0.029528483333333355
-0.023143816666665984
-0.01675915000000039
-0.014364900000000347
-0.011970650000000305
-0.009576400000000262
-0.00718215000000022
-0.009576649999999631
-0.011971149999999042
-0.011971149999999042
-0.011971149999999042
-0.02633614999999878
-0.021547649999998697
-0.01675915000000039
-0.01675915000000039
-0.02633614999999878
-0.03591314999999895
-0.03386100714285689
-0.03180886428571306
-0.029756721428570998
-0.027704578571427163
-0.025652435714285104
-0.02360029285714127
-0.02154814999999921
-0.01675915000000039
-0.008778483333333753
-0.02154814999999921
-0.02154814999999921
-0.02154814999999921
-0.02274514999999866
-0.023942149999999884
-0.025139149999999333
-0.02633614999999878
-0.02793231666666607
-0.02952848333333158
-0.031124649999998866
-0.03272081666666615
-0.03431698333333166
-0.03591314999999895
-0.011971149999999042
-0.011971149999999042
-0.011971149999999042
-0.011971149999999042
-0.011971149999999042
-0.007182649999998958
-0.011971149999999042
-0.009576649999999631
-0.00718215000000022
-0.00718215000000022
-0.00718215000000022
-0.00718215000000022
-0.00718215000000022
-0.00718215000000022
-0.009576649999999631
-0.02154814999999921
-0.024740149999999517
-0.027932149999999822
-0.031124150000000128
-0.031124150000000128
-0.034316483333332926
-0.0375088166666675
-0.0407011500000003
-0.00718215000000022
-0.011970650000000305
-0.01675915000000039
-0.01197081666666655
-0.007182483333332712
-0.0023941499999988736
-0.0030781499999985584
-0.0037621500000000196
-0.0044461499999997045
-0.005130149999999389
-0.005814149999999074
-0.0064981500000005354
-0.00718215000000022
-0.0023941499999988736
-0.02633614999999878
-0.02633614999999878
-0.03591314999999895
-0.027932483333332314
-0.019951816666665678
-0.011971149999999042
-0.00718215000000022
-0.00813995000000034
-0.00909775000000046
-0.010055549999998803
-0.011013349999998923
-0.011971149999999042
-0.00718215000000022
-0.01675915000000039
-0.01675915000000039
-0.01675915000000039
-0.014365149999999716
-0.011971149999999042
-0.01516348333333184
-0.018355816666666414
-0.02154814999999921
-0.011971149999999042
-0.0023941499999988736
-0.008778816666666245
-0.01516348333333184
-0.02154814999999921
-0.0251393999999987
-0.02873064999999997
-0.03232189999999946
-0.03591314999999895
-0.02633614999999878
-0.01675915000000039
-0.01675915000000039
-0.01675915000000039
-0.01675915000000039
0.007182849999999519
-0.00239415000000065
-0.011971149999999042
-0.015562399999998533
-0.0191536499999998
-0.02274489999999929
-0.02633614999999878
-0.029927399999998272
-0.03351864999999954
-0.037109900000000806
-0.0407011500000003
-0.040701649999999034
-0.023941900000000516
-0.00718215000000022
-0.007661049999999392
-0.00813995000000034
-0.008618849999999512
-0.00909775000000046
-0.009576649999999631
0.002393850000000697
-0.00239415000000065
-0.00718215000000022
-0.00718215000000022
-0.00718215000000022
-0.00718215000000022
-0.011970550000000912
-0.016758949999999828
-0.02154735000000052
-0.026335749999999436
-0.031124150000000128
-0.02633614999999878
-0.0191536499999998
-0.013167899999999122
-0.00718215000000022
-0.011970650000000305
-0.01675915000000039
-0.0191536499999998
-0.02154814999999921
-0.01516348333333184
-0.008778816666666245
-0.0023941499999988736
-0.014365149999999716
-0.02633614999999878
-0.02274489999999929
-0.0191536499999998
-0.015562399999998533
-0.011971149999999042
-0.01675915000000039
-0.01197081666666655
-0.007182483333332712
-0.0023941499999988736
-0.0191536499999998
-0.03591314999999895
-0.15562315000000027
-0.06464365000000072
0.026335850000000605
0.005267050000000495
-0.015801749999999615
-0.036870549999999724
-0.057939349999999834
-0.07900814999999994
-0.13966148333333273
-0.20031481666666728
-0.26096815000000007
-0.09576814999999961
0.06943185000000085
0.14125785000000057
0.021547850000001034
-0.09816215000000028
0.14125785000000057
0.22266085000000047
0.12689285000000083
0.031124849999999427
-0.0646431500000002
0.16759435000000167
-0.10773915000000045
-0.0191536499999998
0.06943185000000085
0.06081275000000019
0.05219365000000131
0.043574550000000656
0.034955450000001775
0.02633635000000112
0.03591285000000077
0.136469850000001
0.023942350000000445
-0.08858515000000011
-0.07342198333333272
-0.0582588166666671
-0.04309564999999971
-0.027932483333332314
-0.012769316666666697
0.002393850000000697
0.019153349999999847
-0.04549014999999912
0.0335188500000001
0.1125278500000011
0.01915385000000036
-0.07422015000000037
-0.07326255000000081
-0.07230494999999948
-0.07134734999999992
-0.07038974999999859
-0.06943214999999903
0.14604585000000014
0.12210385000000024
0.09816185000000033
0.07421985000000042
0.05027785000000051
0.026335850000000605
0.002393850000000697
-0.02154814999999921
-0.04549014999999912
0.06943185000000085
0.010375183333334093
-0.03192248333333225
-0.07422015000000037
-0.05506665000000055
-0.03591314999999895
0.06224935000000187
0.1604118500000009
0.09816251666666709
0.03591318333333504
-0.02633614999999878
-0.02394189999999874
-0.021547649999998697
-0.01915340000000043
-0.01675915000000039
0.1604118500000009
0.09656635000000158
0.03272085000000047
-0.031124649999998866
0.1556228500000003
0.06703734999999966
-0.02154814999999921
-0.014365149999999716
-0.00718215000000022
0.05187451666666654
0.1109311833333333
0.16998785000000005
0.12330109999999905
0.07661434999999983
0.02992760000000061
-0.01675915000000039
-0.01675915000000039
-0.01675915000000039
0.09337385000000076
0.002393850000000697
0.07102768333333387
0.13966151666666704
0.2082953500000002
0.11252759999999995
0.016759849999999687
0.0007985166666664156
-0.015162816666666856
-0.031124150000000128
0.19392984999999996
0.1681257388888895
0.14232162777777724
0.11651751666666676
0.09071340555555629
0.06490929444444404
0.03910518333333357
0.013301072222223098
-0.01250303888888915
-0.03830714999999962
0.10055635000000152
0.07695642142857295
0.05335649285714439
0.029756564285715825
0.0061566357142854855
-0.017443292857143078
-0.04104322142857164
-0.0646431500000002
-0.018355483333333922
0.027932183333334137
0.07421985000000042
0.007182350000000781
-0.05985514999999886
-0.05985514999999886
-0.03351864999999954
-0.00718215000000022
-0.07900814999999994
-0.03830714999999962
0.002393850000000697
-0.0646431500000002
-0.03591265000000021
-0.00718215000000022
-0.031124150000000128
-0.0407011500000003
-0.050278150000000466
-0.01675915000000039
-0.031124649999998866
-0.04549014999999912
0.002393850000000697
-0.011971149999999042
-0.02633614999999878
-0.06943214999999903
-0.031124649999998866
0.007182849999999519
-0.0023941499999988736
-0.01675948333333288
-0.03112481666666511
-0.04549014999999912
-0.00718215000000022
-0.008550292857142594
-0.009918435714284968
-0.011286578571427341
-0.012654721428571492
-0.014022864285713865
-0.015391007142856239
-0.016759149999998613
0.011970850000000866
-1.4999999997655777e-07
-0.011971149999999042
-0.023942149999999884
-0.023144150000000252
-0.022346149999998843
-0.02154814999999921
-0.03351915000000005
-0.04549014999999912
-0.057461149999998185
-0.06943214999999903
-0.00718215000000022
-0.011172483333334426
-0.015162816666666856
-0.019153150000001062
-0.0035911500000000984
0.011970850000000866
0.010055450000001187
0.008140050000001509
0.006224650000000054
0.004309250000000375
0.002393850000000697
-0.0407011500000003
-0.03591314999999895
0.011970850000000866
-0.005985649999999509
-0.023942149999999884
-0.04189864999999848
-0.05985514999999886
-0.0646431500000002
0.05027785000000051
-0.011971150000000819
-0.07422015000000037
-0.08858515000000011
-0.03272048333333366
0.023144183333334567
0.07900885000000102
-0.14125815000000053
-0.1244986499999996
-0.10773915000000045
-0.058897350000000515
-0.01005555000000058
0.03878625000000113
0.08762805000000107
0.136469850000001
-0.1460461500000001
-0.14125815000000053
-0.035913150000000726
0.06943185000000085
0.17477685000000065
-0.20829514999999965
-0.20350715000000008
-0.011971150000000819
0.17956485000000022
-0.021547649999998697
-0.2226601499999994
-0.22471243571428445
-0.2267647214285713
-0.22881700714285635
-0.2308692928571432
-0.23292157857142826
-0.2349738642857151
-0.23702615000000016
-0.09177781666666718
0.05347051666666758
0.19871885000000056
0.13247935000000055
0.06623985000000054
3.500000005374204e-07
-0.06623914999999947
-0.13247864999999948
-0.19871814999999948
-0.2753331499999998
0.18435385000000082
-0.009576649999999631
-0.20350715000000008
-0.3232171499999996
0.18435385000000082
-0.16041114999999984
-0.3280051499999992
0.19871885000000056
-0.11252715000000002
-0.3519471499999991
0.1891418500000004
0.14604625000000127
0.10295065000000037
0.05985505000000124
0.016759450000000342
-0.02633614999999878
-0.07900848333333244
-0.1316808166666661
-0.18435314999999974
-0.23702548333333162
-0.2896978166666653
-0.34237014999999893
-0.08140264999999935
0.17956485000000022
0.1077388500000005
0.03591285000000077
-0.013567149999998307
-0.06304714999999916
-0.11252714999999824
0.09337385000000076
-0.11013314999999935
0.15083485000000074
-0.318428149999999
-0.10534464999999926
0.1077388500000005
0.12928684999999973
0.15083485000000074
-0.013566816666665815
-0.17796848333333237
-0.34237014999999893
-0.2609673499999996
-0.17956455000000027
-0.09816174999999916
-0.016758949999999828
0.0646438499999995
0.1316808500000004
-0.33758214999999936
0.05027785000000051
0.09097935000000135
0.1316808500000004
-0.11731564999999833
-0.36631214999999884
0.04548985000000094
0.0526723500000017
0.05985485000000068
0.06703734999999966
0.07421985000000042
-0.06943214999999903
-0.21308415000000025
-0.3567361499999997
0.10295085000000093
-0.07900814999999994
-0.10342904999999902
-0.12784994999999988
-0.15227085000000073
-0.17669174999999981
-0.2011126499999989
-0.22553354999999975
-0.2499544500000006
-0.2743753499999997
-0.29879624999999876
-0.3232171499999996
-0.040701649999999034
0.24181384999999977
-0.009577150000000145
-0.26096815000000007
-0.23463165000000075
-0.20829514999999965
0.004788350000000108
0.21787184999999987
-0.21787214999999982
-0.1963241499999988
-0.17477614999999957
0.24660285000000037
0.028730350000000016
-0.18914215000000034
-0.17956515000000017
-0.16998815
0.24181384999999977
-0.18435314999999974
-0.10773881666666618
-0.03112448333333262
-0.21787214999999982
0.0023943499999994344
0.22266085000000047
-0.06943214999999903
-0.12529681666666548
-0.1811614833333337
-0.23702615000000016
0.22744885000000004
0.18531104999999926
0.14317325000000025
0.10103544999999947
0.05889765000000047
0.016759849999999687
-0.2944861499999991
-0.13646914999999993
0.021547850000001034
0.17956485000000022
0.16177942142857127
0.1439939928571441
0.12620856428571514
0.10842313571428619
0.09063770714285724
0.07285227857143006
0.05506685000000111
-0.318428149999999
0.1125278500000011
-0.2801211499999994
0.05506685000000111
0.10773918333333476
0.16041151666666664
0.2130838500000003
0.12401965000000104
0.03495545
-0.05410874999999926
-0.1431729500000003
-0.23223714999999956
0.10055635000000152
-0.2226601499999994
-0.09816215000000028
0.24660285000000037
0.15322910000000078
0.05985534999999942
-0.03351840000000017
-0.12689214999999976
-0.12689214999999976
-0.002393816666666382
0.122104516666667
0.24660285000000037
-0.050278150000000466
-0.18435314999999974
0.004788350000000108
0.19392984999999996
0.09816185000000033
0.002393850000000697
-0.07581648333333213
-0.15402681666666673
-0.23223714999999956
-0.17272414999999874
-0.1132111499999997
-0.05369814999999889
0.005814850000000149
0.06532785000000096
0.12484085
0.18435385000000082
-0.1173156500000001
0.11252735000000058
-0.07182590000000033
-0.25617914999999947
-0.21906909999999868
-0.18195904999999968
-0.14484900000000067
-0.10773894999999989
-0.0706288999999991
-0.0335188500000001
0.0035911999999989064
0.04070124999999969
0.07781130000000047
0.11492134999999948
-0.10773864999999816
0.16998785000000005
0.08379665000000003
-0.0023945499999999953
-0.08858575000000002
-0.17477695000000004
-0.26096815000000007
-0.0407011500000003
0.16998785000000005
-0.13646914999999993
-0.021547650000000473
0.09337385000000076
0.2082953500000002
-0.16998815
-0.13966148333333273
-0.10933481666666722
-0.07900814999999994
0.18435385000000082
-0.1460461500000001
-0.14125781666666626
-0.1364694833333342
-0.13168115000000036
-0.1005565500000003
-0.06943195000000024
-0.038307350000000184
-0.0071827500000001265
0.02394184999999993
-0.12210415000000019
0.009576850000000192
0.14125785000000057
0.08738835000000122
0.0335188500000001
-0.020350650000001025
-0.07422015000000037
-0.10534464999999926
-0.13646914999999993
0.11731585000000067
-0.02633614999999878
-0.07661414999999927
-0.12689214999999976
-0.019153149999999286
0.08858585000000119
-0.03591314999999895
-0.06304748333333166
-0.09018181666666614
-0.11731614999999884
-0.06145148333333239
-0.005586816666665939
0.05027785000000051
-0.02154814999999921
-0.02154814999999921
-0.0191536499999998
-0.01675915000000039
-0.00239415000000065
0.011970850000000866
0.026335850000000605
-0.00718215000000022
-0.009576649999999631
-0.011971149999999042
-0.023942149999999884
-0.03591314999999895
-0.03671114999999858
-0.03750914999999999
-0.03830714999999962
-0.039105149999999256
-0.039903150000000664
-0.0407011500000003
-0.02154814999999921
-0.02154814999999921
-0.021266473529410135
-0.020984797058822835
-0.02070312058823376
-0.02042144411764646
-0.020139767647057383
-0.019858091176470083
-0.019576414705881007
-0.019294738235293707
-0.01901306176470463
-0.01873138529411733
-0.018449708823528255
-0.018168032352940955
-0.01788635588235188
-0.01760467941176458
-0.017323002941175503
-0.017041326470588203
-0.016759649999999127
-0.019153150000001062
-0.021547649999998697
-0.01675948333333288
-0.0191536499999998
-0.031124150000000128
-0.03208195000000025
-0.03303975000000037
-0.03399754999999871
-0.03495534999999883
-0.03591314999999895
-0.03750914999999999
-0.039105149999999256
-0.0407011500000003
-0.014365149999999716
0.007182849999999519
-0.00239415000000065
-0.011971149999999042
-0.02154814999999921
-0.022346149999998843
-0.023144149999998476
-0.023942149999999884
-0.024740149999999517
-0.02553814999999915
-0.02633614999999878
-0.02633614999999878
-0.03591314999999895
-0.04549014999999912
-0.03272081666666615
-0.019951483333333186
-0.00718215000000022
-0.0007978166666671171
0.005586516666667762
0.011970850000000866
-0.0023941499999988736
-0.005746049999999059
-0.009097949999999244
-0.01244984999999943
-0.015801749999999615
-0.0191536499999998
-0.0191536499999998
-0.01675915000000039
-0.01675915000000039
-0.01675915000000039
-0.018355483333333922
-0.019951816666665678
-0.02154814999999921
-0.03591314999999895
-0.03112481666666511
-0.02633648333333305
-0.02154814999999921
-0.031124150000000128
-0.02633614999999878
-0.02154814999999921
-0.02154814999999921
-0.02154814999999921
-0.02154814999999921
-0.00718215000000022
-0.011970650000000305
-0.01675915000000039
-0.01675915000000039
-0.01675915000000039
-0.01675915000000039
-0.021547650000000473
-0.02633614999999878
-0.031124649999998866
-0.033518774999999223
-0.03591289999999958
-0.03830702499999994
-0.0407011500000003
-0.050278150000000466
-0.02633614999999878
-0.014365149999999716
-0.0023941499999988736
0.004788350000001884
0.011970850000000866
0.007182516666667027
0.002394183333334965
-0.0023941499999988736
-0.01675915000000039
-0.02633614999999878
-0.03591314999999895
-0.038786149999999964
-0.0416591499999992
-0.044532150000000215
-0.04740514999999945
-0.050278150000000466
-0.031124150000000128
-0.02154814999999921
-0.01675915000000039
-0.011971149999999042
