-0.0002394147500000554
-0.00023941850000003262
-0.00023942225000000983
-0.00023942600000004255
-0.009816226000000039
-0.007422026000000026
-0.005027826000000013
-0.005027826000000013
-0.005027826000000013
-0.005027826000000013
-0.0066239593333333735
-0.008220092666666678
-0.009816226000000039
0.009337403999999994
0.006145127333333333
0.0029528506666666177
-0.00023942600000004255
-0.01460462600000001
-0.017796892666666675
-0.02098915933333334
-0.024181426000000006
-0.019393021714285696
-0.014604617428571443
-0.009816213142857133
-0.005027808857142879
-0.00023940457142856975
0.00454899971428574
0.009337403999999994
-0.00023942600000004255
-0.005027826000000013
-0.00023942600000004255
-0.005027826000000013
0.004548973999999983
0.004548973999999983
0.004548973999999983
0.004548973999999983
0.004548973999999983
0.004548973999999983
-0.00023942599999998704
-0.005027826000000013
-0.01460462600000001
-0.009816226000000039
-0.011412359333333344
-0.013008492666666704
-0.01460462600000001
-0.009816226000000039
-0.007422026000000026
-0.005027826000000013
-0.0026336260000000555
-0.00023942600000004255
0.0021547739999999704
0.004548973999999983
0.004548973999999983
-0.009816226000000039
-0.0066239593333333735
-0.003431692666666708
-0.00023942600000004255
-0.00023942600000004255
-0.00023942600000004255
-0.005027826000000013
-0.005027826000000013
-0.005027826000000013
-0.005711883142857144
-0.00639594028571433
-0.007079997428571461
-0.007764054571428591
-0.008448111714285722
-0.009132168857142908
-0.009816226000000039
-0.00023942600000004255
-0.007422026000000026
-0.005027826000000013
-0.0026336260000000555
-0.00023942600000004255
-0.001436526000000049
-0.002633626
-0.0038307260000000065
-0.005027826000000013
-0.005027826000000013
-0.01460462600000001
-0.01460462600000001
-0.01460462600000001
-0.01460462600000001
-0.01460462600000001
-0.019393026000000035
-0.013407526000000003
-0.007422026000000026
-0.0062249260000000195
-0.005027826000000013
-0.008220092666666678
-0.011412359333333344
-0.01460462600000001
-0.009816226000000039
-0.002633626
0.004548973999999983
-0.00023942599999998704
-0.005027826000000013
-0.009816226000000039
-0.01460462600000001
-0.01939302599999998
-0.024181426000000006
-0.009816226000000039
-0.019393026000000035
-0.009816226000000039
-0.002633626
0.004548973999999983
0.0021547739999999704
-0.00023942600000004255
0.0007182559999999727
0.0016759379999999324
0.0026336199999999477
0.003591301999999963
0.004548983999999978
0.005506665999999938
0.006464347999999953
0.007422029999999968
0.008379711999999984
0.009337393999999943
0.010295075999999959
0.011252757999999974
0.012210439999999989
0.013168121999999949
0.014125803999999964
0.009337403999999994
-0.0034316926666666525
0.004548973999999983
0.0027533240000000014
0.0009576739999999639
-0.000837976000000018
-0.002633626
0.0029528506666666177
0.0037509123333333005
0.004548973999999983
0.002952840666666623
0.001356707333333318
-0.00023942600000004255
-0.002633626
-0.002035072249999992
-0.0014365184999999836
-0.0008379647500000309
-0.0002394110000000227
0.0021547927499999675
0.004548996500000013
0.006943200250000003
0.009337403999999994
0.0033518965000000067
-0.00263361099999998
-0.008619118500000023
-0.01460462600000001
-0.009816226000000039
-0.005027826000000013
-0.012210426000000052
-0.005027826000000013
-0.005027826000000013
-0.005027826000000013
-0.005027826000000013
-0.005027826000000013
-0.005027826000000013
0.009337403999999994
-0.009816226000000039
0.004548973999999983
0.006943188999999961
0.009337403999999994
0.0037509323333333455
-0.001835539333333358
-0.007422011000000006
-0.013008482666666654
-0.018594954333333358
-0.024181426000000006
-0.00023942600000004255
-0.0042297593333333605
-0.008220092666666734
-0.012210426000000052
-0.013407526000000003
-0.01460462600000001
-0.00263361099999998
0.009337403999999994
0.004548988999999948
-0.00023942600000004255
0.0033518814999999313
0.006943188999999961
0.01053449649999999
0.014125803999999964
0.01731807066666663
0.020510337333333295
0.02370260399999996
-0.007422026000000026
-0.0018355493333333528
0.0037509273333333204
0.009337403999999994
-0.00023942600000004255
-0.021787236000000043
-0.043335046000000044
-0.036750991000000066
-0.030166936000000033
-0.023582881
-0.016998826000000022
0.014125797333333301
0.04525042066666665
0.07637504399999998
0.0021547889999999903
-0.07206546600000002
0.06679823399999996
-0.0002394160000000478
-0.06727706600000005
-0.012210426000000052
0.042856213999999976
-0.0002394160000000478
-0.043335046000000044
-0.024181436000000056
-0.005027826000000013
-0.0014365222500000163
0.0021547814999999804
0.005746085249999977
0.009337388999999974
0.01292869274999997
0.016519996499999967
0.020111300249999964
0.02370260399999996
-0.030565969333333387
0.03966394733333328
0.10989386399999998
-0.11037268600000005
-0.0836944388571429
-0.057016191714285736
-0.030337944571428632
-0.0036596974285714734
0.023018549714285685
0.049696796857142844
0.07637504399999998
0.036471680666666645
-0.0034316826666667133
-0.043335046000000044
-0.01460462600000001
0.028490993999999964
0.018914193999999968
-0.10079588600000006
-0.024181432666666725
0.052433020666666635
0.12904747399999997
-0.11037268600000005
-0.04493117600000002
0.020510333999999963
0.08595184399999997
-0.043335046000000044
-0.036152441000000035
-0.028969836000000027
-0.021787231000000018
-0.01460462600000001
-0.015801726000000016
-0.016998826000000022
0.005746088999999954
0.028491003999999986
0.05123591899999996
0.073980834
0.09672574899999997
0.11947066399999998
0.006943193999999986
-0.10079588600000006
0.10510545399999996
0.042856213999999976
-0.019393026000000035
-0.08164226600000002
-0.054108951000000016
-0.026575636000000014
0.0009576789999999336
0.028490993999999964
0.004548983999999978
-0.019393026000000035
-0.057700266000000056
-0.02657564100000004
0.004548983999999978
0.03567360899999994
0.06679823399999996
-0.014604626000000065
-0.09600748600000003
-0.007422021000000056
0.15298949399999995
0.08595184899999997
0.01891420399999999
-0.048123441000000045
-0.11516108600000002
-0.01460462100000004
0.08595184399999997
-0.06727706600000005
-0.048123448500000054
-0.028969831
-0.009816213500000004
0.009337403999999994
-0.0002394110000000227
-0.009816226000000039
-0.05291182600000005
0.07158663399999995
-0.09600748600000003
-0.05482721600000001
-0.013646945999999993
0.02753332399999997
0.06871359399999999
0.10989386399999998
-0.005027831000000038
-0.11994952600000003
-0.054108966000000036
0.011731593999999956
0.04405331899999998
0.07637504399999998
0.014125798999999994
-0.048123446000000014
-0.031364035999999984
-0.01460462600000001
0.018914203999999962
-0.00662395266666671
-0.032162109333333355
-0.057700266000000056
-0.044771576000000035
-0.03184288600000007
-0.01891419600000005
-0.005985506000000029
0.006943183999999936
0.019871873999999956
0.03280056399999995
0.04572925399999994
0.05865794399999996
0.07158663399999995
-0.091219086
0.09552865399999996
-0.091219086
0.06679823399999996
-0.03854664600000002
0.009337403999999994
0.004548973999999983
-0.01580173600000001
-0.03615244600000006
-0.056503156000000054
-0.07685386600000005
-0.022585296000000032
0.031683273999999984
0.08595184399999997
-0.10079588600000006
0.11947066399999998
-0.10079588600000006
0.09074025399999996
0.018914213999999957
-0.05291182600000005
-0.0074220060000000365
0.03806781399999998
0.009337403999999994
-0.005027812666666687
-0.019393029333333367
-0.03375824600000005
0.016519993999999982
0.06679823399999996
0.010933527333333304
-0.044931179333333404
-0.10079588600000006
0.10031705399999996
-0.028969836000000027
-0.15825672600000001
0.14820109399999998
0.04445235399999997
-0.059296386000000034
-0.16304512600000004
0.16735470399999997
0.10414777799999997
0.04094085199999997
-0.022266074000000025
-0.08547300000000002
-0.14867992600000002
0.14341268399999996
-0.09600748600000003
0.09074025399999996
0.03327941399999998
-0.024181426000000006
-0.007422011000000006
0.009337403999999994
0.06200983399999996
0.020510333999999963
-0.02098916600000006
-0.062488666000000026
-0.0329601776666667
-0.0034316893333333764
0.026096798999999976
0.05562528733333333
0.08515377566666665
0.11468226399999998
-0.02657563099999999
-0.167833526
-0.121146594
-0.07445966200000004
-0.027772730000000023
0.01891420199999999
0.065601134
0.11228806599999996
0.15897499799999998
0.20566192999999997
-0.22529437600000002
-0.0026336040000000116
0.23439235399999997
-0.016998841000000042
-0.07864953725000001
-0.14030023350000004
-0.20195092975
-0.263601626
0.22481554399999998
0.06520210733333326
-0.0944113293333334
-0.25402476600000007
0.18171991399999998
-0.21571757600000002
0.002154785999999964
0.056024324999999986
0.10989386399999998
0.06999050233333332
0.030087140666666623
-0.00981622100000007
-0.049719582666666706
-0.08962294433333334
-0.12952630600000004
0.06679823399999996
-0.07685386600000005
0.042856213999999976
-0.0050278060000000235
-0.05291182600000005
0.018914203999999962
0.007741260666666638
-0.0034316826666666578
-0.01460462600000001
-0.009816226000000039
-0.005027821000000043
-0.0002394160000000478
0.004548988999999948
0.009337393999999943
0.014125798999999939
0.018914203999999962
-0.03854664600000002
0.04764462399999997
-0.026575631000000044
-0.10079588600000006
-0.03695050600000005
0.026894873999999958
0.09074025399999996
-0.012210416000000002
-0.11516108600000002
0.0021547889999999903
0.11947066399999998
-0.01939303100000006
-0.15825672600000001
-0.00023941399999999335
0.15777789799999997
-0.0026336140000000063
-0.16304512600000004
0.12425907399999997
0.016519993999999982
-0.091219086
0.08595184399999997
0.041659111499999985
-0.0026336210000000304
-0.04692635350000002
-0.091219086
0.05243302399999997
-0.048123446000000014
-0.007422016000000031
0.03327941399999998
-0.048123446000000014
-0.024181429333333337
-0.00023941266666671623
0.02370260399999996
0.009337393999999943
-0.005027816000000018
-0.019393026000000035
0.009337403999999994
0.0021547965000000002
-0.005027810999999993
-0.012210418500000042
-0.019393026000000035
-0.0026336110000000357
-0.015203164750000053
-0.027772718500000015
-0.04034227225000003
-0.05291182600000005
-0.02418141100000004
0.004549003999999968
0.03327941899999995
0.06200983399999996
0.03208231149999996
0.0021547889999999903
-0.16304512600000004
0.17693150799999996
0.07637503699999998
-0.024181434
-0.12473790500000004
-0.22529437600000002
0.01651999599999998
0.258334368
-0.2827552260000001
-0.22877685936363645
-0.17479849272727283
-0.12082012609090914
-0.06684175945454551
-0.012863392818181885
0.0411149738181818
0.09509334045454543
0.14907170709090906
0.20305007372727268
0.2570284403636363
0.31100680699999994
-0.007422029500000038
-0.292332026
0.01412579399999997
0.014125798999999939
0.023702606499999945
0.03327941399999998
0.03627216524999999
0.03926491649999997
0.04225766774999998
0.045250418999999986
0.04824317024999997
0.051235921499999976
0.05422867274999996
0.057221423999999965
0.03806781399999998
0.014125809499999975
-0.06129154937500003
-0.13670890824999998
-0.212126267125
-0.287543626
-0.2392605578333334
-0.19097748966666667
-0.1426944215
-0.09441135333333334
-0.04612828516666667
0.0021547829999999935
0.05043785116666666
0.09872091933333332
0.1470039875
0.19528705566666665
0.24357012383333337
0.291853192
-0.263601626
0.20566192999999997
-0.15825672600000001
0.03806781399999998
-0.01141235266666668
-0.060892519333333395
-0.11037268600000005
-0.04908112400000003
0.012210437999999935
0.07350199999999996
0.13479356199999998
0.19608512399999997
0.018914207500000002
-0.029767898083333355
-0.07845000366666666
-0.12713210925
-0.17581421483333332
-0.22449632041666667
-0.27317842600000003
-0.17262194733333336
-0.07206546866666669
0.028491009999999956
0.04525040899999999
-0.048123446000000014
-0.005027816000000018
0.03806781399999998
0.08116344399999997
0.12425907399999997
0.006943193999999986
-0.014604626000000065
-0.02657563400000007
-0.038546642000000075
-0.050517650000000025
-0.06248865800000003
-0.07445966600000004
-0.08643067400000004
-0.09840168200000005
-0.11037269
-0.122343698
-0.134314706
-0.028969831
0.07637504399999998
-0.03615244600000006
-0.016998841000000042
0.03168327733333329
-0.024979494333333352
-0.08164226600000002
-0.06761908528571431
-0.0535959045714286
-0.03957272385714289
-0.02554954314285718
-0.011526362428571468
0.002496818285714242
0.016519998999999952
-0.024181426000000006
0.03327941399999998
0.004548993999999973
-0.024181426000000006
-0.05291184600000004
-0.08164226600000002
0.06200983399999996
-0.08164226600000002
-0.007422016000000031
0.06679823399999996
0.009337393999999943
-0.048123446000000014
-0.005027816000000018
0.03806781399999998
0.006943193999999986
-0.024181426000000006
-0.019393022666666704
-0.014604619333333346
-0.009816215999999989
-0.005027812666666687
-0.00023940933333338466
0.004548993999999973
0.00933739733333333
0.014125800666666632
0.018914203999999962
-0.007422026000000026
-0.007422026000000026
0.009337403999999994
0.0077412656666666635
0.006145127333333278
0.004548988999999948
-0.01460462850000005
-0.03375824600000005
-0.012210421000000027
0.009337403999999994
-0.00023940849999998237
-0.009816221000000014
-0.019393033500000045
-0.02896984600000002
0.028490993999999964
-0.02896984600000002
-0.009816232666666702
0.009337380666666617
0.028490993999999964
-0.03375824600000005
-0.005027821000000043
0.02370260399999996
0.009337388999999974
-0.005027826000000013
0.004548988999999948
0.014125803999999964
0.008140296499999977
0.002154788999999935
-0.003830718500000052
-0.009816226000000039
0.018914203999999962
0.011731588999999987
0.004548973999999983
0.009337403999999994
-0.0002394110000000227
-0.009816226000000039
-0.002633626
0.004548973999999983
-0.005027826000000013
-0.01460462600000001
-0.009816226000000039
-0.005027826000000013
-0.01460462600000001
-0.024181426000000006
-0.01999157600000001
-0.015801726000000016
-0.011611876000000021
-0.007422026000000026
-0.008220092666666678
-0.009018159333333386
-0.009816226000000039
-0.009816226000000039
-0.009816226000000039
-0.009816226000000039
-0.007422026000000026
-0.005027826000000013
-0.0062249260000000195
-0.007422026000000026
-0.008619126000000032
-0.009816226000000039
-0.0062249260000000195
-0.002633626
0.0009576739999999639
0.004548973999999983
-0.002633626
-0.009816226000000039
-0.008619126000000032
-0.007422026000000026
-0.0062249260000000195
-0.005027826000000013
-0.0038307260000000065
-0.002633626
-0.001436526000000049
-0.00023942600000004255
-0.00023942599999998704
-0.009816226000000039
-0.008619126000000032
-0.007422026000000026
-0.0062249260000000195
-0.005027826000000013
-0.002633626
-0.00023942600000004255
0.0021547739999999704
-0.001436526000000049
-0.005027826000000013
-0.005027826000000013
-0.004548986000000033
-0.004070145999999997
-0.0035913060000000163
-0.003112466000000036
-0.002633626
-0.0021547860000000196
-0.0016759460000000392
-0.0011971060000000588
-0.0007182660000000229
-0.00023942600000004255
-0.00023942600000004255
-0.00023942600000004255
-0.00023942600000004255
-0.00023942600000004255
-0.00023942600000004255
0.004548988999999948
-0.009816226000000039
-0.012210426000000052
-0.011013326000000045
-0.009816226000000039
-0.007422026000000026
-0.005027826000000013
-0.00023942600000004255
0.0009576739999999639
0.0021547739999999704
0.003351873999999977
