-0.009816226000000039
-0.009816226000000039
-0.009816226000000039
-0.009816226000000039
-0.008220092666666678
-0.0066239593333333735
-0.005027826000000013
-0.00023942599999998704
0.004548973999999983
0.0021547739999999704
-0.00023942600000004255
-0.002633626
-0.005027826000000013
-0.005027826000000013
-0.005027826000000013
-0.005027826000000013
-0.005027826000000013
-0.005027826000000013
-0.005027826000000013
-0.005027826000000013
-0.005027826000000013
-0.005027826000000013
-0.005027826000000013
-0.005027826000000013
-0.005027826000000013
-0.005027826000000013
-0.005027826000000013
-0.005027826000000013
-0.005027826000000013
-0.005027826000000013
-0.005027826000000013
-0.005027826000000013
-0.005027826000000013
-0.005027826000000013
-0.005027826000000013
-0.005027826000000013
-0.005027826000000013
-0.009816226000000039
-0.005027826000000013
-0.00023942600000004255
0.001356707333333318
0.002952840666666623
0.004548973999999983
-0.00023942599999998704
-0.009816226000000039
-0.00023942599999998704
0.009337403999999994
0.006943188999999961
0.009337403999999994
0.009337403999999994
-0.005027826000000013
-0.009816226000000039
-0.009816226000000039
-0.0018355493333333528
0.006145127333333278
0.014125803999999964
0.009337388999999974
0.004548973999999983
-0.002633626
-0.009816226000000039
-0.005027826000000013
-0.005027826000000013
-0.005027826000000013
-0.00023942599999998704
0.004548973999999983
-0.00023942599999998704
-0.005027826000000013
-0.003431692666666708
-0.0018355593333333475
-0.00023942600000004255
0.009337403999999994
0.002952860666666668
-0.0034316826666667133
-0.009816226000000039
-0.005027826000000013
-0.002633626
-0.00023942600000004255
-0.005027826000000013
-0.009816226000000039
-0.007422026000000026
-0.005027826000000013
0.0021547889999999903
0.009337403999999994
0.006145127333333333
0.0029528506666666177
-0.00023942600000004255
-0.00023942600000004255
-0.00023942600000004255
0.004548973999999983
0.001356707333333318
-0.0018355593333333475
-0.005027826000000013
-0.003431692666666708
-0.0018355593333333475
-0.00023942600000004255
-0.00023942600000004255
-0.00023942600000004255
0.009337403999999994
-0.005027810999999993
-0.019393026000000035
-0.014604626000000065
-0.009816226000000039
-0.01460462600000001
-0.013008492666666649
-0.011412359333333344
-0.009816226000000039
-0.008220092666666678
-0.006623959333333318
-0.005027826000000013
-0.005027826000000013
-0.005027826000000013
-0.0058258926666666655
-0.0066239593333333735
-0.007422026000000026
-0.008220092666666678
-0.009018159333333386
-0.009816226000000039
-0.00023942600000004255
-0.005027826000000013
-0.00023942600000004255
-0.0018355593333333475
-0.003431692666666708
-0.005027826000000013
-0.01460462600000001
-0.013008492666666649
-0.011412359333333344
-0.009816226000000039
-0.008220092666666678
-0.006623959333333318
-0.005027826000000013
0.006943188999999961
0.0026336259999999445
-0.0016759370000000162
-0.0059855000000000325
-0.010295062999999993
-0.01460462600000001
-0.01460462600000001
0.0021547739999999704
-0.01460462600000001
-0.005027826000000013
-0.0066239593333333735
-0.008220092666666678
-0.009816226000000039
0.0021547889999999903
-0.019393026000000035
-0.005027826000000013
0.0021547889999999903
0.009337403999999994
0.006145127333333333
0.0029528506666666177
-0.00023942600000004255
-0.00023942600000004255
-0.00023942600000004255
-0.00023942600000004255
-0.00023942600000004255
-0.00023942600000004255
-0.00023942600000004255
-0.005027826000000013
-0.0062249260000000195
-0.007422026000000026
-0.008619126000000032
-0.009816226000000039
-0.005027826000000013
-0.005027826000000013
-0.005027826000000013
-0.005027826000000013
-0.005027826000000013
-0.005027826000000013
-0.005027826000000013
-0.005027826000000013
-0.009816226000000039
-0.0062249260000000195
-0.002633626
0.0009576739999999639
0.004548973999999983
-0.005027826000000013
-0.007422026000000026
-0.009816226000000039
-0.008220092666666678
-0.0066239593333333735
-0.005027826000000013
-0.00023942600000004255
-0.00023942600000004255
-0.00023942600000004255
-0.00023942600000004255
-0.00023942600000004255
-0.00023942600000004255
-0.00023942600000004255
-0.00023942600000004255
0.009337403999999994
-0.005027826000000013
-0.009816226000000039
-0.01460462600000001
-0.01939302599999998
-0.024181426000000006
0.02370260399999996
0.002154783999999965
-0.07206546600000002
0.0021547889999999903
0.07637504399999998
0.0508368923333333
0.025298740666666625
-0.0002394110000000227
-0.025777562666666698
-0.05131571433333337
-0.07685386600000005
0.06679823399999996
0.03687071899999994
0.006943203999999981
-0.022984311000000035
-0.05291182600000005
0.018914198999999965
-0.048123446000000014
0.07637504399999998
-0.007422021000000001
-0.091219086
-0.0624886645714286
-0.033758243142857136
-0.0050278217142857295
0.023702599714285705
0.05243302114285714
0.08116344257142855
0.10989386399999998
-0.012210421000000027
-0.01759737225000002
-0.02298432350000007
-0.028371274750000064
-0.03375822600000006
0.03806781399999998
-0.062488666000000026
0.016519993999999982
0.09552865399999996
0.053390705999999954
0.011252757999999974
-0.030885190000000062
-0.07302313799999999
-0.11516108600000002
0.09552865399999996
0.004548983999999978
-0.08643068600000003
-0.04333505266666671
-0.0002394193333333794
0.042856213999999976
-0.028969836000000027
-0.008858542000000025
0.011252751999999977
0.03136404599999995
0.05147533999999995
0.07158663399999995
0.006943188999999961
-0.00662395266666671
-0.02019109433333338
-0.03375823600000005
-0.047325377666666724
-0.06089251933333334
-0.07445966100000001
-0.08802680266666668
-0.10159394433333335
-0.11516108600000002
0.026894870666666654
0.028490993999999964
-0.09600748600000003
-0.02577756933333336
0.04445234733333331
0.11468226399999998
0.051235921499999976
-0.012210421000000027
-0.0756567635
-0.13910310600000003
-0.06967126100000004
-0.0002394160000000478
0.08595184399999997
0.016520008999999947
-0.05291182600000005
-0.01460462600000001
0.010933527333333304
0.036471680666666645
0.06200983399999996
-0.03375823600000005
-0.12952630600000004
0.11468226399999998
0.06392518999999997
0.013168115999999952
-0.037588958000000006
-0.08834603200000002
-0.13910310600000003
0.011731588999999987
0.010235212125000004
0.008738835249999966
0.007242458374999983
0.005746081499999944
0.0042497046249999615
0.0027533277499999786
0.0012569508749999403
-0.00023942600000004255
-0.031364046000000034
-0.005027831000000038
0.016998825999999967
0.03902548299999997
0.06105213999999995
0.08307879699999995
0.10510545399999996
0.03806781399999998
-0.028969826000000032
-0.005027811000000049
0.018914203999999962
0.04285621899999997
0.06679823399999996
0.006943188999999961
-0.04652731600000004
-0.09999782100000004
-0.15346832600000004
-0.024181436000000056
0.10510545399999996
-0.062488666000000026
-0.049719587666666676
-0.03695050933333338
-0.02418143100000003
-0.01141235266666668
0.0013567256666666139
0.014125803999999964
0.045250423999999956
0.07637504399999998
-0.12952630600000004
-0.032162106000000024
0.06520209399999999
0.16256629399999997
-0.005027821000000043
-0.10558428600000003
-0.03615243600000001
0.03327941399999998
0.03396347114285711
0.03464752828571427
0.0353315854285714
0.03601564257142856
0.03669969971428569
0.03738375685714285
0.03806781399999998
0.02370258899999997
-0.21092917600000005
-0.07525774266666668
0.06041369066666663
0.19608512399999997
-0.177410326
-0.126334026
-0.07525772600000002
-0.024181426000000006
0.026894873999999985
0.07797117399999998
0.12904747399999997
-0.07685386600000005
-0.0513157193333334
-0.025777572666666693
-0.00023942600000004255
0.02849099899999996
0.057221423999999965
0.031227233999999965
0.0052330439999999645
-0.020761146000000008
-0.046755336000000036
-0.07274952600000001
-0.09874371600000004
-0.12473790600000001
0.16735470399999997
-0.22529437600000002
-0.019393013500000056
0.21045033399999996
0.12234371199999997
0.03423708999999997
-0.05386953200000005
-0.14197615400000002
-0.23008277600000004
-0.0991997526666667
0.03168327066666665
0.16256629399999997
-0.15825672600000001
0.02609679899999995
0.009337388999999974
-0.00023941850000003262
-0.009816226000000039
0.03806781399999998
0.0077412673333333015
-0.022585279333333375
-0.05291182600000005
0.02849101899999995
0.10989386399999998
-0.009816221000000014
-0.12952630600000004
0.17214310899999996
-0.019393033500000045
-0.21092917600000005
0.028490999399999967
0.2679111748
-0.007422025600000048
-0.2827552260000001
0.009337385999999948
0.301429998
0.15179239199999997
0.002154785999999964
-0.14748282000000007
-0.29712042600000005
0.32058361199999996
-0.29712042600000005
-0.22170307262500005
-0.14628571925000006
-0.07086836587500006
0.004548987499999935
0.07996634087499993
0.15538369424999993
0.23080104762499992
0.306218401
-0.00023940100000002795
-0.012210412000000004
-0.12354079400000001
-0.23487117600000001
-0.08643067266666665
0.062009830666666654
0.21045033399999996
-0.24444796600000002
-0.07844998933333336
0.0875479873333333
0.25354596399999996
0.004548998999999998
-0.24444796600000002
0.27269957799999994
0.00694317599999994
-0.25881322600000006
0.011731579499999978
0.28227638499999996
-0.00023942050000008708
-0.2827552260000001
-0.09600749033333339
0.0907402453333333
0.27748798099999994
0.21045033012499997
0.14341267924999995
0.07637502837499996
0.00933737749999991
-0.05770027337500011
-0.12473792425000002
-0.19177557512500004
-0.25881322600000006
0.016520003999999977
0.13383587399999997
-0.10079588600000006
0.02370260399999996
0.03168327733333329
0.03966395066666664
0.04764462399999997
-0.03854664099999999
-0.12473790600000001
0.026096800999999975
0.17693150799999996
-0.21092917600000005
-0.17501614725000003
-0.13910311850000007
-0.10319008975000005
-0.06727706100000003
-0.03136403225000006
0.004548996499999958
0.03806780899999995
0.004548981499999993
-0.02896984600000002
0.04285620899999998
0.11468226399999998
0.07398083566666663
0.03327940733333329
-0.007422021000000056
-0.0481234493333334
-0.08882487766666675
-0.12952630600000004
0.011731593999999956
-0.009816226000000039
0.04046201399999996
0.09074025399999996
-0.13910310600000003
-0.048123446000000014
0.042856213999999976
0.13383587399999997
-0.08643068600000003
-0.05949591350000005
-0.032561141000000016
-0.005626368500000034
0.021308403999999947
-0.005027819333333405
-0.0313640426666667
-0.057700266000000056
-0.02657564600000001
0.004548973999999983
0.023702593999999966
0.042856213999999976
-0.03615243600000001
-0.11516108600000002
-0.06440401200000001
-0.013646937999999997
0.03711013599999996
0.08786720999999997
0.13862428399999996
0.0508368873333333
-0.036950509333333326
-0.12473790600000001
0.045250418999999986
0.026894870666666654
0.008539322333333321
-0.009816226000000039
-0.005027826000000013
-0.00023942600000004255
-0.07685386600000005
0.016519998999999952
0.10989386399999998
-0.0026336110000000357
-0.11516108600000002
-0.06967125600000001
-0.024181426000000006
0.021308403999999947
0.06679823399999996
-0.009816226000000039
-0.03854664600000002
0.006943188999999961
0.05243302399999997
0.02529873399999996
-0.001835556000000016
-0.02896984600000002
-0.016998836000000017
-0.005027826000000013
0.05243302399999997
-0.007422021000000056
-0.06727706600000005
-0.012210426000000052
0.042856213999999976
0.021308398999999978
-0.0002394160000000478
-0.021787231000000074
-0.043335046000000044
0.03327941399999998
0.010933527333333304
-0.011412359333333344
-0.03375824600000005
0.02370260399999996
-0.048123446000000014
-0.0026336160000000053
0.042856213999999976
-0.007422026000000026
-0.057700266000000056
-0.04333505600000004
-0.02896984600000002
-0.01460463600000006
-0.00023942600000004255
0.014125783999999975
0.028490993999999964
-0.0002394110000000227
-0.01460462600000001
-0.0193930326666667
-0.024181439333333332
-0.02896984600000002
0.009337403999999994
-0.00263361099999998
-0.01460462600000001
-0.005027816000000018
0.004548993999999973
0.014125803999999964
-0.019393026000000035
-0.012210426000000052
-0.005027826000000013
-0.004157207818181852
-0.003286589636363635
-0.0024159714545454736
-0.0015453532727273123
-0.0006747350909090954
0.00019588309090906586
0.0010665012727272827
0.001937119454545444
0.0028077376363636053
0.003678355818181822
0.004548973999999983
-0.005027826000000013
0.009337388999999974
-0.007422026000000026
-0.008619126000000032
-0.009816226000000039
-0.009816226000000039
-0.009816226000000039
-0.009816226000000039
-0.009816226000000039
-0.019393026000000035
-0.016998826000000022
-0.014604626000000065
-0.012210426000000052
-0.009816226000000039
-0.005027826000000013
-0.002633626
-0.00023942600000004255
-0.005027826000000013
-0.009816226000000039
-0.005027826000000013
-0.00023942600000004255
-0.003112466000000036
-0.005985506000000029
-0.008858546000000023
-0.011731586000000016
-0.01460462600000001
-0.005027826000000013
-0.005027826000000013
0.004548973999999983
-0.002633626
-0.009816226000000039
-0.007079993142857177
-0.004343760285714315
-0.0016075274285714536
0.0011287054285714082
0.00386493828571427
0.006601171142857132
0.009337403999999994
-0.019393026000000035
-0.009816226000000039
0.004548973999999983
0.004548973999999983
0.004548973999999983
-0.00023942599999998704
-0.005027826000000013
-0.009816226000000039
-0.01460462600000001
-0.008220092666666678
-0.0018355593333333475
0.004548973999999983
-0.009816226000000039
0.002154788999999935
0.014125803999999964
0.006943188999999961
-0.00023942600000004255
-0.007422026000000026
-0.01460462600000001
-0.013008492666666704
-0.011412359333333344
-0.009816226000000039
0.004548973999999983
-0.009816226000000039
-0.011412359333333344
-0.013008492666666704
-0.01460462600000001
-0.0002394110000000227
-0.005027818500000059
-0.009816226000000039
-0.002633626
0.004548973999999983
0.0055066599999999966
0.00646434600000001
0.007422031999999967
0.00837971799999998
0.009337403999999994
-0.012210426000000052
-0.01041477350000003
-0.008619121000000063
-0.006823468500000041
-0.005027816000000018
-0.0032321635000000515
-0.0014365110000000292
0.0003591414999999931
0.00215479399999996
0.003950446499999982
0.0057460990000000045
0.007541751499999971
0.009337403999999994
-0.00023942599999998704
