-0.07984661299999996
0.05422868700000005
0.042599708428571526
0.030970729857142887
0.01934175128571436
0.0077127727142857205
-0.003916205857142807
-0.01554518442857139
-0.027174162999999973
0.01592146200000011
0.0036084227142858527
-0.008704616571428458
-0.02101765585714277
-0.03333069514285708
-0.04564373442857139
-0.05795677371428565
-0.07026981299999996
0.011133052000000032
-0.009616689666666567
0.009856153666666811
0.029328997000000134
0.04880184033333346
0.06827468366666678
0.0877475270000001
-0.09900023299999994
0.07338228700000005
-0.06548141299999993
-0.03675098799999993
-0.008020562999999925
0.00873886200000007
0.02549828700000001
-0.046327762999999966
-0.11815381299999994
-0.09121904549999993
-0.06428427799999992
-0.037349510499999905
-0.010414742999999893
0.039264939500000096
0.08894462200000008
0.13862430450000007
0.18830398700000006
-0.18519147299999994
-0.0702697863333333
0.04465190033333333
0.15957358700000002
-0.15167265299999994
-0.027174162999999973
0.09732432700000004
-0.06548141299999993
-0.019991562999999934
0.02549828700000001
0.027094420333333313
0.02869055366666673
0.030286687000000034
0.001556263666666724
-0.027174159666666642
-0.05590458299999995
0.06859388700000002
-0.01759737299999997
-0.10378863299999996
0.126054687
-0.00802058299999997
-0.14209585299999994
-0.04632777299999996
0.04944030700000002
0.14520838700000005
-0.15167265299999994
-0.05271230633333329
0.04624804033333341
0.14520838700000005
0.04944030700000002
-0.046327772999999906
-0.14209585299999994
-0.01280896799999992
0.1164779170000001
-0.11336543299999996
-0.005626352999999917
0.10211272700000007
-0.08463501299999993
-0.010414762999999883
0.0638054870000001
-0.0008379629999999416
-0.06548141299999993
-0.010414762999999994
0.044651887
0.008738861999999958
-0.027174162999999973
-0.025578029666666613
-0.023981896333333308
-0.022385762999999947
-0.020789629666666642
-0.019193496333333282
-0.017597362999999977
-0.016001229666666617
-0.014405096333333312
-0.012808962999999951
0.020709887000000093
-0.008020556333333262
0.030286687000000034
0.006344662000000056
-0.017597362999999977
-0.003232167999999924
0.011133027000000073
0.002753329500000068
-0.005626367999999937
-0.014006065499999942
-0.022385762999999947
-0.003232173000000005
-0.0027533319999999417
-0.0022744909999999896
-0.0017956499999999265
-0.0013168089999999744
-0.0008379679999999112
-0.012808962999999951
0.011133027000000073
0.012729180333333368
0.014325333666666773
0.015921487000000067
-0.003232173000000005
-0.003232173000000005
-0.003232173000000005
-0.003232173000000005
-0.003232173000000005
-0.003232173000000005
-0.003232173000000005
-0.003232173000000005
-0.003232173000000005
-0.003232173000000005
-0.003232173000000005
-0.003232173000000005
0.011133027000000073
0.006344627000000047
0.0015562270000000211
-0.008020562999999925
-0.012808962999999951
-0.012808962999999951
-0.008020562999999925
-0.009616696333333286
-0.01121282966666659
-0.012808962999999951
-0.003232173000000005
-0.002035073000000054
-0.0008379729999999919
0.00035912700000007014
0.0015562270000000211
-0.0008379729999999919
0.002753326999999972
0.006344627000000047
0.006344627000000047
0.006344627000000047
-3.990300000000779e-05
-0.006424432999999952
-0.012808962999999951
-0.009935924999999957
-0.007062887000000018
-0.004189848999999968
-0.0013168109999999178
0.0015562270000000211
-0.005626367999999937
-0.012808962999999951
-0.008020562999999925
-0.008020562999999925
0.006344627000000047
0.00873882700000006
0.011133027000000073
0.006344627000000047
0.0015562270000000211
-0.003232173000000005
-0.005626370500000033
-0.00802056799999995
-0.010414765499999978
-0.012808962999999951
-0.013607029666666604
-0.014405096333333312
-0.015203162999999964
-0.016001229666666617
-0.016799296333333325
-0.017597362999999977
-0.008020562999999925
-0.0008379729999999919
-0.003232173000000005
-0.010414767999999963
-0.017597362999999977
-0.003232173000000005
-0.005626367999999937
-0.008020562999999925
-0.0076522253076922175
-0.0072838876153845655
-0.006915549923076858
-0.0065472122307691505
-0.006178874538461443
-0.0058105368461538465
-0.005442199153846139
-0.005073861461538431
-0.004705523769230724
-0.004337186076923016
-0.00396884838461542
-0.0036005106923077124
-0.003232173000000005
-0.005626367999999937
-0.008020562999999925
-0.008020562999999925
-0.008020562999999925
-0.008020562999999925
-0.003232173000000005
-0.003232173000000005
-0.003232173000000005
-0.003232173000000005
-0.0008379729999999919
0.0015562270000000211
0.003950427000000034
0.006344627000000047
-0.003232173000000005
0.0015562270000000211
0.006344627000000047
-0.010414767999999963
-0.004828302999999923
-0.012808962999999951
-0.009217665499999972
-0.005626367999999937
-0.002035070499999958
0.0015562270000000211
-0.000359130999999957
-0.002274488999999935
-0.004189846999999913
-0.006105204999999891
-0.008020562999999925
0.006344627000000047
-0.00802056799999995
-0.003232173000000005
-0.00802056799999995
-0.012808962999999951
-0.009816214249999955
-0.006823465499999903
-0.0038307167499999073
-0.0008379679999999112
-0.0032321663333332307
-0.00562636466666655
-0.008020562999999925
-0.008020562999999925
-0.008020562999999925
-0.012808962999999951
-0.017597362999999977
-0.010414767999999963
-0.003232173000000005
-0.0019262457272727351
-0.0006203184545454654
0.0006856088181818043
0.001991536090909074
0.0032974633636363437
0.0046033906363637245
0.005909317909090994
0.007215245181818264
0.008521172454545534
0.009827099727272803
0.011133027000000073
0.0015562320000001018
-0.008020562999999925
-0.0008379729999999919
0.0015562270000000211
0.0015562270000000211
0.0015562270000000211
0.0015562270000000211
-0.0008379729999999919
-0.003232173000000005
-0.003232173000000005
-0.00802056799999995
-0.012808962999999951
-0.0008379679999999112
0.011133027000000073
-0.017597362999999977
-0.0008379729999999919
-0.0038307204999999955
-0.006823467999999999
-0.009816215499999947
-0.012808962999999951
-0.008020562999999925
-0.008020562999999925
-0.008020562999999925
-0.008020562999999925
-0.008020562999999925
-0.008020562999999925
-0.017597362999999977
-0.019512722999999954
-0.021428082999999987
-0.023343442999999964
-0.025258802999999996
-0.027174162999999973
0.0015562270000000211
0.0015562270000000211
-0.003232167999999924
-0.008020562999999925
-0.008020562999999925
-0.008020562999999925
-0.012808962999999951
-0.017597362999999977
0.006344627000000047
-0.005626367999999937
-0.017597362999999977
-0.022385762999999947
-0.027174162999999973
-0.0020350504999999686
0.023104062000000036
0.04824317450000004
0.07338228700000005
0.0183156470000001
-0.036750992999999954
-0.004828299666666647
0.027094393666666772
0.05901708700000008
-0.008020562999999925
-0.054308459666666586
-0.1005963563333333
-0.14688425299999996
-0.09421181799999995
-0.04153938299999993
0.011133052000000143
0.0638054870000001
0.0638054870000001
0.044651887
-0.11336543299999996
-0.09261568299999995
-0.07186593299999994
-0.051116182999999926
0.09732432700000004
0.07098810700000002
0.044651887
0.013527261999999984
-0.017597362999999977
-0.06069299799999994
-0.10378863299999996
-0.046327802999999945
0.011133027000000073
0.003950427000000034
-0.003232173000000005
0.0031523803333333156
0.009536933666666747
0.015921487000000067
0.05422868700000005
0.015921487000000067
-0.0008379379999999825
-0.017597362999999977
-0.010414767999999963
-0.003232173000000005
0.05901708700000008
0.038067820750000037
0.017118554500000105
-0.0038307117499999377
-0.02477997799999998
-0.03834712299999998
-0.05191426799999993
-0.06548141299999993
-0.05670267133333329
-0.04792392966666659
-0.03914518799999994
-0.030366446333333297
-0.021587704666666596
-0.012808962999999951
0.011133027000000073
0.04225768699999999
-0.041539392999999925
-0.035952921333333276
-0.030366449666666573
-0.024779977999999925
-0.019193506333333277
-0.013607034666666573
-0.008020562999999925
0.02549828700000001
0.015921487000000067
0.0063446745000000915
-0.0032321379999999955
-0.012808950499999971
-0.022385762999999947
-0.01759736299999992
-0.012808962999999951
-0.05590458299999995
-0.031962562999999944
-0.017597362999999977
-0.017597362999999977
-0.017597362999999977
-0.017597362999999977
0.015921487000000067
-0.022385762999999947
-0.017597357999999952
-0.012808952999999956
-0.00802054799999996
-0.003232142999999965
0.0015562620000000305
0.0015562445000000258
0.0015562270000000211
0.006344627000000047
0.00873882700000006
0.011133027000000073
-0.0008379679999999112
-0.012808962999999951
-0.022385762999999947
-0.031962562999999944
-0.022385762999999947
-0.012808962999999951
-0.006823465499999903
-0.0008379679999999112
0.005147529500000081
0.011133027000000073
-0.00802056799999995
-0.027174162999999973
0.02549828700000001
0.0015562270000000211
0.0015562270000000211
0.0015562270000000211
0.006344627000000047
0.011133027000000073
0.013527257000000015
0.015921487000000067
0.011133057000000113
0.006344627000000047
0.0036083998571428966
0.000872172714285746
-0.0018640544285714045
-0.004600281571428555
-0.00733650871428565
-0.0100727358571428
-0.012808962999999951
-0.003232167999999924
0.006344627000000047
0.015921487000000067
0.0015562620000000305
-0.012808962999999951
-0.010414762999999938
-0.008020562999999925
-0.003232167999999924
0.0015562270000000211
0.0007581603333333131
-3.990633333328386e-05
-0.0008379729999999919
-0.0016360396666666999
-0.002434106333333297
-0.003232173000000005
-0.003232173000000005
0.006344627000000047
0.015921487000000067
0.0039504620000000434
-0.008020562999999925
-0.010414762999999938
-0.012808962999999951
-0.015203162999999964
-0.017597362999999977
-0.022385762999999947
-0.027174162999999973
-0.012808967999999976
0.0015562270000000211
0.0034715870000000537
0.005386947000000086
0.007302307000000008
0.00921766700000004
0.011133027000000073
-0.022385762999999947
-0.003232173000000005
0.011133057000000002
0.02549828700000001
0.01831565700000004
0.011133027000000073
-0.008020562999999925
-0.005626367999999937
-0.003232173000000005
-0.004429270499999971
-0.005626367999999937
-0.006823465499999903
-0.008020562999999925
-0.004828299666666647
-0.0016360363333333128
0.0015562270000000211
-0.008020562999999925
0.015921487000000067
0.011133078666666685
0.006344670333333413
0.0015562620000000305
-0.012808956333333288
-0.027174174666666606
-0.041539392999999925
-0.01759738299999991
0.006344627000000047
-0.019991577999999954
-0.046327782999999956
-0.022385765499999932
0.0015562520000000912
0.025498269500000004
0.04944028700000003
-0.046327782999999956
-0.02118866549999998
0.003950451999999993
0.02908956950000008
0.05422868700000005
-0.00802053799999991
-0.0008379554999999872
0.006344627000000047
-0.01759738299999991
-0.041539392999999925
-0.0008379529999998914
0.039863487000000086
-0.015203162999999909
-0.07026981299999996
-0.03675097966666663
-0.0032321463333333522
0.030286687000000034
-0.041539392999999925
-0.010414752999999943
0.020709887000000093
0.014325333666666773
0.007940780333333342
0.0015562270000000211
-0.036750992999999954
0.015921446999999977
0.06859388700000002
0.054228678249999995
0.03986346949999997
0.025498260750000057
0.011133052000000032
-0.0032321567499999926
-0.017597365499999962
-0.03196257424999993
-0.046327782999999956
-0.016001226333333285
0.014325330333333386
0.044651887
-0.027174162999999973
0.0015562620000000305
-0.0008379479999999218
-0.031962562999999944
0.0015562620000000305
0.03507508700000006
0.006344662000000056
-0.022385762999999947
-0.020789629666666642
-0.019193496333333282
-0.017597362999999977
0.015921461999999997
0.04944028700000003
0.0063446470000000366
-0.036750992999999954
-0.0032321529999999044
0.030286687000000034
-0.012808962999999951
-0.00802056799999995
-0.003232173000000005
-0.003232173000000005
-0.003232173000000005
-0.022385782999999937
-0.041539392999999925
0.003950447000000024
0.04944028700000003
0.0302866745
0.011133062000000082
-0.008020550499999946
-0.027174162999999973
0.039863487000000086
0.026695374500000035
0.013527262000000095
0.0003591495000000444
-0.012808962999999951
-0.017597362999999977
0.011133027000000073
-0.027174162999999973
0.008738861999999958
0.044651887
0.0015562470000000106
-0.041539392999999925
-0.03333069585714277
-0.025121998714285665
-0.016913301571428507
-0.00870460442857135
-0.0004959072857142477
0.007712789857142965
0.015921487000000067
0.006344627000000047
-0.0008379679999999112
-0.031962562999999944
-0.00802053799999991
0.015921487000000067
0.0015562620000000305
-0.012808962999999951
-0.008020566333333312
-0.0032321696666666178
0.0015562270000000211
0.020709887000000093
0.014006117000000096
0.007302347000000098
0.0005985770000001001
-0.006105192999999898
-0.012808962999999951
-0.004828299666666647
0.003152363666666713
0.011133027000000073
-0.0008379379999999825
0.015921487000000067
0.0039504620000000434
-0.008020562999999925
-0.009616696333333286
-0.01121282966666659
-0.012808962999999951
-0.00938867871428567
-0.005968394428571333
-0.002548110142857052
0.0008721741428572294
0.004292458428571511
0.007712742714285792
0.011133027000000073
0.006344627000000047
0.0015562270000000211
-0.022385762999999947
-0.008020562999999925
-0.003232173000000005
0.0015562270000000211
0.015921487000000067
0.020709887000000093
0.011133057000000113
0.0015562270000000211
0.005147542000000005
0.008738856999999989
0.012330172000000084
0.015921487000000067
-0.003232173000000005
-0.008020562999999925
-0.003232173000000005
-0.004828303000000034
-0.006424432999999952
-0.008020562999999925
0.015921487000000067
0.003152403666666692
-0.009616679666666628
-0.022385762999999947
0.006344627000000047
0.005386947000000086
0.0044292670000000145
0.0034715870000000537
0.002513906999999982
0.0015562270000000211
-0.008020562999999925
-0.012808962999999951
-0.017597362999999977
-0.003232173000000005
-0.0008379729999999919
0.0015562270000000211
-0.027174162999999973
0.0015562620000000305
0.030286687000000034
0.0015562620000000305
-0.027174162999999973
-0.01759736299999992
-0.008020562999999925
-0.015203170499999918
-0.022385777999999967
-0.02956838549999996
-0.036750992999999954
-0.027174177999999993
-0.017597362999999977
0.0015562270000000211
-0.006424436333333339
-0.014405099666666643
-0.022385762999999947
-0.0032321379999999955
0.015921487000000067
0.008738856999999989
0.0015562270000000211
-0.012808962999999951
0.011133027000000073
0.00921766700000004
0.007302307000000008
0.005386947000000086
0.0034715870000000537
0.0015562270000000211
-0.012808962999999951
-0.022385762999999947
-0.019991562999999934
-0.01759736299999992
-0.015203162999999909
-0.012808962999999951
-0.010414762999999938
-0.008020562999999925
0.006344662000000056
0.020709887000000093
0.013527257000000015
0.006344627000000047
-0.022385762999999947
0.05422868700000005
0.04584898700000006
0.03746928700000007
0.029089587000000083
0.020709887000000093
-0.00802053799999991
-0.012808962999999951
-0.017597362999999977
-0.00802056799999995
0.0015562270000000211
-0.005626367999999937
-0.012808962999999951
-0.009457077999999952
-0.006105192999999898
-0.0027533079999999543
0.0005985770000001001
0.0039504620000000434
0.007302347000000098
0.010654232000000041
0.014006117000000096
0.01735800200000004
0.020709887000000093
0.006344662000000056
0.0015562620000000305
-0.031962562999999944
0.011133027000000073
-0.0032321696666666178
-0.017597366333333253
-0.031962562999999944
0.006344627000000047
0.006344627000000047
0.006344627000000047
0.006344627000000047
0.005840584894736933
0.005336542789473708
0.004832500684210594
0.0043284585789473695
0.0038244164736842556
0.0033203743684210307
0.002816332263157917
0.002312290157894803
0.001808248052631578
0.0013042059473684642
0.0008001638421052393
0.0002961217368421254
-0.0002079203684209885
-0.0007119624736842134
-0.0012160045789473273
-0.0017200466842105522
-0.002224088789473666
-0.002728130894736891
-0.003232173000000005
0.039863487000000086
0.015921487000000067
-0.031962562999999944
0.039863487000000086
-0.003232173000000005
-0.008020562999999925
0.006344627000000047
-0.012808967999999976
-0.008020562999999925
-0.008020562999999925
0.006344627000000047
-0.005626367999999937
-0.003232173000000005
-0.010414767999999963
-0.017597362999999977
-0.016001229666666617
-0.014405096333333312
-0.012808962999999951
-0.012808962999999951
-0.022385762999999947
-0.00802056799999995
0.006344627000000047
-0.003232173000000005
-3.990633333328386e-05
0.003152360333333326
0.006344627000000047
-0.017597362999999977
-0.00802056799999995
0.0015562270000000211
0.0015562270000000211
0.0015562270000000211
0.0015562270000000211
0.0015562270000000211
0.0015562270000000211
0.0015562270000000211
0.0015562270000000211
0.0015562270000000211
-0.0008379729999999919
-0.003232173000000005
-0.003232167999999924
-0.0032321696666666178
-0.0032321713333333113
-0.003232173000000005
-0.005626367999999937
0.0015562270000000211
0.00873884200000008
0.015921457000000028
0.023104071999999976
0.030286687000000034
-0.008020562999999925
-0.0008379679999999112
0.006344627000000047
0.00873882700000006
0.011133027000000073
-0.00802056799999995
-0.027174162999999973
-0.010414767999999963
0.006344627000000047
0.011133057000000113
0.015921487000000067
-0.012808962999999951
-0.009217665499999972
-0.005626367999999937
-0.002035070499999958
0.0015562270000000211
0.0034715870000000537
0.005386947000000086
0.007302307000000008
0.00921766700000004
0.011133027000000073
-0.017597362999999977
-0.003232173000000005
-0.003232173000000005
-0.003232173000000005
-0.003232173000000005
-0.003232173000000005
-0.003232173000000005
-0.003232173000000005
-0.003232173000000005
-0.003232173000000005
-0.003232173000000005
-0.003232173000000005
-0.003232173000000005
-0.003232173000000005
-0.003232173000000005
-0.012808962999999951
0.0015562270000000211
-0.005626367999999937
0.011133057000000113
-0.0008379379999999825
-0.0020350397857142877
-0.003232141571428593
-0.004429243357142787
-0.005626345142857092
-0.006823446928571397
-0.008020548714285702
-0.009217650500000008
-0.010414752285714257
-0.011611854071428562
-0.012808955857142812
-0.014006057642857117
-0.015203159428571422
-0.016400261214285672
-0.017597362999999977
-0.015203164249999956
-0.012808965499999991
-0.01041476674999997
-0.00802056799999995
0.0015562270000000211
-0.00802053799999991
0.006344627000000047
0.0039504620000000434
-0.003232173000000005
-0.002796863909090952
-0.002361554818181788
-0.0019262457272727351
-0.0014909366363636822
-0.0010556275454545183
-0.0006203184545454654
-0.0001850093636363015
0.0002502997272727514
0.0006856088181818043
0.0011209179090909682
0.0015562270000000211
0.015921487000000067
-0.012808967999999976
0.0015562536666667848
-0.00802056799999995
0.008738856999999989
0.0063446470000000366
0.003950436999999973
0.0015562270000000211
0.006344627000000047
0.011133027000000073
0.003950427000000034
-0.003232173000000005
-0.017597362999999977
-0.014405096333333312
-0.01121282966666659
-0.008020562999999925
0.015921487000000067
0.01017539700000003
0.0044293070000001045
-0.0013167829999999325
-0.0070628729999999695
-0.012808962999999951
-0.003232173000000005
-0.003232173000000005
-0.00802056799999995
-0.012808962999999951
-0.008020566333333312
-0.0032321696666666178
0.0015562270000000211
-0.003232173000000005
-0.003232173000000005
-0.005626367999999937
-0.008020562999999925
-0.003232173000000005
-0.0008379729999999919
0.0015562270000000211
-0.003232167999999924
-0.008020562999999925
-0.006424432999999952
-0.004828303000000034
-0.003232173000000005
-0.012808962999999951
-0.003232146333333241
0.006344670333333413
0.015921487000000067
-0.0008379379999999825
-0.017597362999999977
-0.005626367999999937
0.006344627000000047
-0.003232173000000005
-3.990633333328386e-05
0.003152360333333326
0.006344627000000047
0.006344627000000047
0.006344627000000047
0.003950428666666728
0.0015562303333334082
-0.0008379679999999112
-0.0032321663333332307
-0.00562636466666655
-0.008020562999999925
-0.0020350679999999732
0.003950427000000034
0.0015562270000000211
0.006344627000000047
0.015921487000000067
0.006344657000000087
-0.003232173000000005
0.0015562270000000211
0.006344627000000047
0.00035912950000005495
-0.005626367999999937
-0.011611865499999985
-0.017597362999999977
-0.003232173000000005
-0.003232173000000005
-0.003232173000000005
-0.00802056799999995
-0.012808962999999951
-0.008020562999999925
-0.005027815499999977
-0.0020350679999999732
0.0009576795000000304
0.003950427000000034
0.002753326999999972
0.0015562270000000211
-0.0022744909999999896
-0.006105209
-0.009935926999999956
-0.013766644999999966
-0.017597362999999977
-0.010414767999999963
-0.009616699666666617
-0.008818631333333271
-0.008020562999999925
-0.005626367999999937
-0.003232173000000005
0.003950427000000034
0.011133027000000073
0.011133027000000073
0.003950427000000034
-0.003232173000000005
-0.005626367999999937
-0.008020562999999925
-0.009935922999999958
-0.011851282999999935
-0.013766642999999967
-0.015682002999999944
-0.017597362999999977
-0.009217668000000012
-0.0008379729999999919
0.006344627000000047
0.003950427000000034
0.0015562270000000211
0.0015562270000000211
0.0015562270000000211
-0.003232167999999924
-0.008020562999999925
-0.003232167999999924
0.0015562270000000211
0.003950427000000034
0.006344627000000047
0.00873882700000006
0.011133027000000073
0.010534477000000098
0.009935927000000122
0.009337377000000036
0.00873882700000006
0.008140277000000085
0.007541726999999998
0.006943177000000023
0.006344627000000047
0.003950427000000034
0.0015562270000000211
0.0015562270000000211
0.0015562270000000211
