0.01640027599999999
0.014006075999999978
0.011611875999999965
0.014006075999999978
0.01640027599999999
0.006823475999999995
0.009217675999999952
0.011611875999999965
0.011611875999999965
0.011611875999999965
0.011611875999999965
0.011611875999999965
0.006823475999999995
0.006823475999999995
0.006823475999999995
0.006823475999999995
0.006823475999999995
0.006823475999999995
0.01640027599999999
0.01640027599999999
0.014006075999999978
0.011611875999999965
0.009217675999999952
0.006823475999999995
0.006823475999999995
0.006823475999999995
0.006823475999999995
0.006823475999999995
0.008020576000000001
0.009217676000000008
0.010414776000000014
0.011611875999999965
0.012808975999999972
0.014006075999999978
0.015203175999999985
0.01640027599999999
0.006823475999999995
0.0020350760000000245
-0.0027533240000000014
0.01640027599999999
0.015203175999999985
0.014006075999999978
0.012808975999999972
0.011611875999999965
0.01640027599999999
0.011611875999999965
0.006823475999999995
0.0052273426666666345
0.0036312093333333295
0.002035075999999969
0.0052273426666666345
0.0084196093333333
0.011611875999999965
0.0068234759999999395
0.002035075999999969
0.0032321759999999755
0.004429275999999982
0.0056263759999999885
0.006823475999999995
0.006823475999999995
0.011611875999999965
0.01640027599999999
0.021188675999999962
0.01939302599999998
0.017597375999999942
0.01580172599999996
0.014006075999999978
0.012210425999999996
0.010414776000000014
0.008619125999999977
0.006823475999999995
0.025977075999999988
0.009217675999999952
0.01640027599999999
0.006823475999999995
0.009217675999999952
0.011611875999999965
0.011611875999999965
0.011611875999999965
0.01640027599999999
0.01640027599999999
0.01640027599999999
0.01640027599999999
0.002035075999999969
0.0068234759999999395
0.011611875999999965
0.011611875999999965
0.011611875999999965
0.011611875999999965
-0.0027533240000000014
0.006823475999999995
0.01640027599999999
0.01640027599999999
0.01640027599999999
0.01640027599999999
0.009217675999999952
0.002035075999999969
-0.00275333066666672
-0.007541737333333354
-0.012330144000000043
-0.0027533240000000014
0.0020350760000000245
0.006823475999999995
0.0036312093333333295
0.00043894266666666404
-0.0027533240000000014
0.011611875999999965
0.014006075999999978
0.01640027599999999
-0.007541744000000017
0.006823466
0.021188675999999962
0.019273315999999985
0.017357955999999952
0.015442595999999975
0.013527235999999943
0.011611875999999965
0.0084196093333333
0.0052273426666666345
0.002035075999999969
0.002035075999999969
0.002035075999999969
0.002035075999999969
0.0068234759999999395
0.009217675999999952
0.011611875999999965
0.011611875999999965
0.011611875999999965
0.014006075999999978
0.01640027599999999
0.018794476000000004
0.021188675999999962
0.01640027599999999
0.011611875999999965
0.011611875999999965
0.011611875999999965
0.009217675999999952
0.006823475999999995
0.009217675999999952
0.011611875999999965
0.018794476000000004
0.025977075999999988
0.009217666000000013
-0.007541744000000017
0.002035075999999969
0.0052273426666666345
0.0084196093333333
0.011611875999999965
0.0068234759999999395
0.002035075999999969
0.002035075999999969
0.002035075999999969
0.002035075999999969
0.0036312093333333295
0.0052273426666666345
0.006823475999999995
0.0004389360000000009
-0.005945604000000049
-0.012330144000000043
0.002035075999999969
0.0068234759999999395
0.011611875999999965
0.012569555999999982
0.013527235999999998
0.014484915999999959
0.015442595999999975
0.01640027599999999
0.005626370999999963
-0.005147534000000065
0.005626370999999963
0.01640027599999999
0.006823475999999995
0.0020350760000000245
-0.0027533240000000014
0.014006090999999998
0.030765505999999998
0.011611875999999965
0.0084196093333333
0.0052273426666666345
0.002035075999999969
0.003950435999999946
0.005865795999999979
0.007781155999999956
0.009696515999999988
0.011611875999999965
0.01640027599999999
0.011611875999999965
0.006823475999999995
-0.0027533240000000014
0.002035075999999969
0.004429275999999982
0.006823475999999995
0.009217675999999952
0.011611875999999965
0.014006075999999978
0.01640027599999999
0.015442595999999975
0.014484915999999959
0.013527235999999998
0.012569555999999982
0.011611875999999965
0.006823475999999995
0.002035075999999969
0.006823475999999995
-0.0027533240000000014
0.009217675999999952
0.021188675999999962
0.023582875999999975
0.025977075999999988
0.019592542666666657
0.013208009333333326
0.006823475999999995
0.006823475999999995
0.006823475999999995
0.011611875999999965
0.01640027599999999
0.014006075999999978
0.011611875999999965
0.011611875999999965
0.011611875999999965
0.011611875999999965
0.011611875999999965
0.030765505999999998
0.018794491000000024
0.006823475999999995
-0.0003591340000000387
-0.007541744000000017
-0.0034373982857143215
0.0006669474285714294
0.004771293142857125
0.00887563885714282
0.012979984571428516
0.017084330285714266
0.021188675999999962
0.004429275999999982
0.01640027599999999
0.006823475999999995
0.013208009333333326
0.019592542666666657
0.025977075999999988
0.002035075999999969
0.01640029100000001
0.030765505999999998
0.02693477999999999
0.023104053999999985
0.01927332799999998
0.015442601999999972
0.011611875999999965
0.009217675999999952
0.012808975999999972
0.01640027599999999
0.021188686000000012
0.025977095999999977
0.030765505999999998
0.006823475999999995
0.006823475999999995
0.006823475999999995
0.009217675999999952
0.011611875999999965
0.011611875999999965
0.011611875999999965
0.012569555999999982
0.013527235999999998
0.014484915999999959
0.015442595999999975
0.01640027599999999
0.006823475999999995
0.011611875999999965
0.011611875999999965
0.018794476000000004
0.025977075999999988
-0.005147544000000004
-0.03627216400000005
-0.0003591290000000691
0.03555390599999997
0.006823480999999965
-0.02190694400000004
-0.014245500000000022
-0.006584056000000005
0.001077387999999957
0.008738831999999974
0.01640027599999999
-0.017118544000000013
0.04991909599999997
0.04034230599999997
0.047524910999999975
0.054707515999999984
0.03874616933333333
0.02278482266666665
0.006823475999999995
0.054707515999999984
0.04273650599999998
0.030765496000000003
0.018794486
0.006823475999999995
0.04991909599999997
-0.02190694400000004
-0.01073400400000002
0.00043893599999994537
0.011611875999999965
-0.007541744000000017
0.018794480999999974
0.045130705999999965
0.014006080999999948
-0.017118544000000013
-0.0027533240000000014
-0.0027533240000000014
-0.0027533240000000014
0.006823483500000005
0.01640029100000001
0.025977098499999962
0.03555390599999997
-0.0027533290000000266
-0.04106056400000002
-0.024301154000000047
-0.007541744000000017
-0.004668700000000026
-0.0017956560000000343
0.0010773880000000124
0.003950432000000004
0.006823475999999995
0.028371285999999996
0.04991909599999997
0.01879447599999995
-0.012330144000000043
0.021188675999999962
0.05949591599999998
0.016400285999999986
-0.02669534400000001
-0.009137870666666659
0.008419602666666637
0.025977075999999988
0.05949591599999998
0.04513071099999999
0.030765505999999998
-0.019512739
-0.069790984
-0.007541734000000022
0.054707515999999984
0.030765496000000003
0.006823475999999995
0.011611875999999965
-0.007541734000000022
-0.02669534400000001
-0.01616085700000003
-0.005626369999999992
0.00490811699999999
0.015442603999999971
0.025977090999999952
0.03651157799999999
0.04704606499999997
0.05758055199999998
0.06811503899999999
0.07864952599999997
-0.02190694400000004
0.006823475999999995
0.006823475999999995
0.04991909599999997
-0.01951273400000003
-0.00658404600000001
0.006344641999999956
0.019273329999999977
0.03220201799999994
0.045130705999999965
0.028371292666666603
0.011611879333333297
-0.005147534000000065
0.03555388599999998
0.018794480999999974
0.002035075999999969
0.011611875999999965
0.021188675999999962
0.024380952666666622
0.027573229333333338
0.030765505999999998
0.04513071099999999
0.05949591599999998
0.030765496000000003
0.002035075999999969
-0.02669534400000001
0.03555390599999997
0.011611875999999965
0.030765492666666616
0.049919109333333295
0.06907272599999997
0.0355539093333333
0.002035092666666627
-0.031483724000000046
0.0020350909999999334
0.03555390599999997
0.021188675999999962
0.06907272599999997
0.018794500999999963
-0.031483724000000046
-0.015921416500000063
-0.0003591090000000241
0.015203198500000015
0.030765505999999998
0.021188675999999962
0.03555388933333331
0.04991910266666663
0.06428431599999998
-0.02190694400000004
-0.005147534000000065
0.011611875999999965
0.004429275999999982
-0.0027533240000000014
0.04991909599999997
0.027573215999999956
0.005227335999999971
-0.017118544000000013
-0.009935939000000005
-0.0027533340000000517
0.004429270999999957
0.011611875999999965
0.01879448349999996
0.025977090999999952
0.0036312059999999424
-0.018714679000000012
-0.04106056400000002
-0.02789245400000001
-0.014724344000000056
-0.0015562340000000452
0.011611875999999965
-0.02669534400000001
0.006823480999999965
0.04034230599999997
0.015203180999999955
-0.00993594400000003
-0.009337394000000054
-0.008738844000000023
-0.008140293999999992
-0.007541744000000017
0.025977075999999988
0.002035075999999969
-0.009935934000000035
-0.02190694400000004
-0.014125787750000007
-0.006344631500000031
0.0014365247499999456
0.009217680999999978
0.03555390599999997
0.029169365999999974
0.02278482599999998
0.01640028599999993
0.010015745999999937
0.0036312059999999424
-0.0027533340000000517
-0.007541744000000017
0.045130705999999965
0.028371290999999965
0.011611875999999965
0.03315969599999996
0.054707515999999984
0.018794486
-0.017118544000000013
0.004429265999999987
0.025977075999999988
0.023582875999999975
0.021188675999999962
0.024380952666666622
0.027573229333333338
0.030765505999999998
-0.0027533240000000014
-0.00035912399999998845
0.002035075999999969
0.011611875999999965
0.00043893599999994537
-0.01073400400000002
-0.02190694400000004
0.02358289099999994
0.06907272599999997
-0.012330144000000043
0.005227339333333303
0.02278482266666665
0.04034230599999997
0.027573229333333282
0.014804152666666626
0.002035075999999969
0.004429275999999982
0.006823475999999995
0.006823475999999995
-0.012330144000000043
0.006823472666666608
0.025977089333333314
0.045130705999999965
0.033159697666666654
0.021188689333333288
0.009217680999999978
0.016400289333333318
0.023582897666666658
0.030765505999999998
0.00682348100000002
-0.017118544000000013
0.0008379709999999929
0.018794486
0.036751001000000005
0.054707515999999984
0.03315969599999996
0.011611875999999965
0.004429275999999982
-0.0027533240000000014
-0.007541734000000022
-0.012330144000000043
0.07386112599999997
0.014006080999999948
-0.04584896400000005
-0.023503084000000063
-0.0011572040000000228
0.021188675999999962
0.03555388599999998
0.04991909599999997
-0.0003591340000000387
-0.05063736400000002
-0.007541728999999997
0.03555390599999997
0.036751005999999975
0.03794810599999998
0.03914520599999996
0.04034230599999997
0.04153940599999997
0.04273650599999995
0.04393360599999996
0.045130705999999965
-0.05063736400000002
0.030765505999999998
0.006823480999999965
0.005865799999999977
0.004908118999999989
0.003950437999999945
0.002992756999999957
0.002035075999999969
0.011611879333333297
0.016400278222222175
0.02118867711111111
0.025977075999999988
0.021188676000000017
0.01640027599999999
-0.017118544000000013
0.004429265999999987
0.025977075999999988
0.02501939599999997
0.02406171600000001
0.023104035999999994
0.022146355999999978
0.021188676000000017
0.020230996
0.019273315999999985
0.01831563599999997
0.017357956000000008
0.01640027599999999
-0.0003591340000000387
0.006823475999999995
-0.0027533240000000014
0.025977075999999988
0.004429265999999987
-0.017118544000000013
-0.017118544000000013
-0.017118544000000013
-0.0027533373333333278
0.011611869333333302
0.025977075999999988
0.025977075999999988
0.014006075999999978
0.002035075999999969
0.011611875999999965
0.021188675999999962
0.018794476000000004
0.01640027599999999
0.011611875999999965
0.006823475999999995
0.0020350760000000245
-0.0027533240000000014
0.0020350760000000245
0.006823475999999995
0.008020576000000001
0.009217675999999952
0.010414775999999959
0.011611875999999965
0.010414775999999959
0.009217675999999952
0.01520317599999993
0.021188675999999962
0.021188675999999962
0.021188675999999962
0.021188675999999962
-0.012330144000000043
-0.0003591340000000387
0.011611875999999965
0.014006075999999978
0.01640027599999999
0.014006075999999978
0.011611875999999965
0.014804142666666631
0.017996409333333296
0.021188675999999962
0.017198342666666644
0.01320800933333327
0.009217675999999952
0.012808975999999972
0.01640027599999999
0.01640027599999999
0.01640027599999999
0.012808975999999972
0.009217675999999952
0.0056263759999999885
0.002035075999999969
0.011611875999999965
0.025977075999999988
0.024380942666666627
0.022784809333333322
0.021188675999999962
0.018794476000000004
0.01640027599999999
0.014006075999999978
0.011611875999999965
0.009217675999999952
0.006823475999999995
0.006823475999999995
0.006823475999999995
0.011611875999999965
0.011611875999999965
0.0068234759999999395
0.002035075999999969
0.0029927559999999853
0.003950436000000002
0.004908115999999962
0.005865795999999979
0.006823475999999995
0.011611875999999965
0.011611875999999965
0.0084196093333333
0.0052273426666666345
0.002035075999999969
0.002035075999999969
0.014006075999999978
0.025977075999999988
0.01640027599999999
0.006823475999999995
0.004429275999999982
0.002035075999999969
0.01640027599999999
0.018794476000000004
0.021188676000000017
0.023582875999999975
0.025977075999999988
