-0.003471589999999969
-0.005865789999999871
-0.008259989999999884
-0.010654189999999897
-0.005865789999999982
-0.02023098999999995
-0.010654189999999897
-0.0010773899999999559
-0.005865789999999871
-0.010654189999999897
-0.005865789999999871
-0.0010773899999999559
0.00371101000000007
-0.025019389999999975
-0.02023098999999995
-0.015442589999999923
-0.010654189999999897
-0.008259989999999995
-0.005865789999999982
-0.010654189999999897
-0.015442589999999923
-0.025019389999999975
-0.034596189999999916
-0.03117590428571415
-0.027755618571428498
-0.024335332857142733
-0.02091504714285708
-0.017494761428571315
-0.014074475714285661
-0.010654189999999897
-0.02023098999999995
-0.005865789999999871
-0.010654189999999897
-0.008602018571428505
-0.0065498471428570015
-0.004497675714285609
-0.0024455042857142173
-0.0003933328571428252
0.001658838571428678
0.00371101000000007
-0.010654189999999897
-0.014245489999999972
-0.017836789999999936
-0.0214280899999999
-0.025019389999999975
-0.008259989999999995
-0.010654189999999897
-0.005865789999999982
-0.004269656666666677
-0.002673523333333261
-0.0010773899999999559
0.001316810000000057
0.00371101000000007
-0.003471589999999969
-0.010654189999999897
-0.005865789999999871
-0.0010773899999999559
-0.0020350699999999167
-0.0029927499999999885
-0.003950429999999949
-0.004908110000000021
-0.005865789999999982
-0.02023098999999995
-0.0010773899999999559
-0.003471589999999969
-0.005865789999999982
-0.008259989999999995
-0.010654189999999897
-0.01304838999999991
-0.015442589999999923
-0.010654189999999897
-0.008259989999999995
-0.005865789999999982
-0.0010773899999999559
-0.0010773899999999559
-0.0010773899999999559
-0.005865789999999871
-0.010654189999999897
-0.005865789999999871
-0.0010773899999999559
-0.008259989999999995
-0.015442589999999923
-0.01433757461538454
-0.013232559230769159
-0.012127543846153777
-0.011022528461538394
-0.009917513076923012
-0.00881249769230763
-0.007707482307692248
-0.006602466923076866
-0.005497451538461484
-0.004392436153846102
-0.00328742076923072
-0.002182405384615338
-0.0010773899999999559
-0.010654189999999897
-0.02023098999999995
-0.015442589999999923
-0.010654189999999897
-0.011452256666666605
-0.012250323333333202
-0.01304838999999991
0.008499410000000096
0.00371101000000007
-0.010654189999999897
-0.005865789999999982
-0.005865789999999982
-0.005865789999999982
-0.005865789999999982
-0.003471589999999969
-0.005865789999999982
-0.008259989999999884
-0.010654189999999897
-0.02023098999999995
-0.02023098999999995
-0.02023098999999995
-0.02023098999999995
-0.02023098999999995
-0.02023098999999995
-0.02023098999999995
-0.02023098999999995
-0.005865789999999982
-0.005865789999999982
-0.005865789999999982
-0.005865789999999982
-0.005865789999999982
-0.003471589999999969
-0.0010773899999999559
-0.007461923333333287
-0.013846456666666618
-0.02023098999999995
0.00371101000000007
0.002513910000000008
0.001316810000000057
0.00011971000000010612
-0.0010773899999999559
-0.002274490000000018
-0.003471589999999969
-0.00466868999999992
-0.005865789999999982
-0.010654189999999897
-0.010654189999999897
-0.015442589999999923
-0.013846456666666618
-0.012250323333333202
-0.010654189999999897
-0.005865789999999982
-0.006823469999999943
-0.007781149999999903
-0.008738829999999975
-0.009696509999999936
-0.010654189999999897
-0.005865789999999871
-0.0010773899999999559
0.00371101000000007
-0.015442589999999923
-0.014378501111111053
-0.013314412222222183
-0.012250323333333313
-0.011186234444444443
-0.010122145555555462
-0.009058056666666592
-0.007993967777777722
-0.006929878888888852
-0.005865789999999982
0.008499410000000096
-0.02023098999999995
-0.005865789999999982
0.001316810000000057
-0.02980778999999989
-0.023104029999999942
-0.016400269999999884
-0.009696509999999936
-0.0029927499999998775
0.00371101000000007
-0.005865789999999982
-0.008259989999999995
-0.010654190000000008
-0.01304838999999991
-0.015442589999999923
-0.005865789999999982
-0.00466868999999992
-0.003471589999999969
-0.002274490000000018
-0.0010773899999999559
-0.010654189999999897
-0.009457089999999946
-0.008259989999999995
-0.007062889999999933
-0.005865789999999982
-0.005865789999999982
-0.005865789999999982
-0.005865789999999982
-0.010654190000000008
-0.015442589999999923
-0.02023098999999995
-0.005865789999999982
-0.008738829999999975
-0.011611869999999969
-0.014484909999999962
-0.017357949999999955
-0.02023098999999995
-0.010654189999999897
-0.010654189999999897
-0.015442589999999923
-0.01304838999999991
-0.010654189999999897
-0.009058056666666592
-0.007461923333333287
-0.005865789999999982
-0.0010773899999999559
-0.008259989999999995
-0.015442589999999923
-0.008259989999999995
-0.0010773899999999559
-0.007461923333333287
-0.013846456666666618
-0.02023098999999995
0.008499410000000096
-0.0010773899999998449
-0.010654189999999897
-0.009457089999999946
-0.008259989999999884
-0.007062889999999822
-0.005865789999999871
-0.00466868999999992
-0.003471589999999858
-0.002274489999999796
-0.0010773899999998449
-0.0010773899999999559
0.00371101000000007
-0.0010773899999999559
-0.005865789999999871
-0.010654189999999897
-0.015442589999999923
0.018076210000000037
0.014484910000000073
0.010893610000000109
0.007302310000000034
0.00371101000000007
-0.003471589999999969
-0.014245489999999972
-0.025019389999999975
-0.017836789999999936
-0.010654189999999897
-0.02023098999999995
-0.02980778999999989
-0.0010773699999999664
0.027653050000000068
0.010095570000000054
-0.0074619099999999605
-0.025019389999999975
0.013287810000000122
0.008499410000000096
0.00371101000000007
-0.0010773899999999559
-0.005865789999999871
-0.010654189999999897
-0.015442589999999923
-0.02023098999999995
0.001316810000000057
-0.015442589999999923
-0.02023098999999995
-0.03220201999999994
-0.044173049999999936
-0.037788496666666616
-0.031403943333333295
-0.025019389999999975
-0.025019389999999975
-0.025019389999999975
0.022864610000000063
0.008499409999999985
-0.005865789999999982
0.00371101000000007
0.013287810000000122
-0.025019389999999975
0.0013168300000000466
0.027653050000000068
0.018076230000000137
0.008499410000000096
0.010893610000000109
0.013287810000000011
0.015682010000000024
0.018076210000000037
-0.034596189999999916
-0.02262518999999985
-0.010654189999999897
-0.009058056666666592
-0.007461923333333287
-0.005865789999999982
0.001316810000000057
0.008499410000000096
0.0065840500000000635
0.004668690000000031
0.0027533300000001093
0.0008379700000000767
-0.0010773899999999559
0.008499410000000096
0.004908110000000132
0.001316810000000057
-0.002274490000000018
-0.005865789999999982
-0.02023098999999995
-0.025019389999999975
0.00371101000000007
-0.005865789999999982
-0.004269656666666677
-0.002673523333333261
-0.0010773899999999559
-0.015442589999999923
-0.02980778999999989
-0.005865789999999982
-0.015442589999999923
-0.025019389999999975
-0.0214280899999999
-0.017836789999999936
-0.014245489999999972
-0.010654189999999897
-0.012449839999999934
-0.014245489999999972
-0.016041139999999898
-0.017836789999999936
-0.019632439999999973
-0.0214280899999999
-0.023223739999999937
-0.025019389999999975
-0.01304839000000002
-0.0010773899999999559
-0.010654189999999897
-0.01304838999999991
-0.015442589999999923
-0.025019389999999975
-0.01304839000000002
-0.017836789999999936
-0.016126647142857053
-0.014416504285714282
-0.0127063614285714
-0.010996218571428518
-0.009286075714285635
-0.007575932857142864
-0.005865789999999982
-0.010654190000000008
-0.015442589999999923
-0.02023098999999995
-0.012250323333333313
-0.004269656666666566
0.00371101000000007
-0.003471589999999969
-0.010654189999999897
-0.010654189999999897
-0.010654189999999897
-0.015442589999999923
-0.003471589999999969
0.00371101000000007
-0.025019389999999975
-0.010654179999999958
0.0037110300000000596
0.018076240000000077
0.032441450000000094
-0.0010773899999999559
0.0005187433333333491
0.002114876666666765
0.00371101000000007
-0.01304838999999991
-0.02980778999999989
-0.008259989999999884
0.013287810000000122
-0.017836789999999936
-0.019273309999999988
-0.02070982999999993
-0.02214634999999998
-0.023582869999999923
-0.025019389999999975
0.018076210000000037
-0.010654189999999897
0.008499410000000096
-0.01304838999999991
-0.034596189999999916
-0.005865789999999871
0.022864610000000063
0.011691676666666706
0.0005187433333334601
-0.010654189999999897
0.008499410000000096
-0.008259989999999995
-0.025019389999999975
0.0061052300000000725
0.03722985000000012
0.013287830000000111
-0.010654189999999897
0.001316810000000057
0.013287810000000122
-0.04896144999999996
-0.02980782999999998
-0.010654209999999886
0.008499410000000096
0.00011971000000010612
-0.008259989999999995
-0.016639689999999985
-0.025019389999999975
-0.018634856666666644
-0.012250323333333313
-0.005865789999999982
-0.00666385666666669
-0.007461923333333287
-0.008259989999999995
-0.025019389999999975
-0.005865789999999982
-0.02262521999999989
-0.03938464999999991
-0.010654219999999937
0.018076210000000037
0.001316810000000057
-0.015442589999999923
-0.012250323333333313
-0.009058056666666592
-0.005865789999999982
-0.004269656666666677
-0.002673523333333261
-0.0010773899999999559
-0.015442589999999923
-0.008259989999999995
-0.0010773899999999559
-0.005865789999999982
-0.010654189999999897
-0.015442589999999923
-0.017038723333333228
-0.018634856666666644
-0.02023098999999995
-0.015442589999999923
-0.010654189999999897
-0.005865789999999982
-0.0010773899999999559
-0.003471589999999969
-0.005865789999999982
-0.008259989999999995
-0.01304839000000002
-0.0214280899999999
-0.02980778999999989
-0.017836789999999936
-0.005865789999999982
-0.02023098999999995
-0.034596189999999916
-0.025019389999999975
-0.015442589999999923
-0.005865789999999871
0.00371101000000007
-0.005865789999999982
-0.015442589999999923
-0.025019389999999975
-0.017836789999999936
-0.010654189999999897
-0.010654189999999897
-0.010654189999999897
-0.010654189999999897
-0.005865789999999982
-0.005865789999999982
-0.005865789999999982
-0.005865789999999982
-0.005865789999999982
-0.003471589999999969
0.013287810000000122
-0.0010773899999998449
-0.015442589999999923
-0.009058056666666592
-0.002673523333333261
0.00371101000000007
0.00371101000000007
0.006105210000000083
0.008499410000000096
-0.025019389999999975
-0.022026639999999986
-0.019033889999999998
-0.01604114000000001
-0.01304839000000002
-0.010055639999999921
-0.007062889999999933
-0.004070139999999944
-0.0010773899999999559
0.00371101000000007
-0.0010773899999999559
-0.0019480081818181727
-0.0028186263636362785
-0.0036892445454544953
-0.004559862727272712
-0.005430480909090818
-0.006301099090909035
-0.0071717172727271405
-0.008042335454545357
-0.008912953636363574
-0.00978357181818168
-0.010654189999999897
-0.010654189999999897
0.00371101000000007
0.002114876666666654
-0.008259989999999995
-0.010218880909090844
-0.012177771818181804
-0.014136662727272653
-0.016095553636363613
-0.018054444545454462
-0.020013335454545422
-0.02197222636363627
-0.02393111727272723
-0.02589000818181808
-0.02784889909090904
-0.02980778999999989
0.018076210000000037
-0.009058056666666592
-0.015442589999999923
-0.010654189999999897
-0.010654189999999897
-0.010654189999999897
-0.01304838999999991
-0.015442589999999923
-0.017836789999999936
-0.02023098999999995
-0.005865789999999982
-0.005865789999999982
-0.005865789999999982
-0.010654189999999897
-0.012250323333333202
-0.013846456666666618
-0.015442589999999923
-0.017038723333333228
-0.018634856666666644
-0.02023098999999995
-0.011851289999999959
-0.003471589999999969
-0.004269656666666677
-0.005067723333333274
-0.005865789999999982
-0.010654189999999897
-0.003471589999999969
0.00371101000000007
-0.003471589999999969
-0.010654189999999897
-0.003471589999999969
0.00371101000000007
