0.004907899999999188
0.007900774999999527
0.010893649999999866
0.005307150000000149
-0.00027934999999956744
-0.005865849999999284
-0.00466868333333359
-0.003471516666666119
-0.0022743500000004246
-0.0010771833333347303
0.00011998333333274047
0.0013171499999984349
-0.005865849999999284
0.0037106500000003706
0.005762864285713931
0.007815078571429268
0.009867292857142829
0.011919507142858166
0.013971721428571726
0.016023935714287063
0.018076150000000624
0.018076150000000624
0.018076150000000624
0.008499150000000455
0.013288149999999277
0.013288149999999277
0.013288149999999277
0.013288149999999277
0.013288149999999277
0.013288149999999277
0.013288149999999277
0.013288149999999277
0.013288149999999277
0.013288149999999277
0.013288149999999277
0.013288149999999277
-0.015442849999999453
0.006105149999999782
0.008499150000000455
0.008499150000000455
0.008499150000000455
0.008499150000000455
0.0037108166666666165
-0.0010775166666654457
-0.005865849999999284
-0.003471850000000387
-0.0010778499999997138
-0.003471850000000387
-0.005865849999999284
-0.009457099999998775
-0.013048350000000042
-0.01663960000000131
-0.0202308500000008
0.0037111500000008846
0.0013166499999996972
-0.0010778499999997138
-0.003471850000000387
-0.005865849999999284
-0.005865849999999284
-0.005865849999999284
0.0037111500000008846
0.013288149999999277
0.011920007142856903
0.010551864285712753
0.00918372142857038
0.007815578571428006
0.006447435714285632
0.005079292857141482
0.0037111499999991082
-0.005865849999999284
0.0013166499999996972
-0.001761564285715167
-0.004839778571428255
-0.007917992857143119
-0.010996207142857983
-0.014074421428572848
-0.017152635714285935
-0.0202308500000008
-0.02262535000000021
-0.02501984999999962
-0.0010778499999997138
0.008499649999999193
0.027653149999999016
0.010893649999999866
-0.005865849999999284
-0.007461850000000325
-0.00905784999999959
-0.010653850000000631
0.0037111499999991082
-0.010653850000000631
-0.0034713500000016495
0.0037111499999991082
0.008499483333332947
0.013287816666666785
0.018076150000000624
0.0037111499999991082
-0.0034713500000016495
-0.010653850000000631
-0.00706260000000114
-0.0034713500000016495
0.00011989999999961753
0.0037111499999991082
-0.010653850000000631
0.008499150000000455
0.013287483333334293
0.018075816666666356
0.022864150000000194
-0.0010778499999997138
-0.0010778499999997138
-0.0010778499999997138
0.0013166499999996972
0.0037111499999991082
0.006105149999999782
0.008499150000000455
0.002513650000000922
-0.003471850000000387
-0.00945734999999992
-0.015442849999999453
-0.005865849999999284
-0.003471683333332365
-0.001077516666667222
0.0013166499999996972
0.009696399999999272
0.018076150000000624
0.01568214999999995
0.013288149999999277
0.01568214999999995
0.018076150000000624
0.01568214999999995
0.013288149999999277
0.0013171499999984349
-0.010653850000000631
-0.017836850000000126
-0.02501984999999962
-0.02262535000000021
-0.0202308500000008
-0.010654349999999368
-0.0010778499999997138
-0.005865849999999284
-0.010653850000000631
0.0037111500000008846
0.018076150000000624
0.013288149999999277
0.01009581666666648
0.006903483333331906
0.0037111499999991082
0.0005188166666663108
-0.0026735166666664867
-0.005865849999999284
-0.009058183333333858
-0.012250516666666655
-0.015442849999999453
-0.0042698500000000195
0.006903149999999414
0.018076149999998847
0.018076150000000624
-0.0010778499999997138
0.0037111499999991082
-0.00027918333333332157
-0.004269516666667528
-0.008259849999999958
-0.004269516666667528
-0.00027918333333332157
0.0037111499999991082
0.0045091499999987406
0.005307150000000149
0.006105149999999782
0.006903149999999414
0.007701150000000823
0.008499150000000455
-0.005865849999999284
0.0013171499999984349
0.027653149999999016
0.01967248333333238
0.011691816666665744
0.0037111499999991082
0.0013166499999996972
-0.0010778499999997138
-0.010653850000000631
-0.011452016666666509
-0.012250183333334164
-0.013048350000000042
-0.01384651666666592
-0.014644683333333575
-0.015442849999999453
-0.010654349999999368
-0.005865849999999284
-0.0010773500000009761
0.0037111499999991082
0.018076150000000624
0.018076150000000624
0.018076150000000624
0.018076150000000624
0.008499150000000455
-0.0010778499999997138
0.0053068166666676575
0.011691483333333252
0.018076150000000624
0.027653149999999016
0.0013166499999996972
-0.0010773499999991998
-0.0034714749999995576
-0.005865599999999915
-0.008259725000000273
-0.010653850000000631
0.008499150000000455
0.0037111499999991082
0.0037111499999991082
0.0037111499999991082
0.008499649999999193
0.013288149999999277
0.020470650000000035
0.027653149999999016
0.02478014999999978
0.021907149999998765
0.019034149999999528
0.016161149999998514
0.013288149999999277
0.013288149999999277
-0.015442849999999453
0.0037111499999991082
-0.00011965000000024872
-0.003950449999999606
-0.007781250000000739
-0.011612050000000096
-0.015442849999999453
-0.003471850000000387
0.0073021500000010064
0.018076150000000624
0.008499150000000455
-0.0010778499999997138
0.0013164833333334514
0.0037108166666666165
0.006105149999999782
0.008499483333332947
0.010893816666666112
0.013288149999999277
0.010893649999999866
0.008499150000000455
0.0037108166666666165
-0.0010775166666654457
-0.005865849999999284
-0.0042698500000000195
-0.005067849999999652
-0.005865849999999284
0.006105149999999782
0.018076150000000624
0.018076150000000624
0.018076150000000624
0.018076150000000624
0.018076150000000624
0.008499150000000455
0.0037111499999991082
0.0015829277777772433
-0.0005452944444446217
-0.0026735166666664867
-0.004801738888888352
-0.006929961111111993
-0.009058183333333858
-0.011186405555555723
-0.013314627777777588
-0.015442849999999453
0.022864150000000194
0.013288149999999277
0.010893150000001128
0.000518483333333819
-0.00985618333333349
-0.0202308500000008
-0.04896184999999953
-0.06332684999999927
-0.054947162499999536
-0.0465674749999998
-0.03818778750000007
-0.029808100000000337
-0.021428412499998828
-0.013048724999999095
-0.004669037499999362
0.0037106500000003706
-0.07050935000000003
-0.03459585000000054
-0.053749850000000876
-0.0741006000000013
-0.09445134999999993
-0.11480210000000035
-0.13515285000000077
-0.1255758500000006
0.10905615000000068
-0.008259849999999958
-0.1255758500000006
-0.04896135000000079
0.027653149999999016
0.0037111499999991082
-0.0202308500000008
-0.04417285000000071
0.0539891499999996
0.1521511499999999
0.05638315000000027
-0.03938484999999936
0.07793115000000128
0.19524715000000015
-0.06332684999999927
-0.010654349999999368
0.04201815000000053
0.046122435714286425
0.05022672142857232
0.05433100714285821
0.05843529285714233
0.06253957857142822
0.06664386428571412
0.07074815000000001
0.12820915
-0.03459585000000054
-0.04896184999999953
0.07074815000000001
0.03722940000000108
0.0037106500000003706
-0.029808100000000337
-0.06332684999999927
0.037230149999999185
-0.0537498499999991
-0.07050935000000003
-0.08726885000000095
-0.025019350000000884
0.037230149999999185
-0.007461850000000325
-0.052153849999999835
-0.09684584999999934
-0.15430585000000008
-0.14073884999999997
-0.12717184999999986
-0.11360484999999976
-0.10003784999999965
-0.08647084999999954
-0.07290384999999944
0.10426715000000009
-0.07290384999999944
-0.02501984999999962
-0.0345965166666673
-0.0441731833333332
-0.053749850000000876
0.14736315000000033
0.04441264999999994
-0.058537850000000446
-0.03579297499999967
-0.013048100000000673
0.009696775000000102
0.0324416499999991
0.055186524999999875
0.07793140000000065
0.10067627499999965
0.12342115000000042
-0.09205685000000052
-0.05933618333333435
-0.026615516666666394
0.006105149999999782
0.03882581666666596
0.07154648333333391
0.10426715000000009
0.02286464999999893
-0.058537850000000446
0.037230149999999185
0.1329981500000006
0.027653149999999016
-0.07769185000000078
-0.02382234999999966
0.03004714999999969
0.008499650000000969
0.07553715000000061
-0.010653850000000631
-0.0202308500000008
-0.02980785000000097
-0.03938485000000114
0.04201815000000053
0.01328765000000054
-0.015442849999999453
0.06117214999999909
-0.032201849999999865
-0.1255758500000006
-0.027413850000000295
0.07074815000000001
0.05758014999999972
0.04441214999999943
0.031244150000000914
0.018076150000000624
0.037230149999999185
-0.011851100000001225
-0.060932350000001634
-0.11001360000000027
-0.15909485000000068
0.07074815000000001
-0.02501984999999962
-0.015442849999999453
-0.005865849999999284
-0.011452349999999
-0.017038850000000494
-0.02262535000000021
-0.02214645000000104
-0.02166755000000009
-0.02118865000000092
-0.02070974999999997
-0.0202308500000008
0.037230149999999185
-0.15430585000000008
0.09469014999999992
0.04920064999999951
0.0037111499999991082
0.03722965000000045
0.07074815000000001
-0.027413850000000295
-0.1255758500000006
-0.025019350000000884
0.07553715000000061
0.0515951500000007
0.027653149999999016
0.0037111499999991082
-0.0202308500000008
0.08990215000000035
0.04521048333333333
0.0005188166666680871
-0.04417284999999893
-0.02202660000000023
0.00011965000000024872
0.022265900000000727
0.04441214999999943
-0.001077516666667222
-0.04656718333333387
-0.09205685000000052
0.07074815000000001
0.06905815000000004
0.06736815000000007
0.0656781500000001
0.06398815000000013
0.06229815000000016
0.060608150000000194
0.058918150000000225
0.057228150000000255
0.055538150000000286
0.05384815000000032
0.05215815000000035
0.05046815000000038
0.04877815000000041
0.04708815000000044
0.04539815000000047
0.0437081500000005
0.04201815000000053
0.06356614999999977
0.085114149999999
-0.08726885000000095
-0.0202308500000008
0.0037111499999991082
0.085114149999999
-0.04896184999999953
0.02286464999999893
0.018076149999998847
-0.0034713500000016495
0.09469014999999992
0.06276748333333337
0.03084481666666683
-0.0010778499999997138
-0.058537850000000446
-0.0298075166666667
-0.0010771833333347303
0.027653149999999016
0.03603289999999859
0.044412649999998166
0.05279239999999952
0.06117214999999909
0.03004714999999969
-0.0010778499999997138
-0.020231349999999537
-0.03938484999999936
-0.005865849999999284
0.007302400000000375
0.020470650000000035
0.002513900000000291
-0.015442849999999453
-0.005865849999999284
0.0037111499999991082
0.013288149999999277
0.018076399999999992
0.02286464999999893
0.027652899999999647
0.03244115000000036
-0.032201849999999865
-0.03160335000000103
-0.031004850000000417
-0.030406349999999804
-0.02980785000000097
0.12342115000000042
0.04680681666666686
-0.0298075166666667
-0.10642185000000026
-0.008259849999999958
0.08990215000000035
-0.005865849999999284
-0.10163385000000069
-0.03938459999999999
0.02286464999999893
0.08511389999999963
0.14736315000000033
-0.15430585000000008
-0.03938434999999885
0.07553715000000061
-0.13036385000000017
0.11384415000000025
0.02525865000000138
-0.06332684999999927
0.02525865000000138
0.11384415000000025
0.027653149999999016
-0.058537850000000446
-0.04177847500000098
-0.02501909999999974
-0.008259725000000273
0.008499650000000969
0.025259025000000435
0.0420183999999999
0.05877777500000114
0.07553715000000061
-0.0202308500000008
-0.02980785000000097
-0.033000183333333766
-0.03619251666666656
-0.03938484999999936
0.03244115000000036
0.03722965000000045
0.04201815000000053
0.032441350000000924
0.022864550000001316
0.013287749999999932
0.0037109500000003237
-0.005865849999999284
0.03244115000000036
0.02962444411764764
0.02680773823529492
0.0239910323529422
0.021174326470589477
0.01835762058823498
0.015540914705882258
0.012724208823529537
0.009907502941176816
0.007090797058824094
0.004274091176471373
0.0014573852941186516
-0.0013593205882340698
-0.0041760264705885675
-0.006992732352941289
-0.00980943823529401
-0.012626144117646732
-0.015442849999999453
-0.02501984999999962
-0.0202308500000008
0.0037111499999991082
0.013287649999998763
-0.015442849999999453
-0.010653850000000631
-0.02980785000000097
0.006105149999999782
0.03244115000000036
0.008499150000000455
0.0037111499999991082
0.001316899999999066
-0.0010773500000009761
-0.0034716000000010183
-0.005865849999999284
-0.008260099999999326
-0.010654349999999368
-0.01304859999999941
-0.015442849999999453
-0.013048350000000042
-0.010653850000000631
-0.013048350000000042
-0.015442849999999453
0.010893649999999866
0.022864150000000194
0.021667150000000746
0.02047014999999952
0.019273150000000072
0.018076149999998847
0.0168791499999994
0.01568214999999995
0.014485149999998725
0.013288149999999277
-0.02262535000000021
-0.02023110000000017
-0.017836850000000126
-0.0022743500000004246
0.013288149999999277
0.018076150000000624
0.020470400000000666
0.02286464999999893
0.025258899999998974
0.027653149999999016
0.013288149999999277
0.008499150000000455
0.006104983333333536
0.0037108166666666165
0.0013166499999996972
-0.0010775166666654457
-0.003471683333332365
-0.005865849999999284
0.0037111500000008846
0.018076150000000624
0.010893649999999866
0.0037111499999991082
-0.010653850000000631
-0.0034713500000016495
0.0037111499999991082
0.006105149999999782
0.008499150000000455
0.008499150000000455
0.008499150000000455
0.008499150000000455
0.0013166499999996972
-0.005865849999999284
-0.013048350000000042
-0.006464349999999897
0.00011965000000024872
0.006703650000000394
0.01328765000000054
0.001316899999999066
-0.010653850000000631
-0.0034713500000016495
0.0037111499999991082
-0.0034713500000016495
-0.010653850000000631
-0.013527050000000429
-0.016400250000000227
-0.019273450000000025
-0.022146649999999823
-0.02501984999999962
-0.02980785000000097
0.0037111499999991082
0.022864150000000194
0.01967214999999989
0.016480149999999583
0.013288149999999277
-0.0010778499999997138
0.0037106500000003706
0.008499150000000455
0.0037106500000003706
-0.0010778499999997138
-0.013048850000000556
-0.02501984999999962
-0.021428350000000762
-0.017836850000000126
-0.01424534999999949
-0.010653850000000631
-0.013048183333333796
-0.015442516666666961
-0.017836850000000126
-0.02023118333333329
-0.022625516666666456
-0.02501984999999962
-0.0010778499999997138
0.01328765000000054
-0.005865849999999284
-0.005865849999999284
-0.005865849999999284
-0.005865849999999284
-0.003950449999999606
-0.002035049999999927
-0.00011965000000024872
0.0017957499999994297
0.0037111499999991082
-0.015442849999999453
0.0037111499999991082
0.00011989999999961753
-0.0034713500000016495
-0.00706260000000114
-0.010653850000000631
-0.005865849999999284
-0.0010778499999997138
0.008499150000000455
-0.0010773499999991998
-0.010653850000000631
-0.01133799285714332
-0.012022135714286009
