-0.019034125000001012
-0.019832208333333767
-0.0206302916666683
-0.021428375000001054
-0.02222645833333381
-0.02302454166666834
-0.023822625000001096
-0.0174379583333355
-0.01105329166666813
-0.004668625000002535
0.00011987499999754903
0.004908374999997633
-0.002274625000001862
-0.009457625000001357
0.0001193749999988114
0.0001193749999988114
0.0001193749999988114
-0.009457125000000843
-0.019033625000002274
-0.011851125000003293
-0.004668625000002535
-0.007063125000001946
-0.009457625000001357
-0.00826037500000254
-0.007063125000001946
-0.019034125000001012
0.004908374999997633
0.00011970833333130315
-0.004668958333335027
-0.009457625000001357
-0.009456958333336374
-0.011851291666669539
-0.014245625000000928
-0.009457125000000843
-0.004668625000002535
-0.014245625000000928
-0.023822625000001096
-0.023822625000001096
-0.01185162500000203
0.0001193749999988114
0.0001193749999988114
0.0001193749999988114
0.0025138749999982224
0.004908374999997633
-0.004668625000000759
-0.014245625000000928
-0.014245625000000928
-0.014245625000000928
-0.014245625000000928
-0.014245625000000928
-0.014245625000000928
-0.004668625000002535
-0.011851125000003293
-0.019033625000002274
-0.028610625000002443
-0.009457625000001357
-0.002274625000001862
0.004908374999997633
0.00011987499999754903
-0.004668625000002535
0.00011970833333130315
0.004908041666665142
0.00969637499999898
-0.01185162500000203
-0.033399625000001265
-0.03148422500000159
-0.029568825000001908
-0.027653425000000453
-0.025738025000000775
-0.023822625000001096
-0.007063125000001946
-0.009457625000001357
-0.002274625000001862
0.004908374999997633
-0.002274625000001862
-0.009457625000001357
-0.014245625000000928
-0.019033625000002274
-0.019033625000002274
-0.019033625000002274
-0.013048125000002742
-0.007062625000003209
-0.0010771250000018995
0.004908374999997633
-0.014245625000000928
-0.019033625000002274
-0.021428125000001685
-0.023822625000001096
-0.014245625000000928
-0.004668625000002535
-0.011851125000003293
-0.019033625000002274
-0.014245625000000928
-0.009457625000001357
-0.016640125000002115
-0.023822625000001096
-0.021428375000001054
-0.019034125000001012
-0.01663987500000097
-0.014245625000000928
-0.019033625000002274
0.0001193749999988114
-0.0014766250000022296
-0.0030726250000014943
-0.004668625000002535
-0.009457625000001357
-0.016640125000002115
-0.023822625000001096
-0.019034125000001012
-0.014245625000000928
-0.014245625000000928
-0.028610625000002443
-0.04297562500000218
-0.039783625000001877
-0.03659162500000157
-0.033399625000001265
-0.023822625000001096
-0.014245625000002704
-0.004668625000002535
-0.0016758750000018807
0.0013168749999969975
0.004309624999997652
0.007302374999998307
0.004908374999997633
-0.004668625000000759
-0.014245625000000928
-0.019033625000002274
-0.017437625000001233
-0.01584162500000197
-0.014245625000000928
-0.014245625000000928
-0.014245625000000928
-0.014245625000000928
-0.019033625000002274
-0.009457125000000843
0.0001193749999988114
-0.004668958333335027
-0.00945729166666709
-0.014245625000000928
-0.015841791666668215
-0.017437958333333725
-0.019034125000001012
0.0001193749999988114
0.0001193749999988114
0.0001193749999988114
-0.002753625000000426
-0.0056266250000014395
-0.008499625000000677
-0.01137262500000169
-0.014245625000000928
-0.009457125000000843
-0.008659041666668088
-0.007860958333335333
-0.0070628750000025775
-0.006264791666668046
-0.005466708333335291
-0.004668625000002535
-0.010654375000001437
-0.016640125000002115
-0.014245625000000928
-0.002274625000001862
0.00969637499999898
-0.009457625000001357
-0.008773482142858668
-0.00808933928571598
-0.007405196428573291
-0.006721053571430602
-0.006036910714287913
-0.005352767857145224
-0.004668625000002535
-0.004668625000002535
-0.014245625000000928
-0.021428125000001685
-0.028610625000002443
-0.02382212500000236
-0.019033625000002274
-0.021428125000001685
-0.023822625000001096
-0.014245625000000928
-0.004668625000002535
-0.004300317307695423
-0.003932009615386534
-0.003563701923079421
-0.003195394230770532
-0.002827086538463419
-0.0024587788461563065
-0.0020904711538474174
-0.0017221634615403048
-0.001353855769233192
-0.000985548076924303
-0.0006172403846171903
-0.0002489326923083013
0.0001193749999988114
-0.023822625000001096
-0.009457625000001357
-0.014245625000000928
-0.009457625000001357
0.0001193749999988114
-0.004668625000002535
-0.028610625000002443
-0.014245625000000928
-0.03818762500000261
-0.02701462500000318
-0.01584162500000197
-0.004668625000002535
-0.0037110250000029765
-0.0027534250000016414
-0.0017958250000020826
-0.0008382250000007474
0.0001193749999988114
0.0001193749999988114
0.0001193749999988114
0.0001193749999988114
-0.002274625000001862
-0.004668625000002535
0.004908374999997633
0.00969637499999898
0.004908374999997633
-0.019033625000002274
-0.017437625000001233
-0.01584162500000197
-0.014245625000000928
-0.01185162500000203
-0.009457625000001357
-0.007063125000001946
-0.004668625000002535
-0.014245625000000928
-0.023822625000001096
-0.02222645833333381
-0.0206302916666683
-0.019034125000001012
-0.017437958333333725
-0.015841791666668215
-0.014245625000000928
-0.014245625000000928
-0.014245625000000928
-0.012649625000001663
-0.011053625000000622
-0.009457625000001357
-0.002274625000001862
-0.0214286250000022
-0.029808125000002406
-0.03818762500000261
-0.028610958333334935
-0.019034291666669034
-0.009457625000001357
-0.012649625000001663
-0.01584162500000197
-0.019033625000002274
-0.004668625000002535
-0.004668625000002535
0.00011970833333130315
0.004908041666665142
0.00969637499999898
-0.009457625000001357
-0.007861291666667825
-0.006264958333336068
-0.004668625000002535
-0.009457625000001357
-0.019033625000002274
-0.014245291666668436
-0.009456958333336374
-0.004668625000002535
0.0017157083333305678
0.008100041666665447
0.01448437499999855
0.020869041666664145
0.027253708333331517
0.03363837499999889
0.04002304166666448
0.04640770833333008
0.05279237499999745
0.05877762499999761
0.06476287499999778
0.01448437499999855
0.024061874999997457
0.016879249999997015
0.009696624999996573
0.002513999999997907
-0.004668625000002535
0.15334837499999843
0.15129623214285637
0.14924408928571253
0.14719194642857047
0.14513980357142664
0.14308766071428458
0.14103551785714075
0.1389833749999987
0.12461787499999843
0.11025237499999818
0.028849874999998804
-0.06691762500000209
0.02885037499999754
-0.08128362500000108
-0.09770091071428766
-0.11411819642857246
-0.13053548214285904
-0.14695276785714384
-0.16337005357143042
-0.17978733928571522
-0.1962046250000018
-0.1435321250000019
-0.090859625000002
-0.12916762500000267
-0.047764625000001004
-0.059735625000001846
-0.07170662500000091
-0.08367762500000175
-0.0956486250000026
-0.02621662500000177
0.04321537499999906
-0.10043662500000217
-0.1459266250000013
-0.19141662500000223
-0.014245625000000928
-0.027014625000001402
-0.039783625000001877
-0.052552625000000575
-0.06532162500000105
-0.07809062500000152
-0.090859625000002
-0.06452362500000319
-0.03818762500000261
-0.090859625000002
0.057580374999998796
-0.07170662500000091
0.00969637499999898
0.021667374999999822
0.03363837499999889
0.07034937499999927
0.10706037499999788
0.14377137499999826
-0.033399625000001265
-0.00626529166666856
0.020869041666665922
0.04800337499999863
0.1389833749999987
0.2060203749999978
0.12222337499999725
0.03842637499999846
0.04481104166666583
0.051195708333331424
0.057580374999998796
0.11743537499999945
0.17729037499999833
0.1713048749999988
0.16531937499999927
0.15933387499999796
0.15334837499999843
0.1473628749999989
0.14137737499999758
0.13539187499999805
0.12940637499999852
0.12342087499999899
0.11743537499999945
0.11144987499999814
0.10546437499999861
0.04800337499999863
-0.009457625000001357
0.019273374999997372
0.057580374999998796
-0.05734162500000117
-0.040582125000000246
-0.05734162500000117
-0.20578162500000197
-0.10043662500000217
-0.07170662500000091
-0.07729312500000063
-0.08287962500000035
-0.08846612500000006
-0.09405262500000156
-0.09963912500000127
-0.10522562500000099
-0.10522562500000099
-0.10522562500000099
-0.10522562500000099
-0.009457625000001357
0.08631037499999827
0.02406137499999872
-0.03818762500000261
-0.019033625000002274
0.021667374999998046
0.062368374999998366
0.05758037499999702
0.05279237499999745
0.007302374999998307
-0.03818762500000261
0.019273374999997372
0.009696374999997204
0.0001193749999988114
-0.019034125000001012
-0.03818762500000261
-0.020231125000002237
-0.002274625000001862
-0.009457625000001357
-0.004669125000001273
0.0001193749999988114
0.004907874999998896
0.00969637499999898
0.02885037499999754
-0.03818762500000261
-0.02382245833333485
-0.009457291666668866
0.004907874999998896
0.004908124999998265
0.004908374999997633
-0.009457125000000843
-0.023822625000001096
-0.022226291666667564
-0.020629958333335807
-0.019033625000002274
-0.019033625000002274
-0.017437625000001233
-0.01584162500000197
-0.014245625000000928
-0.014245625000000928
-0.014245625000000928
-0.023822625000001096
-0.021428375000001054
-0.019034125000001012
-0.01663987500000097
-0.014245625000000928
-0.012649625000001663
-0.011053625000000622
-0.009457625000001357
-0.019033625000002274
-0.014245625000000928
-0.009457625000001357
-0.009022261363638151
-0.008586897727274945
-0.008151534090909962
-0.007716170454546756
-0.0072808068181835495
-0.006845443181820343
-0.006410079545457137
-0.005974715909093931
-0.005539352272728948
-0.005103988636365742
-0.004668625000002535
-0.009457125000000843
-0.014245625000000928
-0.03818762500000261
-0.014245625000000928
-0.009457625000001357
-0.009457625000001357
0.04800337499999863
0.07673437499999736
0.00969637499999898
0.0025138749999982224
-0.004668625000000759
-0.011851125000001517
-0.019033625000002274
-0.11001362500000234
0.019273374999997372
-0.13395562500000224
-0.019033625000002274
-0.04137962500000292
-0.06372562500000178
-0.08607162500000243
0.02885037499999754
-0.009457125000000843
-0.047764625000001004
-0.05654329166666727
-0.06532195833333532
-0.07410062500000159
-0.08287929166666785
-0.0916579583333359
-0.10043662500000217
-0.0166396250000016
0.06715737499999896
-0.0956486250000026
0.02885037499999754
-0.06212962500000252
0.05279237499999745
0.0440861931818155
0.03538001136363356
0.02667382954545161
0.017967647727269664
0.009261465909087718
0.0005552840909075485
-0.008150897727274398
-0.016857079545456344
-0.02556326136363829
-0.034269443181820236
-0.04297562500000218
-0.04297562500000218
-0.04297562500000218
-0.04297562500000218
-0.017437625000001233
0.008100374999997939
0.03363837499999889
-0.04297562500000218
-0.0166396250000016
0.00969637499999898
-0.004668625000002535
0.02885037499999754
0.009696374999997204
-0.009457625000001357
0.01448437499999855
0.01448437499999855
-0.016640125000002115
-0.047764625000001004
-0.019033625000002274
0.01448437499999855
-0.01185162500000203
-0.03818762500000261
-0.05255262500000235
0.03363837499999889
-0.03818762500000261
-0.033399625000001265
0.01448437499999855
0.00131637499999826
-0.01185162500000203
-0.02501962500000232
-0.03818762500000261
-0.04297595833333645
-0.04776429166666851
-0.05255262500000235
-0.007063125000001946
0.03842637499999846
-0.019033625000002274
-0.033399625000001265
0.0001193749999988114
-0.0014766250000022296
-0.0030726250000014943
-0.004668625000002535
-0.014245625000000928
-0.023822625000001096
-0.01304862500000148
-0.002274625000001862
0.008499374999997755
0.019273374999997372
0.01687887499999796
0.01448437499999855
-0.03818762500000261
0.00969637499999898
0.004907874999998896
0.0001193749999988114
-0.03818762500000261
-0.030206958333335976
-0.022226291666667564
-0.014245625000000928
0.0001193749999988114
-0.011053625000000622
-0.02222662500000183
-0.033399625000001265
-0.030739402777779645
-0.02807918055555625
-0.02541895833333463
-0.02275873611111301
-0.020098513888889613
-0.017438291666667993
-0.014778069444446373
-0.012117847222222977
-0.009457625000001357
0.001715374999998076
0.012888374999999286
0.02406137499999872
-0.004669125000001273
-0.033399625000001265
-0.016640125000002115
0.0001193749999988114
0.02885037499999754
-0.014245625000000928
-0.05734162500000117
-0.042976125000002696
-0.028610625000002443
-0.014245625000000928
0.0001193749999988114
-0.047764625000001004
-0.03579362500000016
-0.023822625000001096
-0.01185162500000203
0.0001193749999988114
0.0001193749999988114
0.0001193749999988114
-0.009457625000001357
0.007301874999999569
0.02406137499999872
0.012090374999999653
0.0001193749999988114
-0.01185162500000203
-0.023822625000001096
-0.004668625000002535
-0.010255125000002252
-0.015841625000003745
-0.021428125000003462
-0.028610625000002443
-0.019033625000002274
-0.023822625000001096
-0.015442875000001521
-0.007063125000001946
0.001316624999999405
0.00969637499999898
0.019273374999997372
-0.014245625000000928
-0.014245625000000928
-0.014245625000000928
-0.014245625000000928
-0.014245625000000928
0.0001193749999988114
-0.019033625000002274
-0.014245625000000928
-0.01185162500000203
-0.009457625000001357
-0.014245625000000928
-0.014245625000000928
-0.014245625000000928
-0.002274625000001862
0.00969637499999898
0.009261102272725807
0.008825829545452635
0.008390556818181238
0.007955284090908066
0.007520011363634893
0.00708473863636172
0.006649465909088548
0.006214193181815375
0.005778920454543979
0.005343647727270806
0.004908374999997633
0.0025138749999982224
0.0001193749999988114
0.004907874999998896
0.00969637499999898
0.0001193749999988114
-0.023822625000001096
-0.02621662500000177
-0.028610625000002443
-0.004668625000002535
-0.023822625000001096
-0.03818762500000261
-0.03339912500000253
-0.028610625000002443
-0.019033625000002274
-0.009457625000001357
-0.014245625000000928
-0.009457125000000843
-0.004668625000002535
-0.005865875000001353
-0.007063125000001946
-0.00826037500000254
-0.009457625000001357
-0.009457625000001357
-0.009457625000001357
-0.017438291666667993
-0.02541895833333463
-0.033399625000001265
-0.019033625000002274
-0.021428125000001685
-0.023822625000001096
-0.01185162500000203
0.0001193749999988114
-0.004669125000001273
-0.009457625000001357
-0.007063125000001946
-0.004668625000002535
-0.009457125000000843
-0.014245625000000928
-0.004668625000002535
-0.007063125000001946
-0.009457625000001357
-0.010415225000000916
-0.011372825000000475
-0.01233042500000181
-0.013288025000001369
-0.014245625000000928
-0.014245625000000928
-0.023822625000001096
-0.0232240000000008
-0.022625375000000503
-0.022026750000001982
-0.021428125000001685
-0.02082950000000139
-0.020230875000002868
-0.01963225000000257
-0.019033625000002274
0.0001193749999988114
-0.009457625000001357
-0.004668625000000759
-0.003984625000001074
-0.0033006250000013893
