-0.012928599999998625
-0.011013199999998946
-0.009097799999999268
-0.007182399999999589
-0.011971399999998411
-0.013567399999997676
-0.015163399999998717
-0.01675939999999798
-0.019153399999998655
-0.021547399999999328
-0.019153399999998655
-0.025138899999998188
-0.031124399999999497
-0.029528399999998456
-0.02793239999999919
-0.02633639999999815
-0.02154806666666431
-0.01675973333333225
-0.011971399999998411
-0.007182399999999589
-0.008778733333333122
-0.010375066666664878
-0.011971399999998411
-0.01675939999999798
-0.01675939999999798
-0.014365399999999084
-0.011971399999998411
-0.02633639999999815
-0.019153649999998024
-0.011970899999997897
-0.004788149999999547
0.0023946000000005796
-0.02633639999999815
-0.025139149999997557
-0.02394189999999874
-0.022744649999999922
-0.021547399999999328
-0.01675939999999798
-0.014365399999999084
-0.011971399999998411
-0.021547399999999328
-0.0023943999999982424
-0.00558673333333104
-0.008779066666665614
-0.011971399999998411
-0.011971399999998411
-0.009576899999999
-0.007182399999999589
-0.013167899999999122
-0.01915340000000043
-0.025138899999999964
-0.031124399999999497
-0.029927399999998272
-0.028730399999998824
-0.027533399999999375
-0.02633639999999815
-0.021547399999999328
-0.02633639999999815
-0.021547399999999328
-0.01675939999999798
-0.01995173333333078
-0.023144066666665353
-0.02633639999999815
-0.007182399999999589
-0.006384399999999957
-0.005586399999998548
-0.004788399999998916
-0.003990399999999283
-0.0031923999999978747
-0.0023943999999982424
-0.007182899999998327
-0.011971399999998411
-0.021547399999999328
-0.021547399999999328
-0.031124399999999497
-0.01675939999999798
-0.015163399999998717
-0.013567399999997676
-0.011971399999998411
-0.007182899999998327
-0.0023943999999982424
-0.004309799999997921
-0.006225199999997599
-0.008140599999999054
-0.010055999999998733
-0.011971399999998411
-0.01675939999999798
-0.021547399999999328
-0.018355399999999022
-0.015163399999998717
-0.011971399999998411
-0.011971399999998411
-0.011971399999998411
-0.03591339999999832
-0.0023943999999982424
-0.011971399999998411
-0.021547399999999328
-0.011971399999998411
-0.01316839999999786
-0.014365399999999084
-0.015562399999998533
-0.01675939999999798
-0.011970899999997897
-0.007182399999999589
-0.01675939999999798
-0.011970899999997897
-0.007182399999999589
-0.01915340000000043
-0.031124399999999497
-0.021547899999998066
-0.011971399999998411
-0.011971399999998411
-0.014365399999999084
-0.01675939999999798
-0.017357899999998594
-0.017956399999999206
-0.018554899999998042
-0.019153399999998655
-0.019751899999999267
-0.020350399999998103
-0.020948899999998716
-0.021547399999999328
-0.01675906666666549
-0.011970733333333428
-0.007182399999999589
1.0000000116860974e-07
0.007182600000001926
-0.0007980666666647096
-0.008778733333331346
-0.01675939999999798
-0.004788399999998916
-0.021547899999998066
-0.01675939999999798
-0.014365399999999084
-0.011971399999998411
-0.012769399999998043
-0.013567399999997676
-0.014365399999999084
-0.015163399999998717
-0.01596139999999835
-0.01675939999999798
-0.011971399999998411
-0.011971399999998411
-0.0023943999999982424
-0.007182733333332081
-0.011971066666664143
-0.01675939999999798
-0.011971399999998411
-0.013567399999997676
-0.015163399999998717
-0.01675939999999798
-0.014365233333331062
-0.011971066666664143
-0.009576899999999
-0.007182733333332081
-0.004788566666665162
-0.0023943999999982424
-0.021547399999999328
-0.01675939999999798
-0.021547399999999328
-0.021547399999999328
-0.021547399999999328
-0.021547399999999328
-0.0023943999999982424
-0.003990399999999283
-0.005586399999998548
-0.007182399999999589
-0.0023943999999982424
-0.003990399999999283
-0.005586399999998548
-0.007182399999999589
-0.02633639999999815
-0.02633639999999815
-0.021547399999999328
-0.026335899999999413
-0.031124399999999497
-0.03232165000000009
-0.03351889999999891
-0.034716149999997725
-0.03591339999999832
-0.021547399999999328
-0.01675906666666549
-0.011970733333333428
-0.007182399999999589
-0.005985400000000141
-0.004788399999998916
-0.003591399999997691
-0.0023943999999982424
-0.01675939999999798
-0.009576899999999
-0.0023943999999982424
-0.0023943999999982424
-0.01197106666666592
-0.02154773333333182
-0.031124399999999497
-0.01675939999999798
-0.02633639999999815
-0.021547399999999328
-0.021547399999999328
-0.021547399999999328
-0.021547399999999328
-0.021547399999999328
-0.021547399999999328
-0.011971399999998411
0.0023946000000005796
-0.0014361999999987773
-0.005266999999998134
-0.009097799999999268
-0.012928599999998625
-0.01675939999999798
-0.021547399999999328
-0.007182399999997813
-0.009576899999999
-0.011971399999998411
-0.014964024999997605
-0.017956649999998575
-0.020949274999999545
-0.02394189999999874
-0.025139149999997557
-0.02633639999999815
-0.021547899999998066
-0.01675939999999798
-0.01675939999999798
-0.01675939999999798
-0.011970899999997897
-0.007182399999999589
-0.009576899999999
-0.011971399999998411
-0.007182899999998327
-0.0023943999999982424
-0.0007980666666647096
0.0007982666666670468
0.0023946000000005796
-0.011971399999998411
-0.014365399999999084
-0.01675939999999798
-0.01675939999999798
-0.01675939999999798
-0.01675939999999798
-0.03591339999999832
-0.021547399999999328
-0.01675939999999798
-0.011971399999998411
-0.007182899999998327
-0.0023943999999982424
-0.0011972749999991095
-1.4999999820020093e-07
0.001196975000002709
0.002394100000001842
0.003591225000000975
0.004788350000001884
0.005985475000002793
0.007182600000001926
-0.009576899999999
-0.010175524999999297
-0.010774149999999594
-0.011372774999998114
-0.011971399999998411
-0.01995173333333078
-0.025538066666666026
-0.031124399999999497
-0.01675939999999798
-0.0023943999999982424
-0.024740066666664617
-0.04708573333333277
-0.06943139999999914
0.031124600000001834
0.12928660000000036
0.22744860000000067
0.2394196000000015
0.2513906000000006
0.10055610000000215
-0.05027839999999806
-0.05506689999999814
-0.05985539999999823
-0.22505489999999817
-0.3902543999999981
-0.2673520666666658
-0.14444973333333166
-0.021547399999999328
-0.050278066666665566
-0.0790087333333318
-0.10773939999999804
0.26575610000000083
0.21547785000000097
0.1651996000000011
0.13646960000000163
0.1149216000000024
0.09337360000000139
0.03351860000000073
-0.02633639999999815
0.021547600000001665
0.06943160000000148
0.1173156000000013
-0.265756399999999
-0.25378539999999816
-0.2418143999999991
-0.22984340000000003
-0.2178723999999992
-0.40222539999999896
-0.5865783999999987
-0.05985539999999823
-0.11133064999999931
-0.16280589999999862
-0.21428114999999792
-0.265756399999999
0.1173156000000013
-0.17956539999999954
0.09337360000000139
0.08619110000000063
0.07900860000000165
0.1939301000000011
0.30885160000000056
0.2593716000000015
0.20989160000000062
0.16041160000000154
-0.011971399999998411
0.02314360000000093
0.05825860000000205
0.09337360000000139
0.1173156000000013
0.1412576000000012
0.15562260000000094
-0.007182900000000103
-0.16998839999999937
-0.040701399999999666
0.08858560000000182
0.07182610000000267
0.05506660000000174
0.05917095714285914
0.06327531428571653
0.06737967142857393
0.07148402857142955
0.07558838571428694
0.07969274285714434
0.08379710000000173
0.08790145714285913
0.09200581428571653
0.09611017142857392
0.10021452857142954
0.10431888571428694
0.10842324285714433
0.11252760000000173
-0.05267239999999873
-0.2178723999999992
0.06464360000000191
0.035912600000001405
0.040701600000002
-0.1843533999999991
0.07900860000000165
0.011970600000001497
0.00718260000000015
0.0023946000000005796
-0.14125739999999887
0.0742206000000003
0.06464360000000191
-0.01675939999999798
-0.0275333999999976
-0.038307399999997216
-0.04908139999999861
-0.05985539999999823
-0.015163399999998717
0.029528600000000793
0.0742206000000003
0.06224960000000124
0.050278600000000395
-0.08858539999999948
-0.011970899999997897
-0.005586399999998548
0.0007981000000025773
0.007182600000001926
-0.15562339999999963
-0.08220106666666638
-0.008778733333331346
0.06464360000000191
-0.014365399999999084
-0.09217689999999834
-0.16998839999999937
-0.11811406666666535
-0.0662397333333331
-0.014365399999999084
0.03750893333333494
0.08938326666666718
0.1412576000000012
-0.09337339999999905
-0.007182399999999589
-0.06943173333333341
-0.13168106666666546
-0.19393039999999928
0.16041160000000154
-0.15562339999999963
-0.09576839999999898
-0.03591339999999832
-0.07900889999999805
-0.12210439999999778
-0.1651998999999993
-0.20829539999999902
-0.06304739999999853
0.08220060000000018
0.22744860000000067
-0.09816239999999965
-0.031124399999999497
-0.05848668571428561
-0.08584897142856995
-0.11321125714285607
-0.1405735428571422
-0.1679358285714283
-0.19529811428571264
-0.22266039999999876
0.21308360000000093
-0.1364693999999993
-0.05985539999999823
-0.3423703999999983
0.1651996000000011
-0.05027839999999806
-0.0275333999999976
-0.004788399999998916
0.017956600000001544
0.040701600000002
-0.1173158999999977
-0.2753333999999992
-0.20031506666666488
-0.12529673333333236
-0.05027839999999806
-0.014365399999999084
0.021547600000001665
0.10055610000000215
0.17956460000000085
0.07900835000000228
-0.021547899999998066
0.01356693333333503
0.048681766666668125
0.08379660000000122
0.09576760000000206
0.10773860000000113
0.26096760000000074
0.2178720285714295
0.17477645714285828
0.13168088571428704
0.08858531428571403
0.0454897428571428
0.0023941714285715676
-0.040701399999999666
0.11731660000000232
0.05794020000000266
-0.0014361999999987773
-0.06081259999999844
-0.12018899999999988
-0.17956539999999954
-0.14125789999999938
0.31364060000000116
-0.16519939999999878
-0.13327673333333223
-0.10135406666666569
-0.06943139999999914
-0.15562339999999963
0.019153600000000992
0.19393060000000162
-0.0023938999999977284
-0.19871839999999885
-0.07182589999999855
0.05506660000000174
-0.004788399999998916
-0.06464339999999957
0.02633610000000175
0.1173156000000013
-0.0646433999999978
-0.24660239999999867
-0.16711499999999901
-0.08762759999999936
-0.008140199999997932
0.07134720000000172
0.15083460000000137
-0.22744939999999936
0.23702560000000084
-0.32800539999999856
-0.25737652499999797
-0.18674764999999915
-0.11611877499999856
-0.04548989999999975
0.02513897500000084
0.09576785000000143
0.16639672500000025
0.23702560000000084
-0.01915389999999917
-0.2753333999999992
-0.026335899999999413
0.06145126666666734
0.1492384333333341
0.23702560000000084
-0.2849093999999983
-0.2322369999999978
-0.17956459999999907
-0.12689219999999857
-0.07421979999999984
-0.021547399999999328
-0.04548989999999975
0.30885160000000056
0.12210393333333336
-0.06464373333333207
-0.25139139999999927
0.1460466000000018
0.06224960000000124
-0.021547399999999328
-0.10534439999999812
-0.18914139999999868
0.23702560000000084
-0.11252739999999939
0.06943160000000148
0.01675935000000095
-0.03591289999999958
-0.08858514999999834
-0.14125739999999887
-0.10637054285714242
-0.0714836857142842
-0.036596828571427764
-0.0017099714285695455
0.0331768857142869
0.06806374285714512
0.10295060000000156
-0.045489399999999236
0.01675960000000032
-0.023941900000000516
-0.06464339999999957
-0.0023943999999982424
0.05506660000000174
-0.0023938999999995048
0.0017958500000005984
0.0059856000000007015
0.010175350000000805
0.014365100000000908
-0.007182599999998374
-0.02873029999999943
-0.05027799999999871
-0.07182569999999977
-0.09337339999999905
0.09337360000000139
-0.18914139999999868
-0.021547399999999328
0.1460466000000018
0.07541760000000153
0.004788600000001253
-0.06584039999999902
-0.1364693999999993
0.1412576000000012
-0.04548989999999975
-0.23223739999999893
-0.040701399999999666
0.15083460000000137
-0.12689239999999913
0.18914160000000102
0.09097935000000135
-0.007182900000000103
-0.10534514999999978
-0.20350739999999945
0.10773860000000113
-0.03591339999999832
-0.17956539999999954
-0.011971400000000187
0.15562260000000094
-0.01675939999999798
-0.18914139999999868
-0.04309539999999856
0.10295060000000156
0.03950435000000141
-0.02394189999999874
-0.08738814999999889
-0.15083439999999904
0.10295060000000156
-0.07900839999999931
-0.03750906666666509
0.0039902666666673525
0.04548960000000157
-0.021547399999999328
-0.026335899999999413
-0.031124399999999497
0.031124600000001834
0.012928600000002177
-0.00526739999999748
-0.023463399999998913
-0.04165939999999857
-0.05985539999999823
0.09816260000000199
0.06404522500000098
0.029927850000001754
-0.004189524999997474
-0.03830689999999848
-0.09816239999999965
0.11252760000000173
0.031124600000001834
-0.050278399999999834
-0.13168139999999973
0.08379660000000122
0.03950410000000204
-0.004788399999998916
-0.04908089999999987
-0.09337339999999905
0.08379660000000122
0.03950410000000204
-0.004788399999998916
-0.04908089999999987
-0.09337339999999905
-0.0582587333333322
-0.023144066666665353
0.011970600000001497
-0.055066399999999405
0.031124600000001834
0.015391314285716717
-0.0003419714285701758
-0.016075257142855293
-0.031808542857142186
-0.0475418285714273
-0.0632751142857142
-0.07900839999999931
-0.034715899999998356
0.0095766000000026
0.0023946000000005796
-0.007182399999999589
-0.010374733333332387
-0.013567066666665184
-0.01675939999999798
-0.0023943999999982424
-0.028730399999998824
-0.027533399999999375
-0.02633639999999815
-0.02394189999999874
-0.021547399999999328
-0.016759149999998613
-0.011970899999997897
-0.007182649999998958
-0.0023943999999982424
-0.01675939999999798
0.007182600000001926
-0.004788399999998916
-0.01675939999999798
-0.015163399999998717
-0.013567399999997676
-0.011971399999998411
-0.021547399999999328
-0.01675939999999798
-0.011971399999998411
-0.012655399999998096
-0.01333939999999778
-0.014023399999997466
-0.014707399999998927
-0.015391399999998612
-0.016075399999998297
-0.01675939999999798
-0.03591339999999832
-0.031124399999999497
-0.021547399999999328
-0.021547399999999328
-0.015561899999999795
-0.009576400000000262
-0.0035908999999989533
0.0023946000000005796
-0.011971399999998411
-0.004788399999998916
-0.007182733333332081
-0.009577066666665246
-0.011971399999998411
-0.011971399999998411
-0.011971399999998411
-0.011971399999998411
-0.011971399999998411
-0.01436556666666533
-0.01675973333333225
-0.01915389999999917
-0.02154806666666431
-0.02394223333333123
-0.02633639999999815
-0.007182399999999589
-0.011971399999998411
-0.011971399999998411
0.0023946000000005796
0.0023946000000005796
-0.007182399999999589
-0.00622480000000003
-0.005267199999998695
-0.004309599999999136
-0.003351999999997801
-0.0023943999999982424
-0.011970899999997897
-0.021547399999999328
-0.007182399999999589
-0.009576649999999631
-0.011970899999997897
-0.01436514999999794
-0.01675939999999798
-0.019153399999998655
-0.007182399999999589
-0.004788399999998916
-0.0023943999999982424
-0.00558673333333104
-0.008779066666665614
-0.011971399999998411
-0.009577149999998369
-0.007182899999998327
-0.0047886499999982846
-0.0023943999999982424
-0.011971399999998411
-0.013567399999997676
-0.015163399999998717
-0.01675939999999798
-0.0023943999999982424
-0.011971399999998411
-0.011971399999998411
-0.011971399999998411
-0.011971399999998411
-0.011971399999998411
-0.011971399999998411
-0.011971399999998411
-0.011971399999998411
-0.01675939999999798
-0.01675939999999798
-0.01675939999999798
-0.01675939999999798
-0.01675939999999798
-0.01675939999999798
-0.01675939999999798
-0.0023943999999982424
-0.0023943999999982424
-0.0023943999999982424
-0.0023943999999982424
-0.0023943999999982424
-0.0023943999999982424
-0.0023943999999982424
-0.0023943999999982424
-0.0023943999999982424
-0.0023943999999982424
-0.011970899999997897
-0.031124399999999497
-0.0023943999999982424
