-0.006703772000000052
-0.006224932000000072
-0.005746092000000036
-0.0052672520000000556
-0.010055652000000026
-0.005267245333333337
-0.00047883866666670327
0.004309567999999986
-0.005267242000000005
-0.014844052000000052
-0.0028730419999999923
-0.004070147000000024
-0.0052672520000000556
-0.0052672520000000556
-0.0052672520000000556
-0.0052672520000000556
-0.003671118666666695
-0.00207498533333339
-0.0004788520000000296
-0.010055652000000026
-0.0068633853333333605
-0.003671118666666695
-0.0004788520000000296
-0.010055652000000026
-0.0052672520000000556
-0.00047884200000003485
0.004309567999999986
-0.0004788520000000296
0.000718253000000002
0.0019153579999999781
0.0031124629999999542
0.004309567999999986
-0.0004788520000000296
0.000718253000000002
0.0019153579999999781
0.0031124629999999542
0.004309567999999986
-0.0004788520000000296
-0.0028730520000000426
-0.0052672520000000556
-0.0004788520000000296
-0.010055652000000026
-0.008459518666666721
-0.0068633853333333605
-0.0052672520000000556
-0.0052672520000000556
-0.0076614520000000685
-0.010055652000000026
-0.004070147000000024
0.0019153579999999781
0.00790086299999998
0.013886367999999982
0.010295062999999993
0.006703757999999949
0.0031124529999999595
-0.0004788520000000296
0.004309567999999986
-0.0052672520000000556
-0.0004788520000000296
0.004309567999999986
0.002713427999999962
0.001117287999999994
-0.0004788520000000296
0.009097967999999956
0.005905697999999959
0.002713427999999962
-0.00047884200000003485
-0.003671112000000032
-0.006863382000000029
-0.010055652000000026
-0.0052672520000000556
-0.0004788520000000296
-0.0004788520000000296
0.004309567999999986
-0.0052672520000000556
-0.0052672520000000556
-0.003671118666666695
-0.00207498533333339
-0.0004788520000000296
-0.0028730520000000426
-0.0052672520000000556
-0.0052672520000000556
-0.0052672520000000556
-0.0052672520000000556
-0.0052672520000000556
-0.0052672520000000556
-0.010055652000000082
-0.014844052000000052
-0.013247918666666691
-0.011651785333333387
-0.010055652000000026
-0.0076614520000000685
-0.0052672520000000556
-0.010055652000000026
-0.0004788520000000296
-0.0052672520000000556
-0.010055652000000026
-0.010055652000000026
-0.011252752000000033
-0.012449852000000039
-0.013646952000000045
-0.014844052000000052
-0.012449852000000039
-0.010055652000000026
-0.0052672520000000556
0.0019153579999999226
0.009097967999999956
0.0019153579999999226
-0.0052672520000000556
-0.0052672520000000556
-0.0052672520000000556
0.013886367999999982
0.006703757999999949
-0.0004788520000000296
-0.001077402000000005
-0.001675952000000036
-0.002274502000000067
-0.0028730520000000426
-0.003471602000000018
-0.004070152000000049
-0.00466870200000008
-0.0052672520000000556
-0.0068633853333333605
-0.008459518666666721
-0.010055652000000026
-0.0052672520000000556
-0.0004788520000000296
-0.0004788520000000296
-0.0004788520000000296
-0.0004788520000000296
-0.0028730520000000426
-0.012449852000000039
-0.0004788520000000296
0.0019153579999999781
0.004309567999999986
0.00470860133333334
0.005107634666666638
0.005506667999999992
0.005905701333333346
0.006304734666666645
0.006703767999999999
-0.0004788520000000296
-0.010055652000000026
0.013886367999999982
0.010694101333333317
0.007501834666666651
0.004309567999999986
-0.010055652000000026
-0.010055652000000026
-0.010055652000000026
-0.010055652000000026
-0.009257585333333374
-0.008459518666666721
-0.0076614520000000685
-0.0068633853333333605
-0.006065318666666708
-0.0052672520000000556
-0.0004788520000000296
0.009097967999999956
-0.010055652000000026
-0.008459518666666721
-0.0068633853333333605
-0.0052672520000000556
0.004309567999999986
0.005905701333333291
0.007501834666666651
0.009097967999999956
-0.0004788520000000296
-0.00207498533333339
-0.003671118666666695
-0.0052672520000000556
-0.0052672520000000556
-0.014844052000000052
0.004309567999999986
0.006703767999999999
0.009097967999999956
0.005506662999999967
0.0019153579999999226
-0.0016759470000000665
-0.0052672520000000556
-0.0004788520000000296
-0.0004788520000000296
-0.0004788520000000296
-0.0004788520000000296
0.000718253000000002
0.0019153579999999781
0.0031124629999999542
0.004309567999999986
0.004309567999999986
0.0019153579999999781
-0.0004788520000000296
0.004309567999999986
0.002713427999999962
0.001117287999999994
-0.0004788520000000296
-0.010055652000000026
-0.0052672520000000556
-0.0052672520000000556
-0.0023942080000000643
0.000478835999999927
0.0033518799999999738
0.006224923999999965
0.009097967999999956
-0.0052672520000000556
0.009097967999999956
0.005267243999999949
0.0014365199999999412
-0.002394204000000011
-0.0062249280000000184
-0.010055652000000026
0.013886367999999982
-0.0052672520000000556
-0.0052672520000000556
-0.0052672520000000556
-0.005865802000000031
-0.006464352000000062
-0.007062902000000093
-0.0076614520000000685
-0.00885855200000002
-0.010055652000000026
-0.010055652000000026
-0.010055652000000026
-0.012449852000000039
-0.014844052000000052
-0.010055652000000082
-0.0052672520000000556
0.004309557999999936
0.013886367999999982
0.009097968000000012
0.004309567999999986
0.0011172946666666572
-0.002074978666666727
-0.0052672520000000556
-0.0052672520000000556
-0.0076614520000000685
-0.010055652000000026
-0.008459518666666721
-0.0068633853333333605
-0.0052672520000000556
-0.014844052000000052
-0.0004788520000000296
0.0019153579999999781
0.004309567999999986
-0.0028730419999999923
-0.010055652000000026
-0.00945710200000005
-0.00885855200000002
-0.008260002000000044
-0.0076614520000000685
-0.0070629020000000375
-0.006464352000000062
-0.005865802000000031
-0.0052672520000000556
-0.0004788520000000296
-0.001675952000000036
-0.0028730520000000426
-0.004070152000000049
-0.0052672520000000556
0.004309561333333267
-0.005267245333333392
-0.014844052000000052
-0.010055652000000082
-0.0052672520000000556
0.002713421333333299
0.010694094666666598
0.018674767999999953
-0.033997672000000034
-0.0076614520000000685
0.018674767999999953
0.02825158299999997
0.037828397999999985
0.011492172999999994
-0.014844052000000052
0.016280572999999965
0.047405197999999954
-0.024420857000000018
-0.09624691200000002
-0.061131952000000045
-0.026016992000000017
0.009097967999999956
0.012290234666666622
0.015482501333333287
0.018674767999999953
-0.02442083200000006
0.04501100299999994
0.11444283799999996
-0.08667009200000003
-0.007661442000000018
0.07134720799999997
-0.04118027700000004
-0.15370776200000003
-0.08347784533333336
-0.013247928666666742
0.056981987999999956
-0.10582371200000001
-0.071107792
-0.03639187199999999
-0.001675952000000036
0.033039967999999975
-0.02202666200000003
-0.07709329200000004
-0.029209272000000064
-0.00885855450000006
0.011492162999999944
0.03184288049999995
0.05219359799999995
-0.019632452000000022
0.11923124799999996
-0.08667009200000003
0.02825158299999997
0.14317325799999997
0.02346317299999995
-0.09624691200000002
0.004309559333333324
0.10486603066666664
0.20542250199999995
-0.13934253200000002
-0.045170602000000004
0.04900132799999998
0.14317325799999997
0.016280572999999965
-0.11061211200000004
0.17190367799999995
0.02106897299999999
-0.12976573200000002
-0.024420857000000018
0.08092401799999996
-0.005267257000000025
-0.09145853200000004
-0.07640926200000003
-0.06135999200000003
-0.046310722000000026
-0.03126145200000002
-0.01621218200000002
-0.001162912000000016
0.013886357999999988
0.02893562799999999
0.043984897999999995
0.05903416799999997
0.07408343799999997
0.08913270799999995
0.10418197799999995
0.11923124799999996
0.004309567999999986
-0.11061211200000004
0.042616797999999956
-0.07230489200000006
0.08571241799999996
-0.09624691200000002
0.07134720799999997
-0.08188169200000006
0.013886372999999952
0.10965443799999997
-0.13934253200000002
0.10965443799999997
-0.11061211200000004
0.13359644799999995
0.058179095499999944
-0.01723825700000009
-0.09265560950000007
-0.16807296200000005
-0.06272808866666668
0.042616784666666685
0.14796165799999997
0.011492162999999944
-0.12497733200000005
0.16232686799999996
-0.0028730370000000227
-0.045170602000000004
-0.08746816700000004
-0.12976573200000002
0.13359644799999995
0.034636111333333275
-0.06432422533333337
-0.16328456200000002
0.02346317299999995
0.05937620049999995
0.09528922799999995
0.06177040466666661
0.028251581333333275
-0.005267242000000005
-0.03878606533333334
-0.07230488866666668
-0.10582371200000001
0.12880804799999995
-0.11061211200000004
-0.048362868666666725
0.013886374666666645
0.07613561799999996
-0.08188169200000006
0.09528922799999995
0.006703767999999943
-0.08188169200000006
-0.050757069500000085
-0.019632447000000053
0.01149217549999998
0.042616797999999956
0.007501834666666651
-0.02761312866666671
-0.06272809200000001
0.06655880799999997
-0.06272809200000001
-0.05520345771428575
-0.04767882342857144
-0.04015418914285718
-0.03262955485714286
-0.0251049205714286
-0.01758028628571434
-0.010055652000000026
-0.04836287200000006
0.05219359799999995
-0.05315127200000003
-0.0004788520000000296
-0.08188169200000006
0.08092401799999996
0.04860229549999995
0.016280572999999965
-0.016041149500000074
-0.04836287200000006
0.009097967999999956
0.06655880799999997
0.0011172946666666572
-0.06432421866666665
-0.12976573200000002
-0.005267242000000005
0.11923124799999996
0.023463177999999918
-0.07230489200000006
-0.023223759500000052
0.02585737299999996
0.05698199799999995
0.08810662299999997
0.11923124799999996
-0.00047884200000003485
-0.12018893200000003
0.16232686799999996
0.13667470799999995
0.11102254799999997
0.08537038799999996
0.059718227999999984
0.03406606799999995
0.00841390799999997
-0.01723825200000001
-0.02681505700000003
-0.019632452000000022
-0.012449847000000014
-0.005267242000000061
0.0019153629999999477
0.009097967999999956
-0.03160345200000009
-0.04357447200000003
0.11923124799999996
0.03623225466666663
-0.046766738666666696
-0.12976573200000002
0.06177040799999997
-0.002873042000000048
-0.06751649200000004
0.009097962999999931
0.08571241799999996
-0.014844047000000027
-0.11540051200000007
-0.02681505200000006
0.06177040799999997
0.018674787999999942
-0.02442083200000006
-0.02202664200000004
-0.019632452000000022
-0.011971008000000005
-0.0043095640000000435
0.0033518799999999738
0.011013323999999935
0.018674767999999953
-0.05793969200000004
0.06655880799999997
-0.06751649200000004
-0.054348380750000036
-0.04118026950000003
-0.02801215825000003
-0.014844047000000027
-0.0016759357500000238
0.01149217549999998
0.024660286749999982
0.037828397999999985
-0.0004788370000000097
-0.03878607200000006
0.009097957999999962
-0.0052672520000000556
-0.019632462000000017
-0.033997672000000034
0.037828397999999985
0.03639187399999999
0.034955349999999996
0.033518825999999946
0.03208230199999995
0.030645777999999957
-0.002873042000000048
-0.13934253200000002
-0.03240152533333335
0.0745394813333333
0.18148048799999994
-0.18243818200000006
-0.08786721200000008
0.006703757999999949
0.10127472799999993
0.19584569799999996
-0.21595697200000002
0.23415292399999996
-0.24468743200000004
-0.13096284700000005
-0.01723826200000006
0.09648632299999998
0.21021090799999997
0.14727760228571424
0.0843442965714285
0.02141099085714282
-0.04152231485714292
-0.10445562057142865
-0.16738892628571433
-0.23032223200000007
0.25330653799999997
-0.24468743200000004
-0.010055657000000051
0.22457611799999996
-0.24468743200000004
0.22936451799999996
-0.007661434500000064
-0.00885854212500009
-0.010055649750000062
-0.011252757375000033
-0.01244986500000006
-0.04932056840000004
-0.08619127180000002
-0.12306197520000006
-0.15993267860000004
-0.19680338200000003
0.18148048799999994
-0.17286135200000002
-0.02442085200000005
0.12401964799999995
0.06416460799999996
0.00430956799999993
-0.055545472000000096
-0.11540051200000007
0.12880804799999995
0.0019153579999999226
-0.12497733200000005
-0.029209262000000014
0.06655880799999997
-0.06272809200000001
0.047405197999999954
0.02825158049999993
0.009097962999999931
-0.010055654500000066
-0.029209272000000064
-0.0052672520000000556
-0.0076614520000000685
-0.010055652000000026
-0.012449852000000039
-0.014844052000000052
0.011492172999999994
0.037828397999999985
-0.012449847000000014
-0.06272809200000001
-0.02920926700000004
0.004309557999999991
0.037828382999999965
0.07134720799999997
-0.11061211200000004
0.10007762799999995
0.023463174666666642
-0.05315127866666669
-0.12976573200000002
0.11923124799999996
-0.012449842000000044
-0.14413093200000004
0.11923124799999996
0.07038953199999995
0.021547815999999942
-0.027293900000000038
-0.07613561600000002
-0.12497733200000005
0.11444283799999996
0.08271966799999997
0.050996497999999946
0.01927332799999998
-0.012449842000000044
-0.05793969200000004
0.042616797999999956
0.01548250799999995
-0.011651782000000055
-0.03878607200000006
-0.010055652000000026
-0.006464347000000037
-0.0028730419999999923
0.0007182629999999968
0.004309567999999986
-0.019632452000000022
-0.00885854700000005
0.0019153579999999781
0.012689263000000006
0.02346316799999998
0.002713421333333299
-0.01803632533333338
-0.03878607200000006
0.02825156799999995
-0.019632452000000022
-0.016212163428571458
-0.012791874857142893
-0.009371586285714328
-0.005951297714285708
-0.0025310091428571435
0.0008892794285714212
0.004309567999999986
-0.0028730419999999923
-0.010055652000000026
-0.019632452000000022
-0.0004788520000000296
-0.003671118666666695
-0.0068633853333333605
-0.010055652000000026
-0.0004788520000000296
-0.00047884200000003485
-0.00526724700000003
-0.010055652000000026
-0.0076614520000000685
-0.0052672520000000556
-0.006464352000000062
-0.0076614520000000685
-0.00885855200000002
-0.010055652000000026
0.004309567999999986
-0.014844052000000052
-0.0076614520000000685
-0.0004788520000000296
-0.0068633853333333605
-0.013247918666666691
-0.019632452000000022
-0.0004788520000000296
0.0019153579999999781
0.004309567999999986
0.0063617394285714335
0.008413910857142826
0.010466082285714273
0.012518253714285665
0.014570425142857113
0.016622596571428505
0.018674767999999953
-0.010055652000000026
0.004309567999999986
0.013886367999999982
0.004309567999999986
0.005506667999999992
0.006703767999999999
0.00790086799999995
0.009097967999999956
-0.0052672520000000556
0.0019153579999999226
0.002713427999999962
0.0035114979999999463
0.004309567999999986
0.005506667999999992
0.006703767999999999
0.00790086799999995
0.009097967999999956
0.006703764666666612
0.004309561333333267
0.0019153579999999226
-0.00047884533333336643
-0.002873048666666711
-0.0052672520000000556
0.004309567999999986
-0.0004788520000000296
-0.010055652000000026
0.013886367999999982
-0.014844052000000052
-0.0052672520000000556
-0.006224932000000072
-0.007182612000000033
-0.008140292000000049
-0.00909797200000001
-0.010055652000000026
-0.010055652000000026
-0.010055652000000026
-0.0004788520000000296
0.001915352999999953
0.004309557999999936
0.006703762999999974
0.009097967999999956
-0.0028730520000000426
-0.0004788520000000296
-0.0004788520000000296
-0.0004788520000000296
0.001117287999999994
0.002713427999999962
0.004309567999999986
0.0031124629999999542
0.0019153579999999781
0.000718253000000002
-0.0004788520000000296
-0.019632452000000022
-0.011651778666666668
-0.0036711053333333687
0.004309567999999986
-0.014844052000000052
-0.014844052000000052
-0.012791880571428604
-0.010739709142857212
-0.008687537714285765
-0.006635366285714317
-0.004583194857142869
-0.0025310234285714772
-0.0004788520000000296
-0.0052672520000000556
0.018674767999999953
0.013886362999999957
0.009097957999999962
0.004309552999999966
-0.0004788520000000296
-0.0028730520000000426
-0.010055652000000026
-0.009523607555555591
-0.008991563111111156
-0.008459518666666721
-0.007927474222222286
-0.0073954297777777955
-0.0068633853333333605
-0.0063313408888889255
-0.0057992964444444906
-0.0052672520000000556
-0.0076614520000000685
-0.00047884200000003485
0.004309567999999986
