-0.001316850000000258
0.00826014999999991
-0.015681849999999997
-0.015681849999999997
-0.015681849999999997
-0.02765285000000084
-0.03962385000000168
-0.03962385000000168
-0.03962385000000168
-0.03962385000000168
-0.032441350000000924
-0.025258850000000166
-0.015681849999999997
-0.006104850000001605
-0.015681849999999997
-0.0037108500000009315
0.00826014999999991
0.010654150000000584
0.013048149999999481
0.00347164999999805
-0.006104850000001605
-0.009297183333334402
-0.0124895166666672
-0.015681849999999997
-0.015681849999999997
-0.018076049999999455
-0.02047025000000069
-0.022864450000000147
-0.02525865000000138
-0.02765285000000084
-0.021667350000001306
-0.015681849999999997
-0.015681849999999997
-0.025258850000000166
-0.034835850000000335
-0.0332395166666668
-0.031643183333335045
-0.030046850000001513
-0.022864350000000755
-0.015681849999999997
-0.02047035000000008
-0.025258850000000166
-0.03004735000000025
-0.034835850000000335
-0.025258850000000166
-0.015681849999999997
-0.006104850000001605
-0.025258850000000166
-0.001316850000000258
-0.0045091833333330555
-0.007701516666667629
-0.010893850000000427
-0.0061053500000003424
-0.001316850000000258
-0.010893850000000427
-0.01280905000000132
-0.014724250000000438
-0.016639450000001332
-0.01855465000000045
-0.020469850000001344
-0.020469850000001344
-0.020469850000001344
-0.020469850000001344
-0.020469850000001344
-0.001316850000000258
-0.0045091833333330555
-0.007701516666667629
-0.010893850000000427
-0.015681849999999997
-0.0132878500000011
-0.010893850000000427
-0.008499350000001016
-0.006104850000001605
-0.006104850000001605
-0.006104850000001605
-0.006104850000001605
-0.006104850000001605
-0.006104850000001605
-0.006104850000001605
-0.006104850000001605
-0.006104850000001605
-0.009297183333334402
-0.0124895166666672
-0.015681849999999997
-0.010893850000000427
-0.025258850000000166
-0.0132878500000011
-0.02206651666666737
-0.030845183333335413
-0.03962385000000168
-0.032441350000000924
-0.025258850000000166
-0.018076350000001185
-0.010893850000000427
-0.008499350000001016
-0.006104850000001605
-0.015681849999999997
-0.015681849999999997
-0.020469850000001344
-0.01807585000000067
-0.015681849999999997
-0.022864350000000755
-0.030046850000001513
-0.02525835000000143
-0.020469850000001344
-0.020469850000001344
-0.020469850000001344
-0.020469850000001344
-0.020469850000001344
-0.020469850000001344
-0.020469850000001344
-0.020469850000001344
-0.020469850000001344
-0.019101850000001974
-0.017733850000000828
-0.01636585000000146
-0.014997850000000312
-0.013629850000000943
-0.012261849999999797
-0.010893850000000427
0.003472149999998564
0.002035549999998665
0.0005989499999987657
-0.0008376500000011333
-0.0022742500000010324
-0.0037108500000009315
-0.0051474500000008305
-0.00658405000000073
-0.008020650000000629
-0.009457250000000528
-0.010893850000000427
-0.009297516666666894
-0.007701183333335138
-0.006104850000001605
-0.010893349999999913
-0.015681849999999997
-0.030046850000001513
-0.02765285000000084
-0.020469850000001344
-0.010893850000000427
-0.0132878500000011
-0.02765285000000084
-0.030046850000001513
-0.015681849999999997
-0.01807585000000067
-0.017477350000000058
-0.016878850000001222
-0.01628035000000061
-0.015681849999999997
-0.014883850000000365
-0.014085850000000733
-0.0132878500000011
-0.012489849999999691
-0.01169185000000006
-0.010893850000000427
-0.008499350000001016
-0.030046850000001513
-0.025258850000000166
-0.02206651666666737
-0.018874183333332795
-0.015681849999999997
-0.013629707142857939
-0.011577564285714104
-0.009525421428572045
-0.00747327857142821
-0.005421135714286152
-0.0033689928571423167
-0.001316850000000258
-0.006104850000001605
-0.001316850000000258
-0.001316850000000258
-0.025258850000000166
-0.025258850000000166
-0.02446076666666741
-0.02366268333333288
-0.022864600000000124
-0.02206651666666737
-0.021268433333332837
-0.02047035000000008
-0.019672266666667326
-0.018874183333332795
-0.01807610000000004
-0.017278016666667284
-0.016479933333332752
-0.015681849999999997
-0.015681849999999997
-0.04441185000000125
-0.010893850000000427
0.0034716499999998263
-0.020469850000001344
-0.01807585000000067
-0.015681849999999997
-0.0132878500000011
-0.010893850000000427
-0.025258850000000166
-0.020469850000001344
-0.015681849999999997
-0.018076049999999455
-0.02047025000000069
-0.022864450000000147
-0.02525865000000138
-0.02765285000000084
-0.030047050000000297
-0.03244125000000153
-0.03483545000000099
-0.03722965000000222
-0.03962385000000168
-0.010893850000000427
-0.006104850000001605
-0.0013163500000015205
0.003472149999998564
-0.015681849999999997
-0.034835850000000335
-0.042018349999999316
-0.049200850000000074
-0.03483551666666784
-0.020470183333333836
-0.006104850000001605
-0.07793085000000133
-0.04441185000000125
-0.01807585000000067
0.00826014999999991
-0.016878850000001222
-0.04201785000000058
-0.06715684999999993
-0.09229585000000107
-0.05079651666666685
-0.009297183333334402
0.03220214999999982
-0.03962385000000168
-0.05877785000000024
-0.02047035000000008
0.017837149999998303
-0.03962385000000168
-0.09708485000000167
-0.02765285000000084
0.04177914999999999
-0.025258850000000166
-0.030047183333334004
-0.03483551666666784
-0.03962385000000168
-0.04441218333333374
-0.04920051666666758
-0.05398885000000142
0.04656714999999956
-0.008499350000001016
-0.021667600000000675
-0.034835850000000335
0.020231149999998976
0.07529814999999829
0.046567649999998295
0.017837149999998303
0.009856483333331667
0.001875816666665031
-0.006104850000001605
-0.007302100000000422
-0.008499350000001016
-0.00969660000000161
-0.010893850000000427
-0.009696725000001294
-0.008499600000000385
-0.007302474999999475
-0.0061053500000003424
-0.034835850000000335
0.02262514999999965
-0.1114498500000014
-0.05398885000000142
0.003472149999998564
-0.010893349999999913
-0.025258850000000166
-0.065960350000001
-0.10666185000000006
-0.061171850000000916
-0.015681849999999997
0.029808149999999145
0.07529814999999829
0.04369454999999789
0.012090949999999268
-0.01951265000000113
-0.05111624999999975
-0.08271985000000015
0.044173149999998884
-0.04441185000000125
0.00826014999999991
0.005866149999999237
0.003472149999998564
0.009218149999998815
0.014964149999999066
0.020710149999999317
0.026456149999999568
0.03220214999999982
0.04297590000000007
0.053749650000000315
-0.001316850000000258
0.0058656500000005
0.013048149999999481
-0.004309725000000597
-0.021667600000000675
-0.03902547500000075
-0.05638335000000083
-0.07374122500000091
-0.09109910000000099
-0.10845697500000107
-0.12581485000000114
-0.07074835000000057
0.12318214999999988
0.06093289999999918
-0.0013163499999997441
-0.06356560000000044
-0.12581485000000114
0.00826014999999991
-0.025258850000000166
0.02980764999999863
0.0848741499999992
-0.13060385000000174
0.10881614999999911
0.015442649999998892
-0.07793085000000133
-0.008499350000001016
0.0609321499999993
-0.025258850000000166
-0.1114498500000014
-0.030047183333334004
0.05135548333333162
0.13275814999999902
-0.1880638500000007
-0.08910385000000076
0.009856149999999175
0.10881614999999911
0.005865649999998723
-0.09708485000000167
-0.018076350000001185
0.0609321499999993
-0.034835850000000335
0.07050914999999947
0.03858648333333292
0.006663816666666378
-0.025258850000000166
-0.03004710000000088
-0.0348353500000016
-0.039623600000000536
-0.04441185000000125
-0.020469850000001344
0.003472149999998564
0.02741414999999847
0.03220214999999982
0.0034716499999998263
-0.025258850000000166
0.013048149999999481
0.015442649999998892
0.017837149999998303
-0.05159485000000075
-0.12102685000000157
-0.08431568333333495
-0.04760451666666832
-0.010893349999999913
0.025817816666666715
0.06252898333333334
0.09924014999999997
0.04417340000000003
-0.010893349999999913
-0.17848785000000156
-0.08271985000000015
0.013048149999999481
-0.03722985000000101
-0.0875078500000015
-0.19764085000000087
-0.0875078500000015
0.02262514999999965
0.13275814999999902
-0.02286485000000127
-0.17848785000000156
-0.1018731833333355
-0.025258516666667674
0.05135614999999838
0.04656714999999956
0.02102914999999861
-0.004508850000000564
-0.030046850000001513
0.04177914999999999
-0.05877785000000024
-0.018076350000001185
0.02262514999999965
-0.044412350000001766
-0.1114498500000014
-0.08032535000000074
-0.049200850000000074
-0.07793125000000067
-0.10666165000000127
-0.1353920500000001
-0.1641224500000007
-0.1928528500000013
-0.06675818333333439
0.059336483333332524
0.18543114999999943
-0.22637185000000137
0.04177914999999999
0.00666414999999887
-0.02845085000000047
-0.06356585000000159
-0.061171850000000916
-0.05877785000000024
-0.044412516666666235
-0.030047183333334004
-0.015681849999999997
-0.18327585000000113
-0.08271935000000141
0.017837149999998303
0.00347164999999805
-0.010893850000000427
-0.025259050000000727
-0.03962425000000103
-0.05398944999999955
-0.06835464999999985
-0.08271985000000015
-0.04441185000000125
0.08008614999999963
-0.09708485000000167
-0.03004735000000025
0.03699014999999939
0.031004649999999856
0.025019149999998547
0.019033649999999014
0.013048149999999481
-0.006104850000001605
0.09445114999999937
0.053749899999999684
0.013048649999998219
-0.02765260000000147
-0.06835385000000116
0.003472149999998564
-0.025258850000000166
-0.023890707142857792
-0.02252256428571542
-0.02115442142857127
-0.019786278571428895
-0.01841813571428652
-0.017049992857144147
-0.015681849999999997
-0.014313707142857623
-0.01294556428571525
-0.011577421428572876
-0.010209278571430502
-0.008841135714286352
-0.0074729928571439785
-0.006104850000001605
-0.010893850000000427
0.008260149999998134
-0.010893349999999913
-0.049200350000001336
-0.029089050000001393
-0.00897775000000145
0.011133549999998493
0.031244849999998436
0.05135614999999838
-0.08271985000000015
-0.020469850000001344
0.04177914999999999
-0.11623785000000098
0.02741414999999847
0.003472149999998564
-0.025258516666667674
-0.05398918333333391
-0.08271985000000015
0.04177914999999999
0.005866149999999237
-0.030046850000001513
-0.09229635000000158
-0.15454585000000165
-0.04201835000000109
0.07050914999999947
0.003471483333331804
-0.06356618333333408
-0.13060385000000174
-0.065960350000001
-0.001316850000000258
-0.001316850000000258
-0.0061053500000003424
-0.010893850000000427
-0.034835850000000335
-0.05877785000000024
-0.034835850000000335
-0.010893850000000427
0.0010771500000004153
0.013048149999999481
-0.020470516666668104
-0.05398918333333391
-0.0875078500000015
-0.015681849999999997
-0.05239285000000038
-0.08910385000000076
-0.12581485000000114
0.09445114999999937
0.019432816666665076
-0.055585516666667445
-0.13060385000000174
0.00826014999999991
-0.022864350000000755
-0.05398885000000142
-0.04201785000000058
-0.030046850000001513
-0.04201785000000058
-0.05398885000000142
-0.04620772500000214
-0.03842660000000109
-0.030645475000000033
-0.022864350000000755
-0.015083225000001477
-0.007302100000000422
0.0004790250000006324
0.00826014999999991
-0.006105099999999197
-0.02047035000000008
-0.0037108500000009315
-0.036032350000001045
-0.06835385000000116
-0.10666185000000006
-0.015681849999999997
0.07529814999999829
-0.0013163500000015205
-0.07793085000000133
-0.05398885000000142
-0.030046850000001513
-0.006104850000001605
-0.0037108500000009315
-0.001316850000000258
-0.01887418333333457
-0.03643151666666711
-0.05398885000000142
-0.010893349999999913
-0.009297183333334402
-0.007701016666667115
-0.006104850000001605
0.00347164999999805
0.013048149999999481
-0.03722985000000101
-0.0875078500000015
-0.0801075772727291
-0.07270730454545671
-0.06530703181818254
-0.05790675909091014
-0.05050648636363775
-0.043106213636365354
-0.03570594090909296
-0.028305668181820565
-0.020905395454546394
-0.013505122727274
-0.006104850000001605
-0.02525835000000143
-0.04441185000000125
-0.020469850000001344
-0.034835850000000335
0.013048149999999481
0.0034716499999998263
-0.09229585000000107
-0.06516185000000085
-0.03802785000000064
-0.010893850000000427
-0.034835850000000335
-0.05877785000000024
-0.020469850000001344
-0.015681849999999997
-0.06835385000000116
0.03699014999999939
-0.008499350000001016
-0.05398885000000142
-0.015681849999999997
0.02262514999999965
-0.015681849999999997
-0.05398885000000142
-0.03962385000000168
-0.025258850000000166
-0.010893850000000427
-0.03004735000000025
-0.049200850000000074
-0.010893850000000427
-0.018874516666667063
-0.0268551833333337
-0.034835850000000335
-0.03451658333333363
-0.03419731666666692
-0.033878050000000215
-0.03355878333333351
-0.0332395166666668
-0.032920250000000095
-0.03260098333333339
-0.03228171666666846
-0.03196245000000175
-0.031643183333335045
-0.03132391666666834
-0.031004650000001632
-0.030685383333334926
-0.03036611666666822
-0.030046850000001513
-0.03962360000000231
-0.049200350000001336
-0.013287600000001731
0.02262514999999965
-0.022864350000000755
0.003472149999998564
-0.049200850000000074
-0.010893850000000427
-0.032441350000000924
-0.032441350000000924
-0.031643183333335045
-0.03084501666666739
-0.030046850000001513
-0.037229350000000494
-0.04441185000000125
0.00826014999999991
-0.0132878500000011
-0.034835850000000335
-0.015681849999999997
0.003472149999998564
-0.018075850000002447
-0.03962385000000168
-0.036431516666668884
-0.03323918333333431
-0.030046850000001513
-0.02765285000000084
-0.025258850000000166
-0.023662516666666633
-0.022066183333334877
-0.020469850000001344
-0.030046850000001513
-0.027652683333334593
-0.02525851666666945
-0.02286435000000253
-0.02685473888889156
-0.03084512777778059
-0.03483551666666784
-0.03882590555555687
-0.0428162944444459
-0.04680668333333493
-0.050797072222222184
-0.05478746111111121
-0.05877785000000024
-0.02286485000000127
0.013048149999999481
-0.049200850000000074
-0.025258850000000166
-0.001316850000000258
-0.030046850000001513
-0.030046850000001513
-0.0348353500000016
-0.03962385000000168
-0.04441234999999999
-0.049200850000000074
-0.03962385000000168
-0.015681849999999997
-0.015083349999999385
-0.014484850000000549
-0.013886349999999936
-0.0132878500000011
-0.012689350000000488
-0.012090849999999875
-0.01149235000000104
-0.010893850000000427
-0.018076350000001185
-0.025258850000000166
-0.025258850000000166
-0.026056849999999798
-0.026854850000001207
-0.02765285000000084
-0.02845085000000047
-0.02924885000000188
