-0.014365100000000908
-0.004788100000000739
-0.0015961000000004333
0.0015958999999998724
0.004787900000000178
-0.014365599999999645
-0.03351909999999947
-0.027134433333333874
-0.020749766666666503
-0.014365100000000908
-0.01675960000000032
-0.01915409999999973
-0.009577099999999561
-0.009976099999999377
-0.010375099999999193
-0.01077409999999901
-0.011173100000000602
-0.011572100000000418
-0.011971100000000234
-0.01237010000000005
-0.012769099999999867
-0.01316810000000146
-0.013567100000001275
-0.013966100000001092
-0.014365100000000908
-0.019153600000000992
-0.023942100000001076
0.004787900000000178
-0.009577099999999561
-0.004788599999999477
-0.0059857249999986095
-0.007182849999999519
-0.008379975000000428
-0.009577099999999561
-0.028730100000000647
-0.026336099999999973
-0.0239420999999993
-0.020749766666666503
-0.017557433333333705
-0.014365100000000908
-0.028730100000000647
-0.026336099999999973
-0.0239420999999993
-0.01675960000000032
-0.009577099999999561
-0.012450099999998798
-0.015323099999999812
-0.01819609999999905
-0.021069100000000063
-0.0239420999999993
-0.004788599999999477
-0.008379975000000428
-0.011971349999999603
-0.015562724999998778
-0.01915409999999973
-0.01915409999999973
-0.028730100000000647
-0.031124600000000058
-0.03351909999999947
-0.031124600000000058
-0.028730100000000647
-0.03351860000000073
-0.038307100000000815
-0.03208220000000139
-0.025857300000000194
-0.01963240000000077
-0.013407499999999573
-0.00718260000000015
-0.028730100000000647
-0.023143766666667176
-0.017557433333333705
-0.011971100000000234
-0.0063847666666667635
-0.0007984333333332927
0.004787900000000178
-0.011971100000000234
-0.028730100000000647
-0.031922433333333444
-0.03511476666666802
-0.038307100000000815
-0.034715850000001325
-0.031124600000000058
-0.02753334999999879
-0.0239420999999993
-0.014365100000000908
-0.028730100000000647
-0.02394176666666681
-0.019153433333334746
-0.014365100000000908
-0.004788100000000739
-0.009577099999999561
-0.009577099999999561
-0.009577099999999561
-0.01675960000000032
-0.0239420999999993
-0.022346100000000035
-0.020750099999998994
-0.01915409999999973
-0.023942266666667322
-0.02873043333333314
-0.03351860000000073
-0.03112435000000069
-0.028730100000000647
-0.0239420999999993
-0.01915409999999973
-0.011971100000000234
-0.004788100000000739
0.004788399999998916
0.014364900000000347
0.014364900000000347
0.014364900000000347
-0.004788100000000739
-0.007182350000000781
-0.009576600000000823
-0.011970850000000866
-0.014365099999999131
-0.016759349999999174
-0.019153599999999216
-0.017557433333333705
-0.015961266666666418
-0.014365100000000908
-0.018195900000000265
-0.02202669999999962
-0.025857500000000755
-0.029688300000000112
-0.03351909999999947
-0.0239420999999993
-0.014365100000000908
-0.0239420999999993
-0.02128187777777768
-0.018621655555554284
-0.015961433333332664
-0.013301211111111044
-0.010640988888887648
-0.007980766666666028
-0.005320544444444408
-0.002660322222221012
-9.99999993922529e-08
-0.014365100000000908
-0.011173099999998826
-0.022346100000000035
-0.03351909999999947
-0.03172347499999972
-0.029927849999999978
-0.028132225000000233
-0.026336600000000487
-0.02334372500000015
-0.02035084999999981
-0.017357975000001247
-0.014365100000000908
-0.011971100000000234
-0.005746099999999643
0.00047889999999917165
0.006703899999999763
0.012928899999998578
0.01915389999999917
-0.009577099999999561
-0.014365100000000908
-0.025139100000000525
-0.03591310000000014
-0.04668709999999976
-0.05746109999999938
-0.021548100000000403
-0.017101671428571663
-0.012655242857142923
-0.008208814285714183
-0.0037623857142872197
0.0006840428571415202
0.00513047142857026
0.009576899999999
-0.01675960000000032
-0.02035084999999981
-0.0239420999999993
-0.00718260000000015
0.009576899999999
-0.06703809999999955
-0.03351909999999947
-9.99999993922529e-08
-0.010260957142856242
-0.020521814285714868
-0.030782671428571717
-0.04104352857142857
-0.051304385714285416
-0.06156524285714404
-0.07182610000000089
0.014364900000000347
0.006156185714285556
-0.002052528571427459
-0.01026124285714225
-0.01846995714285704
-0.026678671428571832
-0.034887385714284846
-0.04309609999999964
0.0023944000000000187
-0.002128100000000188
-0.006650599999998619
-0.011173099999998826
-0.0023941000000000656
-0.014365100000000908
-0.026336099999999973
-0.038307100000000815
-0.047884100000000984
-0.05746109999999938
-0.05160854444444318
-0.045755988888888766
-0.03990343333333257
-0.034050877777778155
-0.02819832222222196
-0.022345766666667544
-0.01649321111111135
-0.010640655555556933
-0.004788100000000739
-0.07182610000000089
-0.05985510000000005
0.014364900000000347
-9.99999993922529e-08
-0.014365100000000908
-0.028730100000000647
0.033518900000000684
0.022984300000000957
0.01244970000000123
0.0019150999999997254
-0.008619500000000002
-0.01915409999999973
0.004787900000000178
0.028729900000000086
0.006384566666666203
-0.01915409999999973
-0.0143654333333334
-0.00957676666666707
-0.004788100000000739
-0.0034201000000013693
-0.002052100000000223
-0.0006841000000008535
0.0006839000000002926
0.0020518999999996623
0.0034199000000008084
0.004787900000000178
-0.019153599999999216
-0.004788100000000739
0.005985649999999509
0.016759399999999758
0.001197149999999425
-0.014365100000000908
-0.022146225000000186
-0.02992735000000124
-0.03770847500000052
-0.0454895999999998
-0.04369397500000005
-0.041898350000000306
-0.04010272500000056
-0.038307100000000815
-0.03651147500000107
-0.034715850000001325
-0.03292022500000158
-0.031124600000001834
-0.028730100000000647
0.009576899999999
-0.004788600000001253
-0.01915409999999973
-0.01915409999999973
-0.01915409999999973
-0.01675960000000032
-0.014365100000000908
-0.014365100000000908
-0.014365100000000908
-0.014365100000000908
-0.040701600000000226
-0.06703809999999955
-0.05746124285714238
-0.047884385714285216
-0.03830752857142805
-0.028730671428570886
-0.01915381428571372
-0.009576957142856557
-9.99999993922529e-08
-0.02553810000000034
0.004787900000000178
0.010944471428571134
0.017101042857143867
0.023257614285714823
0.02941418571428578
0.035570757142856735
0.04172732857142947
0.04788390000000042
-0.004788600000001253
-0.05746109999999938
0.014364900000000347
0.0026599000000011586
-0.009045099999999806
-0.020750099999998994
-0.03245509999999996
-0.04416009999999915
-0.05586510000000011
-0.0675700999999993
-0.07927510000000026
-0.09098009999999945
0.033518900000000684
-0.05905710000000042
-0.003192600000000212
0.052671899999999994
-0.07661410000000046
-0.052672100000000555
-0.028730100000000647
-0.004788100000000739
0.01915389999999917
0.020179971428570198
0.021206042857143004
0.022232114285714033
0.023258185714285062
0.02428425714285609
0.025310328571428897
0.026336399999999927
0.027362471428570956
0.02838854285714376
0.02941461428571479
0.03044068571428582
0.03146675714285685
0.032492828571429655
0.033518900000000684
-0.021205957142857557
-0.016124358503402547
-0.011042759863945761
-0.005961161224490752
-0.0008795625850339661
0.004202036054421043
0.00928363469387783
0.014365233333332839
-0.047884100000000984
-0.040701600000000226
-0.03351909999999947
-0.04309609999999964
-0.08140309999999928
-0.11971010000000071
-0.09949237777777853
-0.07927465555555635
-0.05905693333333417
-0.03883921111111199
-0.018621488888889814
0.0015962333333323642
0.04788390000000042
0.026335899999999413
0.004787900000000178
0.008139899999999756
0.011491899999999333
0.014843900000000687
0.018195900000000265
0.021547899999999842
0.013167899999999122
0.004787900000000178
-0.01915409999999973
0.026335899999999413
0.07182590000000033
0.0071824000000013655
-0.05746109999999938
-0.05027859999999862
-0.04309609999999964
-0.03471635000000006
-0.026336600000000487
-0.017956849999999136
-0.009577099999999561
-0.016161099999999706
-0.02274509999999985
-0.029329099999999997
-0.03591310000000014
-0.04249710000000029
-0.04908110000000043
-0.05566510000000058
-0.06224910000000072
-1.0000000116860974e-07
-0.012769100000001643
-0.02553810000000034
-0.038307100000000815
0.01915389999999917
-0.06224910000000072
-0.0430956000000009
-0.0239420999999993
-0.03032676666666667
-0.036711433333332266
-0.04309609999999964
-0.038307100000000815
-0.004788600000001253
0.028729900000000086
-0.007183099999998888
-0.04309609999999964
-0.028730849999998753
-0.014365599999999645
-3.500000005374204e-07
0.014364900000000347
-0.0239420999999993
-0.004788100000000739
0.007182900000000103
0.01915389999999917
0.010055799999999948
0.0009576999999989511
-0.00814040000000027
-0.017238500000001267
-0.026336600000000487
-0.026815400000000267
-0.027294200000000046
-0.027772999999999826
-0.028251799999999605
-0.028730599999999384
-0.009577099999999561
-0.04309609999999964
-0.01915409999999973
0.004787900000000178
-0.0023945999999988032
-0.009577099999999561
0.009576400000000262
0.028729900000000086
0.017237899999999584
0.005745899999999082
-0.005746099999999643
-0.017238100000000145
-0.028730100000000647
-0.0239420999999993
-0.01915409999999973
-0.015562599999999094
-0.011971100000000234
-0.008379600000001375
-0.004788100000000739
-0.027134433333332098
-0.02553826666666481
-0.0239420999999993
-0.026336099999999973
-0.028730100000000647
-0.025138850000001156
-0.021547600000001665
-0.0179563500000004
-0.014365100000000908
0.004787900000000178
0.0015958999999998724
-0.0015961000000004333
-0.004788100000000739
-0.0035911000000012905
-0.0023941000000000656
-0.0011970999999988408
-9.99999993922529e-08
-0.002873100000000406
-0.005746099999999643
-0.008619100000000657
-0.011492099999999894
-0.014365100000000908
-0.01244970000000123
-0.01053430000000155
-0.008618900000000096
-0.0067035000000004175
-0.004788100000000739
-0.028730766666667407
-0.011173099999998826
-0.010375099999999193
-0.009577099999999561
-0.01675960000000032
-0.0239420999999993
-0.026336099999999973
-0.028730100000000647
-0.009577099999999561
-0.01675960000000032
-0.0239420999999993
-0.025538266666666587
-0.027134433333333874
-0.028730599999999384
-0.03032676666666667
-0.03192293333333396
-0.033519100000001245
-0.027134433333333874
-0.02074976666666828
-0.014365100000000908
-0.014365100000000908
-0.014365100000000908
-0.014365100000000908
-0.014365100000000908
-0.014365100000000908
-0.014365100000000908
-0.014365100000000908
-0.014365100000000908
-0.014365100000000908
-0.014365100000000908
-0.014365100000000908
-0.014365100000000908
-0.014365100000000908
-0.014365100000000908
-0.014365100000000908
-0.014365100000000908
-0.021547933333334157
-0.028730766666667407
-0.021547600000001665
-0.02035084999999981
-0.01915409999999973
-0.009577099999999561
-9.99999993922529e-08
-0.0013302111111102022
-0.002660322222221012
-0.003990433333333598
-0.005320544444444408
-0.006650655555555218
-0.007980766666666028
-0.009310877777778614
-0.010640988888889424
-0.011971100000000234
