-0.0008379699999999657
0.0009576800000000718
0.005746079999999987
0.005746079999999987
0.005746079999999987
0.0035513966666667063
0.0013567133333333148
-0.0008379700000000767
-0.003032653333333357
-0.005227336666666638
-0.007422020000000029
-0.00961670333333342
-0.011811386666666701
-0.011013319999999993
-0.010215253333333285
-0.009417186666666688
-0.00861911999999998
-0.022984319999999947
0.005746079999999987
0.0009576799999999608
-0.003830719999999954
-0.013407520000000006
-0.011013319999999993
-0.00861911999999998
-0.005426853333333259
-0.002234586666666649
0.0009576800000000718
0.0009576800000000718
0.0009576800000000718
0.0009576800000000718
0.0009576800000000718
0.0009576800000000718
0.0009576800000000718
0.0009576800000000718
-0.013407520000000006
0.0009576799999999608
-0.00861911999999998
-0.01580172000000002
-0.022984319999999947
-0.011013319999999993
0.0009576800000000718
-0.003830719999999954
-0.00861911999999998
-0.00861911999999998
-0.00861911999999998
-0.003830719999999954
0.0009576800000000718
-0.006224919999999967
-0.013407520000000006
-0.006224919999999967
0.0009576800000000718
0.0009576800000000718
-0.011013319999999993
-0.022984319999999947
-0.01819591999999992
-0.013407520000000006
-0.011013319999999993
-0.00861911999999998
-0.010215253333333285
-0.011811386666666701
-0.013407520000000006
-0.015003653333333311
-0.016599786666666727
-0.018195920000000032
-0.0014365199999999412
-0.003830719999999954
-0.006224919999999967
-0.00861911999999998
-0.00861911999999998
-0.00861911999999998
-0.013407520000000006
-0.018195920000000032
-0.00861911999999998
0.0009576800000000718
0.0009576800000000718
0.0009576800000000718
0.0009576800000000718
0.0009576800000000718
0.0009576800000000718
0.0009576800000000718
-0.0009576799999999608
-0.0028730399999999934
-0.004788399999999915
-0.0067037599999999475
-0.00861911999999998
-0.009576799999999941
-0.010534480000000013
-0.011492159999999974
-0.012449840000000045
-0.013407520000000006
-0.009816220000000042
-0.006224919999999967
-0.00442926999999993
-0.002633619999999892
-0.0008379699999999657
0.0009576800000000718
0.003351880000000085
-0.012210419999999944
-0.027772719999999973
-0.01819591999999992
-0.00861911999999998
-0.018195920000000032
-0.013407520000000006
-0.00861911999999998
-0.006224919999999967
-0.003830719999999954
-0.0014365199999999412
0.0009576800000000718
1.1102230246251565e-16
-0.0009576799999999608
-0.0019153599999999216
-0.0028730399999999934
-0.003830719999999954
-0.0014365199999999412
0.0009576800000000718
-0.013407520000000006
-0.013407520000000006
-0.013407520000000006
-0.013407520000000006
-0.01580172000000002
-0.018195920000000032
0.0009576800000000718
0.002154780000000023
0.003351880000000085
0.004548980000000036
0.005746079999999987
0.007661448000000015
0.009576816000000044
0.011492183999999961
0.01340755199999999
0.015322920000000018
-0.007022986666666564
-0.009816219999999931
-0.012609453333333298
-0.015402686666666665
-0.018195920000000032
0.0009576800000000718
-0.0014365199999999412
-0.003830719999999954
-0.006224919999999967
-0.00861911999999998
-0.005426853333333259
-0.002234586666666649
0.0009576800000000718
-0.0002394199999999902
-0.0014365199999999412
-0.002633619999999892
-0.003830719999999954
0.0009576800000000718
0.0009576800000000718
0.0009576800000000718
0.0009576800000000718
0.005746079999999987
-0.013407520000000006
-0.012875475555555571
-0.012343431111111136
-0.011811386666666701
-0.011279342222222266
-0.01074729777777772
-0.010215253333333285
-0.00968320888888885
-0.009151164444444415
-0.00861911999999998
-0.011013319999999993
-0.009018153333333334
-0.007022986666666675
-0.005027820000000016
-0.003032653333333246
-0.0010374866666665872
0.0009576800000000718
-0.013407520000000006
-0.00861911999999998
-0.003830719999999954
-0.005746079999999987
-0.007661440000000019
-0.009576799999999941
-0.011492159999999974
-0.013407520000000006
-0.011811386666666701
-0.010215253333333285
-0.00861911999999998
-0.009018153333333334
-0.009417186666666688
-0.009816220000000042
-0.010215253333333285
-0.010614286666666639
-0.011013319999999993
-0.006224919999999967
-0.009816220000000042
-0.013407520000000006
-0.01253690181818179
-0.011666283636363683
-0.010795665454545467
-0.00992504727272725
-0.009054429090909033
-0.008183810909090927
-0.00731319272727271
-0.006442574545454494
-0.005571956363636277
-0.004701338181818171
-0.003830719999999954
0.005746079999999987
-0.0006384533333332332
-0.007022986666666564
-0.003830719999999954
-0.018195920000000032
0.0009576800000000718
-0.002234586666666649
-0.005426853333333259
-0.00861911999999998
-0.0006384400000000179
0.007342240000000055
0.015322920000000018
-0.027772719999999973
-0.013407519999999895
0.0009576800000000718
-0.00861911999999998
0.00814029999999999
0.02489972000000007
0.018515173333333412
0.012130626666666644
0.005746079999999987
0.003830719999999954
0.0019153600000000326
0.0
-0.0019153599999999216
-0.003830719999999954
-0.009816220000000042
-0.01580172000000002
-0.00861911999999998
-0.013407520000000006
-0.018195920000000032
-0.003830719999999954
-0.01580172000000002
-0.027772719999999973
-0.011013319999999993
0.005746079999999987
-0.00861911999999998
-0.022984319999999947
-0.013407519999999895
-0.003830719999999954
-0.004728544999999973
-0.005626369999999992
-0.00652419500000001
-0.007422019999999918
-0.008319844999999937
-0.009217669999999956
-0.010115494999999974
-0.011013319999999993
0.005746100000000087
-0.005426839999999933
-0.016599779999999953
-0.027772719999999973
0.020111320000000044
0.010534510000000052
0.0009577000000000613
-0.008619110000000041
-0.018195920000000032
-0.009576792000000056
-0.0009576639999999692
0.007661464000000007
0.016280592000000094
0.02489972000000007
0.00574610666666675
-0.01340750666666668
-0.03256112
0.016919039999999996
0.00867234666666672
0.0004256533333333312
-0.007821040000000057
-0.016067733333333334
-0.02431442666666661
-0.03256112
-0.011811373333333375
0.00893837333333336
0.029688119999999985
-0.01340750666666668
0.012928706666666678
0.039264920000000036
-0.037349520000000025
0.04884171000000004
0.0009576950000000917
-0.046926319999999966
0.0033518949999999936
0.053630110000000064
0.020111300000000054
-0.013407509999999956
-0.046926319999999966
0.06320687999999997
-0.0038307450000000243
-0.07086836999999996
-0.05470750999999996
-0.038546649999999905
-0.02238578999999996
-0.006224929999999906
0.021308390000000066
0.04884171000000004
0.013726746666666734
-0.021388216666666682
-0.056503179999999986
0.020111320000000044
-0.01819592999999997
-0.056503179999999986
0.015322920000000018
-0.0022345599999999965
-0.01979204000000001
-0.037349520000000025
-0.011013300000000004
0.015322920000000018
0.0009577066666667244
-0.01340750666666668
-0.027772719999999973
0.0009576800000000718
-0.003830719999999954
-0.00861911999999998
-0.00861911999999998
-0.00861911999999998
0.015322920000000018
-0.0006384266666666916
-0.01659977333333329
-0.03256112
-0.0038306999999999647
0.02489972000000007
0.014365232000000061
0.0038307440000000526
-0.006703743999999956
-0.017238231999999964
-0.027772719999999973
0.0009576950000000917
0.02968810249999998
0.05841850999999998
-0.01580172999999996
-0.09002197
0.06320687999999997
0.01372673000000002
-0.035753420000000036
-0.08523356999999998
0.06320687999999997
0.02968806749999997
-0.0038307450000000243
-0.03734955750000002
-0.07086836999999996
0.039264920000000036
0.02011130333333333
0.0009576866666666239
-0.018195930000000082
-0.02617659333333333
-0.03415725666666669
-0.04213791999999994
-0.0197920399999999
0.0025538400000000294
0.02489972000000007
0.004549000000000025
-0.01580172000000002
-0.007422019999999918
0.0009576800000000718
-0.0007182599999999706
-0.002394199999999902
-0.004070139999999944
-0.005746079999999987
-0.007422019999999918
-0.00909795999999996
-0.010773900000000003
-0.012449839999999934
-0.014125779999999977
-0.01580172000000002
-0.01747765999999995
-0.019153599999999993
-0.020829539999999924
-0.022505479999999967
-0.02418142000000001
-0.02585735999999994
-0.027533299999999983
-0.029209240000000025
-0.030885179999999957
-0.03256112
-0.006224899999999978
0.020111320000000044
-0.011013319999999993
-0.00542685333333337
-0.009576800000000052
-0.009097960000000072
-0.00861911999999998
-0.018195920000000032
-0.00861911999999998
0.0009576800000000718
-0.00861911999999998
-0.018195920000000032
-0.015322880000000039
-0.012449840000000045
-0.009576799999999941
-0.0067037599999999475
-0.003830719999999954
-0.004894808888888824
-0.005958897777777694
-0.007022986666666564
-0.007821053333333272
-0.00861911999999998
-0.013407520000000006
-0.01819591999999992
-0.022984319999999947
-0.013407519999999895
-0.003830719999999954
0.010534480000000013
0.00861911999999998
0.0067037599999999475
0.004788400000000026
0.0028730399999999934
0.0009576799999999608
-0.002234586666666649
-0.00542685333333337
-0.00861911999999998
-0.00861911999999998
0.010534480000000013
0.009337380000000062
0.00814028
0.006943180000000049
0.005746079999999987
0.004548980000000036
0.003351880000000085
0.002154780000000023
0.0009576800000000718
-0.003830719999999954
-0.003830719999999954
-0.002633619999999892
-0.0014365199999999412
-0.0002394199999999902
0.0009576800000000718
0.0003591300000000963
-0.0002394199999999902
-0.0008379699999999657
-0.0014365199999999412
-0.003830719999999954
-0.003830719999999954
-0.013407520000000006
-0.013407520000000006
-0.013407520000000006
-0.00542685333333337
0.002553813333333377
0.010534480000000013
0.008938346666666708
0.007342213333333292
0.005746079999999987
0.005746079999999987
0.005746079999999987
0.005746079999999987
0.004681991111111117
0.0036179022222222468
0.002553813333333377
0.0014897244444445068
0.0004256355555555258
-0.0006384533333333442
-0.0017025422222222142
-0.002766631111111084
-0.003830719999999954
0.0025538133333332658
-0.0014365200000000522
-0.00542685333333337
-0.009417186666666688
-0.013407520000000006
-0.003830719999999954
-0.00861911999999998
-0.013407520000000006
-0.018195920000000032
-0.003830719999999954
-0.013407520000000006
-0.013407520000000006
-0.013407520000000006
-0.013407520000000006
-0.012723462857142875
-0.012039405714285745
-0.011355348571428614
-0.010671291428571372
-0.009987234285714242
-0.00930317714285711
-0.00861911999999998
-0.011013319999999993
-0.005027820000000016
0.0009576800000000718
-0.00861911999999998
-0.007422019999999918
-0.006224919999999967
-0.005027820000000016
-0.003830719999999954
-0.00861911999999998
-0.00861911999999998
-0.009417186666666688
-0.010215253333333285
-0.011013319999999993
-0.011811386666666701
-0.012609453333333298
-0.013407520000000006
0.0009576799999999608
-0.003830719999999954
-0.0014365199999999412
0.0009576799999999608
0.0033518799999999738
0.005746079999999987
-0.00861911999999998
-0.00861911999999998
0.0009576800000000718
