-0.005746079999999987
0.0014365200000000522
-0.0009576799999999608
0.0014365200000000522
-0.0033518799999999738
0.006224920000000078
-0.00015961333333325278
-0.006544146666666584
-0.012928679999999915
-0.005746079999999876
0.0014365200000000522
0.0014365200000000522
0.0014365200000000522
0.0014365200000000522
0.0014365200000000522
0.004628786666666662
0.007821053333333383
0.011013319999999993
0.0014365200000000522
0.0014365200000000522
-0.0017557466666666688
-0.004948013333333279
-0.00814028
-0.004948013333333279
-0.0017557466666666688
0.0014365200000000522
0.006224920000000078
0.0014365200000000522
0.0014365200000000522
0.0014365200000000522
0.0004788400000000914
-0.0004788399999999804
-0.0014365199999999412
-0.002394200000000013
-0.0033518799999999738
-0.015322879999999928
-0.00933737999999995
-0.0033518799999999738
-0.005746079999999987
-0.00814028
-0.006544146666666695
-0.004948013333333279
-0.0033518799999999738
-0.0033518799999999738
-0.0033518799999999738
-0.012928679999999915
0.0014365200000000522
0.01580172000000002
0.00861911999999998
0.0014365200000000522
0.0014365200000000522
0.0014365200000000522
0.0014365200000000522
0.0014365200000000522
0.003830720000000065
0.006224920000000078
0.004429270000000041
0.002633620000000003
0.0008379700000000767
-0.0009576799999999608
-0.00015961333333325278
0.0006384533333333442
0.0014365200000000522
-0.0033518799999999738
-0.00814028
0.006224920000000078
0.003032653333333357
-0.00015961333333325278
-0.0033518799999999738
0.0014365200000000522
0.006224920000000078
0.011013319999999993
0.011013319999999993
0.011013319999999993
0.011013319999999993
0.011013319999999993
0.011013319999999993
0.011013319999999993
0.011013319999999993
0.011013319999999993
0.011013319999999993
0.011013319999999993
-0.012928679999999915
-0.005746079999999987
0.0014365200000000522
0.01580172000000002
0.006224920000000078
-0.0033518799999999738
-0.0009576799999999608
0.0014365200000000522
0.003830720000000065
0.006224920000000078
0.00861911999999998
0.011013319999999993
0.011013319999999993
-0.012928679999999915
-0.012928679999999915
-0.012928679999999915
-0.0033518799999999738
0.0014365200000000522
0.006224920000000078
0.006224920000000078
0.006224920000000078
0.006224920000000078
0.003830720000000065
0.0014365200000000522
-0.006544166666666573
-0.01452485333333331
-0.022505539999999935
-0.00814028
-0.005746079999999987
-0.0033518799999999738
-0.00814028
0.003830719999999954
0.01580172000000002
0.00861911999999998
0.0014365200000000522
-0.0033518799999999738
-0.00814028
-0.0033518799999999738
0.0014365200000000522
-0.0009576799999999608
-0.0033518799999999738
-0.005746079999999987
-0.00814028
0.006224920000000078
-0.0033518799999999738
-0.0009576799999999608
0.0014365200000000522
-0.00015961333333325278
-0.0017557466666666688
-0.0033518799999999738
-0.012928709999999954
-0.022505539999999935
-0.010534509999999941
0.0014365200000000522
-0.022505539999999935
-0.019313263333333275
-0.016120986666666615
-0.012928709999999954
-0.009736433333333294
-0.006544156666666634
-0.0033518799999999738
-0.01771707999999994
-0.005746079999999987
-0.0033518799999999738
-0.0009576799999999608
0.0014365200000000522
-0.006544166666666573
-0.01452485333333331
-0.022505539999999935
-0.00814028
-0.0033518799999999738
0.0014365200000000522
0.006224920000000078
-0.012928679999999915
-0.011731579999999964
-0.010534479999999902
-0.00933737999999995
-0.00814028
0.006224920000000078
-0.005746079999999876
-0.01771707999999994
-0.012928679999999915
-0.008140279999999889
-0.0033518799999999738
0.0014365200000000522
0.006224920000000078
-0.0033518799999999738
-0.012928679999999915
0.01580172000000002
0.0014365200000000522
-0.0009576799999999608
-0.0033518799999999738
-0.005746079999999987
-0.00814028
0.006224920000000078
0.011013319999999993
0.0014365200000000522
-0.00814028
0.006224920000000078
0.006224920000000078
0.006224920000000078
-0.0033518799999999738
-0.012928679999999915
-0.004948013333333279
0.003032653333333357
0.011013319999999993
0.0014365200000000522
-0.0009576799999999608
-0.0033518799999999738
-0.005746079999999987
-0.00814028
-0.006544146666666695
-0.004948013333333279
-0.0033518799999999738
-0.0033518799999999738
0.01580172000000002
-0.0033518799999999738
0.003830719999999954
0.011013319999999993
-0.0009576799999999608
-0.012928679999999915
-0.006544146666666584
-0.00015961333333325278
0.006224920000000078
0.003830720000000065
0.0014365200000000522
-0.0009576799999999608
-0.0033518799999999738
0.006224920000000078
0.004788400000000026
0.003351880000000085
0.0019153600000000326
0.0004788400000000914
-0.0009576799999999608
0.006224920000000078
0.0014365200000000522
-0.0033518799999999738
-0.00814028
0.011013319999999993
-0.0033518799999999738
-0.01771707999999994
-0.006544146666666584
0.004628786666666662
0.01580172000000002
-0.0033519100000000135
-0.022505539999999935
-0.012928724999999974
-0.0033519100000000135
0.006224905000000058
0.01580172000000002
-0.00814028
-0.00814028
0.011013319999999993
-0.00814031000000004
-0.02729393999999996
-0.00814031000000004
0.011013319999999993
-0.0033518799999999738
-0.01771707999999994
-0.00933737999999995
-0.0009576799999999608
0.007422020000000029
0.01580172000000002
0.003830719999999954
-0.00814028
-0.006344629999999962
-0.004548979999999925
-0.0027533299999999983
-0.0009576799999999608
-0.005746079999999987
-0.012330144999999959
-0.018914210000000042
-0.025498275000000015
-0.03208233999999999
-0.011332586666666589
0.009417166666666699
0.030166920000000097
0.018195920000000032
0.006224920000000078
-0.005746079999999876
-0.01771707999999994
0.011013319999999993
-0.012928679999999915
-0.015322879999999928
-0.01771707999999994
-0.005746079999999876
-0.004948013333333279
-0.004149946666666571
-0.0033518799999999738
-0.004548979999999925
-0.005746079999999987
-0.006943180000000049
-0.00814028
-0.006544146666666695
-0.004948013333333279
-0.0033518799999999738
-0.0017557466666666688
-0.00015961333333325278
0.0014365200000000522
0.006224920000000078
-0.0033518799999999738
-0.02729393999999996
0.006224920000000078
-0.012928679999999915
-0.009736413333333305
-0.006544146666666584
-0.0033518799999999738
-0.0015562299999999363
0.0002394199999999902
0.0020350700000000277
0.003830719999999954
0.005626369999999992
0.007422020000000029
0.009217669999999956
0.011013319999999993
-0.012928679999999915
-0.0009576799999999608
-0.0033518799999999738
0.003830719999999954
0.011013319999999993
0.009417186666666688
0.007821053333333383
0.006224920000000078
0.004628786666666662
0.003032653333333357
0.0014365200000000522
-0.012928679999999915
0.01580172000000002
0.0014365200000000522
-0.012928679999999915
0.01580172000000002
-0.00814028
-0.004948013333333279
-0.0017557466666666688
0.0014365200000000522
-0.00814028
-0.00814028
-0.00814028
-0.0014365199999999412
0.005267240000000006
0.011971000000000065
0.018674760000000012
0.02537852000000007
0.00861911999999998
-0.00814028
0.01580172000000002
0.01580172000000002
0.00861911999999998
0.0014365200000000522
0.01580172000000002
0.006224920000000078
-0.0033518799999999738
-0.0009576799999999608
0.0014365200000000522
-0.0014365199999999412
-0.0043095599999999346
-0.007182599999999928
-0.010055639999999921
-0.012928679999999915
0.0014365200000000522
-0.0033518799999999738
-0.002454054999999955
-0.0015562299999999363
-0.0006584049999999175
0.00023942000000010122
0.001137245000000009
0.0020350700000000277
0.0029328950000000464
0.003830720000000065
-0.0033518799999999738
-0.010534479999999902
-0.010192451428571392
-0.009850422857142771
-0.009508394285714261
-0.00916636571428564
-0.00882433714285713
-0.00848230857142851
-0.00814028
-0.00814028
-0.00814028
-0.0009576799999999608
-0.0033518799999999738
-0.005746079999999987
-0.00814028
-0.01452483333333332
-0.02090938666666664
-0.02729393999999996
0.006224920000000078
-0.004548994999999945
-0.015322909999999967
-0.02609682499999999
-0.03687074000000001
-0.03276638857142855
-0.0286620371428572
-0.024557685714285737
-0.020453334285714275
-0.016348982857142813
-0.012244631428571462
-0.00814028
-0.02729393999999996
-0.0033518799999999738
-0.0009576799999999608
0.0014365200000000522
0.003830720000000065
0.006224920000000078
0.0014365200000000522
0.0014365200000000522
0.0014365200000000522
0.0014365200000000522
-0.012928679999999915
-0.005746079999999876
0.0014365200000000522
0.006224920000000078
-0.0033518799999999738
-0.010534479999999902
-0.01771707999999994
-0.00814028
0.0014365200000000522
-0.0009576799999999608
-0.0033518799999999738
0.0014365200000000522
0.006224919999999967
0.011013319999999993
-0.0033518799999999738
-0.00015961333333325278
0.003032653333333357
0.006224920000000078
0.0014365200000000522
-0.0033518799999999738
0.004628786666666662
0.012609453333333409
0.020590120000000045
0.0014365200000000522
-0.01771707999999994
-0.0033518799999999738
0.011013319999999993
0.009908304615384611
0.008803289230769229
0.007698273846153847
0.006593258461538465
0.005488243076923083
0.004383227692307701
0.0032782123076923186
0.0021731969230769366
0.0010681815384615545
-3.6833846153827565e-05
-0.0011418492307692096
-0.0022468646153845917
-0.0033518799999999738
-0.0033518799999999738
-0.0033518799999999738
0.00861911999999998
0.006224920000000078
-0.0033518799999999738
0.003830720000000065
-0.012928679999999915
-0.009736413333333305
-0.006544146666666584
-0.0033518799999999738
0.0014365200000000522
0.011013319999999993
0.0014365200000000522
-0.012928679999999915
-0.012928679999999915
-0.012928679999999915
-0.012928679999999915
-0.0033518799999999738
-0.009736433333333294
-0.016120986666666615
-0.022505539999999935
-0.02059016799999991
-0.018674795999999882
-0.016759423999999967
-0.014844051999999941
-0.012928679999999915
-0.00814028
-0.00814028
-0.00814028
-0.0033518799999999738
0.0014365200000000522
-0.00814028
-0.015322909999999967
-0.022505539999999935
-0.01771710999999987
-0.012928679999999915
-0.012928679999999915
-0.012928679999999915
-0.008140279999999889
-0.0033518799999999738
0.0014365200000000522
0.0014365200000000522
0.0014365200000000522
0.0014365200000000522
0.0014365200000000522
0.0014365200000000522
0.0014365200000000522
-0.012928679999999915
-0.0033518799999999738
-0.00814028
-0.00814028
-0.00814028
-0.005746079999999987
-0.0033518799999999738
-0.0043095599999999346
-0.005267240000000006
-0.006224919999999967
-0.007182600000000039
-0.00814028
-0.0033518799999999738
-0.012928679999999915
-0.0033518799999999738
-0.0009576799999999608
0.0014365200000000522
0.003830720000000065
0.006224920000000078
0.003830720000000065
0.0014365200000000522
-0.00814028
-0.01771707999999994
