0.01580172000000002
0.0014365200000000522
-0.012928679999999915
-0.0033518799999999738
0.006224920000000078
0.003032653333333357
-0.00015961333333325278
-0.0033518799999999738
-0.00814028
-0.00814028
-0.00814028
-0.006943180000000049
-0.005746079999999987
-0.004548979999999925
-0.0033518799999999738
-0.002154780000000023
-0.0009576799999999608
0.00023942000000010122
0.0014365200000000522
-0.0033518799999999738
0.0014365200000000522
-0.00814028
-0.00814028
-0.00814028
-0.00814028
-0.010534479999999902
-0.012928679999999915
-0.0033518799999999738
0.006224920000000078
0.006224920000000078
0.003032653333333357
-0.00015961333333325278
-0.0033518799999999738
-0.0033518799999999738
-0.0033518799999999738
0.0014365200000000522
0.006224920000000078
-0.012928679999999915
-0.011013319999999882
-0.00909795999999996
-0.007182599999999928
-0.005267240000000006
-0.0033518799999999738
0.003830720000000065
0.0032321700000000897
0.002633620000000003
0.0020350700000000277
0.0014365200000000522
-0.00015961333333325278
-0.0017557466666666688
-0.0033518799999999738
-0.0033518799999999738
-0.0033518799999999738
-0.0033518799999999738
-0.00814028
-0.0033518799999999738
0.0014365200000000522
0.006224920000000078
-0.00015961333333325278
-0.006544146666666584
-0.012928679999999915
-0.0033518799999999738
0.006224920000000078
0.011013320000000104
0.01580172000000002
-0.012928679999999915
-0.010534479999999902
-0.00814028
-0.005746079999999987
-0.0033518799999999738
-0.0017557466666666688
-0.00015961333333325278
0.0014365200000000522
-0.006544166666666573
-0.01452485333333331
-0.022505539999999935
-0.015322909999999967
-0.00814028
-0.0033518799999999738
0.0014365200000000522
-0.0033518799999999738
-0.002667822857142843
-0.0019837657142857124
-0.0012997085714285816
-0.0006156514285713399
6.840571428579079e-05
0.0007524628571429215
0.0014365200000000522
0.0014365200000000522
-0.012928679999999915
0.003830720000000065
0.003351880000000085
0.0028730400000001044
0.002394200000000013
0.0019153600000000326
0.0014365200000000522
0.0014365200000000522
0.0014365200000000522
0.0014365200000000522
-0.0004788399999999804
-0.002394200000000013
-0.0043095599999999346
-0.006224919999999967
-0.00814028
-0.005746079999999987
-0.0009576799999999608
-0.00814028
-0.005746079999999987
-0.0033518799999999738
-0.00814028
-0.012928679999999915
-0.010534479999999902
-0.00814028
-0.0033518799999999738
-0.0043095599999999346
-0.005267240000000006
-0.006224919999999967
-0.007182600000000039
-0.00814028
-0.012928679999999915
-0.011731579999999964
-0.010534479999999902
-0.00933737999999995
-0.00814028
-0.006943179999999938
-0.005746079999999987
-0.004548979999999925
-0.0033518799999999738
0.01580172000000002
-0.008140309999999928
0.0014365200000000522
0.01580172000000002
0.012210420000000055
0.00861911999999998
0.005027820000000016
0.0014365200000000522
-0.0033518799999999738
0.006224920000000078
0.003830720000000065
0.0014365200000000522
-0.0009576799999999608
-0.0033518799999999738
0.006224920000000078
0.01580172000000002
0.02537852000000007
0.020590120000000045
0.01580172000000002
0.011013320000000104
0.006224920000000078
-0.005746079999999876
-0.01771707999999994
0.0014365200000000522
0.006224920000000078
0.011013319999999993
0.011013319999999993
0.011013319999999993
0.011013319999999993
0.00861911999999998
0.006224920000000078
-0.012928679999999915
-0.012928679999999915
-0.012928679999999915
-0.0033518799999999738
0.006224920000000078
0.01580172000000002
0.01580172000000002
0.01580172000000002
0.007821053333333383
-0.0001596133333333638
-0.00814028
-0.004948013333333279
-0.0017557466666666688
0.0014365200000000522
0.0007524628571429215
6.840571428579079e-05
-0.0006156514285713399
-0.0012997085714285816
-0.0019837657142857124
-0.002667822857142843
-0.0033518799999999738
0.00861911999999998
-0.01771707999999994
-0.01771707999999994
-0.01452481333333333
-0.01133254666666661
-0.00814028
-0.006344629999999962
-0.004548979999999925
-0.0027533299999999983
-0.0009576799999999608
0.0008379700000000767
0.002633620000000003
0.004429270000000041
0.006224920000000078
-0.005746079999999876
-0.010534479999999902
-0.00933737999999995
-0.00814028
-0.00848230857142851
-0.00882433714285713
-0.00916636571428564
-0.009508394285714261
-0.009850422857142771
-0.010192451428571392
-0.010534479999999902
-0.004548979999999925
0.0014365200000000522
-0.00814028
-0.004548979999999925
-0.0009576799999999608
0.002633620000000003
0.006224920000000078
0.00023942000000010122
-0.005746079999999876
-0.011731579999999964
-0.01771707999999994
0.00861911999999998
-0.00814028
0.0014365200000000522
-0.0004788399999999804
-0.002394200000000013
-0.0043095599999999346
-0.006224919999999967
-0.00814028
0.01580172000000002
0.007422020000000029
-0.0009576799999999608
-0.00933737999999995
-0.01771707999999994
0.011013319999999993
0.0014365200000000522
0.003830720000000065
0.006224920000000078
-0.0009576799999999608
-0.00814028
0.0014365200000000522
0.011013319999999993
0.006224919999999967
0.0014365200000000522
-0.0033518799999999738
0.011013319999999993
-0.00814031000000004
-0.02729393999999996
-0.0009577099999998895
0.02537852000000007
0.006224920000000078
-0.012928679999999915
-0.008140279999999889
-0.0033518799999999738
0.0014365200000000522
0.003830720000000065
0.006224920000000078
0.003830720000000065
0.0014365200000000522
-0.0033518799999999738
-0.00814028
-0.00909795999999996
-0.010055639999999921
-0.011013319999999993
-0.011970999999999954
-0.012928679999999915
-0.005746079999999876
0.01580172000000002
-0.0009576799999999608
-0.01771707999999994
-0.00814028
0.0014365200000000522
-0.010534509999999941
-0.022505539999999935
-0.019632487999999948
-0.01675943599999996
-0.013886383999999974
-0.011013331999999987
-0.00814028
-0.0009576799999999608
0.003032653333333357
0.007022986666666675
0.011013319999999993
-0.022505539999999935
-0.0057461099999999155
0.011013319999999993
-0.0057461099999999155
-0.022505539999999935
-0.015322909999999967
-0.00814028
-0.005267240000000006
-0.002394200000000013
0.0004788400000000914
0.003351880000000085
0.006224920000000078
0.0014365200000000522
-0.0033518799999999738
-0.0009576799999999608
0.00023942000000010122
0.0014365200000000522
-0.0033518799999999738
-0.00814028
0.0014365200000000522
0.011013319999999993
0.0014365200000000522
-0.00814028
-0.0009576799999999608
0.006224920000000078
0.004628786666666773
0.003032653333333357
0.0014365200000000522
-0.0033518799999999738
-0.00814028
-0.0009576799999999608
0.006224920000000078
-0.012928679999999915
-0.00814028
-0.0033518799999999738
-0.012928709999999954
-0.022505539999999935
0.0014364900000000125
0.02537852000000007
0.00861911999999998
-0.00814028
-0.0033518799999999738
0.0014365200000000522
0.006224919999999967
0.011013319999999993
-0.012928679999999915
0.006224920000000078
0.007821053333333383
0.009417186666666688
0.011013319999999993
-0.01771707999999994
-0.006544146666666584
0.004628786666666662
0.01580172000000002
0.01318986545454548
0.01057801090909094
0.0079661563636364
0.005354301818181861
0.002742447272727322
0.00013059272727278248
-0.002481261818181757
-0.005093116363636296
-0.007704970909090836
-0.010316825454545375
-0.012928679999999915
-0.0009577099999998895
0.011013319999999993
0.006224920000000078
-0.00814028
0.0014365200000000522
0.011013319999999993
0.007821053333333383
0.004628786666666662
0.0014365200000000522
-0.0017557466666666688
-0.004948013333333279
-0.00814028
-0.01133254666666661
-0.01452481333333333
-0.01771707999999994
-0.0033518799999999738
0.011013319999999993
-0.0009577099999998895
-0.00814028
0.00861911999999998
-0.002154780000000023
-0.012928679999999915
-0.010534479999999902
-0.008140279999999889
-0.005746079999999876
-0.00047883999999986937
0.004788400000000137
0.010055640000000032
0.015322880000000039
0.020590120000000045
-0.012928679999999915
0.030166920000000097
0.021787220000000107
0.013407520000000006
0.005027820000000016
-0.0033518799999999738
0.006224920000000078
-0.012928709999999954
-0.03208233999999999
-0.015322909999999967
0.0014365200000000522
-0.0033518799999999738
-0.00814028
0.006224919999999967
0.020590120000000045
0.03495532000000001
0.011013300000000004
-0.012928720000000005
-0.03687074000000001
-0.0033518799999999738
-0.006224919999999967
-0.00909795999999996
-0.011970999999999954
-0.014844039999999947
-0.01771707999999994
-0.00814028
0.0014365200000000522
0.011013319999999993
-0.00814031000000004
-0.011731617500000069
-0.015322924999999987
-0.018914232499999906
-0.022505539999999935
0.0014365200000000522
-0.004948013333333279
-0.01133254666666661
-0.01771707999999994
0.006224920000000078
-0.0009576799999999608
-0.00814028
-0.01771710000000004
-0.02729391999999997
-0.03687074000000001
-0.019313253333333336
-0.0017557666666666583
0.01580172000000002
-0.022505539999999935
0.01580172000000002
0.004628786666666662
-0.006544146666666584
-0.01771707999999994
-0.00814028
-0.00848230857142851
-0.00882433714285713
-0.00916636571428564
-0.009508394285714261
-0.009850422857142771
-0.010192451428571392
-0.010534479999999902
-0.0009577099999998895
-0.0005586716666665659
-0.00015963333333324226
0.00023940500000008136
0.000638443333333405
0.0010374816666667286
0.0014365200000000522
-0.00814028
-0.0033518799999999738
0.0014365200000000522
0.0014365200000000522
0.003830720000000065
0.006224920000000078
-0.01771707999999994
-0.012928680000000026
-0.00814028
-0.0009576799999999608
0.006224920000000078
-0.0033518799999999738
-0.012928679999999915
-0.006544146666666584
-0.00015961333333325278
0.006224920000000078
-0.0033518799999999738
-0.012928679999999915
-0.004948013333333279
0.003032653333333357
0.011013319999999993
0.003830719999999954
-0.0033518799999999738
0.011013319999999993
0.009816220000000042
0.00861911999999998
0.007422020000000029
0.006224920000000078
-0.0033518799999999738
-0.0033518799999999738
-0.0033518799999999738
-0.0033518799999999738
-0.0033518799999999738
-0.0033518799999999738
-0.0033518799999999738
-0.0033518799999999738
-0.0033518799999999738
-0.0033518799999999738
-0.0033518799999999738
-0.0033518799999999738
-0.0033518799999999738
-0.0033518799999999738
-0.0033518799999999738
-0.0033518799999999738
-0.0033518799999999738
-0.0033518799999999738
-0.0033518799999999738
-0.0033518799999999738
-0.0033518799999999738
-0.0033518799999999738
-0.0033518799999999738
-0.01771707999999994
0.0014365200000000522
0.01580172000000002
0.0014365200000000522
-0.010534479999999902
0.0014365200000000522
0.01580172000000002
0.015092327407407402
0.014382934814814785
0.013673542222222279
0.012964149629629662
0.012254757037037045
0.011545364444444428
0.010835971851851922
0.010126579259259305
0.009417186666666688
0.008707794074074071
0.007998401481481454
0.007289008888888948
0.006579616296296331
0.005870223703703714
0.005160831111111097
0.004451438518518591
0.003742045925925974
0.003032653333333357
0.00232326074074074
0.0016138681481481232
0.0009044755555556172
0.0001950829629630002
-0.0005143096296296168
-0.0012237022222222338
-0.0019330948148147398
-0.0026424874074073568
-0.0033518799999999738
-0.0009576799999999608
0.0014365200000000522
0.003830720000000065
0.006224920000000078
0.0014365200000000522
-0.0033518799999999738
-0.008140279999999889
-0.012928679999999915
-0.01771707999999994
-0.015801719999999908
-0.013886359999999986
-0.011970999999999954
-0.010055640000000032
-0.00814028
-0.004149946666666682
-0.00015961333333325278
0.004628786666666773
0.004628786666666773
-0.0033518799999999738
0.003830720000000065
0.0032321700000000897
0.002633620000000003
0.0020350700000000277
0.0014365200000000522
-0.0033518799999999738
-0.0017557466666666688
0.013407520000000006
-0.0009576799999999608
-0.0027533299999999983
-0.004548979999999925
-0.006344629999999962
-0.00814028
-0.005746079999999876
0.002633620000000003
0.011013319999999993
-0.0009576799999999608
