-0.0067037599999999475
-0.007182600000000039
-0.007661440000000019
-0.00814028
0.011013319999999993
-0.0009576799999999608
0.006224920000000078
0.0014365200000000522
-0.0009576799999999608
-0.0033518799999999738
-0.010534479999999902
-0.01771707999999994
-0.015921429999999903
-0.014125779999999977
-0.01233012999999994
-0.010534479999999902
-0.008738829999999975
-0.006943179999999938
-0.005147530000000011
-0.0033518799999999738
-0.006544146666666584
-0.009736413333333305
-0.012928679999999915
-0.00814028
0.020590120000000045
-0.005746079999999987
-0.005267240000000006
-0.004788400000000026
-0.0043095599999999346
-0.003830719999999954
-0.0033518799999999738
0.006224920000000078
0.006224920000000078
0.007422020000000029
0.00861911999999998
0.009816220000000042
0.011013319999999993
0.006224920000000078
0.0014365200000000522
0.00223458666666676
0.003032653333333357
0.003830720000000065
0.004628786666666773
0.00542685333333337
0.006224920000000078
0.006224920000000078
0.0014365200000000522
-0.0033518799999999738
-0.0033518799999999738
-0.0033518799999999738
-0.0033518799999999738
-0.006544146666666584
-0.009736413333333305
-0.012928679999999915
0.011013319999999993
0.003830719999999954
-0.0033518799999999738
-0.00814028
0.003830719999999954
0.01580172000000002
0.00861911999999998
0.0014365200000000522
0.0014365200000000522
0.0014365200000000522
-0.0033518799999999738
-0.00814028
-0.006544146666666695
-0.004948013333333279
-0.0033518799999999738
-0.006544156666666634
-0.009736433333333294
-0.012928709999999954
-0.016120986666666615
-0.019313263333333275
-0.022505539999999935
0.006224920000000078
0.003032653333333357
-0.00015961333333325278
-0.0033518799999999738
0.0014365200000000522
-0.00814028
-0.0033518799999999738
-0.002667822857142843
-0.0019837657142857124
-0.0012997085714285816
-0.0006156514285713399
6.840571428579079e-05
0.0007524628571429215
0.0014365200000000522
0.00023942000000010122
-0.0009576799999999608
-0.00814028
-0.00814028
0.0014365200000000522
-0.0033518799999999738
-0.00814028
-0.010534479999999902
-0.012928679999999915
-0.01133254666666661
-0.009736413333333305
-0.00814028
-0.009736413333333305
-0.01133254666666661
-0.012928679999999915
0.006224920000000078
0.00542685333333337
0.004628786666666773
0.003830720000000065
0.003032653333333357
0.00223458666666676
0.0014365200000000522
0.011013319999999993
-0.00814028
-0.012928679999999915
-0.009508394285714261
-0.006088108571428497
-0.002667822857142843
0.0007524628571429215
0.004172748571428575
0.00759303428571434
0.011013319999999993
-0.00814028
0.013407520000000006
-0.0033518799999999738
0.003830719999999954
0.011013319999999993
-0.0033518799999999738
0.0014365200000000522
0.006224919999999967
0.011013319999999993
0.00861911999999998
0.006224920000000078
0.004628786666666773
0.003032653333333357
0.0014365200000000522
0.0014365200000000522
-0.0033518799999999738
0.003032653333333357
0.009417186666666688
0.01580172000000002
-0.00814028
-0.010534479999999902
-0.012928679999999915
-0.00814028
-0.0033518799999999738
-0.0017557466666666688
-0.00015961333333325278
0.0014365200000000522
0.001968564444444487
0.002500608888888922
0.003032653333333357
0.003564697777777792
0.004096742222222338
0.004628786666666773
0.005160831111111208
0.005692875555555643
0.006224920000000078
-0.0009576799999999608
0.011013320000000104
0.011013319999999993
-0.03687074000000001
-0.020111309999999993
-0.0033518799999999738
0.0014365200000000522
0.006224920000000078
0.004429270000000041
0.002633620000000003
0.0008379700000000767
-0.0009576799999999608
-0.0005586466666666068
-0.00015961333333325278
0.00023942000000010122
0.0006384533333333442
0.0010374866666666982
0.0014365200000000522
-0.0009576799999999608
0.011013319999999993
0.00861911999999998
0.006224920000000078
0.011013320000000104
0.01580172000000002
0.007821053333333383
-0.0001596133333333638
-0.00814028
-0.005746079999999987
-0.0033518799999999738
0.003830719999999954
0.011013319999999993
0.007182600000000039
0.0033518799999999738
-0.0004788399999999804
-0.004309560000000046
-0.00814028
0.0014365200000000522
0.011013319999999993
0.003830719999999954
-0.0033518799999999738
-0.0014365199999999412
0.0004788400000000914
0.002394200000000013
0.004309560000000046
0.006224920000000078
-0.005746079999999987
0.002633620000000003
0.011013319999999993
-0.0033518799999999738
-0.01771707999999994
-0.010534479999999902
-0.0033518799999999738
0.003830720000000065
0.011013320000000104
0.018195920000000032
0.02537852000000007
0.006224920000000078
0.011013319999999993
-0.00814028
-0.0033518799999999738
0.0014365200000000522
0.006224919999999967
0.011013319999999993
-0.00814028
-0.006544146666666695
-0.004948013333333279
-0.0033518799999999738
-0.008140309999999928
0.01580172000000002
0.0014365000000000627
-0.012928720000000005
-0.02729393999999996
-0.011332586666666589
0.004628766666666673
0.020590120000000045
0.014205586666666714
0.007821053333333383
0.0014365200000000522
0.006224920000000078
0.004628786666666773
0.003032653333333357
0.0014365200000000522
-0.012928679999999915
0.0014365200000000522
-0.00814028
-0.01771707999999994
-0.0033518799999999738
-0.006544146666666584
-0.009736413333333305
-0.012928679999999915
-0.005746079999999876
0.0014365200000000522
0.00861911999999998
0.01580172000000002
-0.022505539999999935
0.0014365200000000522
-0.00015961333333325278
-0.0017557466666666688
-0.0033518799999999738
-0.0038839244444444088
-0.004415968888888844
-0.004948013333333279
-0.005480057777777714
-0.00601210222222226
-0.006544146666666695
-0.00707619111111113
-0.007608235555555565
-0.00814028
-0.00814028
-0.0033518799999999738
0.0014365200000000522
0.011013320000000104
-0.012928679999999915
-0.011492159999999862
-0.010055639999999921
-0.00861911999999998
-0.007182599999999928
-0.005746079999999876
-0.0043095599999999346
-0.0028730399999999934
-0.0014365199999999412
1.1102230246251565e-16
0.0014365200000000522
0.0008379700000000767
0.00023942000000010122
-0.0003591299999999853
-0.0009576799999999608
-0.00814028
0.0014365200000000522
-0.012928679999999915
-0.0009576799999999608
0.011013319999999993
-0.0033518799999999738
-0.01771707999999994
0.011013319999999993
0.004628786666666662
-0.0017557466666666688
-0.00814028
-0.0033518799999999738
-0.0043095599999999346
-0.005267240000000006
-0.006224919999999967
-0.007182600000000039
-0.00814028
0.011013320000000104
-0.0033518799999999738
-0.01771707999999994
-0.004948013333333279
0.007821053333333383
0.020590120000000045
0.003830720000000065
-0.012928679999999915
0.020590120000000045
0.012210420000000055
0.003830720000000065
-0.004548979999999925
-0.012928679999999915
-0.005746079999999876
0.0014365200000000522
0.0014365200000000522
0.002633620000000003
0.003830720000000065
0.005027820000000127
0.006224920000000078
-0.005746079999999876
-0.0033518799999998627
-0.0009576799999999608
0.0014365200000000522
-0.022505539999999935
-0.01452485333333331
-0.006544166666666573
0.0014365200000000522
-0.03208233999999999
-0.012928720000000005
0.006224900000000089
0.02537852000000007
-0.0033518799999999738
-0.00015961333333325278
0.003032653333333357
0.006224920000000078
-0.0033518799999999738
0.0014365200000000522
0.006224920000000078
0.00861911999999998
0.011013319999999993
-0.0009576799999999608
-0.012928679999999915
0.003830720000000065
0.020590120000000045
0.011013310000000054
0.0014365000000000627
-0.00814031000000004
-0.01771712000000003
-0.027293930000000022
-0.03687074000000001
0.013407520000000006
0.0014365200000000522
0.006224920000000078
0.011013319999999993
-0.010534509999999941
-0.03208233999999999
-0.00814031000000004
0.01580172000000002
0.003830719999999954
-0.00814028
-0.004548979999999925
-0.0009576799999999608
0.002633620000000003
0.006224920000000078
0.003032653333333468
-0.00015961333333325278
-0.0033518799999999738
-0.006544146666666584
-0.009736413333333194
-0.012928679999999915
-0.0009576799999999608
0.007422020000000029
0.01580172000000002
0.011971000000000065
0.00814028
0.004309560000000046
0.0004788399999999804
-0.0033518799999999738
-0.0009576799999999608
-0.003950429999999949
-0.006943179999999938
-0.009935929999999926
-0.012928679999999915
0.003830720000000065
0.020590120000000045
0.00861911999999998
-0.0033518799999999738
-0.0033518799999999738
0.011013319999999993
0.003032653333333357
-0.004948013333333279
-0.012928679999999915
0.006224920000000078
0.0014365200000000522
-0.0009576799999999608
-0.0033518799999999738
-0.005746079999999876
-0.008140279999999889
-0.010534479999999902
-0.012928679999999915
-0.00814028
-0.015322909999999967
-0.010534500000000002
-0.005746089999999926
-0.0009576799999999608
-0.00015961333333325278
0.0006384533333333442
0.0014365200000000522
-0.012928679999999915
-0.011013319999999882
-0.00909795999999996
-0.007182599999999928
-0.005267240000000006
-0.0033518799999999738
-0.0033518799999999738
0.01580172000000002
0.011013320000000104
0.006224920000000078
0.006224920000000078
0.006224920000000078
0.006224920000000078
0.003830720000000065
0.0014365200000000522
0.0014365200000000522
0.0014365200000000522
-0.0009576799999999608
-0.0033518799999999738
-0.002154780000000023
-0.0009576799999999608
0.0002394199999999902
0.0014365200000000522
0.002633620000000003
0.003830719999999954
0.005027820000000016
0.006224919999999967
0.007422020000000029
0.00861911999999998
0.009816220000000042
0.011013319999999993
0.004628786666666662
-0.0017557466666666688
-0.00814028
-0.0033518799999999738
-0.0009576799999999608
0.0014365200000000522
-0.01771707999999994
-0.011731579999999964
-0.005746079999999876
0.00023942000000010122
0.006224920000000078
-0.012928679999999915
0.0014365200000000522
0.0014365200000000522
0.006224920000000078
0.011013319999999993
-0.0009576799999999608
-0.012928679999999915
-0.01133254666666661
-0.009736413333333194
-0.008140279999999889
-0.006544146666666584
-0.004948013333333279
-0.0033518799999999738
-0.0017557466666665578
-0.00015961333333325278
0.0014365200000000522
0.003032653333333468
0.004628786666666773
0.006224920000000078
-0.0033518799999999738
-0.012928679999999915
0.0014365200000000522
-0.01771707999999994
0.003830719999999954
0.002500608888888811
0.0011704977777777792
-0.0001596133333333638
-0.0014897244444445068
-0.0028198355555555388
-0.004149946666666682
-0.005480057777777825
-0.006810168888888857
-0.00814028
0.01580172000000002
-0.00814028
-0.012928709999999954
0.011013320000000104
0.006224920000000078
0.0014365200000000522
-0.0033518799999999738
-0.0033518799999999738
-0.01771710999999998
-0.03208233999999999
-0.020111325000000013
-0.00814031000000004
0.0038307050000000453
0.01580172000000002
0.0014365200000000522
-0.012928679999999915
