-0.012450299999999359
-0.011253049999998765
-0.010055799999998172
-0.007661799999999275
-0.005267799999998601
-0.005267799999998601
-0.005267799999998601
-0.012450299999999359
-0.01963279999999834
-0.012450299999999359
-0.005267799999998601
-0.0028732999999991904
-0.0004787999999997794
-0.002075133333333312
-0.0036714666666650686
-0.005267799999998601
-0.02920979999999851
-0.031124999999999403
-0.03304019999999852
-0.034955399999999415
-0.03687059999999853
-0.038785799999999426
-0.037987799999999794
-0.03718980000000016
-0.03639179999999875
-0.03559379999999912
-0.03479579999999949
-0.033997799999999856
-0.014843799999999518
-0.014843799999999518
-0.014843799999999518
-0.005267299999998087
0.004309200000001567
-0.0028732999999991904
-0.010055799999998172
-0.010055799999998172
-0.010055799999998172
-0.01963279999999834
-0.014844466666664502
-0.01005613333333244
-0.005267799999998601
-0.02920979999999851
-0.022825133333331138
-0.016440466666665543
-0.010055799999998172
-0.01101339999999773
-0.011970999999999066
-0.012928599999998625
-0.01388619999999996
-0.014843799999999518
-0.012450299999999359
-0.005267799999998601
-0.0028732999999991904
-0.0004787999999997794
-0.005267133333333618
-0.01005546666666568
-0.014843799999999518
-0.01963279999999834
-0.016440466666665543
-0.01324813333333097
-0.010055799999998172
-0.014843799999999518
-0.01644013333333305
-0.018036466666664808
-0.01963279999999834
-0.01723829999999893
-0.014843799999999518
-0.024420799999999687
-0.007661300000000537
0.00909820000000039
0.004309700000000305
-0.0004787999999997794
0.001915200000000894
0.004309200000001567
0.004309200000001567
0.004309200000001567
0.0011168666666687699
-0.002075466666665804
-0.005267799999998601
-0.008459799999998907
-0.011651799999999213
-0.014843799999999518
-0.014843799999999518
-0.016041050000000112
-0.01723829999999893
-0.018435549999997747
-0.01963279999999834
-0.005267799999998601
-0.024420799999999687
-0.02920979999999851
-0.018036799999999076
-0.006863799999997866
0.004309200000001567
-0.005267799999998601
-0.004309999999998482
-0.003352199999998362
-0.0023944000000000187
-0.001436599999999899
-0.0004787999999997794
0.00909820000000039
-0.0004787999999997794
-0.007661300000000537
-0.014843799999999518
-0.016639549999998948
-0.018435299999998378
-0.020231049999999584
-0.022026799999999014
-0.023822549999998444
-0.02561829999999965
-0.02741404999999908
-0.02920979999999851
-0.01963279999999834
-0.010055799999998172
-0.010055799999998172
-0.010055799999998172
-0.010055799999998172
-0.010055799999998172
-0.010055799999998172
-0.01723829999999893
-0.024420799999999687
-0.014843799999999518
-0.01963246666666585
-0.02442113333333218
-0.02920979999999851
-0.025019799999999037
-0.020829799999999565
-0.016639799999998317
-0.012449799999998845
0.013886200000001736
0.010294950000000469
0.006703700000000978
0.0031124500000014876
-0.0004787999999997794
-0.012450299999999359
-0.013048799999998195
-0.013647299999998808
-0.01424579999999942
-0.014844299999998256
-0.016041424999999165
-0.0172385499999983
-0.01843567499999743
-0.01963279999999834
0.004309200000001567
0.013886200000001736
0.012689200000002288
0.011492200000001063
0.010295199999999838
0.00909820000000039
-0.01963279999999834
-0.014843799999999518
-0.013247799999998477
-0.011651799999999213
-0.010055799999998172
-0.033997799999999856
-0.010055799999998172
0.013886200000001736
-0.00047879999999800305
-0.014843799999999518
0.004309700000000305
0.02346320000000013
-0.0028732999999991904
-0.02920979999999851
-0.02601746666666571
-0.022825133333331138
-0.01963279999999834
-0.024420799999999687
-0.022824799999998646
-0.02122879999999938
-0.01963279999999834
-0.005267799999998601
-0.005267799999998601
-0.005267799999998601
0.018674200000001306
0.042616200000001214
-0.017238799999999443
-0.07709379999999832
-0.057940133333332255
-0.03878646666666441
-0.01963279999999834
-0.026815299999999098
-0.033997799999999856
-0.017238300000000706
-0.0004787999999997794
-0.01963279999999834
-0.012450049999998214
-0.005267299999998087
0.0019154500000002628
0.00909820000000039
0.08571220000000146
-0.07709379999999832
-0.05474779999999768
-0.032401799999998815
-0.010055799999998172
-0.04357479999999825
-0.012450299999999359
0.018674200000001306
-0.0010777999999991295
-0.020829799999999565
-0.040581799999998225
-0.06033379999999866
-0.046267924999998655
-0.03220204999999865
-0.018136174999998644
-0.004070299999998639
0.009995575000001367
0.024061450000001372
0.03812732500000138
0.05219320000000138
-0.010055799999998172
0.02346320000000013
-0.010055799999998172
0.056982200000000205
0.034237199999999746
0.011492200000001063
-0.011252799999999397
-0.033997799999999856
-0.023224049999999608
-0.012450299999999359
0.007900450000001058
0.028251200000001475
0.0330402000000003
0.002713533333333018
-0.027613133333332485
-0.057939799999999764
0.004309200000001567
-0.0028732999999991904
-0.010055799999998172
-0.0016760499999985967
0.006703700000000978
0.015083450000000553
0.02346320000000013
0.004309200000001567
-0.024420799999999687
-0.006863466666665374
0.010693866666667162
0.028251200000001475
0.02346320000000013
0.010295075000000153
-0.0028730499999998216
-0.016041174999999797
-0.02920929999999977
-0.04237742499999975
-0.05554554999999972
-0.0687136749999997
-0.08188179999999967
-0.024420799999999687
0.004309199999999791
0.04740520000000181
0.007501866666668633
-0.03240146666666632
-0.0723047999999995
-0.04596879999999892
-0.01963279999999834
0.004309200000001567
-0.0028732999999991904
-0.010055799999998172
-0.01963279999999834
-0.02920979999999851
-0.07709379999999832
-0.04596913333333141
-0.014844466666664502
0.01628020000000241
0.047404866666667544
0.07852953333333446
0.10965420000000137
0.042616200000001214
-0.09624679999999941
-0.0531512999999979
-0.010055799999998172
0.028251200000001475
0.017477450000001227
0.006703700000000978
-0.00407004999999927
-0.014843799999999518
-0.06272829999999807
0.028251450000000844
0.11923120000000154
0.08571220000000146
0.05219320000000138
0.018674200000001306
-0.026815299999999098
-0.0723047999999995
-0.05155513333333239
-0.030805466666665282
-0.010055799999998172
0.004309366666667813
0.018674533333335575
0.03303970000000156
0.047404866666667544
0.061770033333335306
0.07613520000000129
-0.07709379999999832
-0.08666979999999924
-0.014843799999999518
0.042616200000001214
0.02106845000000135
-0.000479299999998517
-0.022027049999998383
-0.04357479999999825
-0.10103579999999823
0.1048662000000018
0.09528936666666787
0.08571253333333573
0.0761357000000018
0.06655886666666788
0.056982033333335735
0.04740520000000181
-0.01723829999999893
-0.08188179999999967
-0.04596879999999892
-0.010055799999998172
0.10965420000000137
-0.10103579999999823
-0.08188179999999967
-0.010055799999998172
-0.014843799999999518
-0.0723047999999995
-0.07709329999999959
-0.08188179999999967
-0.08667029999999976
-0.09145879999999984
0.13359620000000128
-0.0004787999999997794
-0.06751629999999942
-0.13455379999999906
-0.01723829999999893
0.1000772000000012
0.08890420000000177
0.07773120000000056
0.06655820000000112
-0.09624679999999941
-0.06512230000000052
-0.033997799999999856
0.0004786000000009949
0.03495500000000007
0.06943140000000092
0.1039078
0.13838420000000085
-0.06272779999999933
-0.09624679999999941
-0.03639179999999875
0.02346320000000013
0.028251200000001475
0.02066961666666778
0.013088033333334081
0.005506450000000385
-0.002075133333331536
-0.009656716666665233
-0.01723829999999893
-0.024819883333332626
-0.03240146666666632
-0.039983049999998244
-0.04756463333333194
-0.05514621666666564
-0.06272779999999933
-0.045369924999999256
-0.028012049999999178
-0.0106541749999991
0.006703700000000978
-0.050757299999999006
0.09289470000000044
-0.0723047999999995
-0.00047879999999800305
0.07134720000000172
0.05629791428571629
0.04124862857142908
0.026199342857143648
0.011150057142858216
-0.0038992285714272157
-0.018948514285714424
-0.033997799999999856
-0.08667029999999976
0.021068700000002494
0.008499158333336254
-0.004070383333331762
-0.016639924999998
-0.02920946666666424
-0.04177900833333226
-0.0543485499999985
-0.06691809166666474
-0.07948763333333275
-0.09205717499999899
-0.10462671666666523
-0.11719625833333325
-0.1297657999999995
0.1288082000000017
-0.01723829999999893
0.004309200000001567
0.01388619999999996
-0.12497779999999992
-0.02920979999999851
0.042616200000001214
0.012289866666668203
-0.018036466666666584
-0.048362799999999595
-0.08427579999999857
-0.12018879999999932
-0.07868929999999885
-0.037189799999998385
0.004309700000002081
0.04580920000000077
0.08730870000000124
0.1288082000000017
0.1000772000000012
-0.000479299999998517
-0.10103579999999823
0.00909820000000039
0.025857200000000802
-0.011651799999999213
-0.04916079999999923
-0.08666979999999924
-0.08324951428571303
-0.0798292285714286
-0.07640894285714239
-0.07298865714285618
-0.06956837142856998
-0.06614808571428554
-0.06272779999999933
0.10965420000000137
-0.09624679999999941
-0.10342954999999954
-0.11061229999999966
-0.11779504999999979
-0.12497779999999992
-0.01963279999999834
0.08571220000000146
0.08092420000000011
-0.06272779999999933
-0.05793954999999862
-0.0531512999999979
-0.048363049999998964
-0.04357479999999825
-0.005267549999997456
0.03303970000000156
-0.0172385499999983
-0.06751679999999816
-0.11061179999999915
-0.033997799999999856
0.042616200000001214
0.047404866666667544
0.052193533333333875
0.056982200000000205
0.00909820000000039
-0.038785799999999426
-0.08666979999999924
-0.04836279999999782
-0.010055799999998172
-0.011651799999999213
-0.013247799999998477
-0.014843799999999518
0.030645700000000886
0.07613520000000129
0.030645700000000886
-0.014843799999999518
-0.06033380000000044
-0.10582379999999958
0.010693866666667162
-0.035593966666665366
-0.08188179999999967
-0.06847419999999893
-0.055066599999999966
-0.041658999999999224
-0.02825140000000026
-0.014843799999999518
0.001915200000000894
0.042616200000001214
0.015482200000001
-0.011651799999999213
-0.038785799999999426
-0.024420799999999687
-0.01484400000000008
-0.0052672000000004715
0.004309600000000913
0.01388640000000052
0.02346320000000013
-0.09145879999999984
0.042616200000001214
-0.010055799999998172
-0.06272779999999933
0.04740520000000181
0.001915200000000894
-0.04357479999999825
-0.031603799999997406
-0.01963279999999834
-0.007661799999999275
0.004309200000001567
-0.005267799999998601
-0.007661799999999275
-0.010055799999998172
-0.012449799999998845
-0.014843799999999518
-0.014844299999998256
-0.002075133333331536
0.010694033333333408
0.02346320000000013
-0.038785799999999426
-0.022824466666666154
-0.0068631333333328826
0.00909820000000039
-0.04357479999999825
-0.022026799999999014
-0.0004787999999997794
0.00909820000000039
0.0027135333333347944
-0.003671133333332577
-0.010055799999998172
-0.0028732999999991904
0.004309200000001567
-0.0004790499999991482
-0.005267299999998087
-0.010055549999998803
-0.014843799999999518
-0.0016760499999985967
0.011491700000002325
-0.006464549999998681
-0.024420799999999687
-0.010055799999998172
0.004309200000001567
-0.012450299999999359
-0.02920979999999851
-0.03160379999999918
-0.033997799999999856
-0.017238300000000706
-0.0004787999999997794
-0.005267299999999864
-0.010055799999998172
-0.014844299999998256
-0.01963279999999834
-0.013248133333332746
-0.006863466666665374
-0.0004787999999997794
-0.014843799999999518
-0.014843799999999518
-0.014843799999999518
-0.014843799999999518
-0.01644013333333305
-0.018036466666664808
-0.01963279999999834
-0.010055799999998172
-0.014843799999999518
-0.0004787999999997794
-0.0004787999999997794
-0.0004787999999997794
-0.0004787999999997794
-0.0004787999999997794
-0.024420799999999687
-0.019632299999999603
-0.014843799999999518
-0.0004787999999997794
-0.0028732999999991904
-0.005267799999998601
0.001915200000000894
0.00909820000000039
0.005905866666667592
0.002713533333333018
-0.0004787999999997794
-0.014843799999999518
-0.017716999999999317
-0.020590199999999115
-0.023463399999998913
-0.02633659999999871
-0.02920979999999851
-0.017238799999999443
-0.005267799999998601
-0.004309999999998482
-0.003352199999998362
-0.0023944000000000187
-0.001436599999999899
-0.0004787999999997794
-0.0028730499999998216
-0.005267299999998087
-0.0028732999999991904
-0.0028732999999991904
-0.0028732999999991904
-0.0028732999999991904
