-0.007062909999999978
-0.007661460000000009
-0.008260009999999984
-0.00885855999999996
-0.00945710999999999
-0.010055659999999966
-0.006065323333333317
-0.0020749866666666117
0.0019153500000000379
0.02346316000000004
-0.019632459999999963
-0.017580288571428515
-0.015528117142857123
-0.013475945714285675
-0.011423774285714283
-0.009371602857142836
-0.0073194314285714435
-0.005267259999999996
0.004309560000000046
-0.010055660000000022
-0.007661460000000009
-0.005267259999999996
-0.006464360000000002
-0.007661460000000009
-0.008858560000000015
-0.010055660000000022
-0.011252759999999973
-0.01244985999999998
-0.013646959999999986
-0.014844059999999992
0.009097960000000016
0.0019153499999999823
-0.005267259999999996
-0.010055660000000022
-0.011971019999999999
-0.013886379999999976
-0.01580174000000001
-0.017717099999999986
-0.019632459999999963
-0.017717097999999987
-0.015801735999999955
-0.013886373999999979
-0.011971011999999948
-0.010055649999999972
-0.0028730399999999934
-0.010055659999999966
-0.0068633799999999745
-0.0036710999999999827
-0.0004788199999999909
-0.0004788199999999909
-0.0004788199999999909
-0.0004788199999999909
0.013886360000000042
0.004309560000000046
-0.00047884999999997513
-0.005267259999999996
-0.00047884999999997513
0.004309560000000046
-0.00047884999999997513
-0.005267259999999996
-0.005267259999999996
-0.005267259999999996
-0.010055660000000022
-0.014844059999999992
-0.011252749999999978
-0.007661440000000019
-0.004070130000000005
-0.0004788199999999909
-0.005267259999999996
-0.006224940000000012
-0.007182619999999973
-0.00814029999999999
-0.00909797999999995
-0.010055659999999966
0.004309560000000046
-0.01723825999999995
-0.00885853999999997
-0.0004788199999999909
-0.0004788199999999909
-0.0004788199999999909
-0.0036710999999999827
-0.0068633799999999745
-0.010055659999999966
-0.006464354999999977
-0.0028730499999999326
0.0007182550000000565
0.004309560000000046
0.0067037600000000586
0.009097960000000016
-0.005267259999999996
-0.005267259999999996
-0.0004788199999999909
-0.014844059999999992
-0.013247926666666632
-0.011651793333333327
-0.010055659999999966
-0.007182615999999975
-0.004309571999999984
-0.001436527999999937
0.0014365160000000543
0.004309560000000046
-0.010055649999999972
-0.02442085999999999
-0.010055659999999966
-0.005267253333333277
-0.00047884666666664355
0.004309560000000046
0.004309560000000046
0.004309560000000046
0.004309560000000046
-0.005267259999999996
-0.010055659999999966
-0.01244985999999998
-0.014844059999999992
-0.014844059999999992
-0.014844059999999992
-0.014844059999999992
-0.014844059999999992
-0.014844059999999992
-0.014844059999999992
-0.014844059999999992
-0.014844059999999992
-0.010055660000000022
-0.005267259999999996
-0.0028730399999999934
-0.0004788199999999909
-0.005267240000000006
-0.010055659999999966
-0.010055659999999966
-0.010055659999999966
-0.010055659999999966
-0.010055659999999966
-0.010055659999999966
-0.010055659999999966
-0.010055659999999966
-0.010055659999999966
-0.010055659999999966
-0.010055659999999966
-0.010055659999999966
-0.010055659999999966
-0.010055659999999966
-0.0004788199999999909
-0.014844059999999992
-0.011651793333333327
0.004309560000000046
-0.00047884999999997513
-0.005267259999999996
-0.004070149999999995
-0.0028730399999999934
-0.0016759299999999921
-0.0004788199999999909
0.004309560000000046
0.004309560000000046
0.004309560000000046
0.004309560000000046
0.004309560000000046
0.004309560000000046
0.004309560000000046
0.004309560000000046
0.004309560000000046
0.004309560000000046
0.004309560000000046
0.004309560000000046
-0.010055659999999966
-0.0004788199999999909
-0.010055659999999966
0.006703769999999998
-0.01244985999999998
-0.010773917999999993
-0.009097975999999952
-0.007422033999999966
-0.0057460919999999804
-0.004070149999999995
-0.0023942079999999533
-0.0007182659999999674
0.0009576760000000184
0.0026336180000000597
0.004309560000000046
-0.0028730499999999326
-0.010055659999999966
-0.005267253333333277
-0.00047884666666664355
0.004309560000000046
-0.007661449999999959
-0.019632459999999963
-0.014844059999999937
-0.010055659999999966
-0.008459526666666661
-0.006863393333333301
-0.005267259999999996
-0.007661460000000009
-0.010055659999999966
0.004309560000000046
-0.005267259999999996
-0.005267259999999996
-0.0028730399999999934
0.004309560000000046
-0.0028730399999999934
-0.0068633799999999745
-0.010853720000000011
-0.014844059999999992
-0.013247926666666632
-0.011651793333333327
-0.010055660000000022
-0.008459526666666661
-0.006863393333333301
-0.005267259999999996
-0.01723825999999995
0.018674760000000012
0.009097960000000016
-0.014844059999999992
-0.010055659999999966
-0.008459519999999943
-0.0068633799999999745
-0.005267240000000006
-0.0036710999999999827
-0.002074959999999959
-0.0004788199999999909
-0.0004788199999999909
-0.019632459999999963
-0.011651786666666608
-0.003671113333333309
0.004309560000000046
-0.00047884666666664355
-0.005267253333333277
-0.010055659999999966
-0.0004788199999999909
-0.019632459999999963
0.009097960000000072
0.03782838000000005
0.021867036666666728
0.0059056933333333506
-0.010055649999999972
-0.026016993333333294
-0.041978336666666616
-0.05793967999999999
-0.010055649999999972
0.03782838000000005
-0.06751651999999997
-0.01244985999999998
0.06177041000000005
0.027054482500000032
-0.007661444999999989
-0.042377372499999955
-0.07709329999999998
0.03782838000000005
-0.038786079999999945
-0.033997675555555495
-0.029209271111111046
-0.024420866666666596
-0.019632462222222147
-0.014844057777777753
-0.010055653333333303
-0.0052672488888888536
-0.000478844444444404
0.004309560000000046
-0.019632459999999963
-0.01244985999999998
0.02466027500000001
0.06177041000000005
-0.09624691999999996
-0.0028730499999999326
0.09050082000000004
0.004309560000000046
-0.08188169999999995
-0.030805396666666596
0.0202709066666667
0.07134721000000002
0.030645782499999996
-0.010055645000000002
-0.0507570725
-0.0914585
-0.019632459999999963
-0.027613133333333317
-0.035593806666666616
-0.04357447999999997
0.04740518000000005
-0.029209269999999954
-0.10582371999999995
0.12880805000000004
0.0617704
-0.005267249999999946
-0.0723049
-0.13934254999999995
-0.07613562399999996
-0.01292869799999996
0.050278228000000036
0.11348515400000003
0.17669208000000003
0.013886360000000042
-0.14891933999999996
-0.014844049999999998
0.11923124000000002
-0.11540051999999995
-0.07070875999999998
-0.026016999999999957
0.018674760000000012
-0.01244985999999998
-0.04357447999999997
-0.05155515999999999
-0.05953583999999995
-0.06751651999999997
0.06177041000000005
-0.12976574999999996
0.0067037550000000334
0.14317326000000002
-0.022026649999999925
-0.18722655999999993
0.013886370000000037
0.21499930000000003
0.011492170000000024
-0.19201495999999996
-0.049958999999999976
0.09209696000000006
0.23415292000000004
0.03064577500000004
-0.17286136999999996
-0.0028730499999999326
0.16711527000000004
-0.13455414999999998
-0.029209269999999954
0.07613561000000002
0.001915355000000063
-0.07230489999999995
-0.056343553333333296
-0.04038220666666664
-0.02442085999999999
0.004309560000000046
-0.02059013599999998
-0.04548983199999995
-0.07038952799999998
-0.09528922399999995
-0.12018891999999998
0.07613561000000002
0.04441243750000001
0.012689265000000005
-0.019033907500000002
-0.05075708000000001
-0.08248025250000002
-0.11420342499999997
-0.14592659749999998
-0.17764976999999998
0.15275006000000002
0.013886375000000006
-0.21595701999999994
0.0019153474999999975
0.061171843125000014
0.12042833875
0.179684834375
0.23894133
-0.18722655999999993
0.004309565000000015
0.19584569000000002
0.018674760000000012
-0.15849617
0.16232687000000004
0.02585737500000007
-0.11061211999999998
-0.005267244999999976
0.10007763000000003
0.04102065333333338
-0.018036323333333326
-0.07709329999999998
-0.04357447999999997
-0.010055659999999966
0.02346316000000004
0.05698198000000004
-0.02202666999999997
0.0007182450000000618
0.02346316000000004
-0.02681506999999994
-0.07709329999999998
-0.04836288
-0.019632459999999963
0.009097960000000072
0.03782838000000005
-0.01723825999999995
-0.07709329333333331
-0.13694832666666662
-0.19680335999999998
-0.12018891249999997
-0.04357446499999995
0.03303998250000001
0.10965443000000002
-0.20159176
-0.02202664999999998
0.15753846000000002
0.026655433333333367
-0.10422759333333331
-0.23511061999999994
-0.08986237999999991
0.055385860000000064
0.20063410000000004
-0.019632459999999963
-0.23989901999999996
-0.01723825999999995
0.2054225
-0.014844059999999937
-0.23511061999999994
0.001915355000000063
0.23894133
-0.22553382
0.023463172000000032
0.07015010500000002
0.11683703800000003
0.16352397100000005
0.21021090400000003
-0.19201495999999996
0.016280577500000004
0.22457611500000002
-0.17286136999999996
-0.10741985666666665
-0.04197834333333328
0.023463170000000033
0.08890468333333335
0.15434619666666666
0.21978771000000003
-0.14891933999999996
0.04022258249999999
0.038892469444444466
0.037562356388888885
0.03623224333333336
0.034902130277777776
0.03357201722222225
0.03224190416666667
0.030911791111111142
0.02958167805555556
0.028251565000000034
0.028251580000000054
0.16711527000000004
0.03543417500000001
-0.09624691999999996
-0.04836288399999994
-0.0004788479999999762
0.04740518800000004
0.09528922400000003
0.14317326000000002
-0.10103531999999998
-0.03998317499999998
0.02106897000000002
0.11923124000000002
0.056981986666666706
-0.005267266666666659
-0.06751651999999997
-0.03798802833333331
-0.008459536666666656
0.021068955000000056
0.05059744666666671
0.08012593833333337
0.10965443000000002
-0.007661459999999953
-0.03998317999999995
-0.07230489999999995
-0.00047884499999995
0.07134721000000002
-0.06751651999999997
0.06655881000000002
-0.002873044999999963
-0.07230489999999995
-0.019632459999999963
0.033039980000000024
0.015083465000000018
-0.0028730499999999326
-0.02082956499999994
-0.038786079999999945
0.02346316000000004
-0.05793967999999999
-0.04357446500000001
-0.029209249999999964
-0.014844034999999978
-0.0004788199999999909
-0.04357447999999997
-0.005267259999999996
-0.011651793333333327
-0.018036326666666658
-0.02442085999999999
-0.02920925999999996
-0.022026659999999976
-0.014844059999999992
-0.02250550400000001
-0.03016694799999997
-0.03782839199999999
-0.04548983599999995
-0.05315127999999997
-0.03399766999999998
-0.014844059999999992
-0.06272807999999996
-0.0004788199999999909
-0.09624691999999996
-0.04118027999999996
0.013886360000000042
-0.04836288
-0.11061211999999998
-0.05953581999999996
-0.008459519999999998
0.04261678000000002
0.007182594000000042
-0.028251591999999992
-0.06368577799999997
-0.099119964
-0.13455414999999998
-0.04118028499999998
0.05219358000000002
-0.13934254999999995
0.04740518000000005
-0.15849617
-0.11939087333333331
-0.08028557666666664
-0.04118027999999996
-0.0020749833333333356
0.0370303133333334
0.07613561000000002
-0.16328456999999996
0.07613561000000002
0.03623224666666669
-0.0036711166666666406
-0.04357447999999997
-0.0834778433333333
-0.12338120666666663
-0.16328456999999996
-0.029209269999999954
0.10486603000000003
-0.03160346999999997
-0.16328456999999996
-0.014844049999999998
0.02106897499999999
0.05698200000000003
0.09289502500000002
0.12880805000000004
-0.15370773999999998
0.17190367000000004
0.07733269750000002
-0.01723827499999997
-0.11180924749999999
-0.20638022
-0.04357449599999996
0.11923122800000002
0.282036952
0.01867477200000006
-0.1177947239999999
-0.25426421999999993
0.26288334
0.0889046866666667
-0.08507396666666661
-0.25905261999999996
-0.07709329333333326
0.10486603333333339
0.28682536000000003
0.01628057000000005
-0.25426421999999993
0.013886366000000039
0.282036952
-0.26384105999999996
-0.22882585849999992
-0.193810657
-0.15879545549999996
-0.12378025399999992
-0.08876505249999994
-0.05374985099999996
-0.018734649499999922
0.01628055200000006
0.05129575350000004
0.08631095500000008
0.12132615650000006
0.15634135800000004
0.19135655950000008
0.22637176100000006
0.26138696250000004
0.296402164
0.10805828933333333
-0.08028558533333335
-0.26862946
0.01149215050000002
0.291613761
0.009097950500000007
-0.27341786
0.27724855000000004
0.006703745000000039
-0.26384105999999996
0.004309544000000054
0.272460148
-0.26384105999999996
-0.0052672649999999654
0.25330653000000003
0.08890468000000004
-0.07549716999999995
-0.23989901999999996
0.26288334
-0.25905261999999996
0.282036952
0.01867477050000005
-0.00047884975000000995
-0.0675165023125
-0.134554154875
-0.20159180743750005
-0.26862946
-0.17764979166666667
-0.08667012333333335
0.004309545000000026
0.09528921333333334
0.18626888166666666
0.27724855000000004
0.14077905025000004
0.004309550500000037
-0.27341786
-0.17924592266666667
-0.08507398533333332
0.009097952000000076
0.009097946000000023
0.12641383550000002
0.243729725
0.12042833875000003
-0.0028730475000000033
-0.12617443375000004
-0.24947582000000001
0.22457611500000002
0.10127472250000003
-0.02202666999999997
-0.09744401999999996
-0.17286136999999996
-0.06751649333333332
0.03782838333333338
0.14317326000000002
0.11779472200000002
0.09241618400000001
0.06703764600000006
0.041659108000000056
0.01628057000000005
-0.009097967999999956
-0.03447650599999996
-0.05985504399999997
-0.08523358199999997
-0.11061211999999998
0.009097965000000041
-0.0028730399999999934
-0.06272807999999996
0.05698198000000004
-0.09624691999999996
-0.03399767333333331
0.02825157333333339
0.09050082000000004
-0.12497731999999995
-0.0004788399999999804
0.12401964000000001
0.05698199250000002
-0.010055654999999941
-0.07709330249999996
-0.14413094999999998
-0.007661449999999959
0.12880805000000004
-0.15370773999999998
-0.01723825000000001
0.11923124000000002
-0.12018891999999998
-0.012449849999999985
0.09528922000000004
0.0019153600000000326
-0.0914585
-0.012449845000000015
0.06655881000000002
0.006703765000000028
-0.05315127999999997
-0.03399766799999998
-0.014844055999999994
0.004309556000000048
0.023463168000000034
0.04261678000000002
-0.033997679999999975
0.018674760000000012
0.01628056
0.013886360000000042
-0.019632459999999963
-0.005267249999999946
0.009097960000000016
-0.01244985999999998
-0.033997679999999975
-0.01244985999999998
0.009097960000000016
-0.002074980000000004
-0.013247919999999969
-0.02442085999999999
0.04261678000000002
0.012290226666666682
-0.018036326666666658
-0.04836288
0.033039980000000024
-0.00047884999999997513
-0.033997679999999975
-0.005267259999999996
0.02346316000000004
-0.05315127999999997
-0.026016993333333294
0.00111729333333338
0.028251580000000054
0.01628057000000005
0.004309560000000046
-0.007661449999999959
-0.019632459999999963
-0.03160346999999997
-0.04357447999999997
0.004309560000000046
0.0019153499999999823
-0.011252755000000003
-0.02442085999999999
-0.007661449999999959
0.009097960000000016
0.005905691111111111
0.0027134222222222615
-0.00047884666666664355
-0.0036711155555555486
-0.006863384444444398
-0.010055653333333303
-0.013247922222222208
-0.016440191111111058
-0.019632459999999963
-0.0132479233333333
-0.006863386666666638
-0.00047884999999997513
0.009097960000000016
-0.01244985999999998
-0.019632459999999963
-0.0004788199999999909
-0.005267240000000006
-0.010055659999999966
-0.010055659999999966
-0.010055659999999966
-0.010055659999999966
-0.010055659999999966
-0.010055659999999966
-0.010055659999999966
0.004309569999999985
0.004993625714285688
0.005677681428571446
0.006361737142857149
0.007045792857142852
0.007729848571428555
0.008413904285714313
0.009097960000000016
0.004309560000000046
-0.014844059999999992
-0.01723825999999995
-0.019632459999999963
-0.01244985999999998
-0.005267259999999996
-0.004070149999999995
-0.0028730399999999934
-0.0016759299999999921
-0.0004788199999999909
-0.010055659999999966
-0.010055659999999966
-0.010055659999999966
-0.005267259999999996
-0.005267259999999996
-0.005267259999999996
-0.007661460000000009
-0.010055659999999966
-0.0068633799999999745
-0.0036710999999999827
-0.0004788199999999909
-0.010055639999999977
-0.019632459999999963
-0.014844055999999939
-0.01005565199999997
-0.005267247999999947
-0.0004788439999999783
0.004309560000000046
-0.0004788199999999909
-0.00407014
-0.007661460000000009
-0.014844059999999992
-0.014844059999999992
-0.014844059999999992
-0.014844059999999992
-0.005267259999999996
-0.005267259999999996
-0.005267259999999996
-0.007182619999999973
-0.009097980000000006
-0.011013339999999983
-0.012928700000000015
-0.014844059999999992
-0.010055659999999966
0.004309560000000046
-0.010055659999999966
-0.007661460000000009
-0.005267259999999996
-0.010055659999999966
-0.01244985999999998
-0.014844059999999992
-0.01244985999999998
-0.010055659999999966
-0.0028730499999999326
0.004309560000000046
0.0053736488888889156
0.006437737777777841
0.007501826666666711
0.008565915555555581
0.009630004444444507
0.010694093333333377
0.011758182222222247
0.012822271111111172
0.013886360000000042
0.007501820000000048
0.0011172799999999983
-0.005267259999999996
-0.014844059999999992
-0.007661440000000019
-0.0004788199999999909
0.0011173066666667064
0.0027134333333333482
0.004309560000000046
-0.0028730499999999326
-0.010055659999999966
-0.005267259999999996
-0.005267259999999996
-0.014844059999999992
-0.010055660000000022
-0.005267259999999996
-0.005267259999999996
-0.005267259999999996
-0.005267259999999996
-0.006863393333333301
-0.008459526666666661
-0.010055659999999966
-0.005267259999999996
