0.0033518740000000324
0.007182600000000039
-0.00957681999999993
-0.018355556666666606
-0.02713429333333328
-0.03591302999999996
-0.0023941999999999575
-0.0023941999999999575
-0.0023941999999999575
-0.0023941999999999575
-0.0023941999999999575
0.004788395000000056
0.011970990000000042
-0.011971029999999938
-0.011971029999999938
-0.011971029999999938
-0.011971029999999938
-0.011971029999999938
-0.011971029999999938
-0.007182614999999948
-0.0023941999999999575
0.002394196666666709
0.007182593333333376
0.011970990000000042
-0.0023941999999999575
0.007182600000000039
0.005586466666666706
0.0039903333333333735
0.0023942000000000407
0.007182595000000042
0.011970990000000042
0.010055632000000037
0.00814027400000003
0.0062249160000000525
0.004309558000000047
0.0023942000000000407
0.004788400000000026
0.007182600000000039
-0.011971029999999938
5.551115123125783e-17
0.000798066666666708
0.0015961333333333882
0.0023942000000000407
-0.0023941999999999575
0.003990336666666705
0.010374873333333395
0.016759410000000058
0.010374873333333395
0.003990336666666705
-0.0023941999999999575
-0.0023941999999999575
-0.0023941999999999575
-0.0023941999999999575
-0.0033518799999999738
-0.0043095599999999346
-0.005267239999999951
-0.006224919999999912
-0.007182599999999928
0.007182600000000039
-0.0023941999999999575
-0.0039903333333332625
-0.005586466666666623
-0.007182599999999928
-0.0023941999999999575
0.000798066666666708
0.0039903333333333735
0.007182600000000039
0.0023942000000000407
-0.0023941999999999575
-0.002992749999999933
-0.003591299999999964
-0.0041898499999999395
-0.004788399999999915
-0.005386949999999946
-0.0059854999999999214
-0.0065840499999999524
-0.007182599999999928
0.007182600000000039
-0.0023941999999999575
0.0023942000000000407
0.011970990000000042
0.0023942000000000407
-0.000798066666666597
-0.0039903333333332625
-0.007182599999999928
-0.0055864716666665926
-0.003990343333333257
-0.002394214999999922
-0.0023941999999999575
-0.004788399999999915
-0.007182599999999928
0.011970990000000042
0.01436520000000005
0.016759410000000058
-9.99999993922529e-09
-0.016759429999999964
-0.008778753333333278
-0.0007980766666666472
0.007182600000000039
0.009576795000000027
0.011970990000000042
0.0023942000000000407
0.004788400000000026
0.007182600000000039
0.00622492000000005
0.005267240000000034
0.004309560000000046
0.0033518800000000293
0.0023942000000000407
-0.0023941999999999575
-0.0023941999999999575
5.551115123125783e-17
0.0023942000000000407
0.0013681121428571752
0.0003420242857143374
-0.0006840635714285281
-0.0017101514285713937
-0.0027362392857142592
-0.0037623271428570693
-0.004788414999999935
-0.0058145028571428
-0.006840590714285666
-0.007866678571428531
-0.008892766428571397
-0.009918854285714207
-0.010944942142857073
-0.011971029999999938
-0.010374886666666583
-0.008778743333333283
-0.007182599999999928
-0.007182599999999928
-0.007182599999999928
-0.007182599999999928
0.011970990000000042
-0.0023941999999999575
5.551115123125783e-17
0.004788400000000026
-0.00957681499999996
-0.007781161249999946
-0.005985507499999931
-0.004189853749999972
-0.0023941999999999575
-0.007182599999999928
0.011970990000000042
0.004788395000000056
-0.0023941999999999575
5.551115123125783e-17
0.0023942000000000407
0.004788400000000026
0.007182600000000039
0.007182600000000039
5.551115123125783e-17
-0.007182599999999928
-0.006498542857142797
-0.0058144857142856665
-0.005130428571428536
-0.00444637142857135
-0.003762314285714219
-0.003078257142857088
-0.0023941999999999575
0.0023942000000000407
0.0023942000000000407
-0.0023941999999999575
-0.007182599999999928
-0.007980671666666606
-0.008778743333333283
-0.00957681499999996
-0.010374886666666583
-0.01117295833333326
-0.011971029999999938
-1.9999999933961732e-08
0.011970990000000042
-0.0023941999999999575
0.0023942000000000407
5.551115123125783e-17
-0.0023941999999999575
-0.007182599999999928
-0.007182599999999928
-0.007182599999999928
-0.005340906923076871
-0.003499213846153759
-0.0016575207692307026
0.00018417230769235404
0.002025865384615466
0.003867558461538523
0.005709251538461607
0.0075509446153846915
0.009392637692307748
0.011234330769230833
0.013076023846153917
0.014917716923076974
0.016759410000000058
-0.007182599999999928
0.0023942000000000407
0.004788400000000026
0.016759410000000058
-0.004788399999999915
-0.0023941999999999575
-0.0023941999999999575
-0.0023941999999999575
-0.0023941999999999575
-0.001197099999999951
5.551115123125783e-17
0.0011971000000000342
0.0023942000000000407
-0.007182599999999928
-2.4999999292951713e-09
0.007182595000000042
-0.011971029999999938
-0.002394214999999922
0.007182600000000039
0.007182600000000039
0.007182600000000039
0.007182600000000039
0.005586466666666706
0.0039903333333333735
0.0023942000000000407
0.0023942000000000407
-0.0023941999999999575
-0.007182599999999928
-0.003591299999999964
5.551115123125783e-17
0.0035913000000000472
0.007182600000000039
0.0023942000000000407
-0.007182599999999928
-0.007182599999999928
0.0023941950000000434
0.011970990000000042
0.00622490600000003
0.0004788220000000454
-0.005267261999999939
-0.01101334599999998
-0.016759429999999964
0.007182600000000039
5.551115123125783e-17
-0.007182599999999928
-0.011971029999999938
-0.00718262599999997
-0.002394221999999946
0.00239418200000005
0.007182586000000046
0.011970990000000042
-0.007182599999999928
0.007182600000000039
0.0033518740000000324
-0.0004788519999999741
-0.004309577999999925
-0.008140303999999932
-0.011971029999999938
-0.004788419999999904
0.0023941900000000738
-0.014365229999999951
-0.0007980833333333104
0.012769063333333386
0.026336210000000054
0.007182590000000044
-0.011971029999999938
-0.011971029999999938
-0.0039903566666665835
0.003990316666666716
0.011970990000000042
0.011970990000000042
0.011970990000000042
-0.011971019999999943
-0.03591302999999996
-0.02729390399999998
-0.018674777999999947
-0.01005565199999997
-0.001436525999999938
0.007182600000000039
0.035913020000000045
0.035114953333333365
0.03431688666666671
0.03351882000000006
0.03272075333333338
0.0319226866666667
0.031124620000000047
-0.03112462999999993
0.040701420000000044
-0.03591302999999996
0.011970990000000042
-0.06943182999999997
0.007182600000000039
0.005586466666666706
0.0039903333333333735
0.0023942000000000407
-0.0033518859999999706
-0.009097971999999954
-0.014844057999999938
-0.020590143999999977
-0.02633622999999996
0.0023942000000000407
0.019153610000000043
-0.04548984999999994
0.040701415000000046
0.12689268000000004
0.08778738500000005
0.04868209000000007
0.009576795000000082
-0.029528499999999902
-0.06863379499999989
-0.10773908999999993
0.03591301500000005
0.06943184000000005
-0.004788414999999935
-0.07900866999999995
0.009576795000000055
0.09816226000000006
-4.999999969612645e-09
-0.09816226999999994
-0.03112462499999996
0.035913020000000045
-0.002394209999999952
-0.04070143999999998
-0.07900866999999995
-0.0630473233333333
-0.047085976666666585
-0.03112462999999993
0.059855040000000054
-0.011971014999999974
-0.08379706999999997
0.050278230000000035
0.05107629666666669
0.05187436333333337
0.05267243000000005
0.0534704966666667
0.05426856333333335
0.05506663000000003
-0.011971014999999974
0.03112461475000003
0.07422024450000003
0.11731587425000004
0.16041150400000004
-0.12210428999999995
0.06464344000000005
-0.08858546999999994
-0.033518829999999944
0.021547810000000056
-0.007182609999999978
-0.03591302999999996
0.040701420000000044
0.00877873000000004
-0.023143959999999963
-0.05506664999999994
-0.029927529999999924
-0.004788409999999965
0.02035071000000005
0.04548983000000004
0.01755747333333338
-0.010374883333333307
-0.038307239999999965
0.14125789400000005
0.08619125600000005
0.03112461800000005
-0.023942019999999953
-0.00837970999999993
0.007182600000000039
0.0167594066666667
0.026336213333333386
0.035913020000000045
-0.09337386999999997
-0.019951686666666635
0.0534704966666667
0.12689268000000004
0.014365205000000048
-0.09816226999999994
0.031124620000000047
-0.007182614999999948
-0.04548984999999994
-0.031124639999999926
-0.016759429999999964
0.01197099500000004
0.040701420000000044
0.0023941950000000434
-0.03591302999999996
-0.009576809999999936
0.016759410000000058
0.025652158571428635
0.034544907142857184
0.04343765571428576
0.05233040428571434
0.061223152857142915
0.07011590142857146
0.07900865000000004
-0.014365219999999956
0.16041150400000004
0.023942007000000043
-0.11252748999999995
0.05506663000000003
0.004788390000000031
-0.04548984999999994
-0.03591303999999995
-0.02633622999999996
-0.011971018333333305
0.0023941933333333776
0.01675940500000006
0.031124616666666716
0.04548982833333337
0.059855040000000054
-0.05027824999999997
-0.014365219999999956
0.021547810000000056
-0.021547829999999935
0.050278230000000035
-0.02633622999999996
-0.10295068999999996
0.11731587000000004
0.007182590000000044
-0.10295068999999996
-0.007182619999999973
0.08858545000000004
0.06464343666666672
0.040701423333333375
0.016759410000000058
-0.06464344999999994
-0.029528493333333294
0.005586463333333402
0.040701420000000044
0.07581637666666671
0.11093133333333338
0.14604629000000005
-0.10773908999999993
0.05506663000000003
-0.07422026999999998
-0.04309564999999993
-0.011971029999999938
-0.014365229999999951
-0.016759429999999964
-0.016759429999999964
-0.016759429999999964
-0.016759429999999964
-0.016759429999999964
-0.0071826233333333045
0.002394183333333383
0.011970990000000042
0.035913020000000045
0.04788403000000005
0.059855040000000054
0.02394201000000004
-0.03711012999999996
-0.09816226999999994
-0.03910529666666662
0.019951676666666696
0.07900865000000004
0.035913016666666714
-0.007182616666666641
-0.05027824999999997
-0.021547829999999935
0.06943184000000005
0.016759403333333395
-0.03591303333333329
-0.08858546999999994
-0.057939687999999934
-0.027293905999999923
0.003351876000000059
0.03399765800000004
0.06464344000000005
-0.016759429999999964
0.011970993333333374
0.04070141666666671
0.06943184000000005
0.0023941950000000434
-0.06464344999999994
-0.02274492249999993
0.019153605000000073
0.040701420000000044
0.016759402000000034
-0.007182615999999975
-0.031124633999999984
-0.05506665199999994
-0.07900866999999995
-0.06145118999999993
-0.043893709999999975
-0.02633622999999996
0.004788395000000056
0.035913020000000045
-0.05506664999999994
0.021547810000000056
0.026336210000000054
0.014365205000000048
0.0023942000000000407
-0.03591302999999996
0.09337386000000006
0.03272075000000005
-0.027932359999999934
-0.08858546999999994
0.04548983000000004
0.026336210000000054
0.02474007666666672
0.02314394333333339
0.021547810000000056
-0.021547829999999935
0.00239418833333338
0.026336206666666723
0.050278225000000065
0.07422024333333338
0.0981622616666667
0.12210428000000004
-0.11252748999999995
-0.06224925499999995
-0.011971019999999943
0.03830721500000003
0.08858545000000004
-0.016759429999999964
-0.011971029999999938
-0.03591302999999996
0.08858545000000004
-0.10295068999999996
-0.04868211333333328
0.005586463333333402
0.059855040000000054
0.026336220000000077
-0.007182599999999928
-0.017557471666666602
-0.027932343333333276
-0.03830721499999995
-0.048682086666666624
-0.0590569583333333
-0.06943182999999997
0.040701420000000044
-0.03112462999999993
-0.02633622999999996
-0.0023941999999999575
0.00957680500000005
0.021547810000000056
-0.011971019999999943
-0.04548984999999994
-0.005985519999999966
0.033518810000000065
0.07302314000000004
0.11252747000000005
-0.10295068999999996
0.09816226000000006
0.08188168900000006
0.06560111800000007
0.04932054700000005
0.033039976000000054
0.01675940500000006
0.00047883400000003906
-0.015801736999999982
-0.03208230799999995
-0.048362878999999914
-0.06464344999999994
0.07422025000000004
-0.05027824999999997
-0.0023941999999999575
-0.007182609999999978
-0.011971014999999974
-0.012655074285714274
-0.013339133571428519
-0.014023192857142819
-0.014707252142857119
-0.01539131142857142
-0.016075370714285664
-0.016759429999999964
-0.008978273749999932
-0.0011971174999999556
0.006584038750000049
0.014365195000000053
0.002394190000000046
-0.12210428999999995
-0.05825891333333327
0.005586463333333375
0.06943184000000005
-0.03112462999999993
-0.0191536149999999
-0.007182599999999928
-0.014365214999999931
-0.021547829999999935
0.007182595000000069
0.035913020000000045
-0.02633622999999996
-0.010374883333333307
0.005586463333333375
0.021547810000000056
-0.03112462999999993
-0.028730429999999973
-0.02633622999999996
-0.01316811999999995
-9.99999993922529e-09
0.013168100000000044
0.026336210000000054
-0.004788409999999965
-0.03591302999999996
0.059855040000000054
0.0023941950000000434
-0.05506664999999994
0.04548983000000004
0.02394201500000004
0.0023942000000000407
-0.007182609999999978
-0.01675941999999997
-0.02633622999999996
-0.017443479999999956
-0.008550729999999951
0.00034202000000005395
0.009234770000000059
0.018127520000000064
0.02702027000000004
0.035913020000000045
0.011970990000000042
-0.04070142999999993
0.06464344000000005
-0.014365214999999987
0.005985497500000048
0.026336210000000054
-9.99999993922529e-09
-0.02633622999999996
-0.008778749999999946
0.00877873000000004
0.026336210000000054
-0.04070142999999993
-0.023942019999999953
-0.007182609999999923
0.009576800000000052
0.026336210000000054
-0.0023941999999999575
-0.0023941999999999575
-0.0023941999999999575
0.050278230000000035
0.009576800000000052
-0.03112462999999993
-0.007182609999999923
0.016759410000000058
0.01436520000000005
0.011970990000000042
0.009576792500000042
0.007182595000000042
0.004788397500000041
0.0023942000000000407
-0.003591307499999974
-0.00957681499999996
-0.007182609999999978
-0.00478840499999994
-0.0023941999999999575
0.011970990000000042
-0.014365219999999956
-0.04070142999999993
-0.011971009999999949
0.016759410000000058
0.014917716923076974
0.013076023846153917
0.011234330769230833
0.009392637692307748
0.0075509446153846915
0.005709251538461607
0.003867558461538523
0.0020258653846154384
0.00018417230769235404
-0.0016575207692307026
-0.003499213846153759
-0.005340906923076871
-0.007182599999999928
-0.009097965999999957
-0.011013331999999931
-0.01292869799999996
-0.014844063999999935
-0.016759429999999964
-0.007182621666666611
0.0023941866666667144
0.01197099500000004
0.021547803333333365
0.03112461166666669
0.040701420000000044
-0.04070142999999993
0.035913020000000045
-0.02633622999999996
0.021547810000000056
-0.016759429999999964
0.007182600000000039
-0.016759429999999964
-0.004788409999999965
0.009576805000000077
0.0023942000000000407
-0.009576809999999936
0.021547810000000056
0.016759406666666726
0.011971003333333369
0.007182600000000039
-0.004788414999999935
-0.016759429999999964
-0.014125806499999949
-0.011492182999999934
-0.008858559499999974
-0.006224935999999959
-0.0035913124999999435
-0.0009576889999999283
0.0016759345000000592
0.004309558000000074
0.006943181500000062
0.009576805000000077
-0.00957681499999996
-0.002394219999999947
-0.0003420471428570715
0.0017101257142857762
0.003762298571428624
0.005814471428571472
0.00786664428571432
0.009918817142857195
0.011970990000000042
0.005985485000000068
-1.9999999933961732e-08
0.0023942000000000407
5.551115123125783e-17
-0.003591299999999964
-0.007182599999999928
0.0023941950000000434
0.011970990000000042
0.010055632000000037
0.00814027400000003
0.0062249160000000525
0.004309558000000047
0.0023942000000000407
-0.004788399999999915
-0.003591299999999964
-0.0023941999999999575
-0.0023941999999999575
-0.0023941999999999575
-0.0023941999999999575
0.0023942000000000407
0.007182600000000039
0.0023942000000000407
-0.0023941999999999575
-0.0023941999999999575
-0.0023941999999999575
-0.0023941999999999575
-0.0023941999999999575
-0.0023941999999999575
0.007182600000000039
0.007182600000000039
0.007182600000000039
5.551115123125783e-17
-0.007182599999999928
5.551115123125783e-17
0.007182600000000039
0.007182600000000039
0.007182600000000039
0.007182600000000039
5.551115123125783e-17
-0.007182599999999928
-0.007182599999999928
-0.0063845333333332754
-0.005586466666666623
-0.004788399999999915
-0.0039903333333332625
-0.00319226666666661
-0.0023941999999999575
-0.000798066666666597
0.000798066666666708
0.0023942000000000407
-0.007182599999999928
0.0023942000000000407
0.011970990000000042
0.010773892500000048
0.009576795000000027
0.008379697500000033
0.007182600000000039
-0.0023941999999999575
0.0023942000000000407
0.007182600000000039
