-0.004868236666666581
0.0047085933333332886
-7.980666666673741e-05
-0.004868206666666652
-0.0024740066666666394
-7.980666666662639e-05
-7.980666666662639e-05
-7.980666666662639e-05
-7.980666666662639e-05
-7.980666666662639e-05
-7.980666666662639e-05
-0.014445066666666673
-0.009656666666666647
-0.008060523333333292
-0.006464379999999936
-0.004868236666666581
-0.003272093333333337
-0.0016759499999999816
-7.980666666662639e-05
-7.980666666662639e-05
-0.009656666666666647
0.01428539333333334
-0.004868206666666652
-7.980666666662639e-05
-0.0029528586666666135
-0.0058259106666666005
-0.008698962666666699
-0.011572014666666686
-0.014445066666666673
-0.017637333333333394
-0.020829600000000004
-0.024021866666666725
0.0047085933333332886
0.0047085933333332886
-7.980666666662639e-05
0.0007182599999999706
0.0015163266666666786
0.0023143933333333866
0.0031124599999999836
0.0039105266666665806
0.0047085933333332886
-7.980666666662639e-05
0.0047085933333332886
-7.980666666662639e-05
0.0047085933333332886
0.0031124599999999836
0.0015163266666666786
-7.980666666662639e-05
-0.004868206666666652
-0.009656666666666647
-0.006464379999999936
-0.003272093333333337
-7.980666666662639e-05
-0.0192334666666667
-0.017637333333333394
-0.016041199999999978
-0.014445066666666673
-0.01205086666666666
-0.009656666666666647
-0.004868206666666652
-0.009656626666666668
-0.014445046666666683
-0.0192334666666667
-0.009656646666666657
-7.982666666672689e-05
0.009496993333333315
0.01428539333333334
0.019073793333333366
0.0071027933333334126
-0.004868206666666652
0.009496993333333315
0.0047085933333332886
-7.980666666662639e-05
-0.014445066666666673
-0.011572014666666686
-0.008698962666666699
-0.0058259106666666005
-0.0029528586666666135
-7.980666666662639e-05
-0.014445066666666673
-0.014445066666666673
-0.014445066666666673
-0.014445066666666673
-0.014445066666666673
-0.014445066666666673
-0.014445066666666673
-0.014445066666666673
-0.014445066666666673
-0.002474036666666679
0.009496993333333315
-0.004868206666666652
0.0023143933333333866
-0.0006783716666666217
-0.00367113666666663
-0.006663901666666638
-0.009656666666666647
-0.004868236666666581
-0.004868206666666652
0.0023143933333333866
0.009496993333333315
0.009496993333333315
0.009496993333333315
0.009496993333333315
0.009496993333333315
0.009496993333333315
0.009496993333333315
0.009496993333333315
0.009496993333333315
0.009496993333333315
0.009496993333333315
0.009496993333333315
0.009496993333333315
0.009496993333333315
0.009496993333333315
0.009496993333333315
0.009496993333333315
0.009496993333333315
0.009496993333333315
-0.002474036666666679
-0.0024740066666666394
-0.003910538666666685
-0.00534707066666662
-0.006783602666666666
-0.0082201346666666
-0.009656666666666647
-0.009656666666666647
0.01428539333333334
0.00790086000000001
0.0015163266666666786
-0.004868206666666652
-0.004868206666666652
0.0047085933333332886
-7.980666666662639e-05
0.0023143933333333866
0.0047085933333332886
0.0047085933333332886
0.0047085933333332886
0.0047085933333332886
0.0023143933333333866
-7.980666666662639e-05
-0.004868236666666581
-0.009656666666666647
-0.010853766666666598
-0.01205086666666666
-0.013247966666666722
-0.014445066666666673
0.0047085933333332886
0.0015163266666666786
-0.0016759400000000424
-0.004868206666666652
-0.0024740066666666394
-7.980666666662639e-05
-7.980666666662639e-05
-0.003272093333333337
-0.006464379999999936
-0.009656666666666647
-0.0077412946666666205
-0.005825922666666594
-0.003910550666666679
-0.0019951786666666527
-7.980666666662639e-05
-0.004868218666666646
-0.009656630666666666
-0.014445042666666685
-0.019233454666666705
-0.024021866666666725
-7.980666666662639e-05
-0.024021866666666725
-0.004868206666666652
0.01428539333333334
0.009496993333333315
0.0047085933333332886
-7.980666666673741e-05
-0.004868206666666652
-0.007262421666666685
-0.009656636666666607
-0.01205085166666664
-0.014445066666666673
-0.010853751666666689
-0.007262436666666705
-0.004868230666666751
-0.0024740246666666854
-7.98186666667311e-05
0.0023143873333333342
0.0047085933333332886
-0.007262436666666705
0.009496993333333315
0.009496993333333315
0.009496993333333315
0.0059056933333333506
0.0023143933333333866
-0.0012769066666666884
-0.004868206666666652
-7.980666666662639e-05
0.0023143933333333866
0.0047085933333332886
0.0023143933333332756
-7.980666666673741e-05
-0.0024740066666666394
-0.004868206666666652
-0.014445066666666673
0.009496993333333315
0.0047085933333332886
-7.980666666662639e-05
0.0047085933333332886
0.0047085933333332886
0.0047085933333332886
-0.002474036666666679
-0.009656666666666647
-0.006464379999999936
-0.003272093333333337
-7.980666666662639e-05
-7.980666666662639e-05
0.0047085933333332886
0.009496993333333315
0.0047085933333332886
-7.980666666662639e-05
-0.004868236666666581
-0.009656666666666647
-0.007262436666666705
-0.004868206666666652
-0.0024740066666666394
-7.980666666662639e-05
-0.0012769141666666428
-0.002474021666666548
-0.0036711291666665646
-0.004868236666666581
-7.982166666664625e-05
0.0047085933333332886
-0.002474036666666679
-0.009656666666666647
-0.007262436666666705
-0.004868206666666652
-0.014445066666666673
-7.984666666671636e-05
0.014285373333333351
0.028650593333333307
0.016679593333333242
0.0047085933333332886
-0.007262436666666705
-0.0192334666666667
-0.008060513333333352
0.003112439999999994
0.01428539333333334
-7.980666666662639e-05
0.00021946833333341687
0.0005187433333333491
0.0008180183333333924
0.0011172933333334356
0.0014165683333333678
0.001715843333333411
0.0020151183333333433
0.0023143933333333866
-0.024021866666666725
0.004708563333333249
0.008698901666666536
0.012689239999999935
0.016679578333333334
0.02066991666666662
0.02466025499999991
0.028650593333333307
0.014285373333333351
-7.984666666671636e-05
-0.014445066666666673
0.019073793333333366
-7.980666666662639e-05
-0.002474036666666679
-0.013247951666666702
-0.024021866666666725
0.03822739333333336
0.015881510000000043
-0.006464373333333273
-0.028810256666666645
-0.011252773333333299
0.006304709999999991
0.02386219333333328
0.020510307333333255
0.01715842133333334
0.013806535333333314
0.010454649333333288
0.007102763333333373
0.0037508773333333467
0.0003989913333333206
-0.0029528946666667055
-0.006304780666666621
-0.009656666666666647
-0.004868236666666581
-7.980666666662639e-05
-0.012050836666666731
-0.024021866666666725
-0.016041179999999988
-0.008060493333333363
-7.980666666662639e-05
0.01428539333333334
-0.0192334666666667
-0.0072624316666667355
-0.01205083166666665
0.0047085683333333295
0.010694074583333268
0.01667958083333332
0.02266508708333337
0.028650593333333307
-0.04317545666666667
0.01428539333333334
-0.003272090000000061
-0.02082957333333335
-0.0383870566666667
-0.02402184416666664
-0.009656631666666637
0.0047085808333333645
0.019073793333333366
-0.03359865666666667
0.0047085933333332886
-7.980666666673741e-05
-0.004868206666666652
-0.012050836666666731
-0.0192334666666667
-0.01524312333333333
-0.011252780000000073
-0.007262436666666705
-0.008459551666666676
-0.009656666666666647
-0.008459551666666676
-0.007262436666666705
-0.006065321666666623
-0.004868206666666652
-7.981666666667664e-05
0.004708573333333299
0.009496963333333275
0.01248971708333324
0.015482470833333317
0.018475224583333283
0.02146797833333336
0.024460732083333325
0.02745348583333329
0.030446239583333368
0.03343899333333333
-0.0192334666666667
0.02386219333333328
0.016679588333333384
0.011412337333333356
0.006145086333333327
0.0008778353333334099
-0.004389415666666618
-0.009656666666666647
0.01428539333333334
-7.980666666662639e-05
-0.007262436666666705
-0.014445066666666673
0.016679563333333314
0.0478041933333333
-7.980666666662639e-05
0.009496993333333315
0.019073793333333366
0.016200753333333373
0.01332771333333338
0.010454673333333275
0.007581633333333282
0.0047085933333332886
0.009496993333333315
0.0023143783333332557
-0.004868236666666692
-0.01205085166666664
-0.0192334666666667
0.0478041933333333
-7.980666666662639e-05
0.01428539333333334
0.0047085933333332886
0.0047085933333332886
0.0047085933333332886
-0.009656636666666718
-0.024021866666666725
-0.010853751666666689
0.002314363333333347
0.015482478333333272
0.028650593333333307
0.005905663333333311
-0.016839266666666686
-0.005825934666666699
0.005187397333333288
0.016200729333333386
0.027214061333333373
0.03822739333333336
-0.0192334666666667
-0.0188651282051282
-0.018496789743589814
-0.018128451282051317
-0.01776011282051282
-0.017391774358974432
-0.017023435897435935
-0.016655097435897437
-0.01628675897435894
-0.015918420512820552
-0.015550082051282055
-0.015181743589743557
-0.01481340512820517
-0.014445066666666673
0.009496993333333315
-0.009656666666666647
0.009496993333333315
0.01428539333333334
-0.028810256666666645
0.0478041933333333
-7.980666666662639e-05
-0.004868206666666652
0.02386219333333328
0.01428539333333334
0.0023143683333333165
-0.00806050666666669
-0.018435381666666695
-0.028810256666666645
-0.0192334666666667
-7.983666666666611e-05
0.019073793333333366
-0.02162764666666661
-0.062329086666666644
-0.009656646666666657
0.043015793333333385
-7.980666666662639e-05
-0.009656636666666607
-0.0192334666666667
-0.007262451666666725
0.004708563333333249
0.016679578333333334
0.028650593333333307
-0.004868206666666652
-0.00726241416666662
-0.009656621666666698
-0.012050829166666666
-0.014445036666666633
-0.01683924416666671
-0.01923345166666668
-0.021627659166666757
-0.024021866666666725
0.03343899333333333
-0.04317545666666667
-0.014445066666666673
-0.0048682316666666114
0.0012882861904762732
0.007444804047619047
0.013601321904761932
0.019757839761904816
0.0259143576190477
0.032070875476190475
0.03822739333333336
0.019073793333333366
-7.980666666662639e-05
0.007102763333333373
0.01428539333333334
-0.052752256666666664
-0.007262431666666624
0.03822739333333336
0.0047085683333333295
-0.028810256666666645
-0.02162766166666663
-0.014445066666666673
0.009496963333333275
0.03343899333333333
-0.062329086666666644
-0.02721412666666667
0.007900833333333357
0.043015793333333385
0.02146799333333338
-7.980666666662639e-05
-0.008060493333333363
-0.016041179999999988
-0.024021866666666725
0.028650593333333307
0.019073793333333366
0.013088287083333316
0.0071027808333333775
0.0011172745833333275
-0.0048682316666666114
-0.010853737916666661
-0.0168392441666666
-0.02282475041666665
-0.028810256666666645
-0.00845954416666661
0.011891168333333368
0.03224188083333335
0.052592593333333326
-0.028810256666666645
-0.014445066666666673
0.011093123333333343
-7.980666666662639e-05
-0.0036711129166666634
-0.007262419166666589
-0.010853725416666626
-0.014445031666666663
-0.01803633791666659
-0.021627644166666626
-0.025218950416666663
-0.028810256666666645
-7.980666666662639e-05
0.0047085933333332886
0.00470857333333341
-0.0192334666666667
-0.004868236666666692
0.009496993333333315
0.01428539333333334
0.019073793333333366
0.00470856333333336
-0.009656666666666647
-0.009656666666666647
-0.009656666666666647
-0.009656666666666647
-0.009656666666666647
-0.009656666666666647
0.03822739333333336
-0.009656666666666647
0.002314363333333347
0.01428539333333334
0.028650593333333307
-7.98316666666965e-05
-0.028810256666666645
0.0071027683333333425
0.043015793333333385
0.026256393333333294
0.009496993333333315
0.0047085933333332886
-7.980666666662639e-05
0.009496993333333315
0.019073793333333366
0.028650593333333307
0.01428539333333334
0.009496993333333315
0.0047085933333334
-7.980666666662639e-05
0.019073793333333366
0.019073793333333366
0.019073793333333366
0.00470856333333336
-0.009656666666666647
-0.002474036666666679
0.0047085933333332886
0.009496993333333315
0.01428539333333334
0.01360133619047621
0.012917279047619079
0.012233221904761948
0.011549164761904707
0.010865107619047576
0.010181050476190445
0.009496993333333315
-0.004868236666666692
-0.0192334666666667
0.03343899333333333
-0.014445066666666673
0.0047085933333332886
0.004229753333333308
0.0037509133333333278
0.0032720733333333474
0.002793233333333367
0.0023143933333333866
0.0018355533333332952
0.0013567133333333148
0.0008778733333333344
0.000399033333333354
-7.980666666662639e-05
-0.004868206666666652
-0.0192334666666667
0.009496993333333315
-0.0192334666666667
0.01428539333333334
-0.004868236666666692
-0.01923344666666671
-0.03359865666666667
-0.014445044166666698
0.0047085683333333295
0.021467980833333344
0.03822739333333336
0.02785251666666666
0.01747763999999996
0.007102763333333373
-0.0032721133333333263
-0.013646990000000025
-0.024021866666666725
0.03343899333333333
-0.028810256666666645
-7.98316666666965e-05
0.028650593333333307
-7.980666666662639e-05
-0.004868226666666642
-0.009656646666666657
-0.014445066666666673
0.02386219333333328
-0.0192334666666667
-0.012529694666666646
-0.005825922666666705
0.000877849333333347
0.007581621333333288
0.01428539333333334
0.002314363333333347
-0.004184182380952417
-0.01068272809523807
-0.017181273809523834
-0.023679819523809487
-0.03017836523809525
-0.03667691095238096
-0.04317545666666667
0.009496993333333315
-0.0192334666666667
-0.013247951666666702
-0.007262436666666705
-0.0012769216666667083
0.0047085933333332886
-0.004868206666666652
0.009496993333333315
0.006623953333333321
0.0037509133333333278
0.0008778733333333344
-0.001995166666666659
-0.004868206666666652
0.0023143933333333866
-0.004868206666666652
-0.0010374866666666982
0.002793233333333367
0.006623953333333321
0.010454673333333386
0.01428539333333334
0.018116113333333295
0.02194683333333336
0.025777553333333314
0.02960827333333338
0.03343899333333333
0.007102763333333373
-0.007262431666666624
-0.004868236666666581
-0.004868206666666652
0.019073793333333366
0.01109312666666673
0.0031124599999999836
-0.004868206666666652
0.0023143933333333866
0.009496993333333315
0.016679593333333353
0.011412341333333353
0.006145089333333353
0.0008778373333333533
-0.004389414666666647
-0.009656666666666647
0.0047085933333332886
0.009496993333333315
0.01428539333333334
0.0047085933333332886
0.009496993333333315
0.0063047266666667046
0.0031124599999999836
-7.980666666662639e-05
-7.980666666662639e-05
-7.980666666662639e-05
-0.004868206666666652
-0.0024740066666666394
-7.980666666673741e-05
0.0023143933333332756
0.0047085933333332886
-0.004868206666666652
-7.980666666662639e-05
0.0047085933333332886
0.009496993333333315
0.01428539333333334
-7.980666666662639e-05
0.0047085933333332886
0.0031124599999999836
0.0015163266666665676
-7.980666666673741e-05
-0.004868236666666692
-0.009656666666666647
-0.002474036666666679
0.0047085933333332886
-7.982666666672689e-05
-0.004868246666666631
-0.009656666666666647
-0.014445066666666673
-0.007262436666666705
-7.980666666662639e-05
0.0011172933333333246
0.0023143933333333866
0.0035114933333333376
0.0047085933333332886
0.0035114933333333376
0.0023143933333333866
0.0011172933333333246
-7.980666666662639e-05
-0.009656666666666647
0.01428539333333334
-7.980666666662639e-05
-0.0012769066666666884
-0.0024740066666666394
-0.0036711066666665904
-0.004868206666666652
-0.004868206666666652
-0.004868206666666652
0.02386219333333328
0.002314363333333347
-0.0192334666666667
-7.980666666662639e-05
0.0047085933333332886
-0.002474036666666679
-0.009656666666666647
-7.983666666666611e-05
0.009496993333333315
0.006623953333333321
0.0037509133333333278
0.0008778733333333344
-0.001995166666666659
-0.004868206666666652
0.0047085933333332886
-0.009656666666666647
0.002314363333333347
0.01428539333333334
-0.004868206666666652
-0.0024740066666666394
-7.980666666662639e-05
