-0.0042137897999999785
-0.0018195797999999153
0.000574630200000037
-0.023367419799999956
0.005363030199999952
-0.006607999800000042
-0.018579029800000035
-0.011396429799999996
-0.0042138297999999574
0.0005746002000001083
0.005363030200000063
-0.0018195998000000158
-0.009002229799999983
-0.007634106942857155
-0.006265984085714216
-0.004897861228571387
-0.003529738371428559
-0.0021616155142857307
-0.0007934926571427914
0.000574630200000037
-0.018579029800000035
-0.006607999800000042
-0.0042138297999999574
-0.0018195998000000158
0.000574630200000037
0.000574630200000037
0.000574630200000037
-0.0018195998000000158
-0.0042138297999999574
-0.0036152722999999165
-0.0030167147999999866
-0.0024181572999999457
-0.0018195998000000158
-0.0012210422999999748
-0.0006224847999999339
-2.392730000000398e-05
0.000574630200000037
-0.020973224799999968
-0.01379062980000001
-0.011396429799999996
-0.009002229799999983
-0.009002229799999983
-0.009002229799999983
-0.011396429799999996
-0.01379062980000001
-0.01379062980000001
-0.01379062980000001
-0.013106572657142879
-0.012422515514285748
-0.011738458371428617
-0.011054401228571376
-0.010370344085714245
-0.009686286942857114
-0.009002229799999983
-0.0042138297999999574
-0.00660802979999997
-0.01379062980000001
0.0005746001999999972
0.014939830200000004
0.0005746001999999972
-0.01379062980000001
-0.011396429799999996
-0.009002229799999983
-0.009686286942857114
-0.010370344085714245
-0.011054401228571376
-0.011738458371428617
-0.012422515514285748
-0.013106572657142879
-0.01379062980000001
0.000574630200000037
-0.004213799799999918
0.005363030200000063
0.00296883020000005
0.000574630200000037
0.000574630200000037
0.000574630200000037
-0.0042138297999999574
-0.009002229799999983
-0.01379062980000001
-0.015386762022222222
-0.016982894244444435
-0.018579026466666648
-0.02017515868888886
-0.021771290911111074
-0.023367423133333343
-0.024963555355555556
-0.02655968757777777
-0.02815581979999998
-0.011396429799999996
-0.01618482479999994
-0.007805097300000008
0.000574630200000037
-0.006607999800000042
-0.01379062980000001
-0.006607999800000042
0.000574630200000037
-0.00022344646666661028
-0.0010215231333332575
-0.0018195998000000158
-0.002617676466666663
-0.00341575313333331
-0.0042138297999999574
-0.004213799799999918
-0.01379062980000001
-0.009002229799999983
-0.01618482479999994
-0.023367419799999956
-0.01857902313333326
-0.013790626466666622
-0.009002229799999983
-0.009002229799999983
-0.009002229799999983
-0.008403679800000008
-0.007805129800000032
-0.007206579799999946
-0.00660802979999997
-0.006009479799999995
-0.005410929799999908
-0.004812379799999933
-0.0042138297999999574
-0.009002229799999983
-0.01379062980000001
-0.0018195998000000158
-0.0030167147999999866
-0.0042138297999999574
-0.0042138297999999574
-0.0042138297999999574
-0.009002229799999983
-0.01379062980000001
-0.012194496466666704
-0.010598363133333288
-0.009002229799999983
-0.007406096466666678
-0.005809963133333262
-0.0042138297999999574
-0.009002229799999983
-0.0018195998000000158
-0.0054109148
-0.009002229799999983
-0.00660802979999997
-0.0042138297999999574
-0.0018195998000000158
0.000574630200000037
0.007757230200000076
0.014939830200000004
0.011947072700000061
0.008954315200000007
0.005961557699999953
0.00296880020000001
-2.395729999993268e-05
-0.0030167147999999866
-0.0060094723000000405
-0.009002229799999983
-0.011396429799999996
-0.01379062980000001
0.005363030200000063
-0.0042138297999999574
0.00296880020000001
0.010151430199999978
-0.0018195998000000158
-0.01379062980000001
-0.01272654091111114
-0.01166245202222227
-0.010598363133333288
-0.009534274244444418
-0.008470185355555548
-0.007406096466666678
-0.006342007577777697
-0.005277918688888827
-0.0042138297999999574
0.000574630200000037
-0.0042138297999999574
-0.009002229799999983
-0.009002229799999983
-0.009002229799999983
-0.00660802979999997
-0.0042138297999999574
0.00296880020000001
0.010151430199999978
0.004405338199999997
-0.001340753799999983
-0.0070868458000000745
-0.012832937800000055
-0.018579029800000035
-0.0042138297999999574
0.000574630200000037
-0.01379062980000001
-0.009002229799999983
-0.0042138297999999574
-0.0042138297999999574
-0.0042138297999999574
-0.0042138297999999574
-0.0042138297999999574
-0.00660802979999997
-0.009002229799999983
-0.011738456942857134
-0.014474684085714284
-0.017210911228571435
-0.019947138371428585
-0.02268336551428568
-0.02541959265714283
-0.02815581979999998
-0.006607999800000042
-0.01379062980000001
-0.023367419799999956
-0.018579024799999955
-0.01379062980000001
-0.006607999800000042
0.000574630200000037
-0.004213799799999918
-0.009002229799999983
-0.007634106942857155
-0.006265984085714216
-0.004897861228571387
-0.003529738371428559
-0.0021616155142857307
-0.0007934926571427914
0.000574630200000037
-0.01379062980000001
-0.0042138297999999574
-0.009002229799999983
-0.005809943133333273
-0.0026176564666666735
0.000574630200000037
-0.023367419799999956
-0.020973224799999968
-0.018579029800000035
-0.016783379799999998
-0.01498772979999996
-0.013192079800000034
-0.011396429799999996
-0.009600779799999959
-0.007805129800000032
-0.006009479799999995
-0.0042138297999999574
-0.01379062980000001
-0.0042138297999999574
-0.0018195998000000158
-0.023367419799999956
0.000574630200000037
0.002170763533333342
0.003766896866666758
0.005363030200000063
-0.006607999800000042
-0.018579029800000035
-0.016583863133333376
-0.014588696466666717
-0.012593529800000058
-0.010598363133333288
-0.00860319646666663
-0.00660802979999997
-0.009002229799999983
0.005363030200000063
-0.03294421980000001
-0.016982869799999967
-0.0010215197999999814
0.014939830200000004
-0.0018195998000000158
-0.018579029800000035
-0.023367419799999956
-0.01926306979999992
-0.015158719799999942
-0.011054369799999963
-0.006950019799999985
-0.0028456697999998948
0.001258680200000084
0.005363030200000063
-0.03294421980000001
-0.006607994799999961
0.0017717176999999529
0.010151430199999978
0.0005746001999999972
-0.009002229799999983
-0.011396429799999996
-0.01379062980000001
-0.011396429799999996
-0.009002229799999983
-0.00660802979999997
-0.0042138297999999574
-0.0032561427999999726
-0.0022984557999999877
-0.0013407687999998918
-0.000383081799999907
0.0005746052000000779
-0.047309419799999974
-0.006607994799999961
0.0340934302
-0.03773261979999998
-0.028155823133333313
-0.018579026466666648
-0.009002229799999983
0.005363030200000063
-0.020973194799999928
-0.047309419799999974
-0.03454034480000001
-0.021771269799999993
-0.009002194799999974
0.0037668802000000445
0.016535955199999952
0.02930503019999997
-0.061674639799999986
0.005363030200000063
-0.042521019800000004
0.000574630200000037
-0.011396394799999987
-0.023367419799999956
-0.018579024799999955
-0.01379062980000001
-0.004213799799999918
0.005363030200000063
0.0039949116285714625
0.002626793057142973
0.0012586744857143728
-0.00010944408571422759
-0.001477562657142828
-0.0028456812285713173
-0.004213799799999918
-0.0042138297999999574
0.005363030200000063
-0.047309419799999974
-0.018578994800000026
0.010151430199999978
-0.03055000480000003
-0.07125143979999998
-0.02336740479999999
0.024516630200000056
-0.0010215297999999207
-0.026559689799999953
-0.052097849799999985
-0.02336740979999996
0.005363030200000063
-0.004213799799999918
-0.01379062980000001
-0.01379062980000001
0.000574590199999947
0.014939810200000014
0.02930503019999997
-0.047309419799999974
-0.009002194799999974
0.02930503019999997
-0.006607994800000072
-0.042521019800000004
-0.006607994800000072
0.02930503019999997
0.020412280199999966
0.011519530199999961
0.0026267801999999563
-0.0062659698000000486
-0.015158719800000053
-0.024051469800000003
-0.03294421980000001
-0.0018195947999999351
0.02930503019999997
-0.018579029800000035
-0.004213799800000029
0.010151430199999978
-0.0018195998000000158
-0.01379062980000001
-0.016184829800000022
-0.018579029800000035
-0.01059835313333335
-0.002617676466666663
0.005363000199999912
0.013343676866666598
0.021324353533333285
0.02930503019999997
-0.07125143979999998
-0.011396419799999946
0.023319505200000035
0.058035430200000016
-0.006608004800000011
-0.07125143979999998
-0.01379060479999994
0.04367023020000005
-0.004213809799999968
-0.052097849799999985
-0.016184809800000033
0.01972823020000003
0.005363014200000071
-0.009002201799999998
-0.023367417799999957
-0.03773263379999997
-0.052097849799999985
0.01972823020000003
-0.03294421980000001
0.014939830200000004
-0.006607994799999961
-0.02815581979999998
-0.0137905948
0.000574630200000037
-0.006607999800000042
-0.01379062980000001
-0.01426946979999999
-0.01474830979999997
-0.015227149800000062
-0.015705989800000042
-0.016184829800000022
-0.016663669800000003
-0.017142509799999983
-0.017621349800000075
-0.018100189800000055
-0.018579029800000035
0.000574630200000037
-0.03294421980000001
-0.0137905948
-0.0018195998000000158
-0.0030167147999999866
-0.0042138297999999574
0.0005746002000001083
0.005363030200000063
-0.0026176564666666735
-0.010598343133333299
-0.018579029800000035
0.000574630200000037
-0.0058099231333332835
-0.012194476466666715
-0.018579029800000035
0.024516630200000056
-0.047309419799999974
-0.004213794799999948
0.03888183020000002
-0.011396404800000037
-0.061674639799999986
-0.02177128313333332
0.018132073533333348
0.058035430200000016
-0.08082826979999996
-0.05962247837142853
-0.0384166869428571
-0.017210895514285673
0.003994895914285812
0.025200687342857186
0.04640647877142856
0.06761227020000005
-0.004213799799999918
-0.08561666979999999
-0.016184819799999972
0.05324703019999999
0.01813207019999996
-0.016982889799999956
-0.052097849799999985
-0.009002209799999994
0.0340934302
-0.01379062980000001
-0.01379062980000001
-0.01379062980000001
-0.01379062980000001
-0.01379062980000001
-0.01379062980000001
-0.01379062980000001
-0.01379062980000001
-0.01379062980000001
-0.01379062980000001
-0.01379062980000001
0.00296880020000001
0.01972823020000003
-0.0018195947999999351
-0.016184799799999983
-0.09998186979999996
0.07718907019999999
0.05005478019999998
0.022920490199999977
-0.004213799800000029
-0.03134808979999998
-0.058482379799999984
-0.08561666979999999
0.007757205200000006
-0.03294421980000001
0.02930503019999997
-0.018579004799999965
-0.06646303979999996
0.007757215200000056
0.08197747020000001
-0.006607999800000042
-0.09519346979999999
-0.08029621424444444
-0.0653989586888889
-0.0505017031333333
-0.035604447577777754
-0.020707192022222265
-0.00580993646666661
0.009087319088888934
0.02398457464444448
0.03888183020000002
-0.02336739479999994
-0.020973224799999968
0.058035430200000016
-0.006608004800000011
-0.07125143979999998
-0.037732616466666646
-0.004213793133333366
0.02930503019999997
-0.02815581979999998
-0.026240461800000003
-0.024325103800000025
-0.02240974579999999
-0.020494387800000013
-0.018579029800000035
0.01972823020000003
-0.056886249799999955
0.04367023020000005
0.02691082145000001
0.010151412700000084
-0.0066079960499999535
-0.02336740479999999
-0.020973217300000013
-0.018579029800000035
-0.024963559800000035
-0.03134808979999998
-0.03773261979999998
0.005363005200000104
0.048458630200000075
0.019728212700000025
-0.009002204799999913
-0.03773262229999996
-0.06646303979999996
0.00296880519999998
-0.005809936466666721
-0.01458867813333331
-0.023367419799999956
0.010151405200000019
0.04367023020000005
0.005363006866666686
-0.03294421646666662
-0.07125143979999998
0.04367023020000005
-0.03773261979999998
-0.020973224799999968
-0.0042138297999999574
-0.000793535514285626
0.0026267587714285945
0.006047053057142926
0.009467347342857146
0.012887641628571478
0.0163079359142857
0.01972823020000003
-0.004213794799999948
-0.01379062980000001
0.010151430199999978
0.010151430199999978
0.010151430199999978
-0.0026176531333333974
-0.015386736466666662
-0.02815581979999998
-0.01857901146666663
-0.00900220313333333
0.0005746051999999668
0.010151413533333264
0.019728221866666673
0.02930503019999997
-0.02815581979999998
-0.009002194799999974
0.010151430199999978
-0.013790624799999929
0.01972823020000003
0.01374272353333339
0.0077572168666666386
0.0017717101999999985
-0.004213796466666642
-0.010199303133333393
-0.016184809800000033
-0.0042138297999999574
-0.010598361466666595
-0.016982893133333343
-0.02336742479999998
-0.029751956466666674
-0.03613648813333331
-0.042521019800000004
-0.018579004799999965
0.00775721269999996
0.0340934302
-0.01379062980000001
-0.016184829800000022
-0.018579029800000035
0.024516630200000056
-0.0010215297999999207
-0.026559689799999953
-0.052097849799999985
0.03888183020000002
0.010151400199999938
-0.018579029800000035
-0.016184829800000022
-0.01379062980000001
-0.0018195998000000158
0.010151430199999978
-0.025761604800000004
-0.061674639799999986
-0.011396404800000037
0.03888183020000002
0.024516623949999983
0.010151417700000054
-0.004213788549999986
-0.018578994800000026
-0.01283290980000007
-0.007086824800000002
-0.0013407398000000459
0.0044053452000000215
0.010151430199999978
0.00296880519999998
-0.03294421980000001
-0.009002194799999974
0.014939830200000004
0.005363000200000023
-0.0042138297999999574
-0.01618482479999994
-0.02815581979999998
-0.004213794799999948
0.01972823020000003
-0.004213796466666642
-0.028155823133333313
-0.052097849799999985
0.02930503019999997
0.0005746051999999668
-0.02815581979999998
-0.020973224799999968
-0.01379062980000001
-0.004213799799999918
0.005363030200000063
-0.010598319799999922
-0.026559669799999963
-0.042521019800000004
0.005363030200000063
-0.010598319799999922
-0.026559669799999963
-0.042521019800000004
0.010151430199999978
0.004165915199999981
-0.0018195998000000158
-0.0078051148000000126
-0.01379062980000001
-0.016184829800000022
-0.018579029800000035
-0.018579029800000035
-0.020973224799999968
-0.023367419799999956
-0.011396394799999987
0.000574630200000037
-0.018579029800000035
-0.011396429799999996
-0.0042138297999999574
-0.009002229799999983
-0.01379062980000001
-0.009002209799999994
-0.0042137897999999785
0.000574630200000037
-0.0042138297999999574
-0.009002229799999983
-0.01379062980000001
-0.010598363133333288
-0.007406096466666678
-0.0042138297999999574
-0.018579029800000035
-0.010598343133333299
-0.0026176564666666735
0.005363030200000063
-0.01379062980000001
0.00296880020000001
0.01972823020000003
0.008555276866666683
-0.002617676466666663
-0.01379062980000001
0.014939830200000004
0.0005746001999999972
-0.01379062980000001
-0.011396429799999996
-0.009002229799999983
-0.009002229799999983
-0.009002229799999983
-0.009002229799999983
-0.009002229799999983
-0.009002229799999983
-0.009002229799999983
