-0.039744020000000546
-0.03495552000000046
-0.030167020000000377
-0.030167020000000377
-0.030167020000000377
-0.030167020000000377
-0.030167020000000377
-0.030167020000000377
-0.030167020000000377
-0.030167020000000377
-0.030167020000000377
-0.030167020000000377
-0.030167020000000377
-0.030167020000000377
-0.030167020000000377
-0.030167020000000377
-0.030167020000000377
-0.03375826999999987
-0.037349520000001135
-0.030167020000000377
-0.039744020000000546
-0.030167020000000377
-0.030167020000000377
-0.04453202000000189
-0.030167020000000377
-0.03304002000000139
-0.03591302000000063
-0.03878602000000164
-0.04165902000000088
-0.04453202000000189
-0.037349520000001135
-0.030167020000000377
-0.05410902000000206
-0.039744020000000546
-0.039744020000000546
-0.05410902000000206
-0.04772435333333469
-0.041339686666669095
-0.034955020000001724
-0.03427102000000204
-0.03358702000000058
-0.03290302000000089
-0.03221902000000121
-0.031535020000001523
-0.030851020000000062
-0.030167020000000377
-0.03495552000000046
-0.039744020000000546
-0.01580202000000064
-0.020590020000001985
-0.030167020000000377
-0.020590020000001985
-0.06368602000000045
-0.04453202000000189
-0.04453202000000189
-0.04453202000000189
-0.04453202000000189
-0.04453202000000189
-0.04453202000000189
-0.04453202000000189
-0.04453202000000189
-0.04453202000000189
-0.034955020000001724
-0.04692602000000079
-0.05889702000000163
-0.01580202000000064
-0.05410902000000206
-0.011013020000001816
-0.05889702000000163
-0.03974352000000181
-0.020590020000001985
-0.025378420000002677
-0.030166820000001593
-0.034955220000002285
-0.0397436200000012
-0.04453202000000189
-0.01580202000000064
-0.05410902000000206
-0.034955020000001724
-0.030167020000000377
-0.025379020000000807
-0.014206020000001374
-0.003033020000000164
0.00813997999999927
-0.020590020000001985
-0.01580202000000064
-0.030167020000000377
-0.04453202000000189
-0.0397436200000012
-0.034955220000002285
-0.030166820000001593
-0.025378420000002677
-0.020590020000001985
-0.037349520000001135
-0.039744020000000546
-0.04213802000000122
-0.04453202000000189
-0.03615227000000232
-0.027772520000002743
-0.01939277000000139
-0.011013020000001816
-0.034955020000001724
-0.030167020000000377
-0.025379020000000807
-0.03495552000000046
-0.04453202000000189
-0.037349520000001135
-0.030167020000000377
-0.022984520000001396
-0.01580202000000064
-0.07326302000000062
-0.06751682000000159
-0.061770620000000775
-0.05602442000000174
-0.05027822000000093
-0.04453202000000189
-0.03495552000000046
-0.0684740200000018
0.02250497999999901
0.011560122857142474
0.0006152657142841633
-0.010329591428572371
-0.021274448571430682
-0.032219305714287216
-0.04316416285714553
-0.05410902000000206
-0.0014370200000008992
-0.01101352000000233
-0.030167270000001523
-0.049321020000000715
-0.032561520000001565
-0.01580202000000064
-0.06368602000000045
-0.025378520000000293
0.012928979999998091
-0.030167020000000377
-0.07326302000000062
-0.06189052000000039
-0.05051802000000194
-0.03914552000000171
-0.02777302000000148
-0.002634020000002124
0.02250497999999901
-0.011013686666668576
-0.044532353333334385
-0.07805102000000197
-0.034955020000001724
-0.01819602000000131
-0.0014370200000008992
-0.0038310199999997963
-0.00622502000000047
-0.022984520000001396
-0.039744020000000546
-0.038786220000000426
-0.03782842000000031
-0.036870620000001963
-0.035912820000001844
-0.034955020000001724
-0.00622502000000047
-0.04453202000000189
-0.04772435333333469
-0.050916686666669264
-0.05410902000000206
-0.030167020000000377
-0.02811487714285832
-0.026062734285714484
-0.024010591428572425
-0.02195844857142859
-0.019906305714286532
-0.017854162857142697
-0.01580202000000064
-0.020590020000001985
-0.04213802000000122
-0.025379020000000807
-0.049321020000000715
-0.07326302000000062
-0.04453202000000189
-0.04293602000000085
-0.04134002000000159
-0.039744020000000546
-0.05410902000000206
-0.06608002000000113
-0.07805102000000197
-0.06129152000000104
-0.04453202000000189
-0.03974352000000181
-0.034955020000001724
-0.0433347700000013
-0.051714520000000874
-0.060094270000002226
-0.0684740200000018
-0.06368552000000172
-0.05889702000000163
-0.03974352000000181
-0.020590020000001985
-0.025379020000000807
-0.06129201999999978
-0.09720502000000053
-0.06368602000000045
-0.05291202000000084
-0.04213802000000122
-0.0313640200000016
-0.020590020000001985
-0.030167020000000377
-0.11157002000000205
-0.10199327000000125
-0.09241652000000045
-0.08283977000000142
-0.07326302000000062
0.017716979999999438
-0.034955020000001724
-0.09720502000000053
-0.08762802000000036
-0.07805102000000197
-0.0684740200000018
-0.013407520000001227
0.041658979999999346
-0.022984520000001396
-0.08762802000000036
-0.08283902000000154
-0.0748583533333349
-0.06687768666666827
-0.05889702000000163
-0.023782353333334783
0.011332313333332067
0.046446979999998916
-0.004629020000001205
-0.055705020000001326
-0.10678102000000145
-0.05889702000000163
-0.07326302000000062
-0.0014370200000008992
0.07038897999999882
-0.00861951999999988
-0.08762802000000036
-0.06208968666666692
-0.03655135333333526
-0.011013020000001816
-0.09720502000000053
-0.05530652000000025
-0.013408019999999965
0.02849047999999854
0.07038897999999882
-0.15945402000000186
-0.08762802000000036
-0.01580202000000064
-0.09241602000000171
0.09911997999999933
-0.015801520000000124
-0.13072302000000136
-0.08762768666666787
-0.044532353333334385
-0.0014370200000008992
-0.013408019999999965
-0.025379020000000807
-0.03735002000000165
-0.049321020000000715
-0.06129201999999978
-0.07326302000000062
-0.020590353333334477
0.032082313333333445
0.08475497999999959
0.026096979999998382
-0.03256102000000105
-0.09121902000000048
-0.1498770200000017
0.00813997999999927
-0.04453252000000063
-0.09720502000000053
0.08475497999999959
-0.07565652000000256
-0.08283902000000154
-0.06647868666666845
-0.050118353333335364
-0.0337580200000005
-0.01739768666666741
-0.0010373533333343232
0.015322979999998765
0.03168331333333185
0.04804364666666494
0.06440397999999803
0.0807643133333329
0.09712464666666598
0.11348497999999907
-0.14508902000000212
-0.039744020000000546
-0.025378520000000293
0.03208197999999918
0.0065438133333319826
-0.018994353333333436
-0.04453252000000063
-0.07007068666666783
-0.09560885333333324
-0.12114702000000044
0.1326389799999994
-0.15945402000000186
-0.05410902000000206
-0.01101352000000233
0.003351729999998554
0.017716979999999438
-0.04453202000000189
-0.10678102000000145
-0.02857068666666862
0.04963964666666598
0.1278499799999988
0.03208197999999918
-0.06368602000000223
-0.15945402000000186
0.03208197999999918
-0.058897520000002146
-0.1498770200000017
0.13742697999999898
-0.0014365200000021616
-0.14030002000000152
-0.051714520000000874
0.036870979999998
-0.05410902000000206
-0.14508902000000212
0.0009574799999985117
0.14700397999999915
0.04963964666666598
-0.04772468666666896
-0.14508902000000212
0.051235979999999515
-0.05410902000000206
-0.15945402000000186
-0.06368602000000223
0.03208197999999918
0.1278499799999988
-0.15945402000000186
-0.06608002000000113
0.027293979999999607
-0.07086852000000121
-0.16903102000000203
-0.015802020000002415
0.13742697999999898
0.07038947999999934
0.0033519799999979227
-0.06368552000000172
-0.13072302000000136
-0.11915110333333523
-0.10757918666666733
-0.0960072700000012
-0.08443535333333507
-0.07286343666666717
-0.06129152000000104
0.1086969799999995
-0.16424202000000143
-0.14209564500000127
-0.11994927000000111
-0.09780289500000094
-0.07565652000000256
-0.053510145000002396
-0.031363770000002233
-0.009217395000002071
0.012928979999998091
-0.025378520000000293
-0.08523352000000095
-0.10139439500000158
-0.11755527000000043
-0.13371614500000106
-0.1498770200000017
0.11827297999999864
-0.17860702000000117
-0.15040868666666718
-0.12221035333333496
-0.09401202000000097
-0.06581368666666698
-0.03761535333333477
-0.009417020000000775
0.018781313333333216
0.04697964666666543
0.07517797999999942
-0.04213802000000122
-0.15945402000000186
-0.06847435333333429
0.0225053133333315
0.11348497999999907
-0.19297302000000194
0.06560097999999925
-0.1738190200000016
-0.013407520000001227
0.1086969799999995
-0.18818402000000134
-0.14714059142857217
-0.10609716285714477
-0.06505373428571559
-0.024010305714286417
0.017033122857142757
0.058076551428570156
0.09911997999999933
-0.015801520000000124
-0.030167020000000377
-0.0652820200000015
-0.10039702000000084
-0.13551202000000195
0.08475497999999959
0.05043797999999988
0.016120980000000174
-0.01819602000000131
-0.05251302000000102
-0.08683002000000073
-0.12114702000000044
-0.030167020000000377
0.06081297999999791
0.00654431333333072
-0.04772435333333469
-0.10199302000000188
-0.07625539500000045
-0.050517770000000795
-0.02478014500000114
0.0009574800000002881
0.012928979999998091
-0.03495552000000046
-0.020590020000001985
-0.03335902000000246
-0.04612802000000116
-0.05889702000000163
-0.049321020000000715
-0.036751394999999576
-0.024181770000000213
-0.01161214500000085
0.0009574800000002881
-0.013886619999999184
-0.02873072000000043
-0.0435748199999999
-0.05841892000000115
-0.07326302000000062
-0.03735002000000165
0.00813997999999927
-0.0684740200000018
-0.051714520000000874
-0.034955020000001724
-0.04453202000000189
-0.05410902000000206
-0.04533035333333579
-0.03655168666666775
-0.02777302000000148
-0.018994353333335212
-0.010215686666667168
-0.0014370200000008992
-0.049321020000000715
-0.030167020000000377
-0.020590020000001985
-0.022984270000002027
-0.025378520000000293
-0.027772770000000335
-0.030167020000000377
-0.030167020000000377
-0.030167020000000377
-0.030167020000000377
-0.011013020000001816
-0.011013020000001816
-0.011013020000001816
-0.011013020000001816
-0.030167020000000377
-0.049321020000000715
-0.05410902000000206
-0.025379020000000807
-0.02697502000000007
-0.028571020000001113
-0.030167020000000377
-0.039744020000000546
-0.03814785333333326
-0.03655168666666775
-0.03495552000000046
-0.033359353333333175
-0.031763186666667664
-0.030167020000000377
-0.034955020000001724
-0.020590020000001985
-0.021547820000002105
-0.022505620000002224
-0.023463420000000568
-0.024421220000000687
-0.025379020000000807
-0.03735002000000165
-0.049321020000000715
-0.05410902000000206
-0.049321020000000715
-0.049321020000000715
-0.049321020000000715
-0.049321020000000715
-0.049321020000000715
-0.034955020000001724
-0.039744020000000546
-0.01580202000000064
-0.014844220000000519
-0.013886420000000399
-0.012928620000002056
-0.011970820000001936
-0.011013020000001816
-0.008619020000001143
-0.00622502000000047
-0.025378520000000293
-0.02697468666666758
-0.02857085333333309
-0.030167020000000377
-0.025379020000000807
-0.05410902000000206
-0.034955020000001724
-0.03700730571428679
-0.039059591428573626
-0.04111187714285869
-0.04316416285714375
-0.04521644857142881
-0.04726873428571565
-0.049321020000000715
-0.039744020000000546
