-0.01891469999999984
-0.02370303333333368
-0.02849136666666574
-0.03327969999999958
-0.03567370000000025
-0.038067700000000926
-0.03327920000000084
-0.028490700000000757
-0.022505200000001224
-0.01651970000000169
-0.010534200000000382
-0.004548700000000849
-0.028490700000000757
-0.014125700000001018
-0.01093336666666822
-0.007741033333333647
-0.004548700000000849
-0.004548700000000849
-0.002154700000000176
0.00023930000000049745
-0.02370269999999941
-0.03327969999999958
-0.04285669999999975
-0.04086144999999952
-0.038866199999999296
-0.03687094999999907
-0.03487570000000062
-0.032880450000000394
-0.030885200000000168
-0.01891469999999984
-0.01891469999999984
-0.01891469999999984
0.00023930000000049745
-0.00694320000000026
-0.014125700000001018
-0.011731700000000345
-0.009337699999999671
-0.026097200000000598
-0.04285669999999975
-0.03966436666666695
-0.036472033333332377
-0.03327969999999958
-0.03008736666666678
-0.026895033333332208
-0.02370269999999941
-0.028491199999999495
-0.021308450000001145
-0.014125700000001018
-0.011731700000000345
-0.009337699999999671
-0.01891469999999984
-0.01891469999999984
-0.01891469999999984
-0.021308700000000513
-0.02370269999999941
-0.021308700000000513
-0.01891469999999984
-0.015722366666667043
-0.012530033333332469
-0.009337699999999671
-0.006145366666666874
-0.0029530333333323
0.00023930000000049745
-0.002154700000000176
-0.008140200000001485
-0.014125700000001018
-0.02370269999999941
-0.02370269999999941
-0.02370269999999941
-0.026096700000000084
-0.028490700000000757
-0.03327920000000084
-0.038067700000000926
-0.034476450000001435
-0.030885200000000168
-0.0272939499999989
-0.02370269999999941
-0.011731700000000345
0.00023930000000049745
-0.009337699999999671
0.00023930000000049745
0.0018352999999997621
0.003431300000000803
0.005027300000000068
-0.004549200000001363
-0.014125700000001018
-0.01891469999999984
-0.01652020000000043
-0.014125700000001018
-0.02849103333333325
-0.042856366666667256
-0.05722169999999949
-0.04764469999999932
-0.038067700000000926
-0.028490700000000757
0.00023930000000049745
-0.004549199999999587
-0.009337699999999671
0.00023930000000049745
-0.004549033333333341
-0.00933736666666718
-0.014125700000001018
-0.01891469999999984
-0.009337699999999671
0.0002392999999987211
0.00981629999999889
-0.004549200000001363
-0.01891469999999984
-0.017318366666666307
-0.01572203333333455
-0.014125700000001018
-0.014125700000001018
-0.02370269999999941
-0.018914366666665572
-0.01412603333333351
-0.009337699999999671
-0.01891469999999984
-0.006943699999998998
0.005027300000000068
0.0010369666666658617
-0.002953366666666568
-0.006943699999998998
-0.010934033333333204
-0.01492436666666741
-0.01891469999999984
-0.014125700000001018
-0.004548700000000849
-0.01891469999999984
-0.01652020000000043
-0.014125700000001018
-0.01891469999999984
-0.028491199999999495
-0.038067700000000926
-0.028491199999999495
-0.01891469999999984
-0.021308700000000513
-0.02370269999999941
-0.02370269999999941
-0.02370269999999941
-0.018914199999999326
-0.014125699999999242
-0.009337200000000934
-0.004548700000000849
-0.014125700000001018
-0.004548700000000849
-0.009337200000000934
-0.014125700000001018
-0.011731700000000345
-0.009337699999999671
-0.011731700000000345
-0.014125700000001018
-0.021308200000001776
-0.028490700000000757
-0.014125700000001018
-0.017318033333333815
-0.020510366666666613
-0.02370269999999941
-0.022106533333332123
-0.020510366666666613
-0.018914199999999326
-0.017318033333333815
-0.01572186666666653
-0.014125700000001018
-0.009337200000000934
-0.004548700000000849
-0.00694320000000026
-0.009337699999999671
-0.028490700000000757
-0.028490700000000757
-0.028490700000000757
-0.028490700000000757
-0.028490700000000757
-0.029288866666666635
-0.03008703333333429
-0.030885200000000168
-0.031683366666666046
-0.0324815333333337
-0.03327969999999958
-0.014126199999999756
-0.010933700000000712
-0.007741199999999893
-0.004548700000000849
-0.0033517000000014008
-0.002154700000000176
-0.0009577000000007274
0.0002392999999987211
0.001436299999999946
0.0026332999999993945
0.0038303000000006193
0.005027300000000068
-0.04445270000000079
0.024181300000000405
-0.011731700000000345
-0.047644700000001095
-0.04046220000000034
-0.03327969999999958
-0.030885200000000168
-0.028490700000000757
0.0002392999999987211
0.028969299999999976
-0.01891469999999984
0.005027300000000068
0.014604300000000237
0.024181300000000405
0.014604500000000797
0.0050277000000011896
-0.004549100000000195
-0.014125899999999803
-0.02370269999999941
-0.062009700000000834
-0.09313419999999972
-0.12425870000000039
-0.06041353333333355
0.003431633333333295
0.06727680000000014
-0.038067700000000926
-0.03567370000000025
-0.03327969999999958
-0.030885200000000168
-0.028490700000000757
-0.00694320000000026
0.014604300000000237
-0.02370269999999941
-0.062009700000000834
-0.030885200000000168
0.00023930000000049745
0.021787299999999732
0.043335299999998966
0.024181300000000405
0.005027300000000068
-0.022106700000000146
-0.04924070000000036
-0.07637470000000057
-0.129047700000001
-0.026097200000000598
0.07685329999999979
0.08164179999999988
0.08643029999999996
0.038546300000000144
-0.009337699999999671
-0.05722169999999949
-0.058418699999998935
-0.05961570000000016
-0.060812700000001385
-0.062009700000000834
0.014604799999998974
0.09121930000000056
0.014604300000000237
-0.047644700000001095
-0.10989370000000065
-0.09233636666666634
-0.0747790333333338
-0.05722169999999949
-0.038067700000000926
-0.022106366666667654
-0.006145033333334382
0.00981629999999889
0.025777633333333938
0.04173896666666721
0.05770030000000048
0.00981629999999889
-0.038067700000000926
-0.023702700000001187
-0.009337699999999671
0.005027300000000068
0.014604300000000237
-0.0077413666666661385
-0.03008703333333429
-0.052432700000000665
-0.04285669999999975
-0.036206033333334275
-0.029555366666667027
-0.022904699999999778
-0.016254033333334306
-0.009603366666668833
-0.0029527000000015846
-0.027426700000001247
-0.05190070000000091
-0.07637470000000057
0.005027300000000068
0.026575299999999302
0.04812330000000031
0.016998799999999648
-0.014125700000001018
-0.018914199999999326
-0.02370269999999941
-0.07876919999999998
-0.13383570000000056
-0.06999036666666747
-0.006145033333332606
0.05770030000000048
0.05770030000000048
0.01221030000000134
-0.03327969999999958
-0.05003919999999873
-0.06679869999999966
-0.10749969999999998
-0.1482007000000003
-0.028490700000000757
0.09121930000000056
0.08164230000000039
0.07206530000000022
0.024181300000000405
-0.02370269999999941
-0.05003869999999999
-0.07637470000000057
-0.09074003333333458
-0.10510536666666681
-0.11947070000000082
0.09600730000000013
0.07445929999999912
0.05291129999999988
0.04153892499999934
0.030166549999998793
0.018794175000000024
0.007421799999999479
-0.003950575000001066
-0.015322949999999835
-0.02669532500000038
-0.038067700000000926
-0.0811636999999994
-0.006145366666666874
-0.011997811111111645
-0.01785025555555464
-0.02370269999999941
-0.062009700000000834
-0.0508367000000014
-0.03966370000000019
-0.028490700000000757
0.08164230000000039
0.02896980000000049
-0.02370269999999941
-0.026096700000000084
-0.028490700000000757
-0.052432700000000665
-0.07637470000000057
-0.06440370000000151
-0.052432700000000665
-0.041658950000000416
-0.030885200000000168
-0.02011144999999992
-0.009337699999999671
0.0018352999999997621
0.013008300000000972
0.024181300000000405
0.00023930000000049745
0.0050277999999988054
0.00981629999999889
0.01939329999999906
-0.04525019999999991
-0.10989370000000065
-0.054827200000000076
0.00023930000000049745
0.00023930000000049745
0.00023930000000049745
-0.0011972000000000094
-0.002633700000000516
-0.004070199999999247
-0.0055066999999997535
-0.00694320000000026
-0.06799544999999974
-0.129047700000001
-0.03806819999999966
0.05291129999999988
0.038546300000000144
0.02896980000000049
0.01939329999999906
-0.018914199999999326
-0.05722169999999949
-0.09074020000000083
-0.12425870000000039
-0.09991778333333379
-0.07557686666666719
-0.051235950000000585
-0.026895033333333984
-0.002554116666667383
0.021786799999999218
0.033758300000000574
0.038546300000000144
0.024181300000000405
0.00981629999999889
-0.01572203333333455
-0.041260366666666215
-0.06679869999999966
-0.11468270000000125
-0.16256670000000106
-0.11947070000000082
-0.10467015454545603
-0.08986960909090946
-0.07506906363636467
-0.060268518181819886
-0.04546797272727332
-0.03066742727272853
-0.015866881818181966
-0.001066336363637177
0.013734209090907612
0.028534754545454177
0.043335299999998966
0.04285609999999984
0.04237690000000072
-0.06488289999999886
-0.1721427000000002
-0.13862470000000116
-0.0955290333333334
-0.052433366666667425
-0.009337699999999671
0.05770030000000048
0.05530580000000107
0.05291129999999988
0.04812329999999854
0.043335299999998966
0.02657579999999804
0.00981629999999889
0.0026337999999999084
-0.004548700000000849
-0.05003869999999999
-0.09552870000000091
-0.10989370000000065
-0.12425870000000039
-0.07318270000000027
-0.022106700000000146
0.028969299999999976
0.03136355000000002
0.03375780000000006
0.0361520500000001
0.038546300000000144
-0.0811636999999994
-0.0875480333333325
-0.09393236666666738
-0.10031670000000048
-0.038067700000000926
0.024181300000000405
0.033758300000000574
0.021787299999999732
0.00981629999999889
-0.01652020000000043
-0.04285669999999975
-0.038068299999999056
-0.03327990000000014
-0.028491499999999448
-0.023703100000000532
-0.01891469999999984
-0.004549200000001363
0.00981629999999889
0.014604300000000237
-0.010933700000000712
-0.036471699999999885
-0.062009700000000834
-0.07637470000000057
-0.009337199999999157
0.05770030000000048
0.03136379999999939
0.005027300000000068
-0.014125700000001018
-0.01651995000000106
-0.018914199999999326
-0.021308449999999368
-0.02370269999999941
-0.05003869999999999
-0.07637470000000057
-0.04764453333333307
-0.018914366666667348
0.009815800000000152
0.00742155000000011
0.005027300000000068
-0.009337900000000232
-0.023703100000000532
-0.038068299999999056
-0.052433499999999356
-0.06679869999999966
-0.06631980000000048
-0.06584089999999954
-0.06536200000000036
-0.06488309999999942
-0.06440420000000024
-0.06392530000000107
-0.06344640000000012
-0.06296750000000095
-0.062488600000000005
-0.062009700000000834
-0.014125699999999242
0.033758300000000574
0.019392966666666567
0.005027633333334336
-0.009337699999999671
0.033758300000000574
0.01620063333333377
-0.0013570333333330353
-0.01891469999999984
-0.038067700000000926
-0.028491199999999495
0.01221030000000134
-0.01053469999999912
-0.03327969999999958
0.014604300000000237
-0.026097200000000598
-0.06679869999999966
-0.01652020000000043
0.033758300000000574
-0.004549033333333341
-0.04285636666666548
-0.0811636999999994
-0.06600036666666576
-0.05083703333333389
-0.03567370000000025
-0.020510366666666613
-0.00534703333333475
0.00981629999999889
-0.028490700000000757
-0.030286450000000187
-0.03208219999999962
