0.012210419999999944
0.012210419999999944
0.012210419999999944
-0.002154780000000023
0.012210419999999944
0.009816219999999931
-0.006943180000000049
-0.002154780000000023
0.002633620000000003
0.003317677142857134
0.004001734285714265
0.004685791428571395
0.005369848571428526
0.006053905714285657
0.006737962857142787
0.007422019999999918
-0.002154780000000023
-0.006943180000000049
0.01699881999999997
0.002633620000000003
0.0010374866666666982
-0.0005586466666667178
-0.002154780000000023
-0.006943180000000049
-0.004548980000000036
-0.002154780000000023
0.0002394199999999902
0.002633620000000003
-0.002154780000000023
-0.006943180000000049
0.012210419999999944
0.009018153333333334
0.005825886666666613
0.002633620000000003
0.01699881999999997
-0.006943180000000049
-0.006943180000000049
-0.006943180000000049
-0.006943180000000049
0.021787219999999996
0.018914180000000003
0.01604114000000001
0.013168099999999905
0.010295059999999912
0.007422019999999918
-0.002154780000000023
-0.003522894285714284
-0.004891008571428657
-0.006259122857142918
-0.0076272371428571795
-0.008995351428571441
-0.010363465714285813
-0.011731580000000075
0.002633620000000003
-0.011731580000000075
-0.004548980000000036
-0.005027820000000016
-0.0055066599999999966
-0.005985500000000088
-0.006464340000000068
-0.006943180000000049
-0.006943180000000049
-0.006943180000000049
-0.006943180000000049
-0.006943180000000049
-0.006943180000000049
0.00023941999999987917
0.005825886666666724
0.007422020000000029
0.009018153333333334
0.010614286666666639
0.012210419999999944
0.002633620000000003
-0.006943180000000049
-0.0005586466666667178
0.005825886666666613
0.012210419999999944
0.011412353333333347
0.010614286666666639
0.009816219999999931
0.009018153333333334
0.008220086666666737
0.007422020000000029
0.006623953333333321
0.005825886666666724
-0.002154780000000023
0.0010374866666665872
0.004229753333333308
0.007422019999999918
0.007422019999999918
-0.002154780000000023
0.0002394199999999902
0.002633620000000003
0.005027820000000016
0.007422020000000029
0.007422020000000029
0.007422020000000029
0.007422020000000029
0.007422019999999918
0.007422019999999918
0.007422019999999918
0.007422019999999918
0.010614286666666528
-0.01651997999999999
0.005027820000000016
0.026575620000000022
0.002633620000000003
-0.021308380000000016
-0.01864815777777784
-0.015987935555555555
-0.01332771333333338
-0.010667491111111094
-0.008007268888888919
-0.005347046666666633
-0.0026868244444444578
-2.660222222217179e-05
0.002633620000000003
0.007422020000000029
0.005027820000000016
0.002633620000000003
0.007422020000000029
0.012210419999999944
0.01699881999999997
-0.002154780000000023
-0.0015562300000000473
-0.0009576800000000718
-0.0003591299999999853
0.0002394199999999902
-0.0005586466666667178
-0.0013567133333333148
-0.002154780000000023
0.007422020000000029
0.01699881999999997
-0.021308380000000016
-0.006943180000000049
0.007422020000000029
0.021787219999999996
0.007422019999999918
0.005027819999999905
0.002633620000000003
0.004429270000000041
0.006224919999999967
0.008020570000000005
0.009816219999999931
0.011611869999999969
0.013407520000000006
0.015203169999999933
0.01699881999999997
-0.011731580000000075
0.009018153333333334
0.005825886666666613
0.002633620000000003
-0.006943180000000049
-0.01651997999999999
0.002633620000000003
0.021787219999999996
0.01699881999999997
0.012210420000000055
0.007422020000000029
0.002633620000000003
0.01380655333333336
0.024979486666666606
0.03615241999999996
-0.006943180000000049
-0.001470722857142892
0.004001734285714265
0.009474191428571421
0.014946648571428467
0.020419105714285624
0.02589156285714278
0.03136401999999994
0.005825886666666613
-0.010135476666666698
-0.02609684000000001
-0.011731620000000054
0.0026336000000000137
0.01699881999999997
0.014125779999999977
0.011252739999999983
0.00837969999999999
0.0055066599999999966
0.002633620000000003
0.009816219999999931
-0.002154780000000023
0.005027819999999905
0.012210419999999944
0.011252739999999983
0.010295059999999912
0.00933737999999995
0.00837969999999999
0.007422019999999918
0.006464339999999957
0.0055066599999999966
0.004548979999999925
0.003591299999999964
0.002633620000000003
0.0016759399999999314
0.0007182599999999706
-0.0002394199999999902
-0.001197100000000062
-0.002154780000000023
-0.006943180000000049
0.002633620000000003
0.00023941999999987917
0.012210419999999944
0.007422019999999918
-0.006943179999999938
0.0010374866666666982
0.009018153333333334
0.01699881999999997
0.0002394199999999902
-0.01651997999999999
0.002633620000000003
-0.0005586466666667178
-0.0037509133333333278
-0.006943180000000049
-0.005347046666666744
-0.0037509133333333278
-0.002154780000000023
-0.0005586466666667178
0.0010374866666666982
0.002633620000000003
-0.03567364000000006
-0.020111325000000013
-0.0045490099999999645
0.011013304999999973
0.026575620000000022
0.0002394199999999902
0.0017357949999999844
0.0032321699999999787
0.004728544999999973
0.006224919999999967
0.007721294999999961
0.009217669999999956
0.01071404499999995
0.012210419999999944
-0.030885240000000036
0.03615241999999996
-0.011731580000000075
0.005027819999999905
0.0010374866666665872
-0.002952846666666731
-0.006943180000000049
0.007422020000000029
0.021787219999999996
0.013008476666666713
0.004229733333333319
-0.0045490099999999645
-0.015322924999999987
-0.02609684000000001
0.01699881999999997
0.015402686666666665
0.013806553333333249
0.012210419999999944
-0.02609684000000001
-0.010773939999999982
0.004548960000000046
0.019871859999999963
0.03519475999999999
0.05051766000000002
-0.04525043000000001
0.012210419999999944
-0.002154780000000023
0.0012655085714285974
0.004685797142857107
0.008106085714285727
0.011526374285714236
0.014946662857142856
0.018366951428571365
0.021787239999999986
0.01699880999999992
-0.006943215000000058
-0.030885240000000036
-0.014125825000000036
0.0026335899999999635
0.019393004999999963
0.03615241999999996
-0.006943180000000049
-0.0029528433333333437
0.0010374933333332503
0.005027829999999955
0.00901816666666666
0.013008503333333254
0.01699883999999996
0.005027809999999966
-0.013327736666666756
-0.03168328333333337
-0.050038830000000034
-0.04189854500000001
-0.03375826000000004
-0.02561797500000007
-0.0174776900000001
-0.00933740500000002
-0.0011971200000000515
0.006943164999999918
0.015083449999999998
0.023223734999999968
0.03136401999999994
0.0058259000000000505
0.0050278149999999355
-0.050038830000000034
-0.011731605000000034
0.026575620000000022
0.009816219999999931
-0.006943180000000049
-0.00790086000000001
-0.008858540000000081
-0.009816220000000042
-0.010773900000000114
-0.011731580000000075
0.014604639999999947
0.04094085999999997
-0.009337385000000031
-0.05961563000000003
0.06009445999999996
0.0026336149999999225
-0.05482723000000006
-0.02968810750000006
-0.004548985000000005
0.02059013749999994
0.045729259999999994
0.03615244833333331
0.026575636666666624
0.01699882500000005
0.007422013333333366
-0.0021547983333333187
-0.011731610000000003
0.03136401999999994
0.007421999999999929
-0.01652002000000008
-0.04046204000000009
0.07445964999999999
0.00023941499999990956
-0.04046204000000009
-0.018116153333333385
0.004229733333333319
0.026575620000000022
0.012210419999999944
-0.02609684000000001
-0.018648206666666667
-0.011199573333333324
-0.0037509399999999804
0.003697693333333363
0.011146326666666595
0.018594959999999938
0.02604359333333328
0.033492226666666625
0.04094085999999997
0.0026335999999999027
0.0019495457142856276
0.0012654914285713526
0.0005814371428570775
-0.00010261714285719759
-0.0007866714285714727
-0.0014707257142857477
-0.002154780000000023
0.021787204999999976
-0.08355765000000004
-0.048123476000000054
-0.012689302000000069
0.02274487199999997
0.0581790459999999
0.09361321999999994
-0.06919243000000003
0.021787204999999976
0.007422012499999964
-0.006943180000000049
0.026575620000000022
-0.0069432100000000885
-0.04046204000000009
-0.03734577571428577
-0.03422951142857156
-0.031113247142857237
-0.027996982857142916
-0.024880718571428595
-0.021764454285714385
-0.018648190000000064
-0.015531925714285744
-0.012415661428571534
-0.009299397142857213
-0.006183132857142892
-0.0030668685714285715
4.939571428563827e-05
0.003165659999999959
0.00628192428571428
0.00939818857142849
0.01251445285714281
0.01563071714285713
0.018746981428571452
0.021863245714285662
0.024979509999999983
0.004685779999999973
0.005597848333333322
0.006509916666666671
0.00742198500000002
-0.10271128000000002
-0.03248134666666669
0.037748586666666584
0.10797851999999997
0.0002394199999999902
-0.10749968000000004
0.11276691999999999
0.021787244999999955
-0.06919243000000003
-0.027692933333333336
0.0138065633333333
0.055306059999999935
0.019393039999999973
-0.01651997999999999
-0.014125779999999977
-0.011731580000000075
0.002633620000000003
-0.018914210000000042
-0.04046204000000009
0.014604604999999937
0.06967124999999996
0.020191079999999917
-0.029289090000000018
-0.07876926000000001
-0.048442696666666674
-0.018116133333333395
0.012210429999999994
0.04253699333333327
0.07286355666666655
0.10319011999999994
0.009816234999999951
-0.10271128000000002
-0.004549030000000065
0.09361321999999994
0.03615239333333331
-0.02130843333333332
-0.07876926000000001
-0.034476522499999995
0.009816214999999961
0.02059011749999995
0.03136401999999994
0.021787219999999996
0.012210419999999944
0.002633620000000003
0.009816226666666705
0.016998833333333296
0.02418144
-0.015322895000000059
-0.05482723000000006
0.019392994999999913
0.09361321999999994
0.002633584999999994
-0.08834605000000001
0.01699883499999999
0.12234371999999993
0.014604634999999977
-0.09313445000000004
0.005027834999999925
0.10319011999999994
0.061291582499999886
0.019393044999999942
-0.0225054925
-0.06440403000000006
-0.04908113733333341
-0.03375824466666677
-0.018435352000000016
-0.0031124593333333728
0.01221043333333327
0.012210419999999944
0.00023941999999987917
-0.011731580000000075
0.009816219999999931
0.03136401999999994
0.007422020000000029
-0.01651997999999999
-0.00814028
0.0002394199999999902
0.00861911999999998
0.01699881999999997
-0.0069432100000000885
-0.030885240000000036
0.045729259999999994
-0.05482723000000006
-0.006943185000000018
0.04094085999999997
0.016998826666666633
-0.006943206666666701
-0.030885240000000036
0.03615241999999996
0.03280053999999999
0.029448660000000015
0.02609677999999993
0.022744899999999957
0.019393019999999983
0.01604114000000001
0.012689260000000036
0.00933737999999995
0.005985499999999977
0.002633620000000003
0.005027819999999905
0.006224919999999856
0.007422019999999918
0.006224919999999856
0.005027819999999905
0.0014365199999999412
-0.002154780000000023
-0.0002394199999999902
0.0016759399999999314
0.003591299999999964
0.0055066599999998855
0.007422019999999918
0.009816219999999931
0.007621536666666651
0.005426853333333259
0.0032321699999998676
0.0010374866666665872
-0.002952846666666731
-0.006943180000000049
-0.006943180000000049
-0.002154780000000023
0.002633619999999892
0.007422019999999918
-0.002154780000000023
-0.011731580000000075
0.007422019999999918
0.005825886666666613
0.004229753333333308
0.002633620000000003
0.002101575555555568
0.0015695311111111332
0.0010374866666666982
0.0005054422222222632
-2.6602222222282812e-05
-0.0005586466666667178
-0.0010906911111111528
-0.0016227355555555878
-0.002154780000000023
0.007422019999999918
0.005027820000000016
0.002633620000000003
0.003317677142857134
0.004001734285714265
0.004685791428571395
0.005369848571428526
0.006053905714285657
0.006737962857142787
0.007422019999999918
0.012210419999999944
0.007422019999999918
0.006943179999999938
0.006464339999999957
0.005985499999999866
0.0055066599999998855
0.005027819999999905
-0.002154780000000023
0.005027819999999905
0.012210419999999944
0.012210419999999944
0.012210419999999944
0.011013319999999882
0.009816219999999931
0.00861911999999998
0.007422019999999918
-0.011731580000000075
-0.008738830000000086
-0.005746080000000098
-0.0027533300000001093
0.00023941999999987917
0.0008379699999998547
0.0014365199999998302
0.0020350699999999167
0.002633619999999892
0.004229753333333197
0.005825886666666613
0.007422019999999918
-0.006943180000000049
-0.005347046666666744
-0.0037509133333333278
-0.002154780000000023
-0.002154780000000023
-0.002154780000000023
-0.001197100000000062
-0.0002394199999999902
0.0007182599999999706
0.0016759400000000424
0.002633620000000003
0.002633620000000003
0.0028616390476190467
