-0.0004788399999999804
-0.024420839999999888
-0.01723823999999985
-0.010055639999999921
-0.007661439999999908
-0.005267239999999895
-0.0004788399999999804
-0.010055639999999921
-0.007661439999999908
-0.005267239999999895
-0.0028730399999999934
-0.0004788399999999804
0.009097960000000072
0.004309560000000046
-0.00047883999999986937
-0.005267239999999895
-0.014844039999999947
-0.014844039999999947
-0.012449839999999934
-0.010055639999999921
-0.007661439999999908
-0.005267239999999895
-0.005267239999999895
-0.005267239999999895
-0.005267239999999895
-0.005267239999999895
-0.012449839999999934
-0.014844039999999947
-0.01723823999999996
-0.019632439999999973
-0.022026639999999875
-0.024420839999999888
-0.0268150399999999
-0.029209239999999914
-0.0004788399999999804
-0.010055639999999921
-0.019632439999999973
-0.019632439999999973
-0.016041139999999898
-0.012449839999999934
-0.00885853999999997
-0.005267239999999895
-0.010055639999999921
-0.0004788399999999804
-0.0016759399999999314
-0.0028730399999999934
-0.004070139999999944
-0.005267239999999895
0.004309560000000046
-0.010055639999999921
-0.007661439999999908
-0.005267239999999895
-0.0028730399999999934
-0.0004788399999999804
-0.010055639999999921
-0.005267239999999895
-0.007182599999999928
-0.00909795999999996
-0.011013319999999882
-0.012928679999999915
-0.014844039999999947
-0.014844039999999947
-0.014844039999999947
-0.0004788399999999804
-0.0004788399999999804
-0.0004788399999999804
-0.0004788399999999804
-0.0004788399999999804
-0.0004788399999999804
-0.0004788399999999804
-0.010055639999999921
-0.019632439999999973
-0.007661440000000019
0.004309560000000046
-0.024420839999999888
-0.012449839999999934
-0.0004788399999999804
-0.005267239999999895
-0.00047883999999986937
0.004309560000000046
0.001316810000000057
-0.0016759399999999314
-0.00466868999999992
-0.007661440000000019
-0.010654190000000008
-0.013646939999999996
-0.016639689999999985
-0.019632439999999973
-0.010055639999999921
-0.00909795999999996
-0.008140279999999889
-0.007182599999999928
-0.006224919999999856
-0.005267239999999895
-0.005267239999999895
-0.010055639999999921
-0.012449839999999934
-0.014844039999999947
-0.011651773333333226
-0.008459506666666616
-0.005267239999999895
-0.014844039999999947
-0.014844039999999947
-0.014844039999999947
-0.014844039999999947
-0.014844039999999947
-0.014844039999999947
-0.014844039999999947
-0.015642106666666655
-0.016440173333333252
-0.01723823999999996
-0.018036306666666668
-0.018834373333333265
-0.019632439999999973
-0.0004788399999999804
-0.010055639999999921
-0.005267239999999895
0.004309560000000046
-0.00047883999999986937
-0.005267239999999895
-0.004070139999999944
-0.0028730399999999934
-0.0016759399999999314
-0.0004788399999999804
-0.010055639999999921
-0.011651773333333226
-0.013247906666666642
-0.014844039999999947
-0.005267239999999895
0.004309560000000046
-0.0004788399999999804
-0.005267239999999895
-0.010055639999999921
-0.0004788399999999804
-0.010055639999999921
-0.010055639999999921
-0.012449839999999934
-0.014844039999999947
-0.01723823999999996
-0.019632439999999973
-0.014844039999999947
-0.005267239999999895
-0.005267239999999895
-0.005267239999999895
-0.005267239999999895
-0.007661439999999908
-0.010055639999999921
-0.006863373333333311
-0.0036711066666665904
-0.0004788399999999804
-0.024420839999999888
-0.0004788399999999804
0.0019153600000000326
0.004309560000000046
0.0067037600000000586
0.009097960000000072
0.011492160000000085
0.013886360000000098
-0.014844039999999947
-0.010055639999999921
-0.024420839999999888
-0.005267239999999895
0.004309560000000046
-0.0036711066666665904
-0.011651773333333337
-0.019632439999999973
-0.014844039999999947
-0.010055639999999921
-0.005267239999999895
-0.0004788399999999804
-0.0020749733333332854
-0.0036711066666665904
-0.005267239999999895
-0.006863373333333311
-0.008459506666666616
-0.010055639999999921
-0.011651773333333226
-0.013247906666666642
-0.014844039999999947
-0.029209239999999914
-0.012449839999999823
0.004309560000000157
-0.0028730399999999934
0.004309560000000046
0.011492160000000085
0.018674760000000123
0.00790086000000012
-0.0028730399999998824
-0.013646939999999885
-0.024420839999999888
-0.0004788399999999804
-0.006065316666666654
-0.011651793333333327
-0.01723826999999989
-0.022824746666666562
-0.028411223333333235
-0.03399769999999991
-0.005267239999999895
-0.014844039999999947
-0.013475925714285686
-0.012107811428571424
-0.010739697142857052
-0.00937158285714279
-0.00800346857142853
-0.006635354285714268
-0.005267239999999895
-0.003899125714285634
-0.0025310114285713725
-0.001162897142857111
0.00020521714285715031
0.0015733314285715227
0.002941445714285784
0.004309560000000046
-0.024420839999999888
-0.005267239999999895
-0.0004788399999999804
0.018674760000000123
-0.005267239999999895
0.0019153600000000326
-0.005267239999999895
-0.005267239999999895
-0.005267239999999895
-0.0028730399999999934
-0.0004788399999999804
-0.019632439999999973
-0.0028730399999999934
0.013886360000000098
-0.010055639999999921
-0.007661439999999908
-0.005267239999999895
-0.0068633733333332
-0.008459506666666616
-0.010055639999999921
-0.019632439999999973
-0.012449839999999934
-0.005267239999999895
-0.0033518799999998627
-0.0014365199999999412
0.0004788400000000914
0.002394200000000013
0.004309560000000046
-0.012449839999999934
-0.00885853999999997
-0.005267239999999895
-0.024420839999999888
-0.018036306666666557
-0.011651773333333226
-0.005267239999999895
-0.010055639999999921
-0.005267239999999895
-0.0004788399999999804
0.004309560000000046
-0.010055639999999921
-0.012449839999999934
-0.014844039999999947
-0.01723823999999996
-0.019632439999999973
-0.015642106666666655
-0.011651773333333337
-0.007661440000000019
-0.0036711066666665904
0.0003192266666667276
0.004309560000000046
-0.005267239999999895
-0.005267239999999895
-0.005267239999999895
-0.0004788399999999804
-0.03399769999999991
0.004309560000000046
0.003351880000000085
0.002394200000000013
0.0014365200000000522
0.0004788399999999804
-0.0004788399999999804
-0.0004788399999999804
-0.0004788399999999804
-0.005267239999999895
-0.005267239999999895
-0.005267239999999895
0.0011172933333334356
0.0075018266666667666
0.013886360000000098
-0.024420839999999888
-0.018036306666666557
-0.011651773333333226
-0.005267239999999895
-0.005267239999999895
-0.0028730399999998824
-0.00047883999999986937
0.0019153600000000326
0.004309560000000046
-0.0020749733333332854
-0.008459506666666616
-0.014844039999999947
-0.019632439999999973
-0.024420839999999888
-0.0004788399999999804
-0.0028730399999999934
-0.005267239999999895
0.013886360000000098
-0.00047883999999986937
-0.014844039999999947
-0.029209239999999914
-0.02442084
-0.019632439999999973
-0.0004788399999999804
-0.007661440000000019
-0.014844039999999947
-0.018036316666666607
-0.021228593333333268
-0.024420869999999928
-0.027613146666666588
-0.03080542333333325
-0.03399769999999991
-0.010055639999999921
-0.0028730399999999934
-0.003471589999999969
-0.004070139999999944
-0.00466868999999992
-0.005267239999999895
-0.005267239999999895
-0.005267239999999895
-0.005267239999999895
0.004309560000000046
0.0007182600000000816
-0.0028730399999999934
-0.006464339999999957
-0.010055639999999921
0.013886360000000098
0.0011172933333334356
-0.011651773333333226
-0.024420839999999888
0.004309560000000046
0.0011172933333334356
-0.0020749733333332854
-0.005267239999999895
-0.014844039999999947
-0.014844039999999947
-0.014844039999999947
-0.014844039999999947
-0.014844039999999947
-0.014844039999999947
-0.014844039999999947
-0.014844039999999947
-0.014844039999999947
-0.014844039999999947
-0.014844039999999947
-0.014844039999999947
-0.011252739999999983
-0.007661440000000019
-0.010055639999999921
-0.014844069999999987
-0.029209239999999914
-0.02561793999999995
-0.022026639999999875
-0.01843533999999991
-0.014844039999999947
-0.011252739999999983
-0.007661440000000019
-0.004070139999999944
-0.0004788399999999804
-0.010055639999999921
-0.019632439999999973
-0.005267239999999895
-0.0048319309090908424
-0.0043966218181816785
-0.003961312727272626
-0.0035260036363635727
-0.00309069454545452
-0.002655385454545356
-0.002220076363636303
-0.0017847672727272501
-0.0013494581818181972
-0.0009141490909090333
-0.0004788399999999804
-0.00047883999999986937
0.0059056933333333506
-0.0068633733333332
-0.0004788399999999804
-0.024420839999999888
-0.005267239999999895
0.013886360000000098
-0.010055669999999961
-0.03399769999999991
-0.0256179849999999
-0.01723826999999989
-0.00885855499999999
-0.0004788399999999804
-0.005267240000000006
-0.010055639999999921
-0.014844039999999947
-0.01771707999999994
-0.020590119999999934
-0.023463159999999927
-0.02633619999999992
-0.029209239999999914
-0.0028730399999999934
0.013886360000000098
0.0019153600000000326
-0.010055639999999921
-0.008259989999999884
-0.006464339999999957
-0.00466868999999992
-0.0028730399999999934
-0.0010773899999999559
0.0007182600000000816
0.002513910000000008
0.004309560000000046
-0.005267252
-0.014844063999999935
-0.02442087599999998
-0.033997687999999915
-0.04357449999999996
-0.024420869999999928
-0.005267239999999895
-0.005267239999999895
-0.005267239999999895
-0.014844039999999947
-0.024420839999999888
0.004309560000000046
-0.0028730399999999934
-0.010055639999999921
0.004309560000000046
-0.007661440000000019
-0.019632439999999973
-0.019632439999999973
-0.019632439999999973
0.009097960000000072
-0.0028730399999999934
-0.014844039999999947
0.004309560000000046
0.0019153600000000326
-0.0004788399999999804
-0.0028730399999999934
-0.005267239999999895
-0.007661439999999908
-0.010055639999999921
-0.012449839999999934
-0.014844039999999947
-0.0004788399999999804
-0.00047883999999986937
-0.01723826999999989
-0.005267239999999895
-0.006464339999999846
-0.007661439999999908
-0.00885853999999997
-0.010055639999999921
-0.011252739999999872
-0.012449839999999934
-0.0004788399999999804
-0.005267239999999895
-0.024420839999999888
-0.007661439999999908
0.009097960000000072
-0.005267239999999895
-0.0028730399999998824
-0.00047883999999986937
0.0019153600000000326
0.004309560000000046
-0.012449839999999934
-0.016041139999999898
-0.019632439999999973
-0.014844039999999947
-0.010055639999999921
-0.010055639999999921
-0.010055639999999921
-0.010055639999999921
-0.005267239999999895
-0.00047883999999986937
0.004309560000000046
0.009097960000000072
0.0067037600000000586
0.004309560000000157
0.0019153600000001436
-0.00047883999999986937
-0.010055639999999921
-0.00047883999999986937
0.009097960000000072
0.0059056933333333506
0.0027134266666667406
-0.0004788399999999804
-0.019632439999999973
-0.005267239999999895
0.009097960000000072
-0.0020749733333332854
-0.013247906666666531
-0.024420839999999888
-0.022505479999999856
-0.020590119999999934
-0.0186747599999999
-0.01675939999999998
-0.014844039999999947
-0.010055639999999921
-0.005267239999999895
-0.010055639999999921
-0.014844039999999947
-0.019632439999999973
0.009097960000000072
-0.024420839999999888
-0.016041139999999898
-0.007661439999999908
0.0007182600000000816
0.009097960000000072
0.005267240000000117
0.0014365200000000522
-0.002394199999999902
-0.006224919999999967
-0.010055639999999921
-0.010055639999999921
-0.00937158285714279
-0.00868752571428566
-0.00800346857142853
-0.0073194114285712875
-0.006635354285714157
-0.005951297142857026
-0.005267239999999895
-0.0028730399999999934
-0.03399769999999991
-0.023223784999999886
-0.012449869999999863
-0.0016759549999999512
0.009097960000000072
-0.010055639999999921
-0.005267239999999895
-0.0004788399999999804
-0.005267239999999895
-0.007661439999999908
-0.010055639999999921
-0.0004788399999999804
-0.0004788399999999804
-0.0004788399999999804
-0.0004788399999999804
-0.005267239999999895
-0.010055639999999921
-0.013247906666666642
-0.016440173333333252
-0.019632439999999973
-0.013646939999999996
-0.007661439999999908
-0.004070139999999944
-0.0004788399999999804
-0.0004788399999999804
-0.0004788399999999804
0.0011172933333333246
0.0027134266666667406
0.004309560000000046
0.0027134266666667406
0.0011172933333334356
-0.00047883999999986937
-0.0020749733333332854
-0.0036711066666665904
-0.005267239999999895
-0.005267239999999895
-0.0004788399999999804
-0.0004788399999999804
-0.019632439999999973
-0.013646939999999996
-0.007661440000000019
-0.0016759399999999314
0.004309560000000046
-0.010055639999999921
-0.0004788399999999804
-0.014844039999999947
-0.007661440000000019
-0.0004788399999999804
0.0019153600000000326
0.004309560000000046
0.004309560000000046
0.004309560000000046
0.004309560000000046
0.004309560000000046
-0.014844039999999947
0.004309560000000046
0.0027134266666667406
0.0011172933333333246
-0.0004788399999999804
0.004309560000000046
0.0019153600000000326
-0.0004788399999999804
-0.007661440000000019
-0.014844039999999947
-0.012449839999999934
-0.010055639999999921
-0.010055639999999921
-0.010055639999999921
-0.010055639999999921
-0.010055639999999921
-0.010055639999999921
-0.010055639999999921
-0.010055639999999921
-0.010055639999999921
-0.010055639999999921
-0.010055639999999921
-0.010055639999999921
-0.007661439999999908
-0.005267239999999895
-0.0028730399999998824
-0.00047883999999986937
-0.012449839999999934
-0.005267239999999895
-0.005267239999999895
-0.0016759399999999314
0.0019153600000000326
0.005506660000000108
0.009097960000000072
-0.029209239999999914
-0.010055639999999921
-0.0028730399999999934
0.004309560000000046
-0.0028730399999999934
-0.010055639999999921
0.0019153600000000326
0.013886360000000098
0.009097960000000072
