-0.018794650000002022
-0.01999190000000084
-0.01999190000000084
-0.01999190000000084
-0.01999190000000084
-0.01999190000000084
-0.01999190000000084
-0.02477990000000041
-0.02477990000000041
-0.02477990000000041
-0.029568400000000494
-0.03435690000000058
-0.029568499999999887
-0.02478010000000097
-0.01999170000000028
-0.015203300000001363
-0.01041490000000067
-0.010414400000001933
-0.012808650000001975
-0.015202900000002018
-0.015202900000002018
-0.019991400000000326
-0.02477990000000041
-0.01759740000000143
-0.01041490000000067
-0.022385900000001513
-0.03435690000000058
-0.03052610000000122
-0.026695300000001865
-0.02286450000000073
-0.019033700000001375
-0.015202900000002018
-0.019991233333335856
-0.024779566666667918
-0.029567900000001757
-0.027173900000001083
-0.02477990000000041
-0.02477990000000041
-0.02477990000000041
-0.02477990000000041
-0.01999190000000084
-0.01999190000000084
-0.01999190000000084
-0.01041490000000067
0.003950099999999068
-0.005626566666666832
-0.01520323333333451
-0.02477990000000041
-0.021587566666667612
-0.018395233333334815
-0.015202900000002018
-0.01999190000000084
-0.029567900000001757
-0.02477990000000041
-0.01999190000000084
-0.022385900000001513
-0.02477990000000041
-0.012808900000001344
-0.0008379000000005021
-0.0008379000000005021
-0.0008379000000005021
-0.0032320666666674214
-0.005626233333334341
-0.00802040000000126
-0.010414566666668179
-0.012808733333335098
-0.015202900000002018
-0.0056264000000005865
-0.01999190000000084
-0.015203400000000755
-0.01041490000000067
-0.019991400000000326
-0.029567900000001757
-0.03196240000000117
-0.03435690000000058
-0.03196240000000117
-0.029567900000001757
-0.028028792857144325
-0.026489685714286892
-0.02495057857142946
-0.023411471428573805
-0.021872364285716372
-0.02033325714285894
-0.018794150000001508
-0.017255042857144076
-0.015715935714286644
-0.014176828571429212
-0.012637721428573556
-0.011098614285716124
-0.009559507142858692
-0.00802040000000126
-0.019991400000000326
-0.01759740000000143
-0.022385400000002775
-0.01999190000000084
-0.019393275000000543
-0.018794650000002022
-0.018196025000001725
-0.01759740000000143
-0.01699877500000113
-0.016400150000000835
-0.015801525000002314
-0.015202900000002018
-0.015202900000002018
-0.015202900000002018
-0.022385400000002775
-0.029567900000001757
-0.03675090000000125
-0.03435640000000184
-0.0319621500000018
-0.029567900000001757
-0.012808900000001344
0.003950099999999068
-0.003232399999999913
-0.01041490000000067
-0.0056264000000005865
-0.0008379000000005021
-0.02477990000000041
-0.023183900000001145
-0.021587900000000104
-0.01999190000000084
-0.02477990000000041
-0.018395233333334815
-0.012010566666667444
-0.005625900000001849
-0.005625900000001849
-0.005625900000001849
-0.009217400000002485
-0.012808900000001344
-0.016400400000000204
-0.01999190000000084
-0.020390900000000656
-0.020789900000000472
-0.021188900000000288
-0.02158790000000188
-0.021986900000001697
-0.022385900000001513
-0.01999190000000084
-0.018395566666667307
-0.01679923333333555
-0.015202900000002018
-0.018395233333334815
-0.021587566666667612
-0.02477990000000041
-0.025577900000000042
-0.02637590000000145
-0.027173900000001083
-0.027971900000000716
-0.028769900000002124
-0.029567900000001757
-0.022385900000001513
-0.04393390000000075
0.013527099999999237
0.013527099999999237
-0.02477990000000041
-0.06308690000000183
-0.04074123333333546
-0.018395566666667307
0.003950099999999068
0.003950099999999068
0.003950099999999068
-0.01759740000000143
-0.039144900000001925
-0.039144900000001925
-0.039144900000001925
-0.024779900000002186
-0.01041490000000067
0.003950099999999068
-0.029567900000001757
-0.04632740000000091
-0.06308690000000183
-0.04967950000000165
-0.03627210000000147
-0.022864700000001292
-0.009457300000001112
0.003950099999999068
-0.015203400000000755
-0.021188775000000604
-0.02717415000000223
-0.03315952500000208
-0.039144900000001925
-0.033330471428573816
-0.02751604285714393
-0.02170161428571582
-0.015887185714285934
-0.010072757142857824
-0.004258328571427938
0.0015561000000001712
-0.053509900000001664
-0.01759690000000269
-0.03435690000000058
-0.02669550000000065
-0.01903410000000072
-0.01137270000000079
-0.003711300000000861
0.003950099999999068
0.003950099999999068
0.003950099999999068
0.0023540999999998036
0.0007580999999987625
-0.0008379000000022785
-0.002433900000001543
-0.004029900000000808
-0.005625900000001849
-0.01679890000000306
-0.02477990000000041
0.00873909999999789
0.006743933333330787
0.004748766666663684
0.0027535999999983574
0.0007584333333312543
-0.0012367333333358488
-0.0032319000000011755
-0.005227066666668279
-0.007222233333335382
-0.009217400000002485
-0.011212566666669588
-0.013207733333334915
-0.015202900000002018
-0.06308690000000183
-0.03595256666666913
0.030286599999998387
-0.02477990000000041
-0.03435690000000058
-0.012808900000001344
0.00873909999999789
0.00011989999999784118
-0.008499300000002208
-0.01711850000000048
-0.02573770000000053
-0.03435690000000058
-0.048721900000002094
0.032681099999999574
0.011931433333332464
-0.008818233333334646
-0.029567900000001757
-0.04393390000000075
-0.04106070000000095
-0.03818750000000115
-0.03531430000000135
-0.032441100000001555
-0.029567900000001757
-0.022385400000002775
0.027892099999998976
0.030286349999999018
0.03268059999999906
0.0350748499999991
0.037469099999999145
0.025019299999998523
0.012569499999999678
0.00011969999999905667
-0.012330099999999788
-0.02477990000000041
-0.0056264000000005865
-0.048721900000002094
-0.048721900000002094
-0.03435665000000121
-0.019991400000002102
-0.005626150000002994
0.00873909999999789
-0.053509900000001664
-0.019991400000000326
0.013527099999999237
0.017357899999998594
0.021188699999999727
0.025019499999999084
0.028850300000000217
0.032681099999999574
-0.012808900000001344
-0.016229185714287553
-0.019649471428571985
-0.023069757142858194
-0.026490042857144402
-0.02991032857143061
-0.03333061428571504
-0.03675090000000125
-0.02477990000000041
-0.06308690000000183
-0.04991890000000154
-0.03675090000000125
-0.02358290000000096
-0.01041490000000067
-0.0020351499999993194
0.006344600000000256
0.0003593499999983152
-0.005625900000001849
0.003950599999997806
0.013527099999999237
-0.072663900000002
-0.06548140000000124
-0.05829890000000226
-0.051116400000001505
-0.04393390000000075
-0.01759740000000143
0.00873909999999789
-0.058298900000000486
-0.04552990000000001
-0.032760900000001314
-0.01999190000000084
0.01831609999999806
-0.00802040000000126
-0.03435690000000058
-0.01041490000000067
0.013527099999999237
-0.003232399999999913
-0.01999190000000084
-0.018927788888889907
-0.017863677777778975
-0.016799566666668042
-0.01573545555555711
-0.0146713444444444
-0.013607233333333468
-0.012543122222222536
-0.011479011111111603
-0.01041490000000067
0.00873909999999789
-0.032760566666667046
-0.04393390000000075
-0.06787590000000066
-0.01759740000000143
0.032681099999999574
-0.0056264000000005865
-0.04393390000000075
-0.037549233333333376
-0.03116456666666778
-0.02477990000000041
-0.017597275000001744
-0.010414650000001302
-0.00323202500000086
0.003950599999997806
-0.005626150000002994
-0.015202900000002018
-0.0008379000000005021
-0.005626233333334341
-0.010414566666668179
-0.015202900000002018
-0.01999190000000084
-0.012011233333334204
-0.004030566666667568
0.003950099999999068
-0.029568400000000494
-0.06308690000000183
-0.04872170000000153
-0.03435650000000123
-0.01999130000000271
-0.00562610000000241
0.00873909999999789
-0.03435640000000184
-0.012808650000001975
0.00873909999999789
-0.012808900000001344
-0.03435690000000058
-0.01999190000000084
-0.01759740000000143
-0.015202900000002018
-0.024779900000002186
-0.03435690000000058
-0.04393390000000075
-0.005625900000001849
-0.018395233333334815
-0.03116456666666778
-0.04393390000000075
-0.02477990000000041
-0.01759740000000143
-0.01041490000000067
-0.003232399999999913
0.003950099999999068
-0.0008382750000013317
-0.005626650000001732
-0.010415025000000355
-0.015203400000000755
0.00873909999999789
0.006002814285713143
0.003266528571426619
0.0005302428571418716
-0.002206042857144652
-0.0049423285714294
-0.007678614285715923
-0.01041490000000067
0.00873909999999789
0.003950766666664052
-0.0008375666666680104
-0.005625900000001849
-0.02477990000000041
-0.029567900000001757
-0.005625900000001849
0.006345099999998993
0.01831609999999806
-0.058298900000000486
-0.027174400000001597
0.003950099999999068
-0.0020354000000004646
-0.008020899999999997
-0.014006400000001307
-0.01999190000000084
-0.029567900000001757
0.04704609999999931
0.02968809999999955
0.012330099999998012
-0.00502790000000175
-0.022385900000001513
-0.01161190000000012
-0.0008379000000005021
-0.016400150000000835
-0.03196240000000117
-0.0475246500000015
-0.06308690000000183
-0.0008379000000005021
-0.02477990000000041
-0.027972233333333207
-0.03116456666666778
-0.03435690000000058
-0.01999170000000028
-0.005626499999999979
0.008738699999998545
0.023103899999998845
0.037469099999999145
-0.0008379000000005021
-0.03435640000000184
-0.039145150000001294
-0.04393390000000075
-0.02477990000000041
-0.016799233333333774
-0.008818566666667138
-0.0008379000000005021
-0.021587566666667612
-0.04233723333333472
-0.06308690000000183
-0.05159470000000255
-0.040102500000001484
-0.028610300000002198
-0.017118100000001135
-0.005625900000001849
-0.005625900000001849
-0.01041490000000067
-0.01759740000000143
-0.02477990000000041
-0.01999190000000084
-0.018794650000002022
-0.01759740000000143
-0.016400150000000835
-0.015202900000002018
-0.023582650000001593
-0.031962400000002944
-0.04034215000000252
-0.048721900000002094
-0.03435690000000058
-0.01041490000000067
-0.01041490000000067
-0.01041490000000067
-0.01041490000000067
-0.01041490000000067
-0.01041490000000067
-0.01041490000000067
-0.01041490000000067
-0.01999190000000084
-0.005625900000001849
-0.01999190000000084
-0.01041490000000067
-0.01041490000000067
-0.01041490000000067
-0.012010900000001712
-0.013606900000000977
-0.015202900000002018
-0.01679923333333555
-0.018395566666667307
-0.01999190000000084
-0.015202900000002018
-0.01999190000000084
-0.01759740000000143
-0.015202900000002018
-0.01759740000000143
-0.01999190000000084
-0.01041490000000067
-0.008020650000000629
-0.0056264000000005865
-0.0032321500000005443
-0.0008379000000005021
-0.002434066666667789
-0.0040302333333333
-0.0056264000000005865
-0.007222566666667873
-0.008818733333333384
-0.01041490000000067
-0.015202900000002018
-0.029568400000000494
-0.028610699999999767
-0.027653000000000816
-0.02669530000000009
-0.025737600000001137
-0.02477990000000041
-0.019991400000000326
-0.015202900000002018
-0.015887042857144706
-0.016571185714287395
-0.017255328571430084
-0.017939471428572773
-0.018623614285715462
-0.01930775714285815
-0.01999190000000084
-0.021587900000000104
