-0.0002793233333332479
0.001316810000000057
-0.010654189999999897
0.001316810000000057
-0.003471589999999969
-0.008259989999999995
-0.0010773899999999559
0.006105210000000083
0.006105210000000083
0.006105210000000083
0.006105210000000083
0.00371101000000007
0.001316810000000057
-0.003471589999999969
-0.008259989999999995
-0.01304838999999991
-0.008259989999999995
-0.003471589999999969
0.001316810000000057
0.002912943333333362
0.004509076666666778
0.006105210000000083
0.007701343333333388
0.009297476666666693
0.010893609999999998
0.010893609999999998
0.010893609999999998
0.010893609999999998
0.010893609999999998
-0.003471589999999969
0.001316810000000057
0.006105210000000083
0.010893609999999998
0.015682010000000024
-0.003471589999999969
0.001316810000000057
-0.003471589999999969
-0.0010773899999999559
0.001316810000000057
0.002912943333333362
0.004509076666666778
0.006105210000000083
0.001316810000000057
-0.003471589999999969
-0.010654189999999897
-0.017836789999999936
-0.010654189999999897
-0.003471589999999969
-0.010654189999999897
-0.017836789999999936
-0.01943294333333323
-0.021029096666666636
-0.02262524999999993
-0.008259989999999995
-0.008259989999999995
-0.010654190000000008
-0.01304839000000002
-0.015442589999999923
-0.017836789999999936
0.015682010000000024
0.014313895714285763
0.012945781428571501
0.01157766714285724
0.010209552857142867
0.008841438571428606
0.0074733242857143445
0.006105210000000083
-0.002274489999999907
-0.010654189999999897
0.001316810000000057
-0.017836789999999936
-0.01304838999999991
-0.008259989999999995
-0.003471589999999969
-0.005067723333333274
-0.00666385666666669
-0.008259989999999995
-0.003471589999999969
-0.003471589999999969
-0.003471589999999969
-0.003471589999999969
0.001316810000000057
-0.005865789999999871
-0.01304838999999991
-0.0098561233333333
-0.006663856666666579
-0.003471589999999969
-0.0010773899999999559
0.001316810000000057
-0.003471589999999969
-0.008259989999999995
-0.005067723333333274
-0.0018754566666666639
0.001316810000000057
-0.0010773899999999559
-0.003471589999999969
-0.005865789999999982
-0.008259989999999995
-0.008259989999999995
-0.008259989999999995
-0.008259989999999995
-0.005865789999999982
-0.003471589999999969
-0.0010773899999999559
-0.005865789999999982
-0.007062890000000044
-0.008259989999999995
-0.003471589999999969
0.001316810000000057
0.006105210000000083
0.010893609999999998
0.003711009999999959
-0.003471589999999969
-0.010654189999999897
-0.017836789999999936
0.006105210000000083
-0.017836789999999936
0.001316810000000057
0.02047041000000005
-0.0010774199999998846
-0.02262524999999993
0.0013167800000000174
0.025258810000000076
0.01209069500000004
-0.0010774199999998846
-0.01424553499999992
-0.027413649999999956
0.02047041000000005
0.0013167900000000676
-0.017836830000000026
-0.03699045000000001
0.025258810000000076
-0.03220204999999998
-0.0058658199999999106
0.02047041000000005
-0.0034716200000000086
-0.027413649999999956
-0.015442619999999962
-0.003471589999999969
-0.005865789999999982
-0.008259989999999995
-0.008259989999999995
-0.008259989999999995
-0.008259989999999995
-0.008259989999999995
0.010893609999999998
-0.02262524999999993
-0.0010774199999998846
0.02047041000000005
-0.0058658199999999106
-0.03220204999999998
-0.010654219999999937
0.010893609999999998
-0.0058658199999999106
-0.02262524999999993
-0.0058658199999999106
0.010893609999999998
0.008978249999999965
0.007062890000000044
0.005147530000000011
0.0032321700000000897
0.001316810000000057
-0.008260020000000035
-0.02262523500000002
-0.03699045000000001
-0.017836819999999975
0.001316810000000057
-0.003471589999999969
-0.008259989999999995
-0.01304841000000001
-0.017836829999999915
-0.02262524999999993
-0.0034716200000000086
0.015682010000000024
-0.005067739999999987
-0.02581749
-0.046567239999999954
0.030047210000000102
-0.04177883999999993
-0.02262521499999992
-0.003471589999999969
-0.005865789999999982
-0.008259989999999995
-0.015442619999999962
-0.02262524999999993
-0.008260019999999924
0.006105210000000083
-0.046567239999999954
-0.005865814999999941
0.03483561000000002
0.010893590000000009
-0.01304843
-0.03699045000000001
-0.017836830000000026
0.0013167900000000676
0.02047041000000005
-0.03220204999999998
0.001316810000000057
0.006105210000000083
0.010893609999999998
-0.009856140000000013
-0.030605890000000024
-0.05135563999999998
0.03483561000000002
0.007701326666666675
-0.019432956666666668
-0.046567239999999954
-0.014644543333333315
0.01727815333333338
0.049200850000000074
0.0013168050000000875
-0.046567239999999954
-0.01304841499999998
0.02047041000000005
0.013287810000000011
0.006105210000000083
-0.03220204999999998
0.04441245000000005
0.036141569090909154
0.02787068818181826
0.019599807272727365
0.01132892636363636
0.003058045454545466
-0.005212835454545428
-0.013483716363636322
-0.021754597272727216
-0.03002547818181811
-0.038296359090909005
-0.046567239999999954
0.013287800000000072
0.008499410000000096
-0.01304838999999991
-0.0010773899999999559
0.010893609999999998
-0.04177883999999993
-0.001077414999999915
0.03962401000000004
-0.03699045000000001
-0.030206873333333384
-0.02342329666666665
-0.016639719999999913
-0.00985614333333329
-0.003072566666666665
0.00371101000000007
0.004908110000000132
0.006105210000000083
-0.008259989999999995
-0.017836789999999936
-0.0010773899999999559
0.015682010000000024
-0.017836815000000006
-0.05135563999999998
-0.01304841499999998
0.025258810000000076
-0.0010774199999998846
-0.027413649999999956
-0.015442634999999982
-0.0034716200000000086
0.008499395000000076
0.02047041000000005
0.01472432400000001
0.008978237999999972
0.0032321520000000437
-0.0025139339999999955
-0.008260020000000035
-0.015442614999999993
0.014484917500000027
0.04441245000000005
0.022066550000000018
-0.0002793499999999005
-0.02262524999999993
0.015682010000000024
0.009935930000000037
0.0041898500000000505
-0.0015562299999999363
-0.007302309999999923
-0.01304838999999991
-0.027413649999999956
-0.0010774199999998846
0.025258810000000076
-0.046567239999999954
0.049200850000000074
0.0013168050000000875
-0.046567239999999954
-0.017836815000000006
0.010893609999999998
-0.003471589999999969
-0.017836789999999936
-0.027413619999999916
-0.03699045000000001
-0.014644563333333305
0.007701323333333399
0.030047210000000102
0.009297456666666704
-0.011452296666666584
-0.03220204999999998
0.0013167800000000174
0.03483561000000002
-0.03220204999999998
0.001316810000000057
0.006105210000000083
0.010893609999999998
-0.005067743333333374
-0.021029096666666636
-0.03699045000000001
0.02047041000000005
0.012090703750000098
0.003710997500000035
-0.004668708749999917
-0.01304841499999998
-0.021428121249999932
-0.029807827499999995
-0.03818753374999995
-0.046567239999999954
0.0013168050000000875
0.049200850000000074
-0.027413649999999956
0.001316810000000057
0.006105210000000083
-0.04177883999999993
0.03962401000000004
-0.05614403999999995
-0.04257689833333328
-0.02900975666666661
-0.015442614999999993
-0.0018754733333332663
0.01169166833333346
0.025258810000000076
-0.017836789999999936
-0.01304838999999991
0.02047041000000005
-0.04177883999999993
-0.014644556666666642
0.0124897266666667
0.03962401000000004
-0.046567239999999954
-0.015442614999999993
0.015682010000000024
0.010295052500000068
0.004908095000000001
-0.00047886249999995467
-0.0058658199999999106
-0.011252777499999977
-0.016639734999999933
-0.0220266925
-0.027413649999999956
0.001316810000000057
0.02047041000000005
-0.013048413333333286
0.0013167944444445467
0.01568200222222227
0.030047210000000102
-0.02262524999999993
-0.021029096666666636
-0.01943294333333323
-0.017836789999999936
-0.007062889999999933
0.00371101000000007
0.014484910000000073
0.025258810000000076
-0.03220204999999998
0.03483561000000002
0.00610519333333337
-0.022625223333333278
-0.05135563999999998
-0.029807827499999995
-0.008260014999999954
0.013287797499999976
0.03483561000000002
-0.02262524999999993
0.006105210000000083
0.025258810000000076
-0.03699045000000001
-0.009856149999999952
0.017278149999999992
0.04441245000000005
-0.07050926999999996
-0.024221363333333246
0.022066543333333355
0.06835445000000007
-0.003471589999999969
0.006105210000000083
0.015682010000000024
0.004509076666666667
-0.006663856666666579
-0.017836789999999936
-0.08008605999999996
-0.036990423333333244
0.006105213333333359
0.049200850000000074
-0.07050926999999996
-0.024221363333333246
0.022066543333333355
0.06835445000000007
0.010893605000000028
-0.046567239999999954
0.018076200000000098
0.0827196400000001
-0.05135563999999998
-0.022625223333333278
0.00610519333333337
0.03483561000000002
0.010893609999999998
0.00610520631578948
0.0013168026315789616
-0.0034716010526315566
-0.008260004736842075
-0.013048408421052593
-0.01783681210526311
-0.02262521578947363
-0.027413619473684148
-0.03220202315789478
-0.036990426842105295
-0.04177883052631576
-0.046567234210526276
-0.051355637894736794
-0.05614404157894737
-0.060932445263157886
-0.0657208489473684
-0.07050925263157892
-0.07529765631578944
-0.08008605999999996
-0.04896143249999996
-0.017836804999999956
0.013287822500000046
0.04441245000000005
-0.10402808999999996
-0.008260025000000004
0.08750804000000001
-0.01304842500000003
-0.11360488999999996
0.10666171000000002
-0.032202026666666606
-0.014644539999999928
-0.02262522999999994
-0.003471589999999969
0.14496891
0.07314285500000006
0.0013168000000000069
-0.07050925499999994
-0.14233530999999994
0.15933411000000008
-0.18543092999999994
-0.020231009999999938
0.14496891
-0.003471589999999969
-0.15191208999999994
-0.01304839000000002
0.12581531
0.013287810000000011
-0.09923968999999994
0.006105210000000083
0.11145011000000005
0.03004723500000006
-0.05135563999999998
-0.010654214999999967
0.030047210000000102
0.006105210000000083
-0.017836789999999936
-0.027413619999999916
-0.03699045000000001
-0.010654219999999937
0.015682010000000024
-0.03220202499999991
-0.08008605999999996
0.07314284000000004
0.025258803333333413
-0.022625233333333328
-0.07050926999999996
0.018076219999999976
0.10666171000000002
-0.0010773899999999559
-0.10881648999999993
-0.08427592374999993
-0.05973535749999992
-0.03519479124999991
-0.010654224999999906
0.01388634124999999
0.038426907499999996
0.06296747375
0.08750804000000001
-0.11360488999999996
-0.08555852857142854
-0.05751216714285706
-0.029465805714285587
-0.0014194442857141665
0.026626917142857254
0.054673278571428674
0.0827196400000001
-0.09445125999999993
-0.017836824999999945
0.08750804000000001
-0.08008605999999996
0.015682025000000044
0.11145011000000005
0.038027910000000054
-0.03539428999999994
-0.10881648999999993
0.001316810000000057
0.11145011000000005
-0.11839328999999993
-0.008259989999999995
0.13060371000000004
0.00371101000000007
-0.12318168999999995
-0.044971089999999936
0.03323951000000003
0.11145011000000005
0.05398926000000004
-0.003471589999999969
-0.06093243999999992
-0.11839328999999993
0.008499410000000096
0.09708481000000002
0.030047176666666675
-0.03699045666666667
-0.10402808999999996
-0.013048424999999919
0.07793124000000007
0.015682000000000085
-0.046567239999999954
-0.036990433749999996
-0.027413627499999982
-0.017836821249999968
-0.008260014999999954
0.00131679125000006
0.010893597500000074
0.020470403750000088
0.030047210000000102
-0.01304838999999991
-0.008259989999999995
-0.002673523333333261
0.002912943333333362
0.008499409999999985
0.014085876666666719
0.019672343333333453
0.025258810000000076
-0.06093243999999998
0.07793124000000007
-0.10881648999999993
-0.0010774000000000061
0.11145011000000005
0.0673967900000001
0.023343470000000033
-0.02070984999999992
-0.06476316999999993
-0.10881648999999993
-0.017836824999999945
0.07314284000000004
-0.02262521999999989
-0.00027932999999991104
0.02206656000000007
0.04441245000000005
-0.0010773949999999255
-0.008858558749999967
-0.0166397224999999
-0.02442088624999994
-0.03220204999999998
0.010893609999999998
0.013287810000000011
0.015682010000000024
-0.005067739999999987
-0.02581749
-0.046567239999999954
0.03962401000000004
-0.03220204999999998
-0.008260020000000035
0.015682010000000024
0.018076210000000037
0.02047041000000005
0.004509056666666678
-0.011452296666666584
-0.027413649999999956
-0.017836829999999915
-0.008260009999999984
0.001316810000000057
-0.02262524999999993
-0.003471589999999969
0.001316810000000057
0.006105210000000083
0.0032321640000000373
0.00035911800000010263
-0.002513927999999943
-0.005386973999999878
-0.008260019999999924
-0.01113306599999997
-0.014006111999999904
-0.01687915799999995
-0.019752203999999884
-0.02262524999999993
0.006105210000000083
-0.008259989999999995
0.006105210000000083
0.015682010000000024
-0.001077402499999991
-0.017836814999999895
-0.022625232499999925
-0.027413649999999956
-0.009856163333333279
0.007701323333333399
0.025258810000000076
-0.0058658199999999106
-0.03699045000000001
0.006105210000000083
-0.00466870499999994
-0.015442619999999962
-0.026216534999999985
-0.03699045000000001
0.015682010000000024
-0.017836789999999936
-0.003471589999999969
0.010893609999999998
0.003711009999999959
-0.003471589999999969
0.006105210000000083
0.015682010000000024
-0.0010773899999999559
-0.017836789999999936
-0.008259989999999995
0.001316810000000057
-0.0010773899999999559
-0.003471589999999969
-0.005865789999999982
-0.008259989999999995
-0.009457089999999946
-0.010654189999999897
-0.011851289999999959
-0.01304838999999991
0.006105210000000083
-0.005865789999999982
0.001316810000000057
-0.0002793233333332479
-0.0018754566666666639
-0.003471589999999969
-0.003471589999999969
-0.003471589999999969
-0.003471589999999969
-0.003471589999999969
-0.003471589999999969
-0.003471589999999969
0.006105210000000083
-0.003471589999999969
-0.01304838999999991
0.001316810000000057
-0.0010773899999999559
-0.003471589999999969
-0.008259989999999995
-0.01304838999999991
-0.008259989999999884
-0.003471589999999969
0.001316810000000057
-0.0010773899999999559
-0.003471589999999969
-0.0010773899999999559
0.001316810000000057
-0.003471589999999969
-0.008259989999999995
-0.008259989999999995
-0.008259989999999995
-0.0010773899999999559
0.006105210000000083
-0.01304838999999991
-0.008259989999999995
-0.008259989999999995
-0.008259989999999995
-0.005865789999999982
-0.003471589999999969
-0.004269656666666677
-0.005067723333333274
-0.005865789999999982
-0.00666385666666669
-0.007461923333333287
-0.008259989999999995
-0.005067723333333274
-0.0018754566666666639
0.001316810000000057
-0.003471589999999969
-0.0010773899999999559
-0.002274490000000018
-0.003471589999999969
-0.0010773899999999559
0.001316810000000057
-0.0010773899999999559
-0.003471589999999969
-0.008259989999999995
-0.002787532857142838
0.0026849242857143185
0.008157381428571475
0.013629838571428632
0.01910229571428579
0.024574752857142945
0.030047210000000102
-0.017836789999999936
-0.003471589999999969
-0.015442619999999962
-0.027413649999999956
0.006105210000000083
-0.0002793233333332479
-0.006663856666666579
-0.01304838999999991
-0.003471589999999969
0.006105210000000083
0.015682010000000024
0.010893609999999998
0.006105210000000083
0.001316810000000057
-0.003471589999999969
-0.008259989999999884
-0.01304838999999991
-0.01304838999999991
-0.01304838999999991
-0.01304838999999991
-0.01304838999999991
-0.01304838999999991
-0.01304838999999991
-0.01304838999999991
-0.01304838999999991
-0.01304838999999991
-0.008259989999999884
-0.003471589999999969
0.001316810000000057
-0.003471589999999969
-0.008259989999999995
-0.009457089999999946
-0.010654189999999897
-0.008259989999999995
-0.006207818571428603
-0.0041556471428571
-0.0021034757142857075
-5.130428571420431e-05
