-0.011252717000000023
-0.0064643270000000475
0.0031124630000000097
0.0031124630000000097
-0.006464336999999987
-0.006464336999999987
-0.006464336999999987
0.0031124630000000097
-0.0016759369999999607
-0.006464336999999987
-0.004868203666666682
-0.003272070333333321
-0.0016759370000000162
0.0031124629999999542
0.00790086299999998
-0.0016759270000000215
-0.011252717000000023
-0.011252717000000023
-0.011252717000000023
-0.0016759370000000162
0.0031124630000000097
0.00790086299999998
0.012689263000000006
0.00790086299999998
0.0031124630000000097
-0.0016759370000000162
-0.004070140333333361
-0.006464343666666705
-0.00885854700000005
-0.011252750333333339
-0.013646953666666684
-0.016041157000000028
0.0031124630000000097
-0.006464336999999987
-0.006464336999999987
-0.004070136999999974
-0.0016759369999999607
0.0007182629999999968
0.0031124630000000097
-0.0064643270000000475
-7.979700000004808e-05
0.006304733000000007
0.012689263000000006
0.01173158299999999
0.010773902999999974
0.009816223000000013
0.008858542999999997
0.00790086299999998
-0.006464336999999987
-0.011252717000000023
-0.008858522000000035
-0.0064643270000000475
-0.006464336999999987
0.0031124630000000097
0.012689263000000006
0.001516322999999986
-0.009656616999999978
-0.020829557
-0.006464336999999987
-0.00550665699999997
-0.00454897700000001
-0.0035912969999999933
-0.0026336170000000325
-0.0016759370000000162
-0.00885854700000005
-0.016041157000000028
-0.020829557
-0.016041157000000028
-0.0016759370000000162
-0.0020749703333333702
-0.0024740036666666687
-0.0028730370000000227
-0.003272070333333321
-0.003671103666666675
-0.004070136999999974
-0.004469170333333328
-0.004868203666666682
-0.00526723699999998
-0.005666270333333334
-0.006065303666666633
-0.006464336999999987
-0.004070136999999974
-0.0016759370000000162
0.012689263000000006
0.00790086299999998
0.0031124630000000097
-0.006464336999999987
0.0031124630000000097
0.00790086299999998
-0.0016759370000000162
-0.0016759370000000162
0.0007182629999999968
-0.0026336210000000304
-0.005985505000000002
-0.00933738900000003
-0.012689273000000001
-0.016041157000000028
0.005506662999999967
-0.0004788370000000097
-0.006464336999999987
-0.006464336999999987
-0.006464336999999987
-0.006464336999999987
-0.008060463666666684
-0.009656590333333326
-0.011252717000000023
-0.006464336999999987
-0.0016759369999999607
0.0031124630000000097
0.0031124630000000097
0.0031124630000000097
0.0031124630000000097
0.0007182663333333283
-0.001675930333333353
-0.0040701270000000345
-0.00646432366666666
-0.008858520333333342
-0.011252717000000023
0.0031124630000000097
0.00790086299999998
-0.0016759369999999607
-0.0016759369999999607
-0.0016759370000000162
-0.0016759370000000162
0.0031124630000000097
-7.980366666665573e-05
-0.003272070333333321
-0.006464336999999987
-0.0016759336666666846
0.003112469666666673
0.00790087300000003
0.012689276333333332
0.017477679666666635
0.022266082999999992
-0.011252717000000023
0.01747768300000002
-0.011252747000000007
-0.00885854199999997
-0.006464336999999987
-0.004070136999999974
-0.0016759370000000162
-0.0004788370000000097
0.0007182629999999968
0.0019153630000000033
0.0031124630000000097
0.0031124630000000097
0.0031124630000000097
0.0031124630000000097
0.0031124630000000097
0.0031124630000000097
0.0031124630000000097
-0.011252717000000023
-0.004070116999999984
0.0031124829999999992
0.010295082999999983
0.01747768300000002
0.0031124829999999992
-0.0007182450000000062
-0.004548973000000012
-0.008379701000000017
-0.012210429000000023
-0.016041157000000028
0.01747768300000002
0.00790087300000003
-0.0016759369999999607
-0.011252747000000007
-0.020829557
0.012689263000000006
0.011492163
0.010295062999999993
0.009097962999999987
0.00790086299999998
0.006703763000000029
0.005506663000000023
0.004309563000000016
0.0031124630000000097
-0.016041157000000028
0.012689273000000001
0.0031124630000000097
-0.0032720769999999844
-0.009656617000000034
-0.016041157000000028
0.00790086299999998
0.004309563000000016
0.0007182629999999968
-0.0028730370000000227
-0.006464336999999987
0.00790086299999998
0.0031124629999999542
-0.0016759370000000162
-7.980366666665573e-05
0.0015163296666666493
0.0031124629999999542
0.004708596333333315
0.006304729666666675
0.00790086299999998
0.022266082999999992
-0.025617957000000025
-0.011252747000000007
0.0031124630000000097
-0.006464336999999987
-0.006464336999999987
-0.008858527000000005
-0.011252717000000023
-0.0016759270000000215
0.00790086299999998
-0.0016759270000000215
-0.011252717000000023
-0.004868190333333355
0.0015163363333333124
0.00790086299999998
0.0031124629999999542
-0.0016759370000000162
-0.006464336999999987
-0.016041146999999978
-0.025617957000000025
-0.004070136999999974
0.01747768300000002
0.00790087300000003
-0.0016759370000000162
-0.0064643270000000475
-0.011252717000000023
-0.013646937000000026
-0.016041157000000028
-0.006464347000000037
0.0031124629999999542
0.012689273000000001
0.022266082999999992
-0.030406356999999995
-0.018435350333333322
-0.006464343666666705
0.005506662999999967
-0.007661446999999988
-0.020829557
-0.01683922033333335
-0.012848883666666644
-0.008858546999999994
-0.004868210333333345
-0.0008778736666666398
0.0031124630000000097
-0.011252717000000023
-0.011252717000000023
-0.011252717000000023
-0.011252717000000023
-0.011252717000000023
-0.011252717000000023
0.00790086299999998
0.012689263000000006
-0.03519475700000002
0.022266082999999992
0.019871883000000035
0.01747768300000002
-0.004070136999999974
-0.025617957000000025
-0.016041150333333365
-0.00646434366666665
0.0031124630000000097
0.007900868000000005
0.012689273000000001
0.017477677999999996
0.022266082999999992
-0.020829557000000054
0.005506662999999967
0.03184288299999999
0.00790086299999998
-0.016041157000000028
-0.006464347000000037
0.0031124630000000097
-0.0016759369999999607
-0.006464336999999987
0.004708603000000033
0.015881542999999998
0.027054483000000018
-0.04477157700000001
-0.024420861999999988
-0.004070147000000024
0.016280567999999995
0.036631283000000014
0.012689282999999996
-0.011252717000000023
-0.0064643270000000475
-0.0016759370000000162
-0.025617957000000025
0.036631283000000014
-0.0016759369999999607
-0.03998315699999999
-0.011252737000000013
0.01747768300000002
0.0055066730000000175
-0.006464336999999987
-0.007422013000000005
-0.008379689000000023
-0.009337364999999986
-0.010295041000000005
-0.011252717000000023
-0.020829557
-0.0016759370000000162
0.01747768300000002
-0.006464336999999987
-0.030406356999999995
-0.006464336999999987
0.01747768300000002
0.0031124829999999992
-0.011252717000000023
0.005506682999999957
0.022266082999999992
-0.006464336999999987
-0.03519475700000002
-0.063925177
-0.020829547000000004
0.022266082999999992
0.06536171299999999
0.04860230049999997
0.03184288799999996
0.015083475499999999
-0.0016759370000000162
-0.030406356999999995
0.005506662999999967
0.041419682999999985
0.005506662999999967
-0.030406356999999995
0.00790086299999998
0.0031124629999999542
-0.0016759370000000162
-0.003272070333333321
-0.004868203666666682
-0.006464336999999987
0.041419682999999985
0.026256406333333315
0.011093129666666646
-0.004070147000000024
-0.019233423666666638
-0.03439670033333331
-0.04955997699999998
0.010295078000000013
0.027054483000000018
-0.016041157000000028
-0.02242569033333336
-0.02881022366666669
-0.03519475700000002
-0.016041147000000033
0.0031124629999999542
0.022266072999999997
0.041419682999999985
-0.030406356999999995
-0.016041146999999978
-0.0016759370000000162
0.0031124630000000097
-0.04477157700000001
-0.001675947000000011
0.041419682999999985
0.015881536333333335
-0.00965661033333337
-0.03519475700000002
0.0031124630000000097
0.004708596333333315
0.006304729666666675
0.00790086299999998
-0.00885854700000005
-0.025617957000000025
-0.042377367
-0.05913677700000003
0.074938523
-0.073501977
0.0031124630000000097
0.019871872999999984
0.036631283000000014
-0.01843534699999999
-0.073501977
0.0007182729999999915
0.074938523
0.012689273000000001
-0.04955997699999998
-0.04317543699999998
-0.03679089699999999
-0.030406356999999995
0.079726923
0.015881542999999998
-0.04796383700000001
-0.11180921700000002
-0.016041146999999978
0.079726923
0.022266082999999992
-0.03519475700000002
-0.03475944790909091
-0.03432413881818186
-0.03388882972727275
-0.03345352063636364
-0.033018211545454534
-0.03258290245454548
-0.03214759336363637
-0.031712284272727265
-0.031276975181818156
-0.030841666090909103
-0.030406356999999995
0.022266082999999992
0.074938523
-0.073501977
0.04620808300000001
-0.006464336999999987
0.01747768300000002
0.0055066730000000175
-0.078290417
0.0031124630000000097
0.03423708799999997
0.06536171299999999
-0.11180921700000002
-0.07908846033333333
-0.046367703666666704
-0.01364694700000002
0.019073809666666663
0.05179456633333335
0.084515323
-0.035194767000000016
0.027054483000000018
-0.004070136999999974
-0.03519475700000002
-0.01843534699999999
-0.0016759370000000162
-0.0048681970000000185
-0.00806045700000002
-0.011252717000000023
0.041419682999999985
0.017477668000000002
-0.006464347000000037
-0.03040636200000002
-0.054348377
0.074938523
0.010295072999999988
-0.054348377
-0.03838703033333335
-0.02242568366666664
-0.006464336999999987
-0.0022744838750000107
0.0019153692500000208
0.006105222374999997
0.010295075500000028
0.014484928625000004
0.01867478174999998
0.02286463487500001
0.027054487999999988
0.03124434112500002
0.035434194249999995
0.03962404737499997
0.0438139005
0.04800375362499998
0.05219360675000001
0.056383459874999986
0.06057331299999999
-0.025617952
-0.11180921700000002
0.00790085800000001
0.0007182629999999968
0.07015010299999999
-0.023223756999999956
-0.020829547000000004
0.05099651300000002
0.02896985499999999
0.006943197000000012
-0.01508346100000002
-0.037110119
-0.05913677700000003
0.007900872999999975
0.074938523
-0.11180921700000002
0.012689278000000026
0.036631283000000014
0.01747767299999997
-0.0016759370000000162
-0.0064643270000000475
-0.011252717000000023
-0.01604113700000004
-0.020829557
-0.02242569033333336
-0.024021823666666664
-0.025617957000000025
-0.015442598249999995
-0.0052672395000000205
0.004908119249999954
0.015083477999999984
0.025258836750000013
0.03543419549999999
0.04560955424999996
0.05578491299999999
-0.013646941999999995
0.005506662999999967
-0.05913677700000003
0.079726923
0.030246756333333347
-0.019233410333333367
-0.06871357700000003
-0.05434836700000001
-0.03998315700000005
-0.02561794700000003
-0.011252737000000013
0.0031124730000000045
0.017477682999999966
0.03184289299999998
0.046208103
0.06057331299999999
-0.04955997699999998
0.04620808300000001
-0.078290417
0.0031124629999999542
0.022266082999999992
0.015083477999999984
0.00790087300000003
0.0007182680000000219
-0.006464336999999987
-0.016041157000000028
0.012689263000000006
0.041419682999999985
-0.078290417
-0.004070157000000019
0.07015010299999999
0.0007182629999999968
-0.06871357700000003
-0.05328427922222223
-0.03785498144444449
-0.022425683666666696
-0.006996385888888901
0.008432911888888894
0.023862209666666634
0.03929150744444443
0.054720805222222224
0.07015010299999999
0.019073803
-0.03200249699999996
-0.08307879699999998
-0.024021820333333332
0.03503515633333332
0.094092133
-0.073501977
0.06536171299999999
-0.05913677700000003
0.03184288299999999
0.007900869666666643
-0.016041143666666646
-0.03998315699999999
0.022266082999999992
-7.979699999999257e-05
0.0009842896666666934
0.002048376333333324
0.0031124630000000097
0.027054483000000018
-0.008858546999999994
-0.04477157700000001
-0.001675947000000011
0.041419682999999985
-0.04955997699999998
-0.004070147000000024
0.041419682999999985
0.030246742999999965
0.019073803
0.00790086299999998
-0.00327207700000004
-0.014445017000000004
-0.025617957000000025
-0.014844051999999996
-0.004070147000000024
0.022266082999999992
-0.016041157000000028
-0.001675947000000011
0.012689263000000006
0.0031124630000000097
-0.006464336999999987
-0.004070136999999974
-0.0016759370000000162
0.010295072999999988
0.022266082999999992
-0.0016759370000000162
-0.025617957000000025
-0.01364694700000002
-0.0016759370000000162
0.010295072999999988
0.022266082999999992
-0.008858537
-0.03998315699999999
0.041419682999999985
-0.03519475700000002
-0.004070136999999974
0.027054483000000018
-0.011252746999999952
-0.04955997699999998
-0.02561795699999997
-0.0016759370000000162
0.022266082999999992
-0.025617957000000025
-0.01364694700000002
-0.0016759370000000162
0.010295072999999988
0.022266082999999992
0.012689273000000001
0.0031124629999999542
-0.006464347000000037
-0.016041157000000028
-0.006464336999999987
-0.0016759370000000162
-0.003272070333333321
-0.004868203666666682
-0.006464336999999987
0.01747768300000002
-0.030406356999999995
0.027054483000000018
0.0031124630000000097
-0.020829557
-0.006464346999999981
0.00790086299999998
0.022266072999999997
0.036631283000000014
-0.03998315699999999
0.022266082999999992
0.00790087300000003
-0.006464336999999987
0.001516336333333368
0.009497009666666667
0.01747768300000002
-0.006464336999999987
0.006304736333333338
0.019073809666666663
0.03184288299999999
-0.011252717000000023
-0.0040701270000000345
0.0031124630000000097
0.0007182629999999968
-0.0016759370000000162
0.0031124629999999542
0.00790086299999998
0.00790086299999998
0.00790086299999998
0.0021547789999999956
-0.003591304999999989
-0.00933738900000003
-0.015083473000000014
-0.020829557
-0.011252750333333339
-0.0016759436666666794
0.00790086299999998
-0.016041157000000028
0.012689263000000006
0.005506657999999998
-0.001675947000000011
-0.00885855200000002
-0.016041157000000028
-0.0016759369999999607
0.012689263000000006
-0.016041157000000028
-0.00885854700000005
-0.0016759370000000162
-0.004070136999999974
-0.006464336999999987
-0.004070136999999974
-0.0016759370000000162
-0.0016759370000000162
-0.0016759370000000162
-0.0016759370000000162
-0.0016759370000000162
-0.0016759370000000162
-0.0016759370000000162
-0.0016759370000000162
-0.0016759270000000215
-0.0016759370000000162
-0.0014479179523809727
-0.001219898904761929
-0.0009918798571428855
-0.0007638608095238419
-0.0005358417619047984
-0.0003078227142856993
-7.980366666665573e-05
0.00014821538095238784
0.0003762344285714314
0.000604253476190475
0.0008322725238095185
0.0010602915714285621
0.0012883106190476057
0.0015163296666666493
0.0017443487142856928
0.001972367761904792
0.0022003868095238355
0.002428405857142879
0.0026564249047619226
0.002884443952380966
0.0031124630000000097
-0.001675930333333353
-0.00646432366666666
-0.011252717000000023
-0.00806045700000002
