0.0020350699999999167
-0.0027533300000001093
0.0020350699999999167
0.006823469999999943
-0.0027533300000001093
0.0020350699999999167
0.006823469999999943
0.011611869999999858
0.016400269999999884
0.010414769999999907
0.00442926999999993
-0.0015562300000001583
-0.007541730000000135
-0.006173615714285874
-0.004805501428571501
-0.00343738714285724
-0.0020692728571429786
-0.0007011585714287172
0.0006669557142856553
0.0020350699999999167
0.006823469999999943
0.011611869999999969
-0.005147530000000122
-0.007541730000000135
0.0020350699999999167
0.0010773899999999559
0.00011970999999988408
-0.0008379700000000767
-0.0017956500000001485
-0.0027533300000001093
-0.0003591300000000963
0.0020350699999999167
0.006823469999999943
0.011611869999999858
0.016400269999999884
-0.0027533300000001093
0.006823469999999943
0.005227336666666638
0.0036312033333332217
0.0020350699999999167
-0.007541730000000135
-0.0011571966666668043
0.005227336666666638
0.011611869999999969
0.008419603333333248
0.005227336666666638
0.0020350699999999167
-0.0003591300000000963
-0.0027533300000001093
-0.007541730000000024
-0.01233013000000005
-0.009935930000000148
-0.007541730000000135
-0.005147530000000122
-0.0027533300000001093
-0.005945596666666719
-0.00913786333333344
-0.01233013000000005
-0.0027533300000001093
-0.007541730000000135
-0.01233013000000005
-0.017118530000000076
-0.005147530000000122
0.006823469999999943
-0.0027533300000001093
-0.01233013000000005
-0.021906930000000102
0.011611869999999969
0.006823469999999943
0.00442926999999993
0.0020350699999999167
0.0015030255555554817
0.0009709811111110467
0.0004389366666666117
-9.310777777782331e-05
-0.0006251522222223693
-0.0011571966666668043
-0.0016892411111112393
-0.0022212855555556743
-0.0027533300000001093
0.03076550999999994
0.011611869999999858
0.011611869999999969
0.009217669999999956
0.006823469999999943
0.006823469999999943
0.006823469999999943
0.006823469999999943
0.0020350699999999167
0.0020350699999999167
0.0020350699999999167
0.0020350699999999167
0.0020350699999999167
0.0020350699999999167
0.0020350699999999167
0.0020350699999999167
0.0020350699999999167
0.0020350699999999167
0.0020350699999999167
0.0020350699999999167
0.005227336666666638
0.008419603333333248
0.011611869999999969
0.009217669999999956
0.006823469999999943
0.009217669999999956
0.011611869999999969
0.011611869999999969
0.011013319999999993
0.010414769999999907
0.009816219999999931
0.009217669999999956
0.00861911999999998
0.008020570000000005
0.007422019999999918
0.006823469999999943
0.0020350699999999167
-0.0027533300000001093
0.011611869999999969
0.00442926999999993
-0.0027533300000001093
0.0020350699999999167
0.00442926999999993
0.006823469999999943
0.00490810999999991
0.0029927499999998775
0.0010773899999999559
-0.0008379700000000767
-0.0027533300000001093
0.0020350699999999167
0.0020350699999999167
0.00442926999999993
0.006823469999999943
0.006823469999999943
0.006823469999999943
0.00490810999999991
0.0029927499999999885
0.0010773899999999559
-0.0008379700000000767
-0.0027533299999999983
-0.004668690000000031
-0.0065840500000000635
-0.008499410000000096
-0.010414770000000018
-0.01233013000000005
-0.008738830000000086
-0.005147530000000122
-0.0015562300000000473
0.0020350699999999167
-0.0027533300000001093
-0.007541730000000135
-0.005147530000000122
-0.0027533300000001093
0.0020350699999999167
-0.0027533299999999983
-0.0003591300000000963
-0.017118530000000076
-0.007541730000000135
-0.004349463333333414
-0.0011571966666668043
0.0020350699999999167
-0.005147530000000122
-0.01233013000000005
-0.007541730000000024
-0.0027533300000001093
0.006823469999999943
-0.0027533299999999983
-0.01233013000000005
-0.0027533299999999983
0.006823469999999943
0.006823469999999943
0.006823469999999943
0.006823469999999943
0.006823469999999943
0.006823469999999943
0.006823469999999943
0.006823469999999943
0.006823469999999943
0.006823469999999943
0.006823469999999943
0.006823469999999943
0.006823469999999943
0.011611869999999969
0.011611869999999969
0.00442926999999993
0.0032321699999999787
0.0020350699999999167
0.0012370033333332087
0.0004389366666666117
-0.0003591300000000963
-0.001256955000000115
-0.002154780000000134
-0.0030526050000001526
-0.003950430000000171
-0.004848255000000079
-0.005746080000000098
-0.0066439050000001165
-0.007541730000000135
-0.00594559666666683
-0.004349463333333414
-0.0027533300000001093
0.014006069999999982
0.0020350699999999167
0.006823469999999832
0.00442926999999993
0.0020350699999999167
0.00442926999999993
0.006823469999999943
0.0036312033333332217
0.0004389366666666117
-0.0027533300000001093
-0.0013852157142858479
-1.7101428571475452e-05
0.001351012857142786
0.0027191271428570474
0.004087241428571309
0.005455355714285681
0.006823469999999943
-0.0027533300000001093
-0.0027533300000001093
0.006823469999999943
0.006823469999999943
0.006823469999999943
-0.0027533300000001093
0.0020350699999999167
0.006823469999999943
0.011611869999999969
0.006823469999999943
0.006823469999999943
0.006823469999999943
-0.0027533299999999983
-0.01233013000000005
-0.010733996666666745
-0.00913786333333344
-0.007541730000000024
-0.005945596666666719
-0.004349463333333414
-0.0027533300000001093
-0.0027533300000001093
-0.01233013000000005
-0.017118530000000076
0.0020350699999999167
0.0036312033333332217
0.005227336666666638
0.006823469999999943
0.0020350699999999167
-0.0027533299999999983
-0.007541730000000024
0.0020350700000000277
0.011611869999999969
0.00442926999999993
-0.0027533300000001093
-0.0003591300000000963
0.0020350699999999167
0.0044292739999999275
0.006823477999999938
0.009217681999999838
0.01161188599999985
0.01400608999999986
0.0132080166666666
0.012409943333333229
0.011611869999999969
0.006823469999999943
-0.026695330000000128
-0.009935930000000148
0.006823469999999943
0.00442926999999993
0.0020350699999999167
0.00442926999999993
0.006823469999999943
0.006823469999999943
0.006823469999999943
0.0036312033333332217
0.0004389366666666117
-0.0027533300000001093
0.0020350699999999167
0.006823469999999943
-0.01233013000000005
-0.0011571966666666933
0.010015736666666553
0.02118866999999991
-0.026695330000000128
-0.014724330000000174
-0.0027533300000001093
0.006823469999999832
0.016400269999999884
-0.021906930000000102
-0.007541730000000135
0.006823469999999943
0.02118866999999991
0.010654189999999897
0.00011970999999988408
-0.010414770000000018
-0.02094925000000003
-0.03148373000000004
0.0020350699999999167
0.011611869999999969
-0.017118530000000076
-0.009935930000000037
-0.0027533299999999983
0.00442926999999993
0.011611869999999969
-0.0027533300000001093
-0.004349463333333414
-0.00594559666666683
-0.007541730000000135
-0.0003591300000000963
0.006823469999999943
0.0020350699999999167
-0.0027533300000001093
-0.007541730000000135
0.035553909999999966
0.009217689999999945
-0.017118530000000076
0.004429289999999919
0.025977109999999914
0.011611889999999958
-0.0027533300000001093
-0.0027533300000001093
0.016400289999999984
0.035553909999999966
0.004429289999999919
-0.026695330000000128
-0.005945583333333393
0.014804163333333231
0.035553909999999966
0.01400608999999986
-0.007541730000000135
-0.0027533300000001093
0.0020350699999999167
0.03076550999999994
0.005227343333333301
-0.02031082333333345
-0.04584899000000009
-0.034835655000000076
-0.023822320000000063
-0.012808985000000161
-0.0017956500000001485
0.009217684999999864
0.011611869999999969
0.014484917999999958
0.017357965999999947
0.020231013999999936
0.023104061999999925
0.025977109999999914
0.006823496666666595
-0.012330116666666724
-0.03148373000000004
0.002035054999999897
0.035553909999999966
-0.0027533300000001093
-0.005147530000000122
-0.007541730000000135
0.009217689999999834
0.025977109999999914
0.00522736333333329
-0.015522383333333445
-0.03627213000000007
0.009217684999999864
0.05470749999999991
0.01400608499999989
-0.026695330000000128
0.03076550999999994
0.002035089999999906
-0.026695330000000128
-0.014724330000000174
-0.0027533300000001093
0.01400608999999986
0.03076550999999994
0.0084196299999999
-0.013926250000000029
-0.03627213000000007
0.018794469999999897
0.07386106999999986
0.05470745999999993
0.03555384999999989
0.016400239999999844
-0.0027533700000000882
-0.02190698000000002
-0.04106059000000006
0.035553909999999966
-0.0027533300000001093
0.0020350699999999167
0.011611869999999969
-0.026695330000000128
0.01400608499999989
0.05470749999999991
0.002035054999999897
-0.050637390000000115
-0.03806782750000015
-0.025498265000000075
-0.012928702500000111
-0.00035914000000003554
0.012210422499999929
0.024779984999999893
0.03734954749999997
0.04991910999999993
-0.0027533300000001093
0.00442926999999993
0.015203189999999922
0.025977109999999914
-0.0075417400000000745
-0.04106059000000006
-0.018315665000000036
0.00442925999999999
0.027174184999999906
0.04991910999999993
-0.03627213000000007
-0.007541730000000024
0.02118866999999991
-0.0027533300000001093
0.0008379699999998547
0.00442926999999993
0.008020570000000005
0.011611869999999969
-0.01233013000000005
0.011611869999999969
0.008419603333333248
0.005227336666666638
0.0020350699999999167
0.011611883333333295
0.021188696666666562
0.03076550999999994
0.0004389466666665509
-0.029887616666666728
-0.06021418000000006
-0.0027533400000000485
0.05470749999999991
0.02956839499999986
0.004429289999999919
-0.001556220000000108
-0.007541730000000135
-0.013926263333333466
-0.020310796666666797
-0.026695330000000128
0.05470749999999991
0.009217684999999864
-0.03627213000000007
-0.011133022500000034
0.01400608499999989
0.039145192499999926
0.06428429999999996
0.023582882499999958
-0.017118535000000046
-0.01711853250000006
-0.017118530000000076
-0.010733996666666745
-0.004349463333333414
0.0020350699999999167
0.006823469999999943
0.0020350699999999167
-0.0027533300000001093
-0.007541730000000135
0.009217689999999834
0.025977109999999914
0.014804163333333231
0.003631216666666548
-0.007541730000000135
0.025977109999999914
0.017198369999999907
0.0084196299999999
-0.00035911000000010684
-0.009137850000000114
-0.01791659000000012
-0.026695330000000128
0.002035089999999906
0.03076550999999994
-0.0003591099999999958
-0.03148373000000004
-0.00275331000000012
0.025977109999999914
0.006823489999999932
-0.01233013000000005
0.0020350699999999167
0.016400269999999884
0.00442926999999993
-0.007541730000000135
0.00442926999999993
0.016400269999999884
0.006823469999999943
-0.0003591300000000963
-0.007541730000000135
-0.0027533300000001093
0.0020350699999999167
0.0004389366666666117
-0.0011571966666668043
-0.0027533300000001093
0.011611889999999958
0.025977109999999914
0.010015763333333205
-0.005945583333333393
-0.021906930000000102
0.025977109999999914
-0.021906930000000102
-0.002753316666666783
0.016400296666666647
0.035553909999999966
0.006823489999999932
-0.021906930000000102
0.03076550999999994
0.004429289999999919
-0.021906930000000102
-0.009935930000000148
0.0020350699999999167
-0.004349463333333414
-0.010733996666666745
-0.017118530000000076
0.03076550999999994
0.024061741999999886
0.017357973999999943
0.010654205999999888
0.003950437999999945
-0.0027533300000001093
0.009217669999999956
0.02118866999999991
0.013208003333333274
0.005227336666666527
-0.0027533300000001093
-0.0027533300000001093
0.006823469999999832
0.014804149999999905
0.022784829999999867
0.03076550999999994
0.017597399999999874
0.004429289999999919
-0.008738820000000036
-0.021906930000000102
-0.0027533300000001093
0.016400269999999884
0.012090709999999838
0.007781149999999903
0.003471589999999858
-0.0008379700000000767
-0.005147530000000122
-0.009457090000000168
-0.013766650000000102
-0.018076210000000148
-0.022385770000000083
-0.026695330000000128
0.011611869999999969
-0.01233013000000005
0.006823489999999932
0.025977109999999914
0.009217689999999834
-0.007541730000000135
-0.0011571966666668043
0.005227336666666638
0.011611869999999969
0.00442926999999993
-0.0027533300000001093
0.003950437999999945
0.010654205999999888
0.017357973999999943
0.024061741999999886
0.03076550999999994
0.016400289999999984
0.0020350699999999167
0.011611869999999858
0.02118866999999991
0.006823469999999832
-0.007541730000000135
-0.0027533300000001093
0.0020350699999999167
0.006823469999999832
0.011611869999999858
0.016400269999999884
-0.007541730000000135
0.009217689999999945
0.02118866999999991
-0.026695330000000128
-0.02070983000000015
-0.014724330000000174
-0.008738830000000086
-0.0027533300000001093
0.0032321699999998676
0.009217669999999956
0.015203169999999933
0.02118866999999991
0.01280896999999992
0.00442926999999993
0.0020350699999999167
0.0020350699999999167
0.0009709811111110467
-9.310777777782331e-05
-0.0011571966666668043
-0.0022212855555556743
-0.0032853744444445443
-0.004349463333333414
-0.005413552222222395
-0.006477641111111265
-0.007541730000000135
0.00442926999999993
0.005865789999999982
0.007302309999999923
0.008738829999999975
0.010175349999999916
0.011611869999999969
0.009217669999999956
0.006823469999999943
0.0012370033333333197
-0.004349463333333414
0.00442926999999993
0.016400269999999884
0.014963749999999942
0.01352722999999989
0.012090709999999838
0.010654189999999897
0.009217669999999956
0.007781149999999903
0.006344629999999851
0.00490810999999991
0.003471589999999969
0.0020350699999999167
0.00490810999999991
0.007781149999999903
0.010654189999999897
0.01352722999999989
0.016400269999999884
0.010015749999999879
0.008419616666666574
0.006823469999999943
0.0020350699999999167
-0.017118530000000076
-0.03627213000000007
0.035553909999999966
0.016400296666666647
-0.002753316666666783
-0.021906930000000102
-0.009935930000000148
0.0020350699999999167
0.01400608999999986
0.025977109999999914
0.009217689999999834
-0.007541730000000135
-0.01233013000000005
-0.0011571966666666933
0.010015736666666553
0.02118866999999991
-0.0003591300000000963
-0.021906930000000102
0.016400269999999884
0.00442926999999993
-0.007541730000000135
-0.01233013000000005
-0.017118530000000076
-0.005147530000000122
0.006823469999999943
0.0020350699999999167
-0.0027533300000001093
-0.004881507777777849
-0.0070096855555557
-0.00913786333333344
-0.01126604111111118
-0.013394218888889031
-0.015522396666666771
-0.01765057444444451
-0.019778752222222362
-0.021906930000000102
-0.005945596666666719
0.025977109999999914
0.024181454999999907
0.0223857999999999
0.020590144999999893
0.018794489999999886
0.01699883499999999
0.015203179999999983
0.013407524999999976
0.011611869999999969
0.006823469999999943
-0.0027533300000001093
0.0020350699999999167
-0.0015562300000000473
-0.005147530000000122
-0.008738830000000086
-0.01233013000000005
0.006823469999999943
0.00442926999999993
0.0020350699999999167
0.016400269999999884
