-0.0003591300000000963
0.006823469999999943
0.0036312033333332217
0.0004389366666666117
-0.0027533300000001093
0.011611869999999969
0.0036312033333333327
-0.004349463333333414
-0.01233013000000005
-0.005945596666666719
0.0004389366666666117
0.006823469999999943
0.011611869999999858
0.016400269999999884
0.016400269999999884
-0.007541730000000135
-0.0003591300000000963
0.006823469999999943
0.0020350699999999167
-0.0027533300000001093
0.0020350699999999167
0.006823469999999943
0.011611869999999969
0.005227336666666638
-0.0011571966666668043
-0.007541730000000135
-0.0027533300000001093
0.016400269999999884
0.006823469999999832
-0.0027533300000001093
0.0020350699999999167
0.006823469999999943
0.006823469999999943
0.006823469999999943
0.0020350699999999167
-0.0027533300000001093
-0.00371101000000007
-0.004668690000000142
-0.005626370000000103
-0.0065840500000001745
-0.007541730000000135
-0.0027533300000001093
0.0020350699999999167
-0.0027533300000001093
-0.0027533300000001093
0.006823469999999943
0.0020350699999999167
-0.0027533300000001093
0.00442926999999993
0.011611869999999969
0.011611869999999969
0.011611869999999969
0.011611869999999969
0.009217669999999956
0.006823469999999943
0.00442926999999993
-0.0011571966666666933
-0.006743663333333427
-0.01233013000000005
0.006823469999999943
0.0020350699999999167
-0.0027533300000001093
-0.007541730000000135
-0.0027533300000001093
0.00442926999999993
0.011611869999999969
-0.0027533300000001093
-0.005945596666666719
-0.00913786333333344
-0.01233013000000005
-0.004349463333333414
0.0036312033333333327
0.011611869999999969
0.0020350699999999167
0.006823469999999943
0.011611869999999858
0.016400269999999884
-0.007541730000000135
-0.0011571966666668043
0.005227336666666638
0.011611869999999969
0.016400269999999884
0.006823469999999943
0.0036312033333332217
0.0004389366666666117
-0.0027533300000001093
0.0008379699999998547
0.00442926999999993
0.008020570000000005
0.011611869999999969
0.0036312033333333327
-0.004349463333333414
-0.01233013000000005
-0.005945596666666719
0.0004389366666666117
0.006823469999999943
0.006823469999999943
0.006823469999999943
-0.007541730000000135
0.006823469999999943
-0.017118530000000076
0.011611869999999969
0.009217669999999956
0.006823469999999943
0.005865789999999982
0.00490810999999991
0.003950429999999949
0.0029927499999998775
0.0020350699999999167
0.0010773899999999559
0.00011970999999988408
-0.0008379700000000767
-0.0017956500000001485
-0.0027533300000001093
-0.0011571966666668043
0.0004389366666666117
0.0020350699999999167
-0.0003591300000000963
-0.0027533300000001093
0.011611869999999969
0.008419603333333248
0.005227336666666638
0.0020350699999999167
0.011611869999999969
0.00442926999999993
0.009217669999999956
-0.009935930000000148
-0.0011571966666668043
0.00762153666666654
0.016400269999999884
0.009217669999999956
0.0020350699999999167
0.00442926999999993
0.006823469999999943
0.016400269999999884
0.011611869999999858
0.006823469999999943
0.0020350699999999167
0.006823469999999943
-0.0027533299999999983
-0.01233013000000005
-0.01233013000000005
-0.01233013000000005
-0.01233013000000005
-0.01233013000000005
-0.01020195222222231
-0.00807377444444446
-0.005945596666666719
-0.0038174188888889793
-0.0016892411111111283
0.0004389366666666117
0.0025671144444443517
0.004695292222222203
0.006823469999999943
-0.0003591300000000963
-0.007541730000000135
0.0020350699999999167
0.006823469999999943
-0.0027533300000001093
-0.007541730000000135
0.006823469999999943
0.0020350699999999167
0.02118866999999991
-0.007541730000000135
-0.00594559666666683
-0.004349463333333414
-0.0027533300000001093
-0.0011571966666668043
0.0004389366666666117
0.0020350699999999167
-0.0003591300000000963
0.0028331366666666247
0.006025403333333235
0.009217669999999956
-0.021906930000000102
-0.01233013000000005
-0.0027533300000001093
0.0020350699999999167
0.006823469999999943
0.0020350699999999167
-0.0027533300000001093
0.00442926999999993
0.011611869999999969
0.005227336666666638
-0.0011571966666668043
-0.007541730000000135
-0.007173391538461638
-0.006805053076923251
-0.006436714615384753
-0.0060683761538462555
-0.005700037692307869
-0.005331699230769371
-0.0049633607692308734
-0.004595022307692376
-0.004226683846153989
-0.0038583453846154914
-0.0034900069230769937
-0.003121668461538607
-0.0027533300000001093
0.016400269999999884
0.006823469999999832
-0.0027533300000001093
0.02118866999999991
0.0020350699999999167
-0.01233013000000005
0.02118866999999991
0.00442926999999993
-0.01233013000000005
0.011611869999999858
0.018794489999999886
-0.01233013000000005
-0.00913786333333344
-0.005945596666666719
-0.0027533300000001093
0.0020350699999999167
0.006823469999999832
0.011611869999999858
0.016400269999999884
-0.021906930000000102
-0.007541730000000024
0.006823469999999943
0.0020350699999999167
-0.0027533300000001093
-0.007541730000000135
0.02118866999999991
0.006823469999999832
-0.007541730000000135
-0.00594559666666683
-0.004349463333333414
-0.0027533300000001093
-0.00913786333333344
-0.015522396666666771
-0.021906930000000102
-0.0027533300000001093
0.016400269999999884
-0.021906930000000102
-0.01233013000000005
-0.0027533300000001093
0.006823469999999943
0.006823469999999943
-0.0027533300000001093
-0.01233013000000005
-0.021906930000000102
-0.009935930000000148
0.0020350699999999167
-0.017118530000000076
-0.014724330000000063
-0.01233013000000005
0.00442926999999993
0.02118866999999991
0.015602203333333287
0.010015736666666553
0.00442926999999993
-0.0011571966666666933
-0.006743663333333427
-0.01233013000000005
0.025977109999999914
0.006823469999999943
-0.0027533299999999983
-0.01233013000000005
0.016400269999999884
-0.03148373000000004
-0.013926263333333355
0.0036312033333332217
0.02118866999999991
0.0020350699999999167
0.0020350699999999167
0.0020350699999999167
0.0027191271428570474
0.003403184285714178
0.004087241428571309
0.0047712985714285505
0.005455355714285681
0.006139412857142812
0.006823469999999943
0.007507527142857073
0.008191584285714204
0.008875641428571335
0.009559698571428576
0.010243755714285707
0.010927812857142838
0.011611869999999969
0.009217679999999895
0.006823489999999932
-0.005147530000000122
0.011611869999999969
0.004429289999999919
-0.004349450000000088
-0.013128190000000095
-0.021906930000000102
-0.00395043000000006
0.014006069999999982
-0.021906930000000102
0.02118866999999991
0.005227336666666527
-0.010733996666666745
-0.026695330000000128
0.025977109999999914
0.016400296666666536
0.006823483333333269
-0.0027533300000001093
-0.0027533300000001093
-0.0027533300000001093
-0.0027533300000001093
-0.0027533300000001093
-0.0027533300000001093
0.00023941999999987917
0.0032321699999998676
0.006224919999999856
0.009217669999999956
0.012210419999999944
0.015203169999999933
0.01819591999999992
0.02118866999999991
-0.0027533300000001093
0.016400289999999984
0.035553909999999966
-0.017118530000000076
0.009217689999999834
0.00442926999999993
0.0008379699999998547
-0.0027533300000001093
0.011611869999999969
-0.007541730000000135
-0.0027533300000001093
0.0020350699999999167
0.00011970999999988408
-0.0017956500000001485
-0.00371101000000007
-0.005626370000000103
-0.007541730000000135
-0.007541730000000135
0.00043893666666650066
0.008419603333333248
0.016400269999999884
-0.007541730000000135
-0.0027533300000001093
0.0020350699999999167
-0.0027533300000001093
-0.007541730000000135
-0.005147530000000122
-0.0027533300000001093
-0.0027533300000001093
0.00023941999999987917
0.0032321699999999787
0.006224919999999967
0.009217669999999956
0.012210419999999944
0.015203169999999933
0.01819591999999992
0.02118866999999991
-0.0027533299999999983
0.0004389366666666117
0.0036312033333333327
0.006823469999999943
0.011611869999999969
0.006823469999999943
0.0020350699999999167
-0.0011571966666668043
-0.004349463333333414
-0.007541730000000135
0.0020350699999999167
-0.005147530000000122
-0.01233013000000005
-0.008499410000000096
-0.004668690000000031
-0.0008379700000000767
0.0029927499999999885
0.006823469999999943
0.009217669999999956
0.015203169999999933
0.02118866999999991
0.016400269999999884
0.011611869999999969
0.006823469999999943
0.0020350699999999167
0.0020350699999999167
0.0020350699999999167
0.016400269999999884
0.011611869999999858
0.006823469999999943
0.0020350699999999167
0.0020350699999999167
0.0020350699999999167
0.0020350699999999167
0.0020350699999999167
0.0020350699999999167
0.0020350699999999167
0.006823469999999943
-0.0027533300000001093
0.0020350699999999167
0.016400269999999884
0.00442926999999993
-0.007541730000000135
0.00442926999999993
0.016400269999999884
0.009217669999999956
0.0020350699999999167
0.006823469999999943
0.008259989999999995
0.009696509999999936
0.011133029999999988
0.01256954999999993
0.014006069999999982
0.005227336666666638
-0.0035513966666667063
-0.01233013000000005
0.006823469999999943
-0.0003591300000000963
-0.007541730000000135
0.006823469999999943
-0.0027533300000001093
-0.01233013000000005
-0.021906930000000102
-0.007541730000000024
0.006823469999999943
0.0020350699999999167
-0.0027533300000001093
-0.0035513966666668173
-0.004349463333333414
-0.005147530000000122
-0.00594559666666683
-0.006743663333333427
-0.007541730000000135
0.011611869999999969
-0.0027533300000001093
-0.007541730000000135
0.0020350699999999167
-0.0027533300000001093
-0.007541730000000135
0.00442926999999993
0.016400269999999884
0.009217669999999956
0.0020350699999999167
-0.0003591300000000963
-0.0027533300000001093
-0.005147530000000122
-0.007541730000000024
-0.009935930000000037
-0.01233013000000005
-0.0003591300000000963
-0.0003591300000000963
-0.0003591300000000963
-0.0003591300000000963
-0.01233013000000005
-0.0003591300000000963
0.011611869999999969
0.009217669999999956
0.006823469999999943
0.00719180846153844
0.007560146923076827
0.007928485384615325
0.008296823846153822
0.008665162307692209
0.009033500769230707
0.009401839230769204
0.009770177692307702
0.010138516153846089
0.010506854615384587
0.010875193076923084
0.011243531538461471
0.011611869999999969
0.009217669999999956
0.006823469999999943
0.00442926999999993
0.0020350699999999167
-0.0003591300000000963
-0.0003591300000000963
0.011611869999999969
0.011611869999999969
0.0020350699999999167
0.0025671144444443517
0.0030991588888887867
0.0036312033333332217
0.004163247777777657
0.004695292222222203
0.005227336666666638
0.005759381111111073
0.006291425555555508
0.006823469999999943
0.011611869999999969
-0.007541730000000024
-0.0003591300000000963
-0.0027533300000001093
0.0020350699999999167
0.006823469999999943
0.009217669999999956
0.011611869999999969
0.006823469999999943
0.0020350699999999167
0.006823469999999943
-0.0027533299999999983
-0.01233013000000005
-0.0003591300000000963
0.011611869999999969
0.00442926999999993
-0.0027533300000001093
-0.0003591300000000963
0.0020350699999999167
0.0029927499999998775
0.003950429999999949
