-0.027533124999999714
-0.017956624999998283
-0.008380124999998628
-0.010774291666665547
-0.013168458333332467
-0.015562624999999386
-0.01795679166666453
-0.020350958333331448
-0.022745124999998367
-0.008380124999998628
0.005984875000001111
-0.0011976249999978705
-0.008380124999998628
-0.0011976249999978705
0.005984875000001111
0.005984875000001111
0.005984875000001111
-0.010774124999999302
-0.027533124999999714
-0.027533124999999714
-0.027533124999999714
-0.027533124999999714
-0.02513912499999904
-0.022745124999998367
-0.022745124999998367
-0.02035112499999947
-0.017957124999998797
-0.011572458333331426
-0.005187791666665831
0.0011968750000015405
-0.017957124999998797
-0.013168124999999975
-0.017957124999998797
-0.01955312499999806
-0.021149124999999103
-0.022745124999998367
-0.01157212500000071
-0.012104125000000465
-0.01263612500000022
-0.013168124999999975
-0.013168124999999975
-0.008379791666666137
-0.003591458333332298
0.0011968750000015405
-0.032322124999998536
-0.02593745833333294
-0.01955279166666557
-0.013168124999999975
-0.015562624999999386
-0.017957124999998797
-0.021149124999999103
-0.02434112499999941
-0.027533124999999714
-0.021148625000000365
-0.01476412499999924
-0.00837962499999989
-0.03711012499999988
-0.03711012499999988
-0.03711012499999988
-0.038706458333333416
-0.04030279166666517
-0.041899124999998705
-0.03471612499999921
-0.027533124999999714
-0.013168124999999975
-0.01795662500000006
-0.022745124999998367
-0.02753362499999845
-0.032322124999998536
-0.013168124999999975
-0.0035911249999998063
0.008379875000001036
0.0203508750000001
0.0203508750000001
0.0203508750000001
-0.013168124999999975
-0.04668712500000005
-0.04908112499999895
-0.05147512499999962
-0.05147512499999962
-0.05147512499999962
-0.05147512499999962
-0.05147512499999962
-0.03711012499999988
-0.022745124999998367
-0.014764458333331731
-0.0067837916666650955
0.0011968750000015405
-0.017957124999998797
-0.017957124999998797
-0.017957124999998797
-0.02753362499999845
-0.03711012499999988
-0.033917791666667085
-0.03072545833333251
-0.027533124999999714
-0.022744791666665876
-0.017956458333333813
-0.013168124999999975
-0.0023943749999997266
0.008379375000002298
0.007581208333334644
0.006783041666668765
0.005984875000001111
-0.017957124999998797
-0.02753387499999782
-0.03711062499999862
-0.04668737499999942
-0.056264124999998444
-0.049081624999997686
-0.040941324999998585
-0.03280102499999771
-0.024660724999998607
-0.01652042499999773
-0.008380124999998628
-0.013168624999998713
-0.017957124999998797
0.03471587500000162
0.0203508750000001
0.01829858928571504
0.0162463035714282
0.014194017857143137
0.012141732142858075
0.010089446428573012
0.008037160714286173
0.005984875000001111
-0.008380124999998628
-0.02753362499999845
-0.027533124999999714
-0.009975791666665401
0.007581541666667135
0.025138875000001448
0.01795637500000069
0.010773874999999933
0.013167875000000606
0.01556187500000128
0.0059853749999998485
-0.0035911249999998063
-0.056264124999998444
-0.05386962499999903
-0.05147512499999962
-0.05147512499999962
-0.04189862499999997
-0.032322124999998536
-0.025937624999999187
-0.01955312499999806
-0.013168624999998713
-0.006784124999999364
-0.0003996249999982382
0.005984875000001111
0.002792875000000805
-0.0003991249999995006
-0.0035911249999998063
0.008379875000001036
0.0203508750000001
0.001196874999999764
-0.017957124999998797
-0.017957124999998797
-0.013168124999999975
-0.04668712500000005
-0.017957124999998797
-0.01604172499999912
-0.01412632499999944
-0.012210924999997985
-0.010295524999998307
-0.008380124999998628
-0.013168124999999975
0.010773874999999933
-0.04668712500000005
-0.032322124999998536
-0.04189862499999997
-0.05147512499999962
-0.04668712500000005
-0.041899124999998705
-0.015562624999999386
0.010773874999999933
0.001196874999999764
-0.008380124999998628
0.002393875000000989
0.013167875000002383
0.023941875000002
0.03471587500000162
0.005984875000001111
-0.005187791666665831
-0.016360458333332772
-0.027533124999999714
-0.03711012499999988
-0.056264124999998444
-0.02753362499999845
0.0011968750000015405
-0.015562624999999386
-0.032322124999998536
-0.02593745833333294
-0.01955279166666557
-0.013168124999999975
0.010773874999999933
0.010773874999999933
0.010773874999999933
0.010773874999999933
0.010773874999999933
0.007581541666667135
0.004389208333334338
0.0011968750000015405
-0.015562624999999386
-0.032322124999998536
-0.029927874999998494
-0.02753362499999845
-0.032322124999998536
-0.022745124999998367
-0.013168124999999975
-0.01795662500000006
-0.022745124999998367
-0.02753362499999845
-0.032322124999998536
-0.017957124999998797
0.0011968750000015405
-0.0026339249999978165
-0.00646472499999895
-0.010295524999998307
-0.01412632499999944
-0.017957124999998797
-0.013168124999999975
-0.032322124999998536
-0.032322124999998536
-0.015562624999999386
0.0011968750000015405
-0.008380124999998628
-0.017957124999998797
-0.008380124999998628
0.001196874999999764
0.010773874999999933
0.0035911249999998063
-0.0035916250000003203
-0.01077437499999867
-0.017957124999998797
-0.014764791666666
-0.011572458333331426
-0.008380124999998628
0.0203508750000001
-0.03471612499999921
-0.028730624999999677
-0.022745124999998367
-0.02434112499999941
-0.025937124999998673
-0.027533124999999714
-0.02342883928571382
-0.019324553571427927
-0.015220267857142034
-0.01111598214285614
-0.0070116964285702466
-0.002907410714284353
0.001196874999999764
0.005301160714285658
0.009405446428571551
0.013509732142857445
0.017614017857143338
0.02171830357142923
0.025822589285715125
0.02992687500000102
0.02035012500000022
0.010773375000001195
0.0011966250000003953
-0.008380125000000405
-0.017956874999999428
-0.027533625000000228
-0.03711037499999925
-0.04668712500000005
-0.03902572500000012
-0.03136432500000019
-0.023702924999998487
-0.016041524999998558
-0.008380124999998628
-0.015562624999999386
-0.022745124999998367
-0.06105212499999979
-0.015562624999999386
0.0035913750000009514
0.010773874999999933
-0.025139624999999555
-0.05147512499999962
-0.029927624999999125
0.008379375000002298
0.02992687500000102
0.027798763888890576
0.025670652777778358
0.023542541666667915
0.021414430555555697
0.019286319444445255
0.017158208333333036
0.015030097222222594
0.012901986111110375
0.010773874999999933
0.013167875000000606
-0.005985624999999217
-0.017956696428569785
-0.02992776785714213
-0.0418988392857127
-0.05386991071428504
-0.06584098214285561
-0.07781205357142795
-0.08978312499999852
0.0011968750000015405
-0.0011976249999978705
0.009576625000001115
0.0203508750000001
-0.027533124999999714
-0.06105212499999979
-0.023942124999999592
0.013167875000000606
0.050277875000000805
0.087387875000001
0.009177541666668176
-0.06903279166666643
-0.14724312499999925
-0.02753362499999845
0.053869208333335195
0.13527204166666706
0.2166748750000007
-0.25258812499999905
-0.13447445833333305
-0.016360791666665264
0.10175287500000074
0.027532875000000345
-0.04668712500000005
-0.04908112499999895
-0.05147512499999962
-0.007421924999999163
0.036631275000001295
0.08068447499999998
0.12473767500000044
0.1687908750000009
-0.03471612499999921
-0.08619162499999966
-0.1376671250000001
-0.10414812500000004
-0.07062912499999996
0.022744875000000775
0.11611887500000151
-0.0323216249999998
-0.18076212499999933
-0.07302312499999886
0.03471587500000162
0.04429270833333554
0.053869541666667686
0.06344637500000161
0.07302320833333553
0.08260004166666768
0.0921768750000016
-0.04429312499999938
0.02992687500000102
-0.14245512499999968
-0.05386962499999903
0.03471587500000162
0.022744875000000775
0.010773874999999933
-0.04189862499999997
-0.09457112499999987
-0.0811636250000003
-0.06775612499999895
-0.05434862499999937
-0.0409411249999998
-0.02753362499999845
-0.01412612499999888
-0.0007186249999993066
0.012688875000000266
0.026096375000001615
0.03950387500000119
0.01556187500000128
-0.008380124999998628
-0.041899124999998705
-0.017957124999998797
0.025138875000001448
-0.039504624999999294
0.025138875000001448
-0.056264124999998444
-0.05010755357142749
-0.04395098214285653
-0.037794410714285576
-0.03163783928571284
-0.025481267857141887
-0.01932469642857093
-0.013168124999999975
-0.011572124999998934
-0.00997612499999967
-0.008380124999998628
-0.03711012499999988
-0.017956624999998283
-0.022745124999998367
-0.013168124999999975
-0.015562624999999386
-0.017957124999998797
-0.020830124999998034
-0.023703124999999048
-0.02657612500000006
-0.0294491249999993
-0.032322124999998536
-0.03519512499999955
-0.03806812500000056
-0.0409411249999998
-0.04381412499999904
-0.04668712500000005
-0.012370291666666589
0.021946541666666874
-0.09457112499999987
-0.03711012499999988
-0.0203508750000001
-0.0035916250000003203
0.013167625000001237
0.02992687500000102
0.03471587500000162
0.023941875000002
0.013167875000002383
0.002393875000000989
-0.008380124999998628
-0.039504624999999294
-0.028730874999999045
-0.017957124999998797
0.001196874999999764
0.0203508750000001
-0.00837962499999989
-0.03711012499999988
-0.010774124999999302
0.01556187500000128
0.01556187500000128
0.01556187500000128
0.01556187500000128
0.014963375000000667
0.014364875000000055
0.013766375000001219
0.013167875000000606
0.012569374999999994
0.011970875000001158
0.011372375000000545
0.010773874999999933
-0.0041898749999997875
-0.019153624999999508
-0.03411737499999923
-0.04908112499999895
-0.02753362499999845
0.003590875000002214
0.01556187500000128
0.013167875000000606
0.010773874999999933
0.0059853749999998485
0.0011968750000015405
-0.014764458333331731
-0.03072579166666678
-0.04668712500000005
-0.04429312499999938
-0.041899124999998705
-0.02912979166666574
-0.016360458333332772
-0.0035911249999998063
0.03471587500000162
0.025138875000001448
0.01556187500000128
0.002792875000000805
-0.009976124999997893
-0.022745124999998367
-0.03790845833333201
-0.053071791666665646
-0.06823512499999929
-0.057860124999999485
-0.047485124999999684
-0.03711012499999988
-0.03471587499999984
-0.0323216249999998
-0.029927374999999756
-0.027533124999999714
0.025138875000001448
0.022744875000000775
0.0203508750000001
0.017158541666667304
0.01396620833333273
0.010773874999999933
-0.001197124999999133
-0.013168124999999975
-0.025139125000000817
-0.03711012499999988
-0.056264124999998444
-0.056264124999998444
-0.04189862499999997
-0.027533124999999714
-0.027533124999999714
-0.013168124999998199
0.0011968750000015405
0.002792875000000805
0.004388875000001846
0.005984875000001111
-0.0035911249999998063
-0.017956624999998283
-0.032322124999998536
-0.034716291666665455
-0.037110458333332375
-0.039504624999999294
-0.04189879166666621
-0.04429295833333313
-0.04668712500000005
-0.039504624999999294
-0.032322124999998536
-0.022745124999998367
-0.009976124999997893
0.002792875000000805
0.01556187500000128
0.010773874999999933
-0.008380124999998628
-0.02593745833333294
-0.04349479166666548
-0.06105212499999979
-0.056263624999999706
-0.05147512499999962
-0.04942298214285756
-0.04737083928571373
-0.04531869642857167
-0.043266553571427835
-0.041214410714285776
-0.03916226785714194
-0.03711012499999988
-0.034715958333332964
-0.032321791666666044
-0.029927624999999125
-0.027533458333332206
-0.025139291666665287
-0.022745124999998367
-0.008380124999998628
0.005984875000001111
0.0035913750000009514
-0.027533124999999714
-0.04668712500000005
-0.03711012499999988
-0.022745124999998367
-0.014764458333331731
