-0.019631975000001134
-0.038785974999999695
-0.03080530833333306
-0.022824641666666423
-0.014843974999999787
-0.010054975000000965
0.00909802500000012
-0.00047864166666755636
-0.010055308333333457
-0.019631975000001134
-0.024420974999999956
-0.021547775000000158
-0.01867457500000036
-0.01580137500000056
-0.012928175000000763
-0.010054975000000965
-0.012449225000001007
-0.01484347500000105
-0.017237725000001092
-0.019631975000001134
-0.019631975000001134
-0.019631975000001134
-0.01484347500000105
-0.010054975000000965
-0.029208974999999526
-0.02681497500000063
-0.024420974999999956
-0.01723797500000046
-0.01165164166666699
-0.006065308333333519
-0.0004789750000000481
-0.014843974999999787
-0.010054975000000965
-0.01643964166666656
-0.02282430833333393
-0.029208974999999526
-0.019631975000001134
-0.02681447500000189
-0.03399697500000087
-0.03240097499999983
-0.030804975000000567
-0.029208974999999526
-0.0052669749999996185
-0.0052669749999996185
-0.0052669749999996185
-0.0052669749999996185
-0.0052669749999996185
-0.0052669749999996185
-0.0052669749999996185
-0.010054975000000965
-0.0052669749999996185
-0.019631975000001134
-0.014843974999999787
-0.022026475000000545
-0.029208974999999526
-0.029208974999999526
-0.032401308333332324
-0.0355936416666669
-0.038785974999999695
-0.024420474999999442
-0.010054975000000965
-0.012928175000000763
-0.01580137500000056
-0.01867457500000036
-0.021547775000000158
-0.024420974999999956
-0.014843974999999787
-0.010054975000000965
-0.019631975000001134
-0.018035975000000093
-0.016439975000000828
-0.014843974999999787
-0.019631975000001134
-0.018035975000000093
-0.016439975000000828
-0.014843974999999787
-0.0052669749999996185
-0.010055308333333457
-0.014843641666667295
-0.019631974999999358
-0.024420308333333196
-0.029208641666667035
-0.03399697500000087
-0.019631975000001134
-0.02236826071428588
-0.025104546428572405
-0.027840832142857153
-0.030577117857143676
-0.033313403571428424
-0.03604968928571495
-0.038785974999999695
-0.0052669749999996185
-0.014843974999999787
-0.0004789750000000481
-0.019631975000001134
-0.014843974999999787
-0.014843974999999787
-0.014843974999999787
-0.010054975000000965
-0.010054975000000965
-0.024420974999999956
-0.023223850000000823
-0.022026724999999914
-0.020829599999999004
-0.01963247499999987
-0.01843535000000074
-0.01723822499999983
-0.01604109999999892
-0.014843974999999787
-0.01723822499999983
-0.01963247499999987
-0.022026724999999914
-0.024420974999999956
-0.01723797500000046
-0.010054975000000965
-0.014843974999999787
-0.01723797500000046
-0.019631975000001134
-0.0084589750000017
0.002714024999999509
0.013887024999998943
-0.0004784750000013105
-0.014843974999999787
-0.0004789750000000481
-0.01723797500000046
-0.03399697500000087
-0.03399697500000087
-0.03399697500000087
-0.024420974999999956
-0.02681497500000063
-0.029208974999999526
-0.014843974999999787
-0.0004789750000000481
0.004309525000000036
0.00909802500000012
-0.010054975000000965
-0.013247308333333763
-0.016439641666668336
-0.019631975000001134
-0.05793897500000078
-0.024420974999999956
-0.012449475000000376
-0.029208974999999526
-0.0004789750000000481
-0.0004789750000000481
-0.0004789750000000481
-0.0004789750000000481
-0.0004789750000000481
-0.014843974999999787
-0.0076614749999990295
-0.0004789750000000481
-0.019631975000001134
-0.02142760000000088
-0.023223225000000625
-0.02501885000000037
-0.02681447500000189
-0.028610100000001637
-0.030405725000001382
-0.03220135000000113
-0.03399697500000087
-0.02989268928571498
-0.025788403571429086
-0.021684117857143193
-0.0175798321428573
-0.013475546428571405
-0.009371260714285512
-0.0052669749999996185
-0.024420974999999956
-0.01484347500000105
-0.036391475000000284
-0.0004784750000013105
-0.0068629750000006595
-0.013247475000001785
-0.019631975000001134
-0.019631975000001134
-0.01005547500000148
-0.0004789750000000481
-0.011252725000000297
-0.022026475000000545
-0.03280022500000079
-0.04357397500000104
-0.03399747499999961
-0.024420974999999956
-0.024420974999999956
-0.024420974999999956
-0.024420974999999956
-0.024420974999999956
-0.05075697500000054
-0.010054975000000965
-0.05315097500000121
-0.038785974999999695
-0.024420974999999956
-0.012449974999999114
-0.0004789750000000481
-0.022824641666666423
-0.045170308333334575
-0.06751597500000095
-0.048362475000001126
-0.029208974999999526
-0.010055474999999703
0.00909802500000012
-0.09145797500000086
-0.07230447500000103
-0.05315097500000121
-0.029208974999999526
-0.0052669749999996185
-0.0316029750000002
-0.05793897500000078
-0.03399697500000087
-0.010054975000000965
-0.003670641666667862
0.0027136916666670174
0.00909802500000012
-0.0627279749999996
-0.04117997500000037
-0.019631975000001134
-0.01005547500000148
-0.0004789750000000481
-0.013646975000000339
-0.02681497500000063
-0.03998297500000092
-0.05315097500000121
-0.03399697500000087
-0.014843974999999787
-0.031603475000000714
-0.048362974999999864
-0.03998322500000029
-0.031603475000000714
-0.023223724999999362
-0.014843974999999787
0.00909802500000012
-0.07230497499999977
-0.04596847500000045
-0.019631975000001134
-0.013646475000001601
-0.007660975000000292
-0.001675475000000759
0.004310024999998774
-0.03399747499999961
-0.014843725000000418
0.004310024999998774
-0.021228308333334667
-0.04676664166666633
-0.07230497499999977
-0.061530975000000154
-0.05075697499999876
-0.039982974999999144
-0.029208974999999526
-0.010054975000000965
-0.0627279749999996
-0.04117997500000037
-0.019631975000001134
-0.0004784750000013105
0.01867502500000029
-0.01723797500000046
-0.05315097500000121
-0.02442047500000122
0.004310024999998774
0.0027139138888880865
0.0011178027777773991
-0.0004783083333350646
-0.002074419444445752
-0.0036705305555564394
-0.005266641666667127
-0.0068627527777795905
-0.008458863888890278
-0.010054975000000965
-0.048362974999999864
-0.019631975000001134
-0.02382185000000092
-0.02801172500000071
-0.032201600000000496
-0.036391475000000284
-0.0004789750000000481
-0.0073955305555557516
-0.014312086111111455
-0.02122864166666716
-0.028145197222222862
-0.03506175277777679
-0.04197830833333249
-0.048894863888888196
-0.0558114194444439
-0.0627279749999996
0.004310024999998774
-0.0052669749999996185
-0.05315097500000121
-0.010054975000000965
-0.031602975000001976
-0.02641564166666832
-0.021228308333334667
-0.016040975000001012
-0.010853641666667357
-0.005666308333333703
-0.0004789750000000481
-0.014843974999999787
-0.09145797500000086
-0.01484347500000105
-0.07230497499999977
-0.045170641666667066
-0.018036308333332585
0.00909802500000012
0.007729882142857747
0.006361739285713597
0.004993596428571223
0.0036254535714288494
0.0022573107142864757
0.0008891678571423256
-0.0004789750000000481
-0.0627279749999996
-0.01723797500000046
-0.07230497499999977
-0.05973535000000041
-0.04716572499999927
-0.03459609999999991
-0.022026475000000545
-0.02082922499999995
-0.019631974999999358
-0.029208974999999526
-0.038785974999999695
-0.038785974999999695
-0.038785974999999695
-0.0052669749999996185
0.028252025000000458
-0.0052669749999996185
-0.038785974999999695
-0.03399747499999961
-0.029208974999999526
-0.024420474999999442
-0.019631974999999358
-0.03399747499999961
-0.048362974999999864
-0.05075710000000022
-0.05315122500000058
-0.05554535000000094
-0.057939475000001295
-0.060333599999999876
-0.06272772500000023
-0.06512185000000059
-0.06751597500000095
-0.02122830833333289
0.02346302499999986
0.0011173583333334847
-0.021228308333334667
-0.04357397500000104
-0.037987475000001325
-0.03240097500000161
-0.02681447500000189
-0.0212279750000004
-0.015641475000000682
-0.010054975000000965
0.03782902499999885
-0.08666997499999951
-0.005266975000001395
-0.038785974999999695
-0.07230497499999977
-0.024420974999999956
0.02346302499999986
0.028251524999999944
0.03304002500000003
0.021411025000000805
0.009782024999999805
-0.0018469749999994178
-0.013475975000000417
-0.02510497499999964
-0.03673397500000064
-0.048362974999999864
0.03782902499999885
0.01867502500000029
-0.05315097500000121
-0.029208975000001303
-0.005266975000001395
-0.031602975000001976
-0.05793897500000078
-0.049730403571428994
-0.04152183214285721
-0.03331326071428542
-0.02510468928571541
-0.016896117857143622
-0.008687546428571835
-0.0004789750000000481
-0.019631975000001134
0.03782902499999885
0.03577673928571379
0.03372445357142695
0.031672167857141886
0.029619882142856824
0.02756759642857176
0.025515310714284922
0.02346302499999986
-0.010054975000000965
-0.024420974999999956
0.028252025000000458
0.01747802500000084
0.006704025000001224
-0.00406997500000017
-0.014843974999999787
-0.06751597500000095
-0.04716522500000053
-0.02681447500000189
-0.0064637250000014745
0.013887024999998943
-0.024420474999999442
0.011492275000000163
0.04740502499999977
0.02585752499999927
0.004310024999998774
-0.004309175000001275
-0.012928375000001324
-0.021547574999999597
-0.030166774999999646
-0.038785974999999695
0.03304002500000003
-0.0052669749999996185
-0.036391475000000284
-0.06751597500000095
0.028252025000000458
0.01388669166666645
-0.00047864166666578
-0.014843974999999787
-0.038785974999999695
-0.0627279749999996
0.06177102499999876
0.056547297727272294
0.051323570454544054
0.04609984318181759
0.04087611590908935
0.035652388636362886
0.030428661363634646
0.025204934090908182
0.019981206818179942
0.014757479545453478
0.009533752272725238
0.004310024999998774
-0.02442047500000122
-0.05315097500000121
0.03782902499999885
0.00909802500000012
-0.048362974999999864
0.02346302499999986
-0.0052669749999996185
-0.01347568928571441
-0.021684403571427424
-0.029893117857142215
-0.038101832142857006
-0.0463105464285718
-0.05451926071428481
-0.0627279749999996
-0.02681497500000063
0.00909802500000012
-0.022026475000000545
0.004310024999998774
0.006225424999998452
0.00814082499999813
0.010056224999999586
0.011971624999999264
0.013887024999998943
-0.022026475000000545
0.03304002500000003
-0.048362974999999864
-0.02601697499999922
-0.003670975000000354
0.01867502500000029
-0.05315097500000121
-0.03399697500000087
-0.007660975000000292
0.01867502500000029
0.007502025000000856
-0.003670975000000354
-0.014843974999999787
-0.048362974999999864
-0.02601697499999922
-0.003670975000000354
0.01867502500000029
-0.002872974999998945
-0.024420974999999956
-0.02322372500000114
-0.022026475000000545
-0.02082922499999995
-0.019631975000001134
0.013887024999998943
-0.029208974999999526
-0.03399697500000087
-0.029208641666667035
-0.024420308333333196
-0.019631974999999358
-0.014843641666667295
-0.010055308333333457
-0.0052669749999996185
-0.038785974999999695
-0.03399697500000087
-0.010054975000000965
-0.0052669749999996185
-0.014843774999999226
-0.02442057500000061
-0.03399737500000022
-0.0435741750000016
-0.05315097500000121
-0.03998297500000092
-0.02681497500000063
-0.013646975000000339
-0.0004789750000000481
-0.002872974999998945
-0.0052669749999996185
-0.029208974999999526
-0.05315097500000121
-0.03399747499999961
-0.014843974999999787
-0.024420974999999956
-0.04357397500000104
-0.014843974999999787
-0.007661224999999661
-0.0004784750000013105
0.006704274999998816
0.013887024999998943
-0.03399697500000087
-0.014843974999999787
0.028252025000000458
-0.07230497499999977
-0.055545474999998845
-0.038785974999999695
-0.02122830833333289
-0.003670641666667862
0.013887024999998943
-0.06751597500000095
-0.06368537500000038
-0.059854774999999805
-0.05602417500000101
-0.052193575000000436
-0.048362974999999864
0.03304002500000003
0.021069024999999186
0.00909802500000012
-0.002872974999998945
-0.014843974999999787
-0.02681497500000063
-0.038785974999999695
-0.038785974999999695
0.052194025000000366
-0.024420974999999956
-0.04357397500000104
-0.03926442500000071
-0.034954875000000385
-0.030645325000000057
-0.026335775000001505
-0.022026225000001176
-0.017716675000000848
-0.01340712500000052
-0.009097575000000191
-0.0047880249999998625
-0.0004784750000013105
0.003831074999999018
0.008140624999999346
0.012450174999999675
0.016759725000000003
0.02106927500000033
0.02537882500000066
0.029688374999999212
0.03399792499999954
0.03830747499999987
0.0426170250000002
0.02585752499999927
0.00909802500000012
-0.048362974999999864
-0.019631975000001134
-0.019631975000001134
-0.014843974999999787
-0.029208974999999526
-0.04357397500000104
0.013887024999998943
0.00909802500000012
-0.05793897500000078
-0.024420974999999956
-0.010054975000000965
-0.024420474999999442
-0.038785974999999695
-0.038785974999999695
-0.0052669749999996185
-0.024420974999999956
0.004310024999998774
-0.038785974999999695
-0.014843974999999787
0.00909802500000012
-0.005266975000001395
-0.019631975000001134
0.004310024999998774
-0.011651308333334498
-0.02761264166666777
-0.04357397500000104
-0.036391475000000284
-0.029208974999999526
-0.024420474999999442
-0.019631975000001134
-0.02681447500000189
-0.03399697500000087
-0.029208974999999526
-0.019631974999999358
-0.010054975000000965
-0.019631975000001134
-0.029208974999999526
-0.038785974999999695
-0.022026475000000545
-0.0052669749999996185
-0.029208974999999526
-0.0052669749999996185
-0.019631974999999358
-0.03399697500000087
0.004310024999998774
0.0020754249999992425
-0.00015917500000028895
-0.0023937750000015967
-0.004628375000001128
-0.0068629750000006595
-0.009097575000000191
-0.011332174999999722
-0.01356677500000103
-0.01580137500000056
-0.018035975000000093
-0.020270574999999624
-0.022505174999999156
-0.024739775000000463
-0.026974374999999995
-0.029208974999999526
-0.0305771178571419
-0.03194526071428605
-0.033313403571428424
-0.0346815464285708
-0.03604968928571317
-0.03741783214285732
-0.038785974999999695
-0.03160322499999957
-0.024420474999999442
-0.017237725000001092
-0.010054975000000965
-0.048362974999999864
0.028252025000000458
-0.0004789750000000481
-0.024420474999999442
-0.0004789750000000481
-0.029208974999999526
-0.04357397500000104
-0.014843974999999787
-0.010054975000000965
