-0.01568201249999998
-0.0013168125000000142
-0.01089361250000001
-0.01089361250000001
-0.01089361250000001
-0.01089361250000001
-0.01089361250000001
-0.01089361250000001
-0.01089361250000001
-0.006105212500000012
-0.0013168125000000142
-0.01089361250000001
-0.006105212500000012
0.013048397500000003
-0.0013168125000000142
0.008259997500000005
0.013048397500000003
-0.025258842500000017
0.013048397500000003
-0.02047044249999999
-0.019273334999999975
-0.018076227500000014
-0.016879119999999997
-0.01568201249999998
-0.008499412499999998
-0.0013168125000000142
0.0034715774999999893
-0.025258842500000017
-0.008499422499999992
0.008259997500000005
0.0010773924999999962
-0.006105212500000012
-0.006105212500000012
-0.006105212500000012
-0.006105212500000012
-0.006105212500000012
-0.006105212500000012
-0.006105212500000012
-0.010893622500000005
-0.01568203249999997
-0.02047044249999999
-0.013287827499999988
-0.006105212500000012
-0.006105212500000012
-0.006105212500000012
-0.006105212500000012
-0.006105212500000012
-0.005147532500000024
-0.0041898525000000075
-0.003232172500000019
-0.0022744925000000027
-0.0013168125000000142
-0.0013168125000000142
-0.0013168125000000142
0.013048397500000003
-0.01089361250000001
0.005865787499999997
0.001675937500000002
-0.0025139125000000206
-0.006703762500000016
-0.01089361250000001
-0.006105212500000012
-0.0013168125000000142
0.0034715774999999893
-0.0013168191666666773
-0.006105215833333344
-0.01089361250000001
-0.01089361250000001
-0.008499412499999998
-0.006105212500000012
0.0034715924999999814
0.013048397500000003
0.011851297499999996
0.01065419749999999
0.009457097500000011
0.008259997500000005
-0.006105212500000012
0.013048397500000003
0.0034715924999999814
-0.006105212500000012
-0.006105212500000012
-0.006105212500000012
-0.006105212500000012
-0.006105212500000012
-0.013287827499999988
-0.02047044249999999
-0.01940635027777779
-0.018342258055555533
-0.01727816583333333
-0.01621407361111113
-0.015149981388888872
-0.01408588916666667
-0.01302179694444447
-0.011957704722222212
-0.01089361250000001
-0.006105212500000012
-0.0013168125000000142
-0.006105212500000012
-0.00610521750000001
-0.006105215000000025
-0.006105212500000012
0.0034715774999999893
0.0010773824999999737
-0.0013168125000000142
0.0010773899999999836
0.0034715924999999814
0.005865795000000007
0.008259997500000005
-0.01568201249999998
-0.01568201249999998
-0.009297482499999982
-0.00291295250000001
0.0034715774999999893
-0.0013168125000000142
-0.01568201249999998
-0.01089361250000001
-0.006105212500000012
-0.0013168125000000142
0.008259997500000005
0.0053869555000000124
0.0025139134999999924
-0.00035912849999999996
-0.00323217050000002
-0.006105212500000012
-0.0013168175000000115
0.0034715774999999893
0.0034715774999999893
0.002103464642857128
0.0007353517857142666
-0.0006327610714285947
-0.0020008739285714283
-0.0033689867857142897
-0.004737099642857151
-0.006105212500000012
-0.01568201249999998
-0.01568201249999998
-0.006105212500000012
-0.0013168125000000142
0.0034715774999999893
-0.006105212500000012
-0.006105212500000012
-0.008020572500000017
-0.009935932499999994
-0.011851292499999971
-0.013766652500000004
-0.01568201249999998
-0.0013168125000000142
-0.006105212500000012
-0.01568201249999998
-0.01089361250000001
-0.006105212500000012
-0.0029129491666666785
0.00027931416666665543
0.0034715774999999893
0.0018754474999999882
0.000279317499999987
-0.0013168125000000142
-0.003711012500000027
-0.006105212500000012
-0.0013168125000000142
-0.0013168125000000142
0.005067724166666648
0.011452260833333339
0.0178367975
0.0034715774999999893
0.005865787499999997
0.008259997500000005
0.005067727500000008
0.001875457499999983
-0.0013168125000000142
-0.0013168125000000142
-0.003112462499999996
-0.004908112500000006
-0.006703762500000016
-0.008499412499999998
-0.01029506249999998
-0.012090712500000017
-0.013886362499999999
-0.01568201249999998
-0.001316807499999989
0.013048397500000003
-0.02047044249999999
-0.01089361250000001
0.013048397500000003
0.008944053214285708
0.00483970892857144
0.0007353646428571448
-0.003368979642857123
-0.007473323928571418
-0.011577668214285713
-0.01568201249999998
0.0034715774999999893
0.013048397500000003
0.005865792499999994
-0.006105212500000012
0.01065419749999999
0.0018754608333333422
-0.006903275833333333
-0.01568201249999998
-0.001316807499999989
0.013048397500000003
0.0010773924999999962
-0.01089361250000001
-0.01089361250000001
-0.01089361250000001
0.0034715924999999814
0.0178367975
0.005386949499999988
-0.007062898499999998
-0.019512746499999983
-0.031962594500000024
-0.04441244250000001
0.022625207499999994
0.0034715975000000066
-0.01568201249999998
-0.01089361250000001
0.0178367975
-0.053989262499999996
-0.03675100849999999
-0.01951275449999998
-0.0022745004999999985
0.014963753499999982
0.03220200749999999
-0.0013168125000000142
-0.01568201249999998
-0.002912939166666656
0.009856134166666669
0.022625207499999994
-0.053989262499999996
-0.013287827499999988
0.027413607499999992
-0.020470427500000027
-0.06835446250000002
0.03220200749999999
0.0245405635
0.016879119499999984
0.009217675499999994
0.0015562314999999771
-0.006105212500000012
-0.053989262499999996
0.036990417499999984
-0.07793124250000003
-0.05398922916666668
-0.030047215833333335
-0.006105202500000018
0.0178368108333333
0.041778824166666645
0.06572083749999999
-0.0156820275
0.010654195000000005
0.036990417499999984
-0.027653032500000035
-0.09229648250000003
-0.006105222500000035
0.08008603749999998
0.0226251975
-0.034835642500000014
-0.032783471071428566
-0.030731299642857174
-0.028679128214285726
-0.02662695678571428
-0.02457478535714283
-0.02252261392857144
-0.02047044249999999
0.0513556275
-0.07793124250000003
0.0513556275
-0.037229852499999966
-0.022266087500000004
-0.007302322499999986
0.007661442500000004
0.022625207499999994
-0.02286462750000004
-0.06835446250000002
-0.032441435000000046
0.0034715924999999814
-0.004189853000000021
-0.011851298500000024
-0.019512744
-0.02717418950000003
-0.034835635000000004
-0.04249708049999998
-0.05015852600000001
-0.057819971499999984
-0.06548141700000001
-0.07314286249999999
-0.03363853749999998
0.005865787499999997
-0.01568201249999998
-0.024061725000000006
-0.03244143750000003
-0.025258832500000022
-0.018076227500000014
-0.010893622500000005
-0.0037110175000000245
0.003471587499999984
0.010654192499999993
0.0178367975
0.015442597500000016
0.013048397500000003
-0.003711022500000022
-0.04920084249999998
0.008259997500000005
0.025019407500000007
0.04177881749999998
-0.0970848825
0.11360486749999998
0.07290343999999999
0.032202012500000016
-0.008499414999999982
-0.04920084249999998
0.04896142249999999
-0.02885013
-0.1066616825
-0.03323949916666666
0.04018268416666665
0.11360486749999998
-0.053989262499999996
-0.03483563749999999
-0.01568201249999998
0.008259997500000005
0.03220200749999999
-0.018076227500000014
-0.06835446250000002
-0.01568202250000003
0.036990417499999984
0.0178368025
-0.0013168125000000142
-0.004828309166666683
-0.008339805833333352
-0.011851302500000022
-0.01536279916666669
-0.01887429583333336
-0.02238579250000003
-0.025897289166666643
-0.029408785833333312
-0.03292028249999998
-0.03643177916666665
-0.03994327583333332
-0.04345477249999999
-0.04696626916666666
-0.05047776583333333
-0.053989262499999996
0.03220200749999999
0.004668690000000003
-0.022864627499999984
0.03220200749999999
-0.0875080825
0.0178367975
0.021029067499999998
0.024221337499999995
0.027413607499999992
0.03060587749999999
0.033798147499999986
0.036990417499999984
-0.0875080825
0.017836797499999973
0.03220200749999999
0.0513556275
-0.0970848825
0.10881645749999999
-0.030047237500000018
-0.007701352500000008
0.014644532499999974
0.036990417499999984
-0.07314286249999999
-0.01568202250000003
0.04177881749999998
0.024221340833333327
0.006663864166666644
-0.01089361250000001
-0.016746106944444478
-0.02259860138888889
-0.028451095833333356
-0.03430359027777777
-0.040156084722222235
-0.04600857916666665
-0.051861073611111114
-0.05771356805555558
-0.06356606249999999
0.0178367975
-0.025258842500000017
-0.01089361250000001
0.03220200749999999
0.01903389875
0.00586579000000001
-0.007302318750000009
-0.020470427500000027
-0.03363853624999999
-0.04680664500000001
-0.059974753750000026
-0.07314286249999999
-0.01807622500000003
0.036990412499999986
-0.09229648250000003
0.0944512475
0.07050923178571428
0.04656721607142858
0.022625200357142855
-0.0013168153571428698
-0.02525883107142854
-0.04920084678571432
-0.07314286249999999
0.04656721749999998
0.027413607499999992
-0.008499422499999992
-0.06356606249999999
-0.006105212500000012
-0.0037110174999999967
0.011452260833333339
0.026615539166666646
0.04177881749999998
-0.0324414425
-0.017477680000000023
-0.0025139174999999903
0.012449844999999987
0.027413607499999992
0.019432930833333334
0.011452254166666648
0.0034715774999999893
-0.04441244250000001
0.0609324275
0.0360327295
0.011133031500000001
-0.013766666499999997
-0.03866636450000002
-0.06356606249999999
0.08008603749999998
0.07230488249999997
0.06452372749999999
0.056742572500000005
0.04896141749999999
0.04118026249999998
0.0333991075
0.025617952500000013
0.0178367975
0.013048392499999978
-0.025258835000000007
-0.06356606249999999
0.013048397500000003
-0.0013168125000000142
-0.06835446250000002
0.003471587499999984
0.07529763749999999
-0.025258842500000017
-0.039624042499999984
0.036990417499999984
0.03183367442307691
0.026676931346153843
0.021520188269230772
0.016363445192307674
0.011206702115384604
0.006049959038461533
0.0008932159615384627
-0.004263527115384608
-0.009420270192307706
-0.014577013269230749
-0.019733756346153847
-0.024890499423076945
-0.030047242499999988
-0.0156820275
-0.0013168125000000142
-0.022864627499999984
0.02741359749999997
-0.06356606249999999
0.008259987499999982
0.01209071149999999
0.015921435499999997
0.019752159499999977
0.023582883499999985
0.027413607499999992
-0.02047044249999999
-0.030047242499999988
-0.039624042499999984
0.06572083749999999
-0.025258842500000017
-0.032441447500000026
-0.03962405249999998
-0.04680665749999999
-0.053989262499999996
0.08008603749999998
0.04816335416666667
0.01624067083333333
-0.01568201249999998
-0.01807621624999997
-0.02047041999999996
-0.022864623750000007
-0.025258827499999997
-0.027653031249999988
-0.030047235000000033
-0.03244143875000002
-0.034835642500000014
0.0609324275
-0.06356606249999999
0.0010773874999999988
-0.025258842500000017
0.005865787499999969
-0.010893622500000005
-0.027653032500000035
-0.04441244250000001
0.0848744475
0.01544259249999999
-0.053989262499999996
-0.04201825249999999
-0.030047242499999988
0.020230997499999986
0.07050923749999999
0.005865787499999969
-0.05877766250000002
0.013048397500000003
0.01065419749999999
0.008259997500000005
0.0010773924999999962
-0.006105212500000012
-0.0029129491666666785
0.00027931416666665543
0.0034715774999999893
0.008259987499999982
0.013048397500000003
-0.006105222500000007
-0.025258842500000017
0.010654187499999995
0.04656721749999998
-0.06835446250000002
-0.054787319166666654
-0.041220175833333345
-0.027653032500000035
-0.01408588916666667
-0.0005187458333333339
0.013048397500000003
-0.008499422499999992
-0.01568201249999998
0.006663867500000004
0.029009747500000016
0.0513556275
0.017836804166666664
-0.015682019166666644
-0.04920084249999998
-0.01089361250000001
0.006663864166666644
0.024221340833333327
0.04177881749999998
-0.05877766250000002
-0.025258842500000017
0.013048392499999978
0.0513556275
0.006663857499999981
-0.03802791250000001
-0.08271968250000003
0.04656721749999998
0.032202009999999975
0.0178368025
0.003471594999999994
-0.01089361250000001
-0.006105212500000012
-0.0013168125000000142
0.008259997500000005
-0.008499422499999992
-0.025258842500000017
-0.01089361250000001
-0.012489745833333316
-0.014085879166666676
-0.01568201249999998
-0.01568201249999998
-0.01089361250000001
-0.006105212500000012
-0.0013168125000000142
-0.0021148791666666666
-0.002912945833333347
-0.003711012500000027
-0.00450907916666668
-0.005307145833333332
-0.006105212500000012
-0.01089361250000001
-0.01568201249999998
-0.01568201249999998
0.013048397500000003
-0.025258842500000017
-0.0013168125000000142
-0.0013168125000000142
-0.0013168125000000142
-0.006105212500000012
-0.006105212500000012
-0.006105212500000012
-0.006105212500000012
-0.006105212500000012
-0.0013168175000000115
0.0034715774999999893
0.001077379999999989
-0.0013168175000000115
-0.003711015000000012
-0.006105212500000012
-0.01089361250000001
-0.02047044249999999
-0.01568201249999998
-0.012489745833333316
-0.00929747916666665
-0.006105212500000012
-0.008499412499999998
-0.01089361250000001
-0.006105212500000012
