-0.003447643999999972
-0.003447643999999972
-0.003447643999999972
-0.003447643999999972
-0.003447643999999972
-0.003447643999999972
-0.00584185399999998
-0.008236063999999987
-0.008236063999999987
-0.00584185399999998
-0.003447643999999972
-0.003447643999999972
-0.003447643999999972
-0.003447643999999972
-0.003447643999999972
-0.003447643999999972
-0.003447643999999972
0.010917555999999995
-0.003447654000000022
-0.003447648999999997
-0.003447643999999972
-0.006639917333333301
-0.009832190666666685
-0.013024464000000013
-0.008236053999999993
-0.003447643999999972
-0.0002553773333333065
0.002936889333333359
0.0061291560000000245
0.001340751000000029
-0.003447654000000022
-0.008236059000000018
-0.013024464000000013
0.0061291560000000245
0.010917555999999995
0.0013407460000000038
-0.008236063999999987
-0.00584185399999998
-0.003447643999999972
-0.008236063999999987
-0.005043790666666659
-0.0018515173333333301
0.0013407559999999985
0.0013407559999999985
0.0013407559999999985
-0.0026495839999999826
-0.006639924000000019
-0.010630264
-0.010031714000000025
-0.009433163999999994
-0.008834613999999963
-0.008236063999999987
0.0013407559999999985
0.008523355999999982
0.01570595600000002
0.0061291560000000245
-0.003447643999999972
-0.017812863999999984
-0.013024464000000013
-0.008236063999999987
-0.015418664000000026
-0.02260126400000001
-0.01900996399999999
-0.015418664000000026
-0.011827364000000007
-0.008236063999999987
-0.003447643999999972
-0.008236053999999993
-0.013024464000000013
-0.011428330666666653
-0.009832197333333348
-0.008236063999999987
-0.008236063999999987
0.0037349460000000168
0.01570595600000002
-0.013024464000000013
-0.010151420000000022
-0.007278376000000031
-0.004405331999999984
-0.0015322879999999928
0.0013407559999999985
-0.003447654000000022
-0.008236063999999987
-0.008236063999999987
-0.008236063999999987
-0.008236063999999987
0.02049435599999999
-0.013024464000000013
-0.010630264
-0.008236063999999987
-0.003447654000000022
0.0013407559999999985
-0.001053443999999959
-0.003447643999999972
-0.003447643999999972
-0.003447643999999972
-0.003447643999999972
-0.003447643999999972
-0.00584185399999998
-0.008236063999999987
-0.010630264
-0.013024464000000013
-0.008236059000000018
-0.003447654000000022
0.001340751000000029
0.0061291560000000245
0.0061291560000000245
-0.003447643999999972
-0.013024453999999963
-0.02260126400000001
-0.019728224000000016
-0.016855184000000023
-0.013982143999999974
-0.01110910399999998
-0.008236063999999987
-0.007038958999999956
-0.00584185399999998
0.0061291560000000245
0.002936889333333359
-0.0002553773333333065
-0.003447643999999972
-0.003447643999999972
-0.008236053999999993
-0.013024464000000013
-0.010630264
-0.008236063999999987
-0.00504379399999999
-0.0018515239999999933
0.0013407460000000038
0.004533016000000001
0.007725285999999998
0.010917555999999995
-0.008236063999999987
0.0013407559999999985
0.010917555999999995
0.0013407559999999985
-0.003447654000000022
-0.008236063999999987
-0.008236063999999987
-0.008236063999999987
-0.00584185399999998
-0.003447643999999972
-0.0058418473333333165
-0.008236050666666661
-0.01063025399999995
-0.013024457333333295
-0.01541866066666664
-0.017812863999999984
-0.0010534540000000092
-0.0022505540000000157
-0.003447654000000022
-0.004644753999999973
-0.00584185399999998
0.010917555999999995
0.006129155999999969
0.0013407559999999985
0.004533022666666664
0.0077252893333333295
0.010917555999999995
-0.013024464000000013
-0.005363019999999996
0.002298424000000021
0.009959867999999983
0.017621312
0.025282756000000017
0.013311751000000038
0.0013407460000000038
-0.01063025900000003
-0.02260126400000001
-0.017812863999999984
-0.013024464000000013
-0.008236063999999987
-0.008236059000000018
-0.008236053999999993
-0.010630264
0.0061291560000000245
0.0061291560000000245
0.0061291560000000245
0.0061291560000000245
-0.013024464000000013
-0.009193740000000006
-0.005363015999999998
-0.0015322919999999907
0.002298432000000017
0.0061291560000000245
-0.003447643999999972
-0.0018515139999999985
-0.00025538399999996964
0.0013407460000000038
-0.013024464000000013
-0.010630264
-0.008236063999999987
-0.013024464000000013
-0.017812863999999984
-0.008236059000000018
0.0013407460000000038
0.010917551000000025
0.02049435599999999
-0.013024464000000013
-0.010630264
-0.008236063999999987
-0.003447643999999972
0.01570597100000004
0.034859586
0.008523361000000007
-0.017812863999999984
-0.00584185399999998
0.0061291560000000245
-0.00584185399999998
-0.017812863999999984
-0.009193740000000006
-0.0005746159999999723
0.008044508000000006
0.01666363200000004
0.025282756000000017
-0.03217804400000002
0.0013407460000000038
-0.00025538399999996964
-0.0018515139999999985
-0.003447643999999972
-0.01063025399999995
-0.017812863999999984
-0.0010534540000000092
0.01570595600000002
0.008523355999999982
0.0013407559999999985
-0.0015322879999999928
-0.004405331999999984
-0.007278376000000031
-0.010151420000000022
-0.013024464000000013
-0.001053443999999959
-0.008236063999999987
-0.0034476573333332983
0.0013407493333333353
0.0061291560000000245
0.025282756000000017
-0.0010534540000000092
-0.02738966399999998
-0.008236053999999993
0.010917555999999995
-0.00025538400000002515
-0.01142832399999999
-0.02260126400000001
-0.01142832399999999
-0.00025538400000002515
0.010917555999999995
-0.005841854000000035
-0.02260126400000001
0.02049435599999999
0.0029368893333333035
-0.014620577333333329
-0.03217804400000002
0.01570595600000002
0.0037349560000000115
-0.008236043999999998
-0.020207044000000007
-0.03217804400000002
0.0061291560000000245
-0.013024464000000013
-0.017812863999999984
-0.02260126400000001
-0.02738966399999998
-0.008236063999999987
-0.007637511499999972
-0.007038958999999956
-0.0064404064999999955
-0.00584185399999998
-0.005243301499999964
-0.004644749000000004
-0.004046196499999988
-0.003447643999999972
0.010917555999999995
-0.005841863999999974
-0.010630244000000011
-0.015019617333333346
-0.01940899066666668
-0.023798364000000016
-0.02818773733333335
-0.03257711066666669
-0.03696648400000002
0.02049435599999999
-0.005841854000000035
-0.0018515173333333301
0.0021388193333333194
0.0061291560000000245
0.02049435599999999
0.0037349460000000168
-0.013024464000000013
-0.032178074
-0.05133168399999999
0.0037349560000000115
0.05880159600000001
0.03126827600000004
0.0037349560000000115
-0.023798364000000016
-0.05133168399999999
0.0013407559999999985
-0.04175488399999999
-0.003447648999999997
0.034859586
-0.0010534490000000396
-0.03696648400000002
-0.008236063999999987
0.02049435599999999
-0.008236063999999987
-0.03696648400000002
-0.013024460666666682
0.010917562666666658
0.034859586
0.012513709333333345
-0.009832167333333364
-0.03217804400000002
0.01570595600000002
0.034859586
-0.00584184900000001
-0.04654328400000002
-0.010630264
0.025282756000000017
0.018898222666666686
0.012513689333333355
0.0061291560000000245
0.0037349560000000115
0.0013407559999999985
-0.065696904
0.008523355999999982
0.08274361599999999
0.044436385999999994
0.0061291560000000245
-0.032178073999999945
-0.07048530399999997
-0.024995474000000018
0.02049435599999999
0.015107404749999997
0.009720453499999948
0.004333502249999954
-0.0010534490000000396
-0.02738966399999998
0.0013407559999999985
-0.008236050666666661
-0.01781285733333332
-0.02738966399999998
0.044436385999999994
0.027676974333333326
0.010917562666666658
-0.00584184900000001
-0.022601260666666678
-0.039360672333333346
-0.056120084000000015
-0.008236063999999987
-0.013024453999999963
0.00014365600000004752
0.013311766000000003
0.026479876000000013
0.039647985999999996
-0.001053443999999959
-0.02579353066666662
-0.050533617333333336
-0.075273704
-0.03098097150000001
0.013311760999999978
0.05760449350000002
0.10189722600000001
-0.08006210400000002
-0.0501345815
-0.020207059000000027
0.009720463499999998
0.039647985999999996
-0.0010534490000000396
-0.011827356499999997
-0.02260126400000001
-0.02260126400000001
-0.02260126400000001
-0.013024464000000013
-0.004131715428571436
0.004761033142857141
0.013653781714285718
0.022546530285714295
0.03143927885714287
0.04033202742857142
0.049224776
0.008523351000000012
-0.032178074
0.018100165999999973
0.068378406
-0.029783859000000024
-0.01940898733333335
-0.009034115666666676
0.0013407559999999985
0.008523355999999982
0.01570595600000002
-0.065696904
-0.04989517199999999
-0.03409344000000003
-0.018291708000000018
-0.002489976000000005
0.013311756000000008
0.02911348800000002
0.04491521999999998
0.06071695199999999
0.076518684
0.09232041599999999
-0.084850504
-0.01063024899999998
0.0061291560000000245
0.025282756000000017
0.0061291560000000245
-0.013024444000000024
-0.03217804400000002
-0.011827338999999992
0.008523365999999977
0.028874071
0.049224776
-0.075273704
0.05401319600000001
-0.013024464000000013
-0.01781286400000004
-0.02260126400000001
-0.020207063999999997
-0.017812863999999984
0.001340752666666667
0.020494369333333318
0.039647985999999996
-0.08006210400000002
-0.06090848900000001
-0.041754874
-0.022601258999999985
-0.0034476440000000275
0.015705970999999985
0.034859586
0.025282756000000017
0.010917547428571428
-0.003447661142857106
-0.017812869714285695
-0.032178078285714284
-0.04654328685714282
-0.06090849542857141
-0.075273704
0.01570595600000002
0.02528277099999998
0.034859586
-0.024995474000000018
0.044436385999999994
-0.015418659000000001
-0.075273704
-0.02738967400000003
0.02049435599999999
-0.015418659000000001
0.0013407559999999985
0.018100170999999998
0.034859586
0.044436385999999994
-0.013024458999999988
-0.07048530399999997
-0.024995474000000018
0.02049435599999999
0.01570595600000002
0.010917555999999995
0.0061291560000000245
-0.01940899733333329
-0.04494715066666666
-0.07048530399999997
0.049224776
0.010917555999999995
-0.024995463999999967
-0.060908483999999985
-0.017812863999999984
0.025282756000000017
0.01570595600000002
0.0061291560000000245
-0.039360673999999984
-0.084850504
0.0013407559999999985
0.08753201599999999
0.06071695599999999
0.03390189599999999
0.007086835999999985
-0.019728224000000016
-0.04654328400000002
-0.01781286400000004
0.010917555999999995
0.0013407559999999985
0.010917555999999995
-0.065696904
0.010917555999999995
0.08753201599999999
0.020494369333333318
-0.0465432773333333
-0.11358092399999997
-0.01781285899999996
0.077955206
-0.056120084000000015
-0.04845864
-0.040797196000000036
-0.03313575200000002
-0.025474308
-0.01781286400000004
-0.010151420000000022
-0.002489976000000005
0.005171468000000012
0.012832911999999974
0.02049435599999999
0.0037349460000000168
-0.013024464000000013
0.030071186000000028
0.01570596599999996
-0.099215744
0.030071186000000028
0.0061291560000000245
-0.008236053999999993
-0.022601263999999954
-0.03696647399999997
-0.05133168399999999
0.05880159600000001
-0.05133168399999999
0.010917555999999995
0.012513689333333355
0.01410982266666666
0.01570595600000002
0.013790596000000044
0.011875236000000011
0.009959876000000034
0.008044516000000002
0.0061291560000000245
0.01810016600000003
-0.02579353066666662
-0.06968722733333332
-0.11358092399999997
0.125839236
-0.11358092399999997
-0.05771621733333332
-0.001851510666666667
0.05401319600000001
-0.017812863999999984
-0.04654328400000002
0.006129155999999969
0.05880159600000001
0.045633486
0.03246537599999999
0.019297266000000035
0.0061291560000000245
-0.007038953999999986
-0.020207063999999997
0.02049435599999999
0.014508853499999974
0.008523351000000012
0.002537848499999995
-0.003447654000000022
-0.009433156499999984
-0.015418659000000001
-0.021404161499999963
-0.02738966399999998
-0.019408990666666626
-0.011428317333333327
-0.003447643999999972
0.0061291560000000245
-0.008236063999999987
-0.024995458999999998
0.073166806
-0.04654328400000002
-0.01781286400000004
0.010917555999999995
0.05401319600000001
-0.024995463999999967
-0.10400412399999998
0.013311761000000033
0.13062764600000001
-0.0010534490000000396
-0.132734544
-0.020207063999999997
0.09232041599999999
0.008523355999999982
-0.075273704
-0.06364472399999999
-0.052015743999999975
-0.040386763999999964
-0.02875778400000001
-0.017128803999999997
-0.0054998239999999865
0.0061291560000000245
0.044436385999999994
-0.04654328400000002
-0.019408994000000013
0.007725295999999993
0.034859586
-0.00584185399999998
-0.02738966399999998
-0.01063025399999995
0.0061291560000000245
0.004000976000000045
0.00187279600000001
-0.00025538399999996964
-0.0023835640000000047
-0.004511743999999984
-0.006639924000000019
-0.008768103999999999
-0.010896284000000034
-0.013024464000000013
0.0037349460000000168
0.02049435599999999
-0.003447648999999997
-0.020207063999999997
0.010917555999999995
-0.02260126400000001
-0.056120084000000015
-0.0353703356666667
-0.014620587333333324
0.006129160999999994
0.026878909333333312
0.04762865766666666
0.068378406
-0.08006210400000002
-0.025793530666666675
0.028475042666666672
0.08274361599999999
0.028874076000000026
-0.024995463999999967
0.025282756000000017
-0.075273704
0.0037349560000000115
0.08274361599999999
-0.008236063999999987
-0.099215744
-0.01063026899999997
0.077955206
0.05674941885714285
0.035543631714285706
0.014337844571428615
-0.006867942571428531
-0.028073729714285678
-0.049279516857142824
-0.07048530399999997
0.01570595600000002
-0.01063024899999998
-0.004131701142857103
0.0023668467142857197
0.008865394571428598
0.01536394242857142
0.021862490285714298
0.028361038142857176
0.034859586
0.012114668499999981
-0.01063024899999998
-0.0333751665
-0.056120084000000015
0.01570595600000002
-0.008236043999999998
-0.03217804400000002
0.00612914600000003
-0.008236063999999987
-0.010630264
-0.013024464000000013
0.008523361000000007
0.030071186000000028
-0.008236063999999987
0.0061291560000000245
-0.003447654000000022
-0.013024464000000013
-0.020207063999999997
-0.02738966399999998
0.0037349610000000366
0.034859586
-0.003447648999999997
-0.04175488399999999
-0.003447648999999997
0.034859586
0.014508868499999994
-0.00584184900000001
-0.026192566500000014
-0.04654328400000002
-0.032178076
-0.01781286799999998
-0.0034476599999999635
0.010917548
0.025282756000000017
0.0037349460000000168
-0.017812863999999984
-0.008236053999999993
-0.009193736000000008
-0.010151418000000023
-0.011109099999999983
-0.012066781999999998
-0.013024464000000013
0.0061291560000000245
-0.003447654000000022
-0.02260126400000001
-0.003447643999999972
-0.008236053999999993
-0.013024464000000013
-0.008236059000000018
-0.003447654000000022
0.001340751000000029
0.0061291560000000245
-0.0010534540000000092
-0.008236063999999987
0.010917555999999995
-0.008236063999999987
0.0013407559999999985
-0.001053443999999959
-0.003447643999999972
-0.015418653999999976
-0.02738966399999998
-0.020207063999999997
-0.013024464000000013
-0.005841854000000035
0.0013407559999999985
-0.007038943999999991
-0.015418644000000037
-0.023798344000000027
-0.03217804400000002
-0.017812863999999984
-0.00983219066666663
-0.0018515173333333301
0.0061291560000000245
0.0061291560000000245
0.0013407559999999985
0.002936889333333359
0.004533022666666664
0.0061291560000000245
0.0013407493333333353
-0.0034476573333332983
-0.008236063999999987
0.010917555999999995
0.008523355999999982
0.006129155999999969
0.0037349560000000115
0.0013407559999999985
0.010917555999999995
0.006129155999999969
0.0013407559999999985
-0.013024464000000013
-0.003447654000000022
0.0061291560000000245
0.0013407559999999985
-0.008236053999999993
-0.017812863999999984
-0.01063025399999995
-0.003447643999999972
-0.004405327999999986
-0.005363012
-0.006320695999999959
-0.007278379999999973
-0.008236063999999987
-0.017812863999999984
-0.015897504000000007
-0.013982143999999974
-0.012066783999999997
-0.010151423999999964
-0.008236063999999987
-0.0010534540000000092
-0.013024464000000013
-0.008236063999999987
-0.007552005428571429
-0.00686794685714287
-0.006183888285714256
-0.005499829714285698
-0.004815771142857139
-0.004131712571428581
-0.003447654000000022
-0.002763595428571408
-0.0020795368571428496
-0.0013954782857142911
-0.0007114197142857326
-2.7361142857118548e-05
0.00065669742857144
0.0013407559999999985
-0.0002553773333333065
-0.001851510666666667
-0.003447643999999972
-0.003447643999999972
0.0061291560000000245
0.01570595600000002
-0.008236053999999993
-0.008236053999999993
0.010917555999999995
0.01031900600000002
