0.0404141360000001
0.036061041454545584
0.031707946909090956
0.02735485236363644
0.023001757818181923
0.018648663272727406
0.014295568727272778
0.009942474181818262
0.005589379636363745
0.0012362850909092282
-0.0031168094545453995
-0.007469903999999916
-0.0002873039999998772
0.008491429333333467
0.011683696000000188
0.016472096000000103
0.02126049600000013
0.009289496000000175
-0.00268150399999989
-0.0018108858181816734
-0.0009402676363635676
-6.964945454535076e-05
0.0008009687272728661
0.0016715869090910829
0.0025422050909091887
0.0034128232727274055
0.004283441454545622
0.005154059636363839
0.006024677818181945
0.006895296000000162
0.011683696000000077
0.016472096000000103
0.011683696000000188
0.03083733600000016
0.006895296000000162
0.009289496000000175
-0.00268150399999989
-0.0010853706666665852
0.0005107626666668308
0.0021068960000001358
0.004501096000000149
0.011683696000000188
0.010486596000000126
0.009289496000000175
0.008092396000000224
0.006895296000000162
-0.012258303999999831
-0.0002873039999998772
0.011683696000000188
0.004501096000000149
-0.00268150399999989
-0.0014844039999998282
-0.0002873039999998772
0.0009097960000000738
0.0021068960000001358
0.004102062666666795
0.006097229333333454
0.008092396000000224
0.010087562666666883
0.012082729333333542
0.0140778960000002
0.016472096000000103
0.011683696000000188
0.0140778960000002
0.016472096000000103
0.016472096000000103
0.014875962666666798
0.013279829333333493
0.011683696000000188
0.013279829333333493
0.014875962666666798
0.016472096000000103
0.02365471600000013
0.03083733600000016
0.011683696000000188
0.011683696000000188
0.011683696000000188
0.011683696000000188
0.011683696000000188
0.016472096000000103
-0.007469903999999916
0.0021068960000001358
0.011683696000000188
-0.00268150399999989
5.472457142863263e-05
0.0027909531428572665
0.005527181714285789
0.008263410285714423
0.010999638857142946
0.01373586742857158
0.016472096000000103
0.0021068960000001358
0.016472096000000103
-0.00268150399999989
0.0021068960000001358
0.006895296000000162
0.011683696000000188
0.004501096000000149
-0.00268150399999989
0.0021068960000001358
0.006895296000000162
0.006895296000000162
0.004501096000000149
0.0021068960000001358
-0.0002873039999998772
-0.00268150399999989
0.0021068960000001358
0.006895296000000051
0.011683696000000077
0.0021068960000001358
0.009289496000000175
0.016472096000000103
0.011683696000000077
0.006895296000000162
0.009289496000000175
0.011683696000000188
0.009289496000000175
0.006895296000000162
0.006895296000000162
0.006895296000000162
0.006895296000000162
0.006895296000000162
0.010087562666666772
0.013279829333333493
0.016472096000000103
0.018866296000000116
0.02126049600000013
0.02126049600000013
0.02126049600000013
0.02126049600000013
0.011683696000000077
0.0021068960000001358
0.026048936000000134
0.016472116000000203
0.006895296000000162
0.007852976000000123
0.008810656000000194
0.009768336000000155
0.010726016000000227
0.011683696000000188
-0.00268150399999989
-0.0002873039999998772
0.0021068960000001358
0.018866316000000105
0.015275006000000091
0.011683696000000188
0.006895296000000162
0.0021068960000001358
0.0037030293333334408
0.005299162666666857
0.006895296000000162
0.011683696000000077
0.016472096000000103
0.0021068960000001358
0.006895296000000162
0.011683696000000188
-0.0002873039999998772
-0.012258303999999831
-0.002681503999999779
0.006895296000000162
0.006895296000000162
0.006895296000000162
0.006895296000000162
0.006895296000000162
0.006895296000000162
0.0140778960000002
0.00988804600000015
0.0056981960000001
0.0015083460000001603
-0.00268150399999989
-0.00268150399999989
-0.00268150399999989
-0.00268150399999989
0.006895306000000212
0.016472116000000203
0.0021068960000001358
0.006895296000000162
0.011683696000000188
0.018866316000000105
0.026048936000000134
0.023175888000000144
0.020302840000000155
0.017429792000000166
0.014556744000000177
0.011683696000000188
0.03083733600000016
0.02126052600000017
0.011683716000000177
0.002106906000000075
-0.007469903999999916
-0.00268150399999989
0.008092396000000113
0.018866296000000116
0.011683696000000188
0.0140778960000002
0.016472096000000103
0.008491429333333467
0.0005107626666667198
-0.007469903999999916
-0.0002873039999998772
0.006895296000000162
0.008810656000000194
0.010726016000000116
0.012641376000000148
0.01455673600000007
0.016472096000000103
0.006895296000000162
0.018866316000000105
0.020063406000000117
0.02126049600000013
0.006895296000000162
0.006895296000000162
0.006895296000000162
0.006895296000000162
0.006895296000000162
0.006895296000000162
0.009289496000000175
0.011683696000000188
0.0140778960000002
0.016472096000000103
0.018866296000000116
0.02126049600000013
0.004501096000000149
-0.00268150399999989
0.004501096000000149
0.011683696000000188
0.006895296000000162
0.006895296000000162
0.006895296000000162
0.006895296000000162
0.006895296000000162
0.0021068960000001358
-0.00268150399999989
-0.0010853706666665852
0.0005107626666668308
0.0021068960000001358
0.004022256000000168
0.00593761600000009
0.007852976000000123
0.009768336000000044
0.011683696000000077
0.011683696000000188
0.006895296000000162
0.004501096000000149
0.0021068960000001358
0.0021068960000001358
0.0021068960000001358
0.011683696000000077
0.02126049600000013
0.017669196000000165
0.0140778960000002
0.010486596000000126
0.006895296000000162
-0.012258303999999831
-0.00268150399999989
0.009289496000000175
0.02126049600000013
0.01806822933333352
0.014875962666666798
0.011683696000000188
0.026048936000000134
0.016472116000000203
0.006895296000000162
0.004501096000000149
0.0021068960000001358
0.011683709333333514
0.02126052266666678
0.03083733600000016
0.024851826000000132
0.018866316000000105
0.012880806000000189
0.006895296000000162
-0.002681503999999779
-0.002681503999999779
-0.00268150399999989
-0.00268150399999989
0.0005107626666668308
0.0037030293333334408
0.006895296000000162
0.0021068960000001358
-0.00268150399999989
0.0021068960000001358
0.006895296000000162
0.0037030293333334408
0.0005107626666668308
-0.00268150399999989
0.009289496000000175
0.02126049600000013
0.011683696000000188
0.012282246000000163
0.01288079600000025
0.013479346000000225
0.0140778960000002
0.008092396000000224
0.0021068960000001358
0.006895296000000162
0.011683696000000188
0.016472096000000103
0.02126049600000013
0.02126049600000013
0.02126049600000013
0.02126049600000013
0.02126049600000013
0.02126049600000013
0.02126049600000013
0.02126049600000013
-0.00268150399999989
0.02126049600000013
0.016472096000000103
0.021260516000000118
0.026048936000000134
0.009289516000000053
-0.007469903999999916
0.0021068960000001358
0.011683696000000188
0.004501096000000149
-0.00268150399999989
0.004501096000000149
0.011683696000000188
0.009289496000000175
0.006895296000000162
0.006895296000000162
0.006895296000000162
-0.005075703999999903
-0.017046703999999857
0.004501116000000138
0.026048936000000134
0.011683716000000177
-0.00268150399999989
0.0021068960000001358
0.006895296000000162
0.011683696000000188
0.006895296000000162
0.006211238857143031
0.0055271817142859
0.00484312457142877
0.004159067428571528
0.003475010285714397
0.0027909531428572665
0.0021068960000001358
0.007693362666666759
0.013279829333333493
0.018866296000000116
0.011683696000000188
0.026048936000000134
0.02764506933333344
0.029241202666666855
0.03083733600000016
0.006895316000000151
-0.017046703999999857
-0.0058737706666665
0.005299162666666746
0.016472096000000103
0.013279829333333493
0.010087562666666772
0.006895296000000051
0.0037030293333334408
0.0005107626666668308
-0.00268150399999989
0.016472096000000103
0.0140778960000002
0.010087576000000098
0.01567403600000017
0.02126049600000013
0.019892381714285867
0.018524267428571606
0.017156153142857344
0.015788038857142972
0.01441992457142871
0.013051810285714449
0.011683696000000188
0.0021068960000001358
0.045202536000000126
-0.012258303999999831
0.026048936000000134
0.021260516000000118
0.016472096000000103
0.009289496000000175
0.0021068960000001358
0.0021068960000001358
0.011683696000000077
0.02126049600000013
0.014556736000000181
0.007852976000000123
0.001149216000000175
-0.005554543999999884
-0.012258303999999831
0.0009097960000001848
0.0140778960000002
0.017669196000000165
0.02126049600000013
0.02126049600000013
0.011683696000000077
0.0021068960000001358
0.006895296000000162
0.011683696000000188
0.010087562666666883
0.008491429333333467
0.006895296000000162
0.008810656000000194
0.010726016000000116
0.012641376000000148
0.01455673600000007
0.016472096000000103
-0.012258303999999831
0.016472096000000103
0.0404141360000001
0.011683696000000188
0.004501096000000149
-0.00268150399999989
0.009289496000000175
0.02126049600000013
0.004501096000000149
-0.012258303999999831
-0.006272803999999854
-0.0002873039999998772
0.005698196000000211
0.011683696000000188
0.009289496000000175
0.006895296000000162
0.004501096000000149
0.0037030293333334408
0.0029049626666668438
0.0021068960000001358
0.016472096000000103
0.016472096000000103
0.0140778960000002
0.011683696000000188
0.011683696000000188
0.011683696000000188
0.004501096000000149
-0.00268150399999989
0.006895296000000051
0.016472096000000103
0.0140778960000002
0.011683696000000188
0.004501096000000149
-0.00268150399999989
0.0037030293333334408
0.010087562666666772
0.016472096000000103
0.035625736000000185
0.02700660800000021
0.018387480000000123
0.009768352000000147
0.0011492240000000598
-0.007469903999999916
0.0021068960000001358
0.0029049626666668438
0.0037030293333334408
0.004501096000000149
0.005299162666666857
0.006097229333333454
0.006895296000000162
0.011683696000000188
0.016472096000000103
0.02126049600000013
0.016472116000000203
0.009289516000000164
-0.007469903999999916
0.0021068960000001358
0.011683696000000077
0.02126049600000013
0.004501096000000149
-0.012258303999999831
-0.00687134899999986
-0.001484393999999889
0.003902561000000193
0.009289516000000164
0.011683696000000188
0.009555518222222448
0.007427340444444597
0.005299162666666857
0.0031709848888890058
0.0010428071111112658
-0.0010853706666665852
-0.003213548444444325
-0.005341726222222176
-0.007469903999999916
-0.0002873039999998772
0.006895296000000051
0.026048936000000134
0.011683696000000077
0.014875962666666798
0.018068229333333408
0.02126049600000013
-0.007469903999999916
0.01407791600000008
0.035625736000000185
-0.012258303999999831
-0.008153961142856936
-0.004049618285714152
5.472457142874365e-05
0.004159067428571528
0.008263410285714423
0.012367753142857207
0.016472096000000103
-0.0002873039999998772
-0.017046703999999857
-0.004277637333333195
0.008491429333333467
0.02126049600000013
-0.0002873039999998772
-0.021835103999999883
0.02126049600000013
0.012880796000000139
0.004501096000000149
0.006895296000000162
0.009289496000000175
0.011683696000000188
-0.0002873039999998772
-0.012258303999999831
0.0021068960000001358
0.016472096000000103
0.006895296000000162
-0.00268150399999989
-0.012258303999999831
-0.009211140363636239
-0.006163976727272535
-0.003116813090908943
-6.964945454535076e-05
0.0029775141818183526
0.006024677818181945
0.009071841454545648
0.01211900509090924
0.015166168727272833
0.018213332363636536
0.02126049600000013
0.006895316000000151
0.006895316000000151
0.011683716000000177
-0.00268150399999989
-0.0017238239999999294
-0.0007661439999998576
0.00019153600000010318
0.001149216000000175
0.0021068960000001358
0.0030645760000000966
0.004022256000000168
0.004979936000000129
0.005937616000000201
0.006895296000000162
0.018866316000000105
0.03083733600000016
-0.007469903999999916
0.009289496000000175
-0.002681503999999779
0.016472116000000203
0.035625736000000185
0.02964022600000016
0.02365471600000013
0.017669206000000104
0.011683696000000077
-0.012258303999999831
0.004501096000000149
0.02126049600000013
-0.00268150399999989
0.0021068960000001358
0.006895296000000162
0.010087562666666772
0.013279829333333493
0.016472096000000103
0.004501096000000149
-0.007469903999999916
-0.004809681777777741
-0.002149459555555455
0.0005107626666667198
0.0031709848888890058
0.005831207111111181
0.008491429333333467
0.011151651555555642
0.013811873777777928
0.016472096000000103
-0.007469903999999916
0.011683716000000177
0.018866316000000105
0.015275006000000091
0.011683696000000188
0.006895296000000162
0.008263410285714423
0.009631524571428685
0.010999638857142946
0.012367753142857318
0.01373586742857158
0.015103981714285841
0.016472096000000103
0.016472096000000103
0.010486596000000126
0.004501096000000149
0.0056981960000001
0.006895296000000162
0.0140778960000002
0.02126049600000013
0.009289496000000175
-0.00268150399999989
0.009289496000000175
0.02126049600000013
0.020063396000000178
0.018866296000000116
0.017669196000000054
0.016472096000000103
0.0021068960000001358
0.006895296000000162
0.011683696000000188
0.006895296000000162
0.009289496000000175
0.011683696000000188
0.006895296000000162
0.0021068960000001358
0.01407791600000008
0.026048936000000134
0.011683716000000177
-0.00268150399999989
-0.0002873039999998772
0.0021068960000001358
0.0039025460000001733
0.0056981960000001
0.007493846000000137
0.009289496000000175
0.011085146000000101
0.012880796000000139
0.014676446000000065
0.016472096000000103
0.0021068960000001358
0.0021068960000001358
0.011683696000000188
0.016472096000000103
0.006895296000000051
-0.00268150399999989
0.004501096000000149
0.011683696000000188
0.006895296000000162
0.0021068960000001358
-0.00268150399999989
0.016472096000000103
0.015993256000000122
0.015514416000000142
0.015035576000000161
0.014556736000000181
0.0140778960000002
