-0.02058989999999916
-0.02058989999999916
-0.02058989999999916
0.003352100000000746
0.008140100000000317
0.0017557666666672134
-0.004628566666667666
-0.01101290000000077
-0.01101290000000077
-0.01101290000000077
-0.011012899999998993
-0.011012899999998993
-0.011012899999998993
-0.011012899999998993
-0.01101290000000077
-0.01101290000000077
-0.01580189999999959
-0.01580189999999959
-0.01580189999999959
-0.01580189999999959
-0.012210399999998955
-0.008618900000000096
-0.0050274000000012364
-0.0014359000000006006
-0.0014359000000006006
0.00335209999999897
0.008140100000000317
0.006544100000001052
0.004948100000000011
0.003352100000000746
-0.0062248999999994226
-0.011013399999999507
-0.01580189999999959
-0.02537790000000051
-0.013406900000001443
-0.0014359000000006006
0.0009581000000000728
0.003352100000000746
0.0012238777777788812
-0.0009043444444429838
-0.003032566666666625
-0.00516078888888849
-0.007289011111110355
-0.00941723333333222
-0.011545455555555861
-0.013673677777777726
-0.01580189999999959
-0.01580189999999959
0.003352100000000746
-0.0014359000000006006
-0.0014363999999993382
-0.0014359000000006006
-0.008618900000000096
-0.01580189999999959
-0.017397899999998856
-0.018993899999999897
-0.02058989999999916
-0.02537790000000051
-0.021188150000000405
-0.016998400000000302
-0.012808650000000199
-0.008618900000000096
-0.006224566666666931
-0.0038302333333337657
-0.0014359000000006006
-0.03016689999999933
-0.01340740000000018
0.003352100000000746
0.008140599999999054
0.012929099999999139
0.011731849999998545
0.010534599999999728
0.00933735000000091
0.008140100000000317
-0.0062248999999994226
-0.01101290000000077
-0.01101290000000077
-0.01101290000000077
-0.01101290000000077
-0.01101290000000077
-0.015801399999999077
-0.02058989999999916
-0.01340740000000018
-0.0062248999999994226
-0.008618900000000096
-0.01101290000000077
-0.01340740000000018
-0.01580189999999959
-0.014205677777777481
-0.012609455555555371
-0.011013233333333261
-0.009417011111111151
-0.007820788888889041
-0.006224566666666931
-0.004628344444444821
-0.0030321222222227107
-0.0014359000000006006
0.0009581000000000728
0.003352100000000746
-0.02058989999999916
-0.008618900000000096
-0.02537790000000051
-0.018195400000001527
-0.01101290000000077
-0.01101290000000077
-0.01101290000000077
-0.01101290000000077
-0.01101290000000077
-0.01101290000000077
-0.0062248999999994226
-0.00462856666666589
-0.0030322333333341334
-0.0014359000000006006
-0.0038304000000000116
-0.00981615000000069
-0.01580189999999959
-0.01580189999999959
-0.01580189999999959
-0.011013399999999507
-0.0062248999999994226
-0.0062248999999994226
-0.0062248999999994226
-0.0062248999999994226
-0.0062248999999994226
-0.02058989999999916
-0.03016689999999933
-0.018195900000000265
-0.0062248999999994226
-0.011013399999999507
-0.01580189999999959
-0.008618900000000096
-0.0014359000000006006
-0.0062248999999994226
-0.0038304000000000116
-0.0014359000000006006
-0.006224400000000685
-0.01101290000000077
-0.012609233333334302
-0.014205566666666058
-0.01580189999999959
-0.018195900000000265
-0.02058989999999916
-0.019632299999999603
-0.018674700000000044
-0.01771709999999871
-0.01675949999999915
-0.01580189999999959
-0.018195900000000265
-0.02058989999999916
-0.0062248999999994226
0.008140100000000317
0.008140100000000317
0.006703700000000978
0.005267299999999864
0.0038309000000005256
0.002394499999999411
0.0009581000000000728
-0.015801399999999077
-0.01580149999999847
-0.015801599999999638
-0.01580169999999903
-0.0158018000000002
-0.01580189999999959
-0.01580189999999959
-0.016599899999999224
-0.017397899999998856
-0.018195900000000265
-0.018993899999999897
-0.01979189999999953
-0.02058989999999916
-0.0062248999999994226
-0.01101290000000077
-0.02537790000000051
-0.023781899999999467
-0.022185900000000203
-0.02058989999999916
-0.0014359000000006006
-0.0062248999999994226
-0.002120471428570525
0.001983957142856596
0.006088385714285494
0.010192814285714391
0.014297242857143289
0.01840167142857041
0.022506099999999307
0.015802299999998937
0.009098499999998566
0.002394699999999972
-0.004309100000000399
-0.01101290000000077
-0.008618900000000096
-0.0062248999999994226
-0.0062248999999994226
-0.011013233333333261
-0.015801566666665323
-0.02058989999999916
-0.01340740000000018
-0.0062248999999994226
-0.0014363999999993382
0.003352100000000746
-0.0062248999999994226
-0.0038304000000000116
-0.0014359000000006006
0.008140100000000317
-0.0062248999999994226
-0.0062248999999994226
-0.0062248999999994226
-0.0062248999999994226
-0.0062248999999994226
-0.0062248999999994226
-0.0014359000000006006
0.012929099999999139
0.020111599999999896
0.027294100000000654
0.008140100000000317
-0.0062248999999994226
-0.02058989999999916
-0.026974566666666533
-0.03335923333333213
-0.0397438999999995
-0.062089566666665874
-0.08443523333333403
-0.1067809000000004
0.06081310000000073
0.035274933333333536
0.009736766666666341
-0.015801399999999077
-0.04133956666666627
-0.06687773333333347
-0.09241590000000066
0.022506099999999307
-0.11156989999999922
-0.08283939999999923
-0.05410889999999924
-0.025378399999999246
0.003352100000000746
0.03208260000000074
0.06081310000000073
0.030167300000000452
-0.0004784999999998263
-0.031124300000000105
-0.06177010000000038
-0.09241590000000066
-0.0852333285714284
-0.07805075714285792
-0.07086818571428566
-0.06368561428571518
-0.056503042857142916
-0.04932047142857243
-0.04213790000000017
-0.008618900000000096
-0.08762740000000058
-0.025378399999999246
-0.04133956666666627
-0.0573007333333333
-0.07326190000000032
-0.05410889999999924
-0.0038304000000000116
-0.025378233333333
-0.046926066666667765
-0.06847390000000075
-0.04373389999999944
-0.018993899999999897
0.0057461000000014195
-0.0636858999999994
-0.07086840000000016
-0.07805089999999915
-0.07725273333333327
-0.07645456666666561
-0.07565639999999973
-0.07485823333333386
-0.0740600666666662
-0.07326190000000032
-0.008618900000000096
-0.018594733333333835
-0.028570566666665798
-0.03854639999999954
-0.048522233333333276
-0.05849806666666524
-0.06847389999999898
0.005746600000000157
-0.015801274999999393
-0.03734914999999894
-0.05889702500000027
-0.08044489999999982
-0.04513039999999968
-0.009815899999999544
0.025498600000000593
0.06081310000000073
0.010534933333333996
-0.03974323333333274
-0.09002139999999947
-0.11635790000000057
-0.018195900000000265
0.07996610000000004
-0.10199290000000083
-0.0940122333333342
-0.08603156666666578
-0.07805089999999915
-0.07326239999999906
-0.06847390000000075
-0.0038304000000000116
0.06081310000000073
0.03399809999999981
0.007183100000000664
-0.019631900000000257
-0.0464468999999994
-0.07326190000000032
-0.07805089999999915
-0.07189432857142819
-0.06573775714285723
-0.05958118571428628
-0.053424614285713545
-0.04726804285714259
-0.04111147142857163
-0.03495490000000068
0.05123610000000056
-0.08283890000000049
0.005746600000000157
-0.021786650000001018
-0.049319900000000416
-0.049319900000000416
-0.049319900000000416
-0.049319900000000416
-0.049319900000000416
-0.0014359000000006006
0.046448099999999215
-0.05410889999999924
-0.05650289999999991
-0.058896900000000585
-0.03495490000000068
-0.01101290000000077
0.012929099999999139
0.03687110000000082
0.011731850000000321
-0.01340740000000018
-0.038546649999998905
-0.0636858999999994
-0.044531900000000846
-0.02537790000000051
-0.006224400000000685
0.012929099999999139
0.06081310000000073
-0.03495490000000068
-0.03655123333333421
-0.038147566666665966
-0.0397438999999995
-0.04692639999999848
-0.05410889999999924
0.08475510000000064
0.025698099999999613
-0.033358899999999636
-0.09241590000000066
-0.08643040000000113
-0.0804449000000016
-0.07445940000000029
-0.06847390000000075
-0.07805089999999915
-0.0684740874999985
-0.05889727499999964
-0.04932046250000077
-0.03974365000000013
-0.030166837499999488
-0.020590025000000622
-0.011013212500001757
-0.0014364000000011146
-0.05410889999999924
0.015323100000001588
-0.07805089999999915
-0.07445952499999997
-0.07086814999999902
-0.06727677499999984
-0.06368539999999889
-0.06009402499999972
-0.05650265000000054
-0.05291127499999959
-0.049319900000000416
-0.10199290000000083
-0.05650315000000106
-0.011013400000001283
0.034476350000000267
0.07996610000000004
-0.09720390000000023
-0.09959839999999964
0.09912010000000038
0.056024600000000646
0.012929099999999139
-0.030166400000000593
-0.07326190000000032
-0.06607965000000071
-0.05889739999999932
0.017717349999999854
0.09433210000000081
-0.09720390000000023
-0.0397438999999995
-0.05650314999999928
-0.07326239999999906
-0.09002165000000062
-0.1067809000000004
-0.008618900000000096
0.08954310000000021
0.04884185000000052
0.008140599999999054
-0.032560650000000635
-0.07326190000000032
-0.044531900000000846
-0.05650289999999991
-0.06847390000000075
0.012929099999999139
0.00335209999999897
-0.0062248999999994226
-0.01580189999999959
-0.03016709999999989
-0.04453230000000019
-0.058897499999998715
-0.07326269999999901
-0.08762789999999931
0.008140599999999054
-0.02058989999999916
-0.04612790000000011
-0.07166589999999928
-0.09720390000000023
0.09433210000000081
0.056024850000000015
0.017717599999999223
-0.020589649999999793
-0.058896900000000585
-0.0477240666666674
-0.03655123333333421
-0.025378399999999246
-0.014205566666666058
-0.003032733333332871
0.008140100000000317
-0.0158015666666671
0.003352100000000746
-0.01306532857142706
-0.02948275714285664
-0.04590018571428445
-0.06231761428571403
-0.07873504285714183
-0.09515247142857142
-0.11156989999999922
0.03687110000000082
-0.0062248999999994226
0.017717100000000485
-0.049319900000000416
-0.011012899999998993
-0.0014362333333330923
0.008140433333334585
0.017717100000000485
0.012929099999999139
0.0001600999999986641
-0.012608900000000034
-0.02537790000000051
-0.028570233333333306
-0.03176256666666788
-0.03495490000000068
-0.03495490000000068
0.005746600000000157
0.046448099999999215
-0.058896900000000585
-0.03495490000000068
-0.01101290000000077
-0.015801399999999077
-0.02058989999999916
-0.009416899999999728
0.0017560999999997051
0.012929099999999139
-0.006224566666666931
-0.025378233333334776
-0.044531900000000846
0.008140100000000317
0.027294100000000654
0.003352100000000746
-0.02058989999999916
-0.021487712499999034
-0.022385524999998907
-0.02328333749999878
-0.024181149999998652
-0.0250789625000003
-0.025976775000000174
-0.026874587500000047
-0.02777239999999992
-0.011013399999999507
-0.01005569999999878
-0.009097999999999828
-0.008140299999999101
-0.00718260000000015
-0.0062248999999994226
-0.01340740000000018
-0.012609233333334302
-0.011811066666666648
-0.01101290000000077
-0.00023890000000115208
0.010535100000000241
-0.00023890000000115208
-0.01101290000000077
-0.01340740000000018
-0.01580189999999959
-0.018195900000000265
-0.02058989999999916
-0.02024789999999932
-0.019905899999999477
-0.019563899999999634
-0.019221899999999792
-0.01887989999999995
-0.018537900000000107
-0.018195900000000265
-0.02537790000000051
-0.028570233333333306
-0.03176256666666788
-0.03495490000000068
0.008140100000000317
-0.0014359000000006006
-0.0014359000000006006
-0.004628233333333398
-0.007820566666667972
-0.01101290000000077
-0.012609233333334302
-0.014205566666666058
-0.01580189999999959
-0.013886499999999913
-0.011971100000000234
-0.01005569999999878
-0.008140299999999101
-0.0062248999999994226
-0.02777239999999992
-0.02058989999999916
-0.02537790000000051
-0.018195400000001527
-0.01101290000000077
0.0009581000000000728
0.012929099999999139
0.007182900000000103
0.0014366999999992913
-0.004309499999999744
-0.010055700000000556
-0.01580189999999959
-0.01101290000000077
-0.01101290000000077
-0.01101290000000077
-0.015801399999999077
-0.02058989999999916
-0.015801399999999077
-0.01101290000000077
-0.01101290000000077
-0.01101290000000077
-0.01101290000000077
-0.01101290000000077
-0.01101290000000077
0.003352100000000746
-0.02058989999999916
-0.01819564999999912
-0.015801399999999077
-0.013407150000000811
-0.01101290000000077
-0.018195400000001527
-0.02537790000000051
-0.01101290000000077
-0.01580189999999959
-0.01580189999999959
-0.01340740000000018
-0.01101290000000077
-0.01460415000000026
-0.018195400000001527
-0.021786650000001018
-0.02537790000000051
-0.01580189999999959
-0.01580189999999959
-0.01580189999999959
-0.01580189999999959
-0.01580189999999959
-0.01101290000000077
-0.01580189999999959
0.003352100000000746
-0.0038304000000000116
-0.01101290000000077
-0.0038304000000000116
0.003352100000000746
-0.008618900000000096
