-0.02058985000000213
-0.0301668500000023
-0.03495585000000112
-0.030167350000001036
-0.025378850000000952
-0.013407850000001886
-0.0014368500000010442
-0.004629183333333842
-0.007821516666668415
-0.011013850000001213
-0.015801850000000783
-0.014205850000001519
-0.012609850000000478
-0.011013850000001213
-0.0014368500000010442
0.008140149999999124
0.006224749999999446
0.0043093499999997675
0.0023939499999983127
0.00047854999999863423
-0.0014368500000010442
-0.0014368500000010442
-0.006224850000002391
-0.015801850000000783
-0.01543350384615394
-0.015065157692308873
-0.014696811538462029
-0.014328465384616962
-0.013960119230770118
-0.013591773076923275
-0.013223426923078208
-0.012855080769231364
-0.01248673461538452
-0.012118388461539453
-0.01175004230769261
-0.011381696153847543
-0.011013350000000699
-0.008619350000001802
-0.011013516666668721
0.0033521499999977777
0.008140149999999124
0.008140149999999124
0.008140149999999124
-0.015801850000000783
-0.015801850000000783
-0.015801850000000783
-0.015801850000000783
-0.014844250000001225
-0.013886650000001666
-0.01292905000000033
-0.011971450000000772
-0.011013850000001213
-0.015801850000000783
-0.013407850000001886
-0.011013850000001213
-0.0014368500000010442
0.008140149999999124
0.008140149999999124
0.0009576499999983668
-0.006224850000002391
-0.020590350000000868
-0.03495585000000112
-0.033359683333333834
-0.03176351666666832
-0.030167350000001036
-0.02857118333333375
-0.02697501666666824
-0.025378850000000952
-0.020590350000000868
-0.020590183333334622
-0.020590016666668376
-0.02058985000000213
-0.014205516666669027
-0.007821183333334147
-0.0014368500000010442
-0.02058985000000213
-0.006224850000000615
0.008140149999999124
0.008140149999999124
0.008140149999999124
0.0045488999999978574
0.0009576499999983668
-0.002633600000001124
-0.006224850000002391
-0.0014365166666685525
0.003351816666665286
0.008140149999999124
-0.011013350000000699
-0.0205901000000015
-0.0301668500000023
-0.0301668500000023
-0.0301668500000023
-0.025378350000002214
-0.02058985000000213
-0.015801850000000783
-0.011013850000001213
-0.012210850000000661
-0.013407850000001886
-0.014604850000001335
-0.015801850000000783
-0.008619350000001802
-0.0014368500000010442
-0.0038311000000010864
-0.006225350000001129
-0.00861960000000117
-0.011013850000001213
-0.015801850000000783
-0.019222135714286992
-0.0226424214285732
-0.02606270714285941
-0.02948299285714384
-0.03290327857143005
-0.03632356428571626
-0.03974385000000247
-0.025378850000000952
-0.03495585000000112
-0.015801850000000783
-0.015801850000000783
-0.008619350000001802
-0.0014368500000010442
0.0057456499999997135
0.012928149999998695
0.0033521499999977777
0.005404292857139836
0.007456435714283671
0.00950857857142573
0.011560721428569565
0.013612864285711623
0.015665007142855458
0.017717149999997517
-0.015801850000000783
-0.011013850000001213
-0.006224850000002391
-0.015801850000000783
-0.0301668500000023
-0.006224850000002391
-0.005267250000002832
-0.004309650000001497
-0.003352050000001938
-0.002394450000000603
-0.0014368500000010442
-0.004629183333333842
-0.007821516666668415
-0.011013850000001213
-0.011013850000001213
-0.011013850000001213
-0.011013850000001213
-0.011013850000001213
-0.011013850000001213
-0.008619350000001802
-0.006224850000002391
-0.008619100000002433
-0.011013350000000699
-0.0038308500000017176
-0.007821183333334147
-0.011811516666668354
-0.015801850000000783
-0.025378850000000952
-0.013407850000001886
-0.0014368500000010442
-0.006225183333334883
-0.011013516666666945
-0.015801850000000783
-0.006224850000000615
0.0033521499999977777
-0.011013350000000699
-0.025378850000000952
-0.011013850000001213
-0.013407850000001886
-0.015801850000000783
-0.011013516666666945
-0.006225183333334883
-0.0014368500000010442
-0.02058985000000213
-0.006224850000002391
-0.009417183333335188
-0.012609516666667986
-0.015801850000000783
-0.009417183333335188
-0.003032516666667817
0.0033521499999977777
-0.003032516666667817
-0.009417183333335188
-0.015801850000000783
-0.013407600000000741
-0.011013350000000699
-0.008619100000002433
-0.006224850000002391
-0.013407350000003149
-0.02058985000000213
-0.015801850000000783
-0.011013850000001213
-0.0301668500000023
-0.018195850000003233
-0.006224850000002391
-0.009816100000001882
-0.013407350000003149
-0.01699860000000264
-0.02058985000000213
-0.015801600000001415
-0.011013350000000699
0.012928149999998695
-0.0038308500000017176
-0.009949405555557789
-0.016067961111112083
-0.022186516666668155
-0.028305072222224226
-0.03442362777777852
-0.04054218333333459
-0.04666073888889066
-0.05277929444444496
-0.05889785000000103
-0.02058985000000213
-0.018195850000003233
-0.01887992142857442
-0.019563992857145607
-0.020248064285716794
-0.02093213571428798
-0.021616207142859167
-0.022300278571430354
-0.02298435000000154
0.04644714999999877
0.027294149999997686
-0.06847385000000195
-0.05889785000000103
-0.03974418333333496
-0.020590516666667114
-0.0014368500000010442
0.03687064999999912
0.0751781499999975
0.05328829285713965
0.03139843571428358
0.00950857857142573
-0.012381278571430343
-0.03427113571428819
-0.056160992857144265
-0.07805085000000211
0.008140149999999124
0.0416591499999992
0.05602414999999894
0.07038914999999868
-0.03974385000000247
-0.014205850000001519
0.011332149999997654
0.0368701499999986
0.04485081666666524
0.052831483333331875
0.06081214999999851
0.06879281666666515
0.07677348333333178
0.08475414999999842
0.012928399999998064
-0.058897350000000515
0.07278364999999987
0.03208214999999903
-0.008619350000001802
-0.049320850000002636
-0.022984600000002686
0.0033516499999972638
0.02968789999999899
0.05602414999999894
0.13742714999999883
-0.07805085000000211
-0.06847418333333444
-0.05889751666666854
-0.04932085000000086
-0.0038308500000017176
0.0416591499999992
0.03495534999999883
0.02825154999999846
0.021547749999999866
0.014843949999999495
0.008140149999999124
-0.08283985000000094
0.0751781499999975
0.10151414999999808
0.12785014999999866
0.0440531499999981
-0.03974385000000247
-0.0509168500000019
-0.062089850000001334
-0.07326285000000077
-0.014205850000001519
0.04485114999999951
0.10390814999999876
0.0751781499999975
-0.06368585000000238
-0.05331101666666882
-0.042936183333335265
-0.03256135000000171
-0.022186516666668155
-0.0118116833333346
-0.0014368500000010442
0.014125399999999289
0.029687649999997845
-0.00802097500000265
-0.045729600000003146
-0.08343822500000186
-0.12114685000000236
0.13263814999999823
0.06081214999999851
0.04485081666666524
0.028889483333331967
0.012928149999998695
-0.1355118500000021
-0.013407850000001886
0.10869614999999833
0.07038914999999868
0.03208214999999903
0.027293649999998948
0.022505149999998864
-0.05171485000000153
-0.12593485000000193
-0.09002185000000118
-0.05410885000000221
-0.018195850000003233
0.017717149999997517
0.02410148333333062
0.0304858166666655
0.0368701499999986
-0.030167350000001036
-0.09720485000000245
-0.05889785000000103
-0.03256135000000171
-0.006224850000002391
0.05363014999999827
0.11348514999999892
-0.10199285000000202
-0.10518518333333482
-0.1083775166666694
-0.11156985000000219
-0.11476218333333499
-0.11795451666666956
-0.12114685000000236
0.029687649999997845
-0.04812360000000204
-0.12593485000000193
-0.12114635000000185
-0.11635785000000176
-0.12354085000000303
-0.13072385000000253
-0.017398183333336092
0.09592748333333212
0.20925314999999856
-0.10678185000000084
-0.10295105000000149
-0.09912025000000213
-0.095289450000001
-0.09145865000000164
-0.08762785000000228
-0.10319010000000262
-0.11875235000000295
-0.1343146000000015
-0.14987685000000184
0.18531114999999865
-0.17381885000000175
-0.10438735000000143
-0.03495585000000112
0.010534649999998535
-0.07206560000000195
-0.15466585000000244
-0.1271323500000019
-0.09959885000000135
-0.07206535000000258
-0.04453185000000204
-0.17860785000000234
0.020110899999997045
0.2188296499999982
-0.14029985000000167
-0.0636858500000006
0.012928149999998695
-0.0900223500000017
-0.19297285000000208
-0.0038308500000017176
0.18531114999999865
-0.14508885000000227
-0.05650335000000162
0.03208214999999903
-0.0509168500000019
-0.13391585000000106
-0.216914850000002
-0.11994960000000177
-0.02298435000000154
0.07398089999999868
0.1709461499999989
0.08635081666666622
0.0017554833333317532
-0.08283985000000094
0.07038914999999868
-0.19297285000000208
-0.07007051666666797
0.052831816666664366
0.17573414999999848
0.1541863166666655
0.1326384833333325
0.11109064999999951
0.08954281666666475
0.06799498333333176
0.04644714999999877
0.024899316666665783
0.0033514833333327942
-0.01819635000000197
-0.03974418333333496
-0.06129201666666795
-0.08283985000000094
-0.08523385000000161
0.1709461499999989
-0.03495585000000112
-0.20733785000000182
0.04884164999999818
0.017717149999997517
0.001983792857140898
-0.013749564285717497
-0.029482921428574116
-0.045216278571430735
-0.060949635714287353
-0.07668299285714575
-0.09241635000000237
-0.10814970714285899
-0.12388306428571738
-0.139616421428574
-0.15534977857143062
-0.17108313571428724
-0.18681649285714563
-0.20254985000000225
-0.08443585000000198
0.0336781499999983
0.15179214999999857
0.10390814999999876
0.05602414999999894
0.008140149999997348
-0.03974385000000247
-0.08762785000000228
-0.042137850000001364
0.0033521499999977777
-0.09959885000000135
-0.20254985000000225
0.147004149999999
0.02968814999999836
-0.08762785000000228
-0.09241635000000237
0.04165864999999869
-0.11635785000000176
0.03447614999999793
-0.03974385000000247
-0.020590350000000868
-0.0409409750000016
-0.06129160000000233
-0.08164222500000129
-0.10199285000000202
-0.06847435000000068
-0.03495585000000112
-0.16903085000000218
-0.11157001666666844
-0.0541091833333347
0.0033516499999972638
0.060812483333331
0.11827331666666474
0.17573414999999848
-0.08523385000000161
-0.16903085000000218
-0.08762810000000165
-0.006225350000002905
0.07517739999999762
0.15658014999999814
-0.09481035000000126
-0.10618272500000181
-0.11755510000000235
-0.12892747500000112
-0.14029985000000167
0.19009914999999822
0.03687064999999912
-0.11635785000000176
-0.0852333500000011
-0.05410885000000221
-0.09241585000000185
-0.009417183333335188
0.07358148333333148
0.15658014999999814
0.012928149999998695
-0.13072385000000253
-0.05410885000000221
-0.05770022500000138
-0.06129160000000233
-0.06488297500000151
-0.06847435000000068
-0.07206572500000163
-0.07565710000000081
-0.07924847500000176
-0.08283985000000094
0.147004149999999
-0.159453850000002
-0.0301668500000023
-0.0014368500000010442
0.0368701499999986
-0.007821516666668415
-0.052513183333335434
-0.09720485000000245
-0.03974385000000247
0.017717149999997517
0.01628064999999701
0.01484414999999828
0.013407649999997773
0.011971149999997266
0.010534649999998535
0.009098149999998029
0.007661649999997522
0.006225149999997015
0.0047886499999982846
0.0033521499999977777
-0.10678185000000084
-0.06967160000000128
-0.03256135000000171
0.06560114999999911
0.03687064999999912
0.008140149999999124
-0.020590350000000868
-0.04932085000000086
-0.07805135000000085
-0.10678185000000084
0.012928149999998695
-0.025378850000000952
0.06560114999999911
-0.12114685000000236
-0.03974385000000247
0.08954314999999902
0.009736483333332657
-0.07007018333333548
-0.14987685000000184
0.04644714999999877
0.029089274999998693
0.011731399999998615
-0.005626475000001463
-0.02298435000000154
-0.04034222500000162
-0.0577001000000017
-0.07505797500000178
-0.09241585000000185
-0.0014368500000010442
0.04644714999999877
-0.04692635000000145
-0.043933641666667356
-0.04094093333333504
-0.037948225000000946
-0.03495551666666863
-0.031962808333334536
-0.028970100000000443
-0.025977391666668126
-0.022984683333334033
-0.019991975000001716
-0.016999266666667623
-0.014006558333335306
-0.011013850000001213
-0.03335951666666759
-0.025378350000002214
0.08954314999999902
-0.13072385000000253
-0.03495585000000112
0.06081214999999851
0.003351483333331018
-0.0541091833333347
-0.11156985000000219
-0.0541091833333347
0.003351483333331018
0.06081214999999851
-0.11156985000000219
0.017717149999997517
-0.027772850000001625
-0.07326285000000077
-0.03974385000000247
-0.006224850000002391
-0.027772850000001625
-0.04932085000000086
-0.01819635000000197
0.012928149999998695
0.0033516499999972638
-0.006224850000002391
-0.017397850000001824
-0.028570850000003034
-0.03974385000000247
-0.022984350000003317
-0.006224850000002391
-0.022984350000003317
-0.03974385000000247
-0.0014368500000010442
-0.0421383500000001
-0.08283985000000094
-0.04932085000000086
-0.015801850000000783
-0.027772850000001625
-0.03974385000000247
-0.013407850000001886
0.012928149999998695
0.0009571499999996291
-0.011013850000001213
-0.022984850000002055
-0.03495585000000112
-0.006224850000002391
-0.013407350000003149
-0.02058985000000213
-0.02058985000000213
-0.02058985000000213
-0.02058985000000213
-0.02058985000000213
-0.02058985000000213
-0.02058985000000213
-0.03974385000000247
-0.015801850000000783
-0.015801850000000783
-0.02058985000000213
-0.02537851666666846
-0.03016718333333479
-0.03495585000000112
-0.028970100000000443
-0.02298435000000154
-0.024979600000001767
-0.026974850000001993
-0.028970100000000443
-0.03096535000000067
-0.032960600000000895
-0.03495585000000112
-0.0301668500000023
-0.0301668500000023
-0.0205901000000015
-0.011013350000000699
-0.0014366000000016754
0.008140149999999124
-0.0038308500000017176
-0.015801850000000783
-0.015801850000000783
-0.020590350000000868
-0.021188912500001322
-0.021787475000001777
-0.022386037500000455
-0.02298460000000091
-0.023583162500001364
-0.024181725000000043
-0.024780287500000497
-0.025378850000000952
-0.03016718333333479
-0.03495551666666863
-0.03974385000000247
-0.033359183333335096
-0.0269745166666695
-0.02058985000000213
-0.021388016666669785
-0.022186183333335663
-0.022984350000003317
-0.008619350000001802
-0.02298435000000154
-0.02058985000000213
-0.022186183333335663
-0.02378251666666742
-0.025378850000000952
-0.011013850000001213
-0.01819635000000197
-0.025378850000000952
-0.030167350000001036
-0.03495585000000112
-0.02857118333333375
-0.022186516666668155
-0.015801850000000783
-0.011013850000001213
-0.01819635000000197
-0.025378850000000952
-0.022505850000001715
-0.0196328500000007
-0.016759850000001464
-0.01388685000000045
-0.011013850000001213
-0.02298435000000154
-0.021787100000002724
-0.02058985000000213
-0.0301668500000023
-0.03974385000000247
-0.03974385000000247
-0.03974385000000247
-0.03974385000000247
-0.03495551666666863
-0.03016718333333479
-0.025378850000000952
-0.0301668500000023
-0.015801850000000783
-0.011013350000000699
-0.006224850000002391
