-0.029208849999999842
-0.02601668333333329
-0.02282451666666674
-0.01963234999999841
-0.01644018333333186
-0.013248016666665308
-0.010055849999998756
-0.029208849999999842
-0.010055849999998756
-0.014843850000000103
-0.019632849999998925
-0.03160384999999977
-0.04357484999999883
-0.029208849999999842
-0.026016849999999536
-0.02282484999999923
-0.019632849999998925
-0.02282484999999923
-0.026016849999999536
-0.029208849999999842
-0.02681484999999917
-0.024420849999998495
-0.033997849999998664
-0.03160334999999925
-0.029208849999999842
-0.014843850000000103
-0.01963218333333394
-0.024420516666666003
-0.029208849999999842
-0.029208849999999842
-0.026016849999999536
-0.02282484999999923
-0.019632849999998925
-0.022505849999998162
-0.025378849999999176
-0.028251849999998413
-0.031124849999999427
-0.033997849999998664
-0.029208849999999842
-0.029208849999999842
-0.030805183333333375
-0.03240151666666513
-0.033997849999998664
-0.032082449999998985
-0.030167049999999307
-0.028251649999997852
-0.026336249999998174
-0.024420849999998495
-0.024420849999998495
-0.010055849999998756
-0.024420849999998495
-0.00047884999999858735
-0.004070099999999854
-0.007661349999999345
-0.011252599999998836
-0.014843850000000103
-0.033997849999998664
-0.02920934999999858
-0.024420849999998495
-0.033997849999998664
-0.03240151666666513
-0.030805183333333375
-0.029208849999999842
-0.019632849999998925
-0.026815349999999682
-0.033997849999998664
-0.030007516666664458
-0.026017183333332028
-0.022026849999999598
-0.018036516666665392
-0.014046183333331186
-0.010055849999998756
-0.01484434999999884
-0.019632849999998925
-0.022026849999999598
-0.019632849999998925
-0.022026849999999598
-0.024420849999998495
-0.017238349999999514
-0.010055849999998756
-0.010055849999998756
-0.010055849999998756
-0.010055849999998756
-0.011252849999998205
-0.01244984999999943
-0.013646850000000654
-0.014843850000000103
-0.010055849999998756
-0.029208849999999842
-0.024420849999998495
-0.02681484999999917
-0.029208849999999842
-0.026016849999999536
-0.02282484999999923
-0.019632849999998925
-0.007661849999998083
0.004309150000000983
-0.024420849999998495
-0.021228516666665698
-0.0180361833333329
-0.014843850000000103
-0.029208849999999842
-0.02537824999999927
-0.021547649999998697
-0.0177170499999999
-0.013886449999999328
-0.010055849999998756
-0.026815349999999682
-0.04357484999999883
-0.04357484999999883
-0.029208849999999842
-0.02202635000000086
-0.014843850000000103
-0.01244984999999943
-0.010055849999998756
-0.017238349999999514
-0.024420849999998495
-0.01244984999999943
-0.00047884999999858735
-0.004070099999998078
-0.007661349999999345
-0.011252599999998836
-0.014843849999998326
-0.018435099999999593
-0.022026349999999084
-0.02561760000000035
-0.029208849999999842
-0.014843850000000103
-0.029208849999999842
-0.02920934999999858
-0.029208849999999842
-0.033997849999998664
-0.03100509999999801
-0.02801234999999913
-0.025019599999998476
-0.022026849999999598
-0.019034099999998944
-0.01604134999999829
-0.01304859999999941
-0.010055849999998756
0.004309150000000983
-0.01963218333333394
-0.02442073888888885
-0.029209294444443756
-0.033997849999998664
-0.03878585000000001
-0.04118034999999942
-0.04357484999999883
-0.040701649999999034
-0.037828449999999236
-0.03495524999999944
-0.03208204999999964
-0.029208849999999842
-0.014843850000000103
-0.014843850000000103
-0.014843850000000103
-0.010055849999998756
-0.024420849999998495
-0.017238349999999514
-0.010055849999998756
-0.024420849999998495
-0.03878585000000001
-0.024420849999998495
-0.03160334999999925
-0.03878585000000001
-0.03280035000000048
-0.026814850000000945
-0.020829349999999636
-0.014843850000000103
-0.014843850000000103
-0.014843850000000103
-0.014843850000000103
0.009098149999999805
-0.005267183333332426
-0.019632516666666433
-0.033997849999998664
-0.04118034999999942
-0.04836285000000018
-0.043574350000000095
-0.03878585000000001
-0.030805183333333375
-0.02282451666666674
-0.014843850000000103
-0.03639184999999934
-0.05793984999999857
-0.05973547499999832
-0.06153109999999984
-0.06332672499999958
-0.06512234999999933
-0.005266849999999934
-0.03878585000000001
-0.011651516666667305
0.015482816666667176
0.04261714999999988
0.018675149999999974
-0.005266849999999934
-0.014843849999998326
-0.024420849999998495
0.00670365000000217
0.03782815000000106
0.03714407857142987
0.036460007142858686
0.0357759357142875
0.035091864285714536
0.03440779285714335
0.03372372142857216
0.033039650000000975
-0.060333849999999245
-0.024420849999998495
-0.02561784999999972
-0.02681484999999917
-0.028011849999998617
-0.029208849999999842
-0.04836285000000018
-0.10582385000000016
-0.11540060000000096
-0.12497734999999999
-0.134554099999999
-0.1441308499999998
0.009098149999999805
-0.12497684999999947
-0.04117984999999891
0.04261714999999988
-0.06751635
-0.1776498499999999
-0.060333849999999245
0.0569821500000014
-0.00047884999999858735
-0.05793984999999857
0.0011171500000006773
0.0601741500000017
0.11923115000000095
0.08690940000000147
0.054587650000001986
0.022265900000000727
-0.010055849999998756
0.009098149999999805
0.02346315000000132
0.03782815000000106
0.1335961500000007
0.0569821500000014
0.03942448333333459
0.021866816666667788
0.004309150000000983
0.02825115000000089
0.030645650000000302
0.03304015000000149
0.031443816666667956
0.029847483333334424
0.02825115000000089
0.013886150000001152
-0.0004788500000003637
-0.014843850000000103
-0.029208849999999842
-0.04357484999999883
-0.05793984999999857
0.013886150000001152
-0.003671183333333161
-0.021228516666665698
-0.03878585000000001
-0.06272784999999992
-0.06614813571428613
-0.06956842142857056
-0.07298870714285677
-0.07640899285714298
-0.07982927857142919
-0.08324956428571362
-0.08666984999999983
-0.005266849999999934
-0.015641849999999735
-0.026016849999999536
-0.03639184999999934
-0.04676684999999914
-0.05714184999999894
-0.06751684999999874
-0.07230485000000009
-0.10582385000000016
-0.03878585000000001
-0.10582385000000016
-0.05793984999999857
-0.10103484999999957
-0.00047884999999858735
-0.1441308499999998
-0.1201888499999999
-0.09624685
-0.07230484999999831
-0.0483628499999984
-0.024420849999998495
-0.14891884999999938
-0.1292332944444432
-0.1095477388888888
-0.08986218333333262
-0.07017662777777645
-0.050491072222222044
-0.030805516666665866
-0.011119961111109689
0.008565594444444713
0.02825115000000089
-0.16807284999999972
-0.014843850000000103
-0.14891884999999938
0.0569821500000014
-0.15849584999999955
-0.05315084999999975
-0.010055850000000532
-0.05315151666666651
-0.09624718333333426
-0.13934285000000024
-0.03878585000000001
-0.050756849999999076
-0.06272784999999992
0.0569821500000014
-0.0180361833333329
-0.09305451666666542
-0.16807284999999972
-0.1237800999999994
-0.07948735000000084
-0.03519460000000052
0.009098149999999805
-0.04357484999999883
0.013886150000001152
-0.060333849999999245
-0.13455384999999964
-0.09305434999999918
-0.05155484999999871
-0.010055349999998242
0.03144415000000045
0.07294365000000091
0.11444315000000138
0.004309150000000983
-0.01484434999999884
-0.005267474999998356
0.004309400000000352
0.013886275000000836
0.02346315000000132
0.02346315000000132
0.02346315000000132
-0.08666984999999983
-0.04596860000000014
-0.005267350000000448
-0.011423849999999902
-0.017580350000001133
-0.023736850000000587
-0.02989335000000004
-0.036049849999999495
-0.042206350000000725
-0.04836285000000018
-0.13455384999999964
0.07134715000000114
-0.08188184999999848
-0.06592051666666521
-0.049959183333331936
-0.033997849999998664
-0.03160359999999862
-0.02920934999999858
-0.026815099999998537
-0.024420849999998495
0.018674650000001236
0.06177015000000097
0.012689149999999927
-0.03639184999999934
-0.0854728499999986
-0.13455384999999964
-0.022026349999999084
0.09050115000000147
0.018675149999999974
-0.024420849999998495
-0.01244984999999943
-0.00047884999999858735
0.011492150000002255
0.02346315000000132
-0.006863516666665959
-0.03719018333333146
-0.06751684999999874
-0.01484434999999884
-0.049959183333331936
-0.08507401666666681
-0.1201888499999999
0.016280650000000563
0.07134715000000114
0.051595025000001016
0.031842900000000895
0.012090775000000775
-0.007661349999999345
-0.027413474999999465
-0.047165599999999586
-0.0669177249999997
-0.08666984999999983
0.011492150000000478
-0.056742350000000386
-0.12497684999999947
-0.00047884999999858735
-0.07230485000000009
-0.060333849999999245
-0.04836285000000018
0.004309150000000983
0.007661050000001168
0.011012950000001354
0.014364850000001539
0.017716750000001724
0.021068650000000133
0.02442055000000032
0.027772450000000504
0.03112435000000069
0.034476250000000874
0.03782815000000106
-0.10582385000000016
0.004309150000000983
-0.0014368499999992679
-0.007182849999999519
-0.012928849999997993
-0.018674849999998244
-0.024420849999998495
-0.04836285000000018
-0.006863516666665959
0.02825115000000089
-0.005267599999999817
-0.03878634999999875
-0.07230509999999946
-0.10582385000000016
0.0521931500000008
-0.11061184999999973
-0.10342934999999898
-0.09624685
-0.050756849999999076
-0.005266849999999934
-0.043574350000000095
-0.08188184999999848
-0.05793984999999857
-0.033997849999998664
-0.010055849999998756
-0.0004790166666648332
0.009097816666667313
0.018674650000001236
-0.02920909999999921
-0.07709284999999966
-0.04716535000000022
-0.017237850000000776
0.01268965000000044
0.04261714999999988
-0.08188184999999848
-0.06751651666666625
-0.05315118333333224
-0.03878585000000001
0.03304015000000149
-0.13455384999999964
-0.10422734999999861
-0.07390084999999935
-0.043574350000000095
-0.013247849999999062
0.01707865000000197
0.04740515000000123
-0.014843850000000103
-0.05793984999999857
-0.024420849999998495
0.02346315000000132
0.004309483333335251
-0.014844183333332595
-0.033997849999998664
-0.01244984999999943
0.009098149999999805
-0.024420599999999126
-0.057939349999999834
-0.09145810000000054
-0.12497684999999947
0.04740515000000123
0.01747765000000001
-0.01244984999999943
-0.04237734999999887
-0.07230485000000009
-0.05793984999999857
-0.007661349999999345
0.04261714999999988
-0.024420849999998495
-0.019632849999998925
0.001915150000002086
0.02346315000000132
0.01029515000000103
-0.0028728499999992607
-0.01604084999999955
-0.029208849999999842
-0.03486794090909129
-0.04052703181818096
-0.046186122727272405
-0.05184521363636385
-0.05750430454545352
-0.06316339545454497
-0.06882248636363464
-0.07448157727272608
-0.08014066818181753
-0.0857997590909072
-0.09145884999999865
0.04740515000000123
-0.004070099999999854
-0.05554534999999916
0.02825115000000089
-0.06272784999999992
0.009098149999999805
-0.005266849999999934
-0.06272784999999992
-0.014843850000000103
-0.019632849999998925
-0.023463449999999497
-0.02729405000000007
-0.031124649999998866
-0.03495524999999944
-0.03878585000000001
-0.019632849999998925
-0.019632849999998925
-0.029208849999999842
-0.024420849999998495
-0.02920934999999858
-0.033997849999998664
-0.03280059999999807
-0.03160334999999925
-0.030406100000000436
-0.029208849999999842
-0.027293649999998948
-0.02537844999999983
-0.023463249999998936
-0.02154804999999982
-0.019632849999998925
-0.010055849999998756
-0.01244984999999943
-0.024420849999998495
-0.03240151666666513
-0.04038218333333354
-0.04836285000000018
-0.04357451666666634
-0.0387861833333325
-0.033997849999998664
-0.031124849999999427
-0.028251849999998413
-0.025378849999999176
-0.022505849999998162
-0.019632849999998925
-0.02122884999999819
-0.02282484999999923
-0.024420849999998495
-0.010055350000000018
-0.014843850000000103
-0.01244984999999943
-0.010055849999998756
-0.024420849999998495
-0.02920934999999858
-0.033997849999998664
-0.02920934999999858
-0.024420849999998495
-0.021228516666665698
-0.0180361833333329
-0.014843850000000103
-0.024420849999998495
-0.022026849999999598
-0.019632849999998925
-0.024420849999998495
-0.029208849999999842
-0.014843850000000103
-0.014843850000000103
-0.014843850000000103
-0.017238100000000145
-0.01963234999999841
-0.022026599999998453
-0.024420849999998495
0.009098149999999805
