0.01723828000000016
0.01723828000000016
0.012449880000000135
0.00766144000000013
0.00659735111111126
0.00553326222222239
0.00446917333333352
0.0034050844444446504
0.0023409955555556694
0.0012769066666667994
0.00021281777777792943
-0.0008512711111109406
-0.0019153599999998105
0.010055660000000133
0.00766146000000012
0.005267250000000168
0.0028730400000001044
0.0036711133333334756
0.004469186666666736
0.005267260000000107
0.006464350000000119
0.00766144000000013
0.00766144000000013
0.00766144000000013
0.005267240000000117
0.0028730400000001044
0.00047884000000020244
-0.0019153599999998105
-0.0043095599999998235
-0.0067037599999998365
-0.0019153599999998105
-0.0067037599999998365
-0.0067037599999998365
0.00047884000000020244
0.00766144000000013
-0.0067037599999998365
-0.0019153599999998105
0.0028730400000001044
0.00766144000000013
-0.0067037599999998365
0.00047884000000020244
0.00766144000000013
0.00766144000000013
0.00766144000000013
0.00766144000000013
0.00766144000000013
-0.0019153599999998105
0.0028730400000001044
0.00766144000000013
-0.0067037599999998365
-0.0043095599999998235
-0.0019153599999998105
0.00047884000000020244
0.0028730400000001044
0.004469173333333409
0.006065306666666825
0.00766144000000013
0.0028730400000001044
-0.0019153599999998105
0.0028730533333335417
0.007661466666666783
0.012449880000000135
0.00766146000000012
0.0028730400000001044
0.00766144000000013
0.012449860000000146
0.01723828000000016
0.010055660000000133
0.0028730400000001044
0.00766144000000013
0.012449853333333483
0.017238266666666835
0.022026680000000187
0.00766144000000013
0.00766144000000013
0.00766144000000013
0.00766144000000013
0.00766144000000013
0.00766144000000013
0.00766144000000013
0.00766144000000013
0.00766144000000013
0.01723828000000016
0.011492192000000179
0.005746104000000196
1.600000010260061e-08
-0.00574607199999988
-0.011492159999999862
0.002873060000000205
0.01723828000000016
0.0028730400000001044
-0.0019153599999998105
-0.011492159999999862
-0.0019153599999998105
-0.0019153599999998105
0.012449880000000135
-0.0019153599999998105
0.0028730400000001044
0.007661453333333457
0.012449866666666809
0.01723828000000016
0.015186102857143058
0.013133925714285843
0.01108174857142874
0.009029571428571526
0.006977394285714422
0.004925217142857208
0.0028730400000001044
0.00766144000000013
0.012449880000000135
-0.0067037599999998365
-0.0019153599999998105
0.0028730400000001044
-0.011492159999999862
-0.011492159999999862
-0.011492159999999862
-0.011492159999999862
-0.011492159999999862
0.022026680000000187
-0.0019153599999998105
0.005267260000000107
0.012449880000000135
0.007661466666666783
0.0028730533333335417
-0.0019153599999998105
-0.0019153599999998105
-0.0019153599999998105
-0.0019153599999998105
-0.0019153599999998105
-0.0019153599999998105
-0.0019153599999998105
-0.0019153599999998105
-0.0067037599999998365
-0.0043095599999998235
-0.0019153599999998105
0.00047884000000020244
-0.011492159999999862
-0.0019153599999998105
0.00766144000000013
0.005267240000000117
0.0028730400000001044
0.005267250000000168
0.00766146000000012
0.010055670000000072
0.012449880000000135
0.01723828000000016
0.014844070000000098
0.012449860000000146
0.010055650000000194
0.00766144000000013
0.012449880000000135
-0.0067037599999998365
-0.0019153599999998105
0.0028730400000001044
0.00766144000000013
0.0028730400000001044
0.00766144000000013
0.008459513333333502
0.009257586666666762
0.010055660000000133
0.010853733333333504
0.011651806666666764
0.012449880000000135
0.00766144000000013
-0.01628055999999989
0.00766144000000013
0.00766144000000013
0.00766144000000013
0.00766144000000013
0.00766144000000013
0.00766144000000013
0.00766144000000013
0.00766144000000013
0.00766144000000013
0.00766144000000013
0.00766144000000013
0.012449880000000135
0.011252770000000134
0.010055660000000133
-0.0019153599999998105
0.012449880000000135
0.00766144000000013
0.00766144000000013
0.00766144000000013
0.00766144000000013
0.00766144000000013
0.00766144000000013
0.005267240000000117
0.0028730400000001044
0.022026680000000187
-0.0067037599999998365
-0.0019153599999998105
-0.00031922666666650557
0.0012769066666667994
0.0028730400000001044
0.005267240000000117
0.00766144000000013
0.01723828000000016
0.007661460000000231
-0.0019153599999998105
0.0012769066666667994
0.00446917333333352
0.00766144000000013
-0.0019153599999998105
-0.0031124599999998726
-0.0043095599999998235
-0.0055066599999997745
-0.0067037599999998365
-0.0028730319999998866
0.0009576960000001744
0.004788424000000124
0.008619152000000185
0.012449880000000135
0.0028730400000001044
0.012449880000000135
-0.0067037599999998365
0.005267260000000107
0.01723828000000016
0.0004788600000000809
0.004070150000000106
0.00766144000000013
0.006065306666666825
0.004469173333333409
0.0028730400000001044
0.005267245000000087
0.00766145000000007
0.010055655000000163
0.012449860000000146
0.014844065000000128
0.017238270000000222
0.019632475000000205
0.022026680000000187
0.010055660000000133
0.010055660000000133
0.012449880000000135
0.012449880000000135
0.012449880000000135
0.012449880000000135
-0.0067037599999998365
-0.0031124599999998726
0.00047884000000020244
0.004070140000000166
0.00766144000000013
-0.0019153599999998105
-0.008299893333333141
-0.014684426666666583
-0.021068959999999914
-0.010295049999999861
0.0004788600000000809
0.011252770000000134
0.022026680000000187
-0.0067037599999998365
0.010055660000000133
-0.015083449999999887
-0.04022255999999991
-0.006703739999999847
0.026815080000000102
0.010853733333333393
-0.005107613333333205
-0.021068959999999914
-0.011492159999999862
-0.0019153599999998105
0.0028730466666668786
0.007661453333333457
0.012449860000000146
0.017238266666666835
0.022026673333333413
0.026815080000000102
-0.03543415999999988
0.06033384000000008
-0.01628055999999989
-0.0019153599999998105
0.0004788466666668656
0.0028730533333335417
0.005267260000000107
0.007661466666666783
0.01005567333333346
0.012449880000000135
0.002873066666666757
-0.00670374666666651
-0.01628055999999989
0.00766144000000013
-0.0067037599999998365
0.00766144000000013
0.01723828000000016
-0.011492139999999873
-0.04022255999999991
-0.03285578846153836
-0.025489016923076813
-0.018122245384615265
-0.010755473846153718
-0.0033887023076921707
0.003978069230769377
0.011344840769230813
0.01871161230769236
0.026078383846153907
0.033445155384615455
0.040811926923077
0.04817869846153855
0.0555454700000001
-0.03543415999999988
0.005267260000000107
-0.001915339999999821
0.005267260000000107
0.004469186666666736
0.0036711133333334756
0.0028730400000001044
0.0028730400000001044
-0.0035114933333332266
-0.009896026666666558
-0.01628055999999989
0.01723828000000016
0.010853740000000167
0.004469200000000173
-0.001915339999999821
-0.008299879999999926
-0.01468441999999992
-0.021068959999999914
0.012449860000000146
0.005267260000000107
-0.00790084999999996
-0.021068959999999914
-0.013886359999999875
-0.0067037599999999475
0.0004788400000000914
0.00766144000000013
0.01723828000000016
0.0004788600000000809
-0.01628055999999989
0.0028730400000001044
0.014844060000000159
0.026815080000000102
-0.001915339999999821
-0.030645759999999855
-0.016280546666666562
-0.001915333333333158
0.012449880000000135
0.01723828000000016
0.0076614720000001135
-0.0019153359999998232
-0.011492143999999871
-0.021068951999999808
-0.030645759999999855
0.04118027000000013
-0.04022255999999991
-0.02705444999999984
-0.013886339999999886
-0.0007182299999999309
0.012449880000000135
0.03160348000000013
0.012449870000000196
-0.006703739999999847
-0.02585734999999989
-0.04501095999999982
0.06512224000000011
0.010055640000000143
-0.04501095999999982
-0.019472813333333172
0.006065333333333478
0.03160348000000013
0.012449880000000135
-0.021068959999999914
-0.01628055999999989
-0.011492159999999862
-0.0067037599999999475
-0.0019153599999999216
0.0028730400000001044
0.00766144000000013
-0.016280559999999777
0.01723828000000016
-0.0067037599999998365
-0.0067037599999998365
-0.0067037599999998365
-0.0067037599999998365
-0.0067037599999998365
-0.0067037599999998365
-0.0067037599999998365
-0.0067037599999998365
-0.0067037599999998365
-0.0067037599999998365
0.045968670000000156
-0.004309539999999834
-0.001915339999999821
0.007661462000000174
0.01723826400000017
0.026815066000000165
0.03639186800000016
0.045968670000000156
0.0004788550000001113
-0.04501095999999982
0.010055660000000133
0.003272090000000172
-0.0035114799999999002
-0.010295049999999861
-0.017078619999999822
-0.023862189999999894
-0.030645759999999855
-0.0019153449999997907
0.00766144000000013
0.005267245000000198
0.0028730500000001546
0.0004788550000001113
-0.001915339999999821
0.026815080000000102
0.005267260000000107
-0.01628055999999989
-0.013886359999999875
-0.011492159999999862
-0.00909795999999985
-0.0067037599999998365
-0.0043095599999998235
-0.0019153599999998105
-0.0067037599999998365
-0.00909795999999985
-0.011492159999999862
0.010055660000000133
-0.0007182499999998093
-0.011492159999999862
-0.0019153599999999216
0.00766144000000013
0.0028730400000001044
-0.0019153599999998105
0.0028730533333335417
0.007661466666666783
0.012449880000000135
-0.0067037599999998365
-0.0019153599999999216
0.0028730400000001044
0.005267240000000117
0.00766144000000013
0.005267240000000117
0.0028730400000001044
0.0028730400000001044
0.0028730400000001044
-0.0067037599999998365
-0.00031921333333317925
0.006065333333333478
0.012449880000000135
0.004070170000000095
-0.004309539999999945
-0.012689249999999874
-0.021068959999999914
0.00766146000000012
0.036391880000000154
-0.021068959999999914
-0.015083454999999857
-0.00909794999999991
-0.0031124449999999637
0.002873060000000094
0.008858565000000151
0.014844070000000098
0.020829575000000045
0.026815080000000102
-0.001915339999999821
-0.030645759999999855
0.002873060000000205
0.036391880000000154
-0.011492159999999862
0.01723828000000016
-0.01628055999999989
0.012449880000000135
-0.0067037599999998365
-0.0019153599999998105
0.004070150000000217
0.010055660000000133
0.01604117000000016
0.022026680000000187
0.010055660000000133
-0.0019153599999998105
0.01723828000000016
-0.0019153599999998105
-0.011492159999999862
0.0012769200000001257
0.014046000000000114
0.026815080000000102
-0.0019153599999998105
0.00047884000000020244
0.0028730400000001044
0.00766144000000013
0.010853720000000178
0.014046000000000114
0.01723828000000016
0.014844080000000148
0.012449880000000135
0.014844080000000148
0.01723828000000016
0.012449866666666809
0.007661453333333457
0.0028730400000001044
-0.0067037599999998365
-0.0067037599999998365
-0.0067037599999998365
-0.0067037599999998365
-0.0019153599999998105
-0.0067037599999998365
-0.0019153599999998105
0.0028730400000001044
0.00766144000000013
0.0028730400000001044
-0.0019153599999998105
0.00766144000000013
0.0012769066666667994
-0.0051076266666665315
-0.011492159999999862
-0.0043095599999998235
0.0028730400000001044
0.0033083490909091573
0.0037436581818183212
0.004178967272727374
0.004614276363636427
0.005049585454545591
0.005484894545454644
0.005920203636363808
0.006355512727272861
0.0067908218181819135
0.0072261309090910775
0.00766144000000013
0.010055660000000133
0.012449880000000135
-0.0019153599999999216
