0.005985500999999949
0.015562310999999995
0.010773911000000025
0.005985510999999999
0.01077391099999997
0.0011971043333333098
-0.00837970233333335
-0.01795650900000001
-0.013168099000000044
-0.008379689000000023
-0.0035912790000000028
0.0011971309999999624
0.0011971309999999624
-0.0011970756666667137
-0.00359128233333339
-0.005985489000000066
-0.008379695666666687
-0.010773902333333363
-0.013168109000000039
0.01077391099999997
-0.008379709000000013
0.0011971309999999624
0.01077391099999997
0.0011971309999999624
-0.0003990156666667244
-0.0019951623333333557
-0.0035913090000000425
-0.0023941990000000413
-0.00119708900000004
2.099999996119095e-08
0.0011971309999999624
-0.0003990156666667244
-0.0019951623333333557
-0.0035913090000000425
-0.013168109000000039
-0.00957679900000008
-0.005985489000000066
0.01077391099999997
0.01077391099999997
0.01077391099999997
0.01077391099999997
0.01077391099999997
0.01077391099999997
0.01077391099999997
0.01077391099999997
0.01077391099999997
0.01077391099999997
0.01077391099999997
0.01077391099999997
0.013168110999999982
0.015562310999999995
0.013168120999999977
0.020350710999999966
-0.0035913090000000425
0.005985510999999999
0.005985510999999999
0.005985510999999999
0.005985510999999999
0.010773911000000025
0.015562310999999995
0.005985500999999949
-0.0035913090000000425
-4.000000053405728e-09
0.0035913009999999357
0.00718260599999998
0.01077391099999997
-0.013168109000000039
0.005985510999999999
0.005985510999999999
0.008379711000000012
0.01077391099999997
-0.0035913090000000425
-0.00119708900000004
0.0011971309999999624
-0.009975822333333384
-0.021148775666666675
-0.03232172900000002
0.0011971309999999624
0.0011971309999999624
0.0011971309999999624
0.0011971309999999624
0.0011971309999999624
0.0011971309999999624
0.005985520999999938
0.008379715999999982
0.01077391099999997
0.00678357433333332
0.0027932376666666703
-0.0011970989999999793
2.666666665263051e-09
0.0011971043333333653
0.00239420600000001
0.0035913076666666544
0.004788409333333354
0.005985510999999999
-0.0035912989999999922
-0.0031922656666666382
-0.0027932323333333398
-0.0023941989999999858
-0.0019951656666666318
-0.0015961323333333333
-0.0011970989999999793
0.015562310999999995
0.010773908499999985
0.005985506000000029
0.0011971035000000185
-0.0035912989999999922
-0.013168109000000039
-0.010773906500000041
-0.008379704000000043
-0.0059855015000000455
-0.0035912989999999922
-0.0011970964999999945
0.0011971060000000033
0.003591308500000001
0.005985510999999999
-0.008379709000000013
0.004389364333333312
-0.013168109000000039
-0.013168109000000039
-0.013168109000000039
-0.0035913023333333793
0.005985504333333336
0.015562310999999995
0.003591300999999991
-0.008379709000000013
0.01077391099999997
0.01237004433333333
0.013966177666666635
0.015562310999999995
0.014764244333333343
0.013966177666666635
0.013168110999999982
9.999999717180685e-10
-0.013168109000000039
-0.015083469000000016
-0.01699882900000005
-0.018914189000000026
-0.02082954900000006
-0.022744909000000035
0.0011971309999999624
-0.0003990156666667244
-0.0019951623333333557
-0.0035913090000000425
0.015562310999999995
0.005985510999999999
0.0011971309999999624
0.008379720999999951
0.015562310999999995
0.0011971009999999782
-0.013168109000000039
-0.005985489000000066
0.0011971309999999624
0.0011971309999999624
0.0011971309999999624
-0.00119708900000004
-0.0035913090000000425
-0.008379709000000013
-0.013168109000000039
-0.01795650900000001
-0.013966169000000028
-0.009975829000000047
-0.005985489000000066
-0.0005985390000000645
0.004788410999999937
0.010175360999999994
0.015562310999999995
0.020350710999999966
-0.01795650900000001
-0.0035912989999999922
0.01077391099999997
0.0011971009999999782
-0.008379709000000013
-0.008379709000000013
-0.008379709000000013
-0.008379709000000013
-0.008379709000000013
0.01077391099999997
0.003112466999999952
-0.00454897700000001
-0.012210421000000027
-0.01987186499999999
-0.027533309000000006
-0.003591289000000053
0.020350710999999966
0.008379700999999962
-0.0035913090000000425
0.008379700999999962
0.020350710999999966
0.0011971009999999782
-0.01795650900000001
-0.009975835666666655
-0.0019951623333333557
0.005985510999999999
0.01077391099999997
-0.01795650900000001
-0.0011970989999999793
0.015562310999999995
-0.00039903566666665835
-0.016360382333333368
-0.03232172900000002
-0.015562299000000057
0.0011971309999999624
-0.00119708900000004
-0.0035913090000000425
0.01077391099999997
0.00718260599999998
0.0035913009999999357
-4.000000053405728e-09
-0.0035913090000000425
-0.00119708900000004
0.0011971309999999624
0.0059855269999999905
0.010773922999999963
0.015562318999999991
0.020350714999999964
0.025139110999999992
-0.027533309000000006
-0.01077390899999997
0.007182601000000011
0.025139110999999992
-0.013168109000000039
-0.01364694900000002
-0.014125789000000055
-0.014604629000000036
-0.015083469000000016
-0.015562308999999996
-0.016041149000000032
-0.016519989000000013
-0.016998828999999993
-0.01747766900000003
-0.01795650900000001
0.03471593099999998
-0.01795650900000001
0.039504331000000004
-0.04189852900000002
0.029927531000000007
-0.027533309000000006
0.01077391099999997
0.004389370999999975
-0.001995169000000019
-0.008379709000000013
0.005985510999999999
0.025139110999999992
-0.005985509
-0.03711012899999999
0.01556231600000002
0.06823476099999998
0.0059855159999999685
-0.05626372900000004
-0.0011970990000000348
0.05386953099999997
0.0035913009999999357
-0.046686929000000044
-0.0035912989999999922
0.039504331000000004
0.02354298433333335
0.007581637666666641
-0.008379709000000013
0.0011971309999999624
0.005985524333333325
0.010773917666666633
0.015562310999999995
-0.01077390899999997
-0.03711012899999999
0.05386953099999997
-0.010773909000000026
-0.07541734900000002
-0.008379709000000013
0.058657930999999996
-0.0035913189999999817
-0.06584056900000002
-0.03351883649999998
-0.0011971040000000044
0.031124628499999973
0.063446361
-0.03711012899999999
0.025139110999999992
0.005985500999999949
-0.013168109000000039
-0.01795650900000001
-0.022744909000000035
0.003591310999999986
0.029927531000000007
-0.008379699000000018
-0.046686929000000044
0.005985500999999949
0.058657930999999996
0.021547810999999972
-0.015562308999999996
-0.05267242900000002
-0.08978254900000004
0.09696517099999999
-0.08020574899999999
-0.01795650900000001
0.044292730999999974
0.0011971009999999782
-0.04189852900000002
-0.008379709000000013
0.025139110999999992
0.008379700999999962
-0.008379709000000013
-0.013168108999999983
-0.01795650900000001
0.020350710999999966
0.058657930999999996
-0.0035913189999999817
-0.06584056900000002
0.013168100999999988
0.09217677099999999
0.005985510999999999
-0.08020574899999999
0.005985510999999999
0.09217677099999999
0.010773911000000025
-0.070628949
-0.024341045666666672
0.021946857666666653
0.06823476099999998
-0.046686929000000044
-0.010773909000000026
0.025139110999999992
0.017158450999999963
0.00917779099999999
0.0011971309999999624
-0.013168088999999994
-0.027533309000000006
0.010773911000000025
0.049081131
-0.04189852900000002
0.013168116000000007
0.06823476099999998
-0.0035912940000000226
-0.07541734900000002
0.015562315999999965
0.10654198099999998
0.039504331000000004
-0.027533319
-0.094570969
0.07302316099999998
0.040701438499999965
0.008379715999999982
-0.0239420065
-0.05626372900000004
-0.010773899000000031
0.03471593099999998
-0.013168109000000039
-0.01795650900000001
0.03471593099999998
-0.020350709000000022
-0.07541734900000002
-0.03351881900000003
0.008379711000000012
0.050278241
0.09217677099999999
-0.104147769
-0.061052139000000005
-0.01795650900000001
0.025139120999999987
0.06823475099999998
0.11133038099999998
-0.104147769
0.0011971060000000033
0.10654198099999998
-0.09935936900000003
0.06823476099999998
-0.03232172900000002
-0.02274492233333336
-0.013168115666666702
-0.0035913090000000425
0.039504331000000004
0.014365216000000014
-0.010773899000000031
-0.03591301400000002
-0.06105212900000001
0.01556232099999999
0.09217677099999999
-0.015562299000000002
-0.123301369
-0.09935935299999998
-0.07541733699999997
-0.05147532100000002
-0.027533305000000008
-0.0035912889999999975
0.020350726999999957
0.04429274299999997
0.06823475899999998
0.09217677499999999
0.11611879099999997
-0.123301369
0.003591316000000011
0.130484001
-0.10893616900000003
0.07781156099999997
-0.06584056900000002
0.03471593099999998
0.025139110999999992
-0.051475329000000014
0.09217677099999999
-0.09935936900000003
-0.0195526456666667
0.06025407766666668
0.14006080099999998
-0.0011970989999999793
-0.14245499900000003
0.14006080099999998
0.09696517266666665
0.0538695443333333
0.010773915999999994
-0.03232171233333336
-0.07541734066666672
-0.11851296900000002
0.12090719099999997
-0.08499414900000002
0.07302316099999998
-0.027533309000000006
0.0011971309999999624
0.01875459766666665
0.03631206433333328
0.05386953099999997
-0.06105212900000001
-0.043494651222222236
-0.02593717344444446
-0.008379695666666687
0.009177782111111088
0.026735259888888863
0.04429273766666664
0.06185021544444447
0.07940769322222221
0.09696517099999999
-0.0011970990000000348
-0.09935936900000003
0.11133038099999998
-0.123301369
0.017956520999999948
0.10654198099999998
0.04110047099999997
-0.024341039000000064
-0.08978254900000004
0.07302316099999998
0.03471593099999998
-0.0035912989999999922
-0.04189852900000002
-0.015562308999999996
0.01077391099999997
-0.0035913090000000425
0.0011971009999999782
0.005985510999999999
-0.008379709000000013
-0.005187429000000021
-0.0019951490000000294
0.0011971309999999624
0.015562310999999995
0.009177771000000001
0.0027932309999999516
-0.0035913090000000425
-0.002992754000000042
-0.0023941990000000413
-0.0017956440000000407
-0.00119708900000004
-0.0005985340000000394
2.099999996119095e-08
0.0005985759999999618
0.0011971309999999624
-0.027533309000000006
-0.0035913090000000425
0.005985510999999999
-0.027533309000000006
0.020350710999999966
-0.013168109000000039
0.008379711000000012
0.029927531000000007
-0.013168109000000039
0.004389370999999975
0.02194685099999999
0.039504331000000004
0.025139118999999988
0.010773906999999971
-0.0035913050000000446
-0.017956517000000005
-0.03232172900000002
0.025139110999999992
0.014365210999999989
0.003591310999999986
-0.0038905690000000104
-0.011372449000000007
-0.018854329000000003
-0.026336209
-0.03381808900000005
-0.04129996900000005
-0.048781849000000044
-0.05626372900000004
0.05386953099999997
-0.008379709000000068
0.0011971309999999624
2.099999996119095e-08
-0.00119708900000004
-0.0023941990000000413
-0.0035913090000000425
0.01077391099999997
0.0035913009999999357
-0.002394204000000011
-0.008379709000000013
-0.002394204000000011
0.003591300999999991
0.009576805999999993
0.015562310999999995
0.020350710999999966
0.008379700999999962
-0.0035913090000000425
-0.001197105666666698
0.0011970976666666466
0.0035913009999999357
0.00598550433333328
0.008379707666666625
0.01077391099999997
-0.01795650900000001
0.020350710999999966
-0.013168109000000039
0.020350710999999966
0.0011971009999999782
-0.01795650900000001
0.0011971309999999624
0.0005130681428571204
-0.00017099471428577706
-0.000855057571428619
-0.001539120428571461
-0.002223183285714303
-0.0029072461428572005
-0.0035913090000000425
-0.00119710400000006
0.0011971009999999782
-0.008379709000000013
0.020350710999999966
0.012370037666666611
0.004389364333333312
-0.0035913090000000425
0.01077391099999997
0.006669565285714274
0.002565219571428523
-0.0015391261428571723
-0.005643471857142868
-0.009747817571428563
-0.013852163285714314
-0.01795650900000001
-0.0011970989999999793
0.015562310999999995
-0.03232172900000002
0.015562310999999995
-0.0011970989999999793
0.0011971309999999624
0.0027932609999999913
0.004389390999999965
0.005985520999999938
0.007581650999999967
0.009177780999999996
0.01077391099999997
0.005985510999999999
0.008379711000000012
-0.004788398999999999
-0.01795650900000001
0.0011971309999999624
-0.0019951490000000294
-0.005187429000000021
-0.008379709000000013
0.005985510999999999
0.0011971009999999782
-0.0035913090000000425
0.0027932309999999516
0.009177771000000001
0.015562310999999995
0.008379720999999951
0.0011971309999999624
0.015562310999999995
0.013434132111111108
0.01130595322222222
0.009177774333333333
0.007049595444444445
0.004921416555555558
0.0027932376666666703
0.0006650587777777828
-0.0014631201111111047
-0.0035912989999999922
-0.008379709000000013
-0.008379699000000018
0.008379705999999987
0.025139110999999992
0.010773904333333306
-0.003591302333333324
-0.01795650900000001
0.01077391099999997
0.01077391099999997
0.01077391099999997
