-0.007781137750000056
-0.006584042750000019
-0.005386947750000037
-0.006584042750000019
-0.007781137750000056
-0.008978232750000092
-0.010175327750000074
-0.0005985477500000669
-0.0005985477500000669
0.013766652249999956
-0.014963767750000079
-0.012569547750000076
-0.010175327750000074
-0.007781132750000086
-0.005386937750000098
-0.0029927427500000547
-0.0005985477500000669
-0.005386947750000037
-0.006983074416666735
-0.008579201083333376
-0.010175327750000074
-0.010175327750000074
-0.010175327750000074
-0.010175327750000074
-0.010175327750000074
-0.008579201083333376
-0.006983074416666735
-0.005386947750000037
-0.0005985477500000669
-0.0029927427500000547
-0.005386937750000098
-0.007781132750000086
-0.010175327750000074
-0.0005985377500000721
0.00897825224999993
-0.01975216775000005
-0.01496374775000009
-0.010175327750000074
-0.014963767750000079
-0.01735796775000009
-0.01975216775000005
-0.01975216775000005
-0.01975216775000005
-0.022146367750000062
-0.024540567750000075
-0.023476478861111205
-0.02241238997222228
-0.02134830108333341
-0.02028421219444454
-0.019220123305555614
-0.018156034416666744
-0.017091945527777874
-0.01602785663888895
-0.014963767750000079
-0.007781157750000101
-0.0005985477500000669
-0.014963767750000079
-0.04848258775000003
-0.024540567750000075
0.037708672249999964
0.00897825224999993
-0.024540567750000075
-0.018555062750000073
-0.012569557750000071
-0.006584052750000069
-0.0005985477500000669
-0.0005985477500000669
-0.0005985477500000669
-0.0005985477500000669
-0.0005985477500000669
-0.0005985477500000669
-0.0005985477500000669
-0.005386947750000037
-0.010175327750000074
0.004189852249999959
0.00897825224999993
0.00897825224999993
0.00897825224999993
0.00897825224999993
0.005785988916666596
0.0025937255833332618
-0.0005985377500000721
-0.003790801083333406
-0.00698306441666674
-0.010175327750000074
-0.0021946677500000455
0.005785992249999927
0.013766652249999956
0.02573766224999996
0.037708672249999964
0.023343462249999947
0.00897825224999993
0.004189852249999904
-0.0005985477500000669
0.0065840522499999166
0.013766652249999956
0.0025937122499999354
-0.008579227750000029
-0.01975216775000005
-0.029328967750000046
-0.005386947750000037
0.004189852249999959
-0.005386947750000037
-0.005386947750000037
-0.010175351750000061
-0.01496375575000003
-0.019752159750000053
-0.024540563750000022
-0.029328967750000046
-0.01975216775000005
-0.005386947750000037
-0.0005985477500000669
-0.0017956477500000734
-0.0029927477500000244
-0.004189847750000031
-0.005386947750000037
-0.01975216775000005
-0.0005985477500000669
0.0005985522499999396
0.001795652249999946
0.0029927522499999526
0.004189852249999959
-0.010175327750000074
0.004189852249999959
0.008978258916666648
0.013766665583333282
0.01855507224999997
0.013766652249999956
0.012968585583333303
0.012170518916666595
0.011372452249999943
0.01057438558333329
0.009776318916666582
0.00897825224999993
-0.005386957750000088
-0.01975216775000005
-0.018156034416666744
-0.016559901083333384
-0.014963767750000079
-0.010175327750000074
-0.014963767750000079
-0.01975216775000005
0.004189852249999959
-0.005386947750000037
-0.005386947750000037
-0.005386947750000037
-0.005386947750000037
-0.005386947750000037
-0.005386947750000037
-0.005386947750000037
-0.010175357750000058
-0.014963767750000079
-0.010175327750000074
-0.014963767750000079
-0.010175327750000074
-0.010175327750000074
-0.012569547750000076
-0.014963767750000079
-0.010175357750000058
-0.005386947750000037
-0.010175357750000058
-0.014963767750000079
-0.012569562750000096
-0.010175357750000058
-0.00778115275000002
-0.005386947750000037
-0.005386947750000037
-0.005386947750000037
-0.005386947750000037
-0.005386947750000037
-0.005386947750000037
-0.005386947750000037
-0.0005985477500000669
-0.005386947750000037
-0.029328967750000046
-0.010175327750000074
-0.014963767750000079
-0.005386947750000037
-0.006185011083333358
-0.006983074416666735
-0.007781137750000056
-0.008579201083333376
-0.009377264416666753
-0.010175327750000074
-0.010175327750000074
-0.0005985477500000669
-0.0029927477500000244
-0.005386947750000037
-0.0029927477500000244
-0.0005985477500000669
-0.0017035646730769738
-0.002808581596153936
-0.003913598519230843
-0.00501861544230775
-0.0061236323653847125
-0.007228649288461619
-0.008333666211538526
-0.009438683134615433
-0.010543700057692396
-0.011648716980769303
-0.01275373390384621
-0.013858750826923172
-0.014963767750000079
-0.008978252750000082
-0.002992737750000085
0.00897825224999993
-0.005386947750000037
0.004189852249999959
-0.007781157750000101
-0.001795652750000043
0.004189852249999959
-0.005386947750000037
-0.0005985477500000669
-0.003471591750000058
-0.006344635750000049
-0.009217679750000096
-0.012090723750000087
-0.014963767750000079
-0.005386947750000037
-0.014963767750000079
-0.013367621083333392
-0.01177147441666676
-0.010175327750000074
-0.010175327750000074
-0.010175327750000074
-0.011133015750000086
-0.012090703750000098
-0.013048391750000055
-0.014006079750000067
-0.014963767750000079
-0.005386957750000088
-0.024540567750000075
-0.014963757750000029
-0.005386947750000037
-0.006185011083333358
-0.006983074416666735
-0.007781137750000056
-0.008579201083333376
-0.009377264416666753
-0.010175327750000074
-0.012569547750000076
-0.010175327750000074
-0.03890576775000004
-0.030925097750000075
-0.02294442775000005
-0.014963757750000029
-0.006983087750000061
0.0009975822499999065
0.00897825224999993
-0.01975216775000005
0.028131872249999967
0.022385788249999983
0.016639704249999943
0.010893620249999958
0.005147536249999918
-0.0005985477500000669
0.004189852249999959
-0.01975216775000005
-0.005386957750000088
0.00897825224999993
-0.0029927577500000746
-0.014963767750000079
-0.01017536108333339
-0.005386954416666756
-0.0005985477500000669
-0.03411736775000007
-0.030286647750000062
-0.026455927750000052
-0.022625207750000098
-0.01879448775000009
-0.014963767750000079
-0.029328967750000046
-0.014963757750000029
-0.0005985477500000669
-0.005386947750000037
-0.014963767750000079
-0.010175327750000074
-0.013766637750000088
-0.017357947750000102
-0.02094925775000006
-0.024540567750000075
0.01855507224999997
0.00993594424999994
0.0013168162499999636
-0.007302311750000068
-0.015921439750000044
-0.024540567750000075
0.01855507224999997
0.001795652249999946
-0.014963767750000079
-0.01975216775000005
0.001795652249999946
0.02334347224999994
0.008978258916666593
-0.0053869544166667005
-0.01975216775000005
-0.007781157750000045
0.004189852249999959
0.0035913047499999684
0.002992757249999922
0.0023942097499999315
0.0017956622499999408
-0.005386947750000037
-0.010175354416666726
-0.01496376108333336
-0.01975216775000005
-0.010175327750000074
-0.002992737750000085
0.004189852249999959
-0.0005985477500000114
-0.005386947750000037
-0.010175351750000061
-0.01496375575000003
-0.019752159750000053
-0.024540563750000022
-0.029328967750000046
-0.012569557750000016
0.004189852249999959
-0.01975216775000005
-0.01735796525000005
-0.014963762750000054
-0.012569560250000056
-0.010175357750000058
0.00897825224999993
-0.005386957750000088
-0.01975216775000005
0.013766652249999956
0.004189845583333296
-0.005386961083333419
-0.014963767750000079
-0.004189857750000081
0.0065840522499999166
0.01735796224999997
0.028131872249999967
-0.029328967750000046
0.013766652249999956
-0.014963767750000079
0.0065840522499999166
0.028131872249999967
0.01376666224999995
-0.0005985477500000669
-0.014963757750000029
-0.029328967750000046
-0.04369417775000006
-0.05805938775000008
0.028131872249999967
0.011372462249999993
-0.005386947750000037
-0.022146357750000067
-0.03890576775000004
0.03292027224999994
0.029728003361111033
0.026535734472222183
0.023343465583333278
0.020151196694444373
0.016958927805555524
0.013766658916666619
0.010574390027777714
0.007382121138888864
0.004189852249999959
-0.03890576775000004
-0.014963757750000029
-0.007781157750000045
0.05686230224999994
0.006584057249999942
-0.04369418775000006
-0.02932897775000004
-0.014963767750000079
-0.0005985577500000616
0.013766652249999956
-0.029328967750000046
0.03292027224999994
-0.04848258775000003
-0.029328972750000015
-0.010175357750000003
0.008978257249999955
0.028131872249999967
-0.05805938775000008
-0.03252123441666671
-0.006983081083333398
0.01855507224999997
-0.0005985410833333482
-0.019752154416666723
-0.03890576775000004
0.037708672249999964
-0.010175357750000058
-0.010175347750000063
-0.010175337750000069
-0.010175327750000074
-0.0005985377500000721
0.00897825224999993
-0.005386954416666756
-0.019752161083333386
-0.03411736775000007
-0.02853089775000006
-0.02294442775000005
-0.01735795775000004
-0.011771487750000087
-0.006185017750000077
-0.0005985477500000669
-0.02454056775000002
-0.013367627750000055
-0.002194687750000035
0.00897825224999993
0.023343462249999947
-0.03411736775000007
-0.008579221083333421
0.016958925583333284
0.042497072249999934
-0.024540567750000075
-0.019752154416666723
-0.014963741083333426
-0.010175327750000074
-0.022146347750000073
-0.03411736775000007
-0.005386947750000037
0.02334347224999994
-0.010175357750000058
-0.04369418775000006
-0.014963767750000079
0.013766652249999956
0.004189852249999959
-0.005386947750000037
-0.012569557750000016
-0.01975216775000005
-0.002194687750000035
0.015362792249999924
0.03292027224999994
0.02402752367857136
0.015134775107142784
0.006242026535714262
-0.0026507220357143146
-0.011543470607142892
-0.02043621917857147
-0.029328967750000046
-0.0005985577500000616
-0.007781157750000045
-0.01975216775000005
-0.010175357750000058
-0.0005985477500000669
-0.014963761083333416
-0.02932897441666671
-0.04369418775000006
-0.018156034416666744
0.0073821189166666246
0.03292027224999994
-0.03890576775000004
0.013766652249999956
0.004189852249999959
-0.005386947750000037
-0.008579221083333366
-0.01177149441666675
-0.014963767750000079
-0.005386957750000088
0.004189852249999959
-0.024540567750000075
-0.013367627750000055
-0.0021946877500000905
0.00897825224999993
-0.0005985477500000669
0.0025937189166665986
0.005785985583333264
0.00897825224999993
0.004189852249999959
-0.0005985477500000669
-0.005386947750000037
-0.004702890607142907
-0.004018833464285776
-0.0033347763214286452
-0.002650719178571459
-0.0019666620357143283
-0.0012826048928571976
-0.0005985477500000669
0.001795652249999946
0.004189852249999959
0.00897825224999993
-0.04848258775000003
0.00897825224999993
-0.03411736775000007
-0.026136687750000054
-0.01815600775000009
-0.010175327750000074
-0.00675504489285722
-0.003334762035714367
8.552082142848638e-05
0.0035058036785713953
0.006926086535714249
0.010346369392857102
0.013766652249999956
-0.03411736775000007
0.01855507224999997
-0.029328967750000046
-0.010175327750000074
0.00897825224999993
-0.024540567750000075
-0.005386947750000037
-0.01137245275000004
-0.01735795775000004
-0.023343462750000044
-0.029328967750000046
-0.022146362750000037
-0.014963757750000029
-0.0077811527500000754
-0.0005985477500000669
-0.0005985477500000669
-0.014963767750000079
-0.005386961083333419
0.004189845583333296
0.013766652249999956
-0.014963767750000079
-0.005386947750000037
-0.005386947750000037
-0.008978252750000026
-0.012569557750000016
-0.01616086275000006
-0.01975216775000005
-0.014963767750000079
-0.014963767750000079
-0.014963767750000079
-0.014963767750000079
-0.01735796775000009
-0.01975216775000005
-0.01975216775000005
-0.01975216775000005
-0.005386957750000088
0.00897825224999993
0.008294195107142799
0.007610137964285668
0.006926080821428537
0.006242023678571351
0.0055579665357142205
0.00487390939285709
0.004189852249999959
-0.0005985477500000669
-0.010175327750000074
-0.010773882750000074
-0.011372437750000075
-0.011970992750000076
-0.012569547750000076
-0.013168102750000077
-0.013766657750000078
-0.014365212750000078
-0.014963767750000079
-0.005386937750000098
0.004189852249999959
-0.012569557750000016
-0.005386947750000037
-0.0005985477500000669
0.004189852249999959
0.00897825224999993
-0.005386947750000037
-0.010175327750000074
-0.003790801083333406
0.0025937255833332618
0.00897825224999993
-0.0005985477500000669
-0.007781157750000101
-0.014963767750000079
-0.01975216775000005
-0.016559887750000057
-0.013367607750000066
-0.010175327750000074
-0.007781132750000086
-0.005386937750000098
-0.0029927427500000547
-0.0005985477500000669
-0.005386947750000037
-0.010175327750000074
-0.0005985377500000721
0.00897825224999993
-0.005386947750000037
