0.03985502678571251
0.0364347410714263
0.03301445535714009
0.02959416964285566
0.026173883928569452
0.022753598214283244
0.019333312499997035
-0.004608687500002873
-0.004608687500002873
-0.014185687500001265
-0.034935354166668375
-0.055685020833335486
-0.0764346875000026
-0.05129568750000324
-0.026156687500002107
-0.017777020833335655
-0.009397354166669203
-0.0010176875000009744
0.007361979166665478
0.01574164583333193
0.024121312499998382
-0.01897368750000261
-0.009397687500001695
-0.014185687500001265
-0.004608687500002873
-0.003651087500003314
-0.0026934875000019787
-0.0017358875000024199
-0.0007782875000010847
0.0001793124999984741
-0.026156687500002107
-0.05249268750000269
0.028910312499997204
0.004968312499997296
-0.01897368750000261
-0.04291568750000252
-0.06685768750000243
-0.09079968750000234
0.028910312499997204
-0.01897418750000135
-0.02855068750000278
0.019333312499997035
0.013347812499997502
0.0073623124999979694
0.0013768124999966602
-0.004608687500002873
0.004968312499997296
0.00017981249999721172
-0.004608687500002873
-0.01179118750000363
-0.01897368750000261
-0.02855068750000278
-0.030147020833336313
-0.03174335416666807
-0.0333396875000016
-0.023762687500001434
-0.014185687500001265
-0.021368187500002023
-0.02855068750000278
-0.023762437500002065
-0.01897418750000135
-0.01418593750000241
-0.009397687500001695
-0.01897368750000261
-0.009397687500001695
-0.006205354166668897
-0.0030130208333343234
0.0001793124999984741
-0.004608687500002873
-0.003651087500003314
-0.0026934875000019787
-0.0017358875000024199
-0.0007782875000010847
0.0001793124999984741
-0.009397687500001695
-0.021368187500002023
-0.02088928750000285
-0.020410387500001903
-0.01993148750000273
-0.019452587500001783
-0.01897368750000261
-0.01179118750000363
-0.004608687500002873
-0.004608687500002873
-0.006205020833336405
-0.007801354166668162
-0.009397687500001695
-0.014185687500001265
-0.01897368750000261
-0.01897368750000261
-0.01897368750000261
-0.00939718750000118
0.0001793124999984741
-0.006205020833334629
-0.012589354166669509
-0.01897368750000261
-0.01993138750000334
-0.02088908750000229
-0.021846787500003018
-0.02280448750000197
-0.023762187500002696
-0.024719887500003423
-0.025677587500002375
-0.026635287500003102
-0.027592987500002053
-0.02855068750000278
-0.014185687500001265
-0.023762687500001434
-0.023762687500001434
-0.01897368750000261
-0.01514308750000204
-0.011312487500001467
-0.007481887500002671
-0.0036512875000020983
0.0001793124999984741
-0.011791687500002368
-0.023762687500001434
0.0001793124999984741
-0.01897368750000261
-0.01897368750000261
-0.023762687500001434
-0.01897368750000261
-0.01737768750000157
-0.015781687500002306
-0.014185687500001265
-0.01657968750000194
-0.01897368750000261
-0.004608687500002873
-0.01897368750000261
-0.01897368750000261
0.004968312499997296
0.002574062499997254
0.00017981249999721172
-0.0022144375000028305
-0.004608687500001096
-0.0070029375000011385
-0.00939718750000118
-0.011791437500001223
-0.014185687500001265
-0.007003187500002284
0.0001793124999984741
-0.01897368750000261
-0.01897368750000261
-0.009397687500001695
-0.014185687500001265
-0.023762687500001434
-0.023762687500001434
-0.02256543750000084
-0.021368187500002023
-0.020170937500003205
-0.01897368750000261
0.004968312499997296
-0.004608687500002873
0.014544312499998213
0.007361812499999232
0.0001793124999984741
-0.007801354166668162
-0.015782020833334798
-0.023762687500001434
-0.022804887500001314
-0.021847087500001194
-0.02088928750000285
-0.01993148750000273
-0.01897368750000261
-0.02855068750000278
-0.0333396875000016
-0.014185687500001265
-0.014185687500001265
-0.014185687500001265
-0.014185687500001265
-0.014185687500001265
-0.011791687500002368
-0.012988687500001816
-0.014185687500001265
-0.01365368750000151
-0.013121687500001755
-0.012589687500002
-0.012057687500002245
-0.011525687500000714
-0.01099368750000096
-0.010461687500001204
-0.00992968750000145
-0.009397687500001695
-0.004608687500002873
-0.009397687500001695
-0.02855068750000278
-0.023762187500002696
-0.01897368750000261
-0.004608687500001096
-0.01897368750000261
0.004968312499997296
0.004968312499997296
0.004968312499997296
0.004968312499997296
0.004968312499997296
0.0001793124999984741
-0.001416687500002567
-0.0030126875000018316
-0.004608687500002873
-0.00580593750000169
-0.007003187500002284
-0.008200437500002877
-0.009397687500001695
-0.0333396875000016
-0.023762687500001434
-0.015782020833334798
-0.007801354166668162
0.0001793124999984741
-0.005806187500001059
-0.011791687500002368
-0.0177771875000019
-0.023762687500001434
-0.014185687500001265
0.0001793124999984741
0.014544312499998213
-0.02855068750000278
-0.023762687500001434
-0.022964520833335555
-0.0221663541666679
-0.021368187500002023
-0.020570020833336145
-0.01977185416666849
-0.01897368750000261
-0.01657968750000194
-0.01418548750000248
-0.011791287500003023
-0.009397087500001788
-0.0070028875000023305
-0.004608687500002873
-0.011791687500002368
-0.00939748750000291
-0.007003287500001676
-0.004609087500002218
-0.0022148875000009838
0.0001793124999984741
0.0001793124999984741
-0.016580187500002452
-0.010594437500001774
-0.004608687500002873
-0.012589354166669509
-0.020570020833336145
-0.02855068750000278
-0.0261564732142876
-0.023762258928574198
-0.021368044642860795
-0.018973830357145616
-0.016579616071430436
-0.014185401785717033
-0.01179118750000363
-0.009396973214288451
-0.007002758928573272
-0.004608544642859869
-0.0022143303571464656
0.0001798839285687137
0.002574098214283893
0.004968312499997296
-0.007002687500003546
-0.01897368750000261
-0.021368187500002023
0.004968312499997296
-0.026156687500002107
-0.05728168750000151
-0.04411343750000185
-0.03094518750000219
-0.017776937500002532
-0.004608687500002873
-0.00819993750000414
-0.01179118750000363
-0.01897368750000261
0.0001793124999984741
-0.004608687500002873
0.012150812499998054
0.028910312499997204
-0.0333396875000016
-0.03197154464285923
-0.03060340178571508
-0.029235258928572705
-0.02786711607143033
-0.026498973214287957
-0.025130830357143807
-0.023762687500001434
-0.004608687500002873
-0.01897368750000261
-0.018973854166668858
-0.018974020833335103
-0.01897418750000135
-0.014185687500001265
-0.004608687500002873
0.06242831249999803
0.024121312499998382
-0.014185687500001265
-0.016579937500001307
-0.01897418750000135
-0.02136843750000139
-0.023762687500001434
-0.09079968750000234
-0.0333396875000016
-0.036531854166668154
-0.039724020833334706
-0.042916187500003034
-0.046108354166669585
-0.04930052083333614
-0.05249268750000269
0.014544312499998213
0.0017753124999977388
-0.01099368750000096
-0.023762687500001434
0.019333312499997035
0.03050631249999647
0.04167931249999768
0.05285231249999711
0.03130431249999788
0.009756312499998643
-0.0022146875000021993
-0.014185687500001265
0.014544312499998213
-0.023762687500001434
-0.021368520833334514
-0.018974354166667595
-0.016580187500002452
-0.014186020833335533
-0.011791854166668614
-0.009397687500001695
-0.05728168750000151
-0.050098937500001384
-0.042916187500003034
-0.03573343750000291
-0.02855068750000278
-0.0333396875000016
0.004968312499997296
-0.04770468750000134
-0.0453104375000013
-0.042916187500003034
-0.04052193750000299
-0.03812768750000295
-0.035733687500002276
-0.0333396875000016
-0.016580187500002452
0.0001793124999984741
-0.04531018750000193
-0.04770468750000134
-0.0429163541666675
-0.03812802083333544
-0.0333396875000016
-0.030147354166668805
-0.02695502083333423
-0.023762687500001434
-0.05249268750000269
-0.05249268750000269
-0.04578898750000171
-0.03908528750000251
-0.03238158750000153
-0.025677887500002328
-0.01897418750000135
-0.017378020833334062
-0.015781854166668552
-0.014185687500001265
-0.023762354166668942
-0.03333902083333484
-0.04291568750000252
-0.014185687500001265
-0.0221663541666679
-0.030147020833336313
-0.03812768750000295
-0.00939718750000118
-0.01897393750000198
-0.02855068750000278
-0.009397687500001695
0.0017753124999977388
0.012948312499998949
0.024121312499998382
0.009756312499998643
0.009756312499998643
0.009756312499998643
0.009756312499998643
0.002573812499997885
-0.004608687500001096
-0.011791187500001854
-0.01897368750000261
-0.009397020833334935
0.00017964583333096584
0.009756312499998643
0.028910312499997204
0.020291112499997155
0.011671912499997106
0.003052712499998833
-0.005566487500001216
-0.014185687500001265
-0.026156687500002107
-0.04171918750000181
-0.05728168750000151
-0.028551020833335272
0.00017964583333096584
0.028910312499997204
-0.023762687500001434
-0.028551187500001518
-0.0333396875000016
-0.03812768750000295
-0.04291568750000252
-0.007002687500003546
0.028910312499997204
-0.06685768750000243
-0.023762187500002696
0.019333312499997035
0.009756312499996866
0.0001793124999984741
0.0011371124999985938
0.0020949124999987134
0.0030527124999970567
0.004010512499997176
0.004968312499997296
-0.04291568750000252
-0.014185687500001265
0.0049678124999985585
0.024121312499998382
-0.007003187500002284
-0.03812768750000295
-0.011791687500002368
0.014544312499998213
-0.0022146875000021993
-0.01897368750000261
-0.02855068750000278
-0.03246850568182147
-0.03638632386363838
-0.04030414204545707
-0.04422196022727576
-0.04813977840909267
-0.05205759659091136
-0.05597541477272827
-0.05989323295454696
-0.06381105113636565
-0.06772886931818256
-0.07164668750000125
-0.04890168750000079
-0.026156687500002107
0.024121312499998382
0.009756312499998643
0.015741812499998176
0.02172731249999771
0.010354812499997479
-0.0010176875000009744
-0.012390187500001204
-0.023762687500001434
-0.0333396875000016
0.009756312499998643
-0.021368187500002023
-0.05249268750000269
0.004968312499997296
0.00017981249999721172
-0.004608687500002873
-0.02855068750000278
-0.05249268750000269
-0.02855068750000278
-0.004608687500002873
-0.009397020833336711
-0.014185354166668773
-0.01897368750000261
-0.023762354166668942
-0.028551020833335272
-0.0333396875000016
-0.024720487500001553
-0.016101287500001504
-0.007482087500001455
0.0011371124999985938
0.009756312499998643
0.03848631249999812
-0.02855068750000278
0.007361812499999232
-0.029747937500001598
-0.06685768750000243
-0.030944687500001677
0.004968312499997296
0.0008638839285683986
-0.0032405446428587226
-0.00734497321428762
-0.011449401785716518
-0.015553830357145415
-0.019658258928572536
-0.023762687500001434
-0.014185687500001265
-0.03812768750000295
0.03369831249999855
-0.05249268750000269
-0.004608687500002873
-0.00514079861111405
-0.005672909722225228
-0.006205020833336405
-0.006737131944447583
-0.007269243055556984
-0.007801354166668162
-0.00833346527777934
-0.008865576388890517
-0.009397687500001695
-0.05249268750000269
0.009756312499998643
-0.06206968750000286
-0.014185687500001265
0.0001793124999984741
-0.0016163125000012712
-0.0034119375000010166
-0.005207562500000762
-0.007003187500002284
-0.008798812500002029
-0.010594437500001774
-0.01239006250000152
-0.014185687500001265
0.004968312499997296
0.024121312499998382
-0.01179118750000363
-0.04770468750000134
-0.04171918750000181
-0.0357336875000005
-0.029748187500000967
-0.023762687500001434
-0.02695502083333423
-0.030147354166668805
-0.0333396875000016
-0.01897368750000261
0.009756312499998643
-0.014185687500001265
-0.03812768750000295
0.0001793124999984741
-0.005806187500001059
-0.011791687500002368
-0.0177771875000019
-0.023762687500001434
-0.020889687500002196
-0.018016687500001183
-0.015143687500001946
-0.012270687500000932
-0.009397687500001695
-0.023762687500001434
-0.004608687500002873
-0.009397687500001695
-0.004608687500002873
-0.014185687500001265
-0.015781687500002306
-0.01737768750000157
-0.01897368750000261
-0.017776687500001387
-0.01657968750000194
-0.01538268750000249
-0.014185687500001265
-0.009397687500001695
-0.010594687500001143
-0.011791687500002368
-0.012988687500001816
-0.014185687500001265
-0.007003187500002284
-0.004608687500002873
-0.009397687500001695
-0.014185687500001265
-0.01897368750000261
-0.023762187500002696
-0.02855068750000278
-0.024720087500002208
-0.020889487500001636
-0.01705888750000284
-0.013228287500002267
-0.009397687500001695
-0.01897368750000261
-0.023762687500001434
-0.007003187500002284
0.009756312499998643
-0.004608687500002873
-0.007002854166669792
-0.009397020833336711
-0.01179118750000363
-0.014185354166668773
-0.016579520833335692
-0.01897368750000261
-0.014185687500001265
0.004968312499997296
-0.006204687500002137
-0.017377687500003347
-0.02855068750000278
-0.029149312500003077
-0.029747937500003374
-0.030346562500001895
-0.03094518750000219
-0.03154381250000249
-0.03214243750000101
-0.032741062500001306
-0.0333396875000016
-0.04770468750000134
-0.042916187500003034
-0.03812768750000295
-0.014185687500001265
-0.007002687500003546
-0.009397687500001695
0.009756312499998643
-0.004608687500002873
-0.009397687500001695
-0.015383187500001227
-0.021368687500002537
-0.02735418750000207
-0.0333396875000016
-0.026156687500002107
-0.01897368750000261
-0.017776687500001387
-0.01657968750000194
-0.01538268750000249
-0.014185687500001265
-0.014185687500001265
-0.009397687500001695
-0.009397687500001695
-0.009397687500001695
-0.009397687500001695
-0.009397687500001695
0.0001793124999984741
-0.001416687500002567
-0.0030126875000018316
-0.004608687500002873
0.004968312499997296
-0.009397687500001695
-0.007801354166668162
-0.006205020833336405
-0.004608687500002873
-0.014185687500001265
-0.017378020833334062
-0.020570354166668636
-0.023762687500001434
-0.0221663541666679
-0.020570020833336145
-0.01897368750000261
-0.021368187500002023
-0.023762687500001434
-0.01897368750000261
-0.004608687500002873
0.004967812499996782
0.014544312499998213
0.009756312499996866
0.004968312499997296
-0.01179118750000363
-0.02855068750000278
-0.01897418750000135
-0.009397687500001695
-0.012270687500000932
-0.015143687500001946
