0.006224919999999967
0.003830720000000065
0.0014365200000000522
-0.0009576799999999608
-0.015322880000000039
-0.010534480000000013
0.00861911999999998
0.0068778836363636575
0.005136647272727224
0.0033954109090909013
0.0016541745454545786
-8.706181818185499e-05
-0.0018282981818181776
-0.0035695345454546112
-0.005310770909090934
-0.0070520072727272565
-0.00879324363636369
-0.010534480000000013
-0.004149946666666682
0.002234586666666649
0.00861911999999998
0.00861911999999998
0.003830719999999954
-0.0033518799999999738
-0.0033518799999999738
0.00861911999999998
0.00861911999999998
0.00861911999999998
0.00861911999999998
0.00861911999999998
0.00861911999999998
0.00861911999999998
-0.0009576799999999608
0.00861911999999998
0.013407520000000006
0.018195920000000032
0.011811386666666701
0.00542685333333337
-0.0009576799999999608
0.0014365199999999412
0.0008379699999999657
0.0002394199999999902
-0.0003591299999999853
-0.0009576799999999608
-0.0021547799999999118
-0.0033518799999999738
-0.004548980000000036
-0.005746079999999987
-0.005746079999999987
-0.004948013333333279
-0.004149946666666682
-0.0033518799999999738
-0.0025538133333332658
-0.0017557466666666688
-0.0009576799999999608
-0.005746079999999987
-0.0009576799999999608
-0.0009576799999999608
0.003830719999999954
0.0014365199999999412
-0.0009576799999999608
-0.0033518799999999738
-0.005746079999999987
-0.015322880000000039
-0.012928680000000026
-0.010534480000000013
-0.005746079999999987
-0.0009576799999999608
-0.0009576799999999608
-0.0009576799999999608
0.003830720000000065
0.00861911999999998
-0.0009576799999999608
-0.010534480000000013
-0.020111290000000004
-0.029688099999999995
-0.039264909999999986
-0.04884172000000003
-0.058418530000000024
0.08044514999999997
-0.020111279999999954
-0.0033518799999999738
0.013407520000000006
-0.0009576799999999608
-0.015322880000000039
-0.020111279999999954
-0.0033518799999999738
0.013407520000000006
-0.008140309999999928
-0.029688139999999974
-0.023702624999999977
-0.01771710999999998
-0.011731594999999984
-0.005746079999999987
-0.02489967999999998
0.022984320000000058
0.013407520000000006
0.003830719999999954
-0.012928709999999954
-0.029688139999999974
-0.008140309999999928
0.013407520000000006
0.00861911999999998
0.003830719999999954
0.020590139999999924
0.037349560000000004
0.01580174000000001
-0.005746079999999987
-0.007342213333333292
-0.008938346666666708
-0.010534480000000013
-0.005746079999999987
-0.010534480000000013
-0.015322879999999928
-0.020111279999999954
-0.0009576799999999608
0.018195920000000032
-0.005746079999999987
-0.004149946666666682
-0.0025538133333332658
-0.0009576799999999608
0.0014365199999999412
0.003830719999999954
0.003830719999999954
0.007022986666666675
0.010215253333333285
0.013407520000000006
0.016599786666666727
0.019792053333333337
0.022984320000000058
0.006224919999999967
-0.010534480000000013
-0.010534480000000013
0.00861911999999998
0.005027820000000016
0.0014365199999999412
-0.002154780000000023
-0.005746079999999987
-0.00814028
-0.010534480000000013
-0.003351880000000085
0.003830719999999954
0.00861911999999998
0.013407520000000006
0.018195920000000032
0.010215253333333396
0.002234586666666649
-0.005746079999999987
-0.0009576799999999608
-0.0033518799999999738
-0.005746079999999987
0.013407520000000006
0.011013319999999993
0.00861911999999998
0.0014365199999999412
-0.005746079999999987
-0.0009576799999999608
0.003830719999999954
0.0006384533333332332
-0.002553813333333377
-0.005746079999999987
-0.008938346666666708
-0.012130613333333429
-0.015322880000000039
-0.0009576799999999608
0.003830720000000065
0.00861911999999998
0.037349540000000014
0.022984329999999997
0.00861911999999998
0.006224919999999967
0.003830719999999954
0.0014365199999999412
-0.0009576799999999608
-0.0033518799999999738
-0.005746079999999987
-0.00814028
-0.010534480000000013
-0.039264940000000026
-0.039264940000000026
-0.030885225000000016
-0.022505510000000006
-0.014125794999999997
-0.005746079999999987
-0.005746079999999987
-0.005746079999999987
-0.005746079999999987
0.0014365199999999412
0.00861911999999998
0.011013319999999993
0.013407520000000006
0.020590120000000045
-0.020111279999999954
-0.023303566666666664
-0.026495853333333264
-0.029688139999999974
-0.029688139999999974
-0.022505510000000006
-0.015322880000000039
-0.020111279999999954
-0.02170741333333326
-0.023303546666666675
-0.02489967999999998
-0.022505479999999967
-0.020111280000000065
-0.01771708000000005
-0.015322880000000039
0.003830720000000065
0.003830720000000065
0.003830720000000065
0.003830720000000065
0.003830720000000065
0.003830720000000065
0.003830720000000065
0.003830720000000065
0.003830720000000065
0.003830719999999954
0.003830719999999954
0.003830719999999954
0.003830719999999954
0.003830719999999954
0.003830719999999954
0.003830719999999954
0.003830719999999954
0.003830719999999954
-0.0009576799999999608
0.003830719999999954
-0.01771707999999994
-0.029688139999999974
-0.0009576799999999608
-0.0025538133333332658
-0.004149946666666682
-0.005746079999999987
-0.0033518799999999738
-0.0009576799999999608
-0.005746079999999987
-0.010534480000000013
-0.008938346666666708
-0.007342213333333292
-0.005746079999999987
-0.0009576799999999608
-0.010534480000000013
-0.007342213333333292
-0.004149946666666682
-0.0009576799999999608
0.003830720000000065
0.00861911999999998
0.013407520000000006
-0.003351880000000085
0.0008379699999999657
0.005027820000000016
0.009217669999999956
0.013407520000000006
-0.010534480000000013
0.0014365199999999412
0.013407520000000006
-0.005746079999999987
-0.0028730399999999934
0.0
0.0028730399999999934
0.005746079999999987
0.00861911999999998
-0.005746079999999987
0.003830719999999954
-0.0009576799999999608
0.006224919999999967
0.013407520000000006
0.0014365199999999412
-0.010534480000000013
0.0014365199999999412
0.013407520000000006
-0.0009576799999999608
-0.015322880000000039
-0.009736413333333305
-0.004149946666666682
0.0014365199999999412
0.007022986666666675
0.012609453333333409
0.018195920000000032
-0.005746079999999987
-0.003830719999999954
-0.0019153600000000326
0.0
0.0019153600000000326
0.003830720000000065
0.005746079999999987
0.007661440000000019
0.009576800000000052
0.011492159999999974
0.013407520000000006
0.0014365199999999412
-0.012928680000000026
0.0014365199999999412
0.002234586666666649
0.003032653333333246
0.003830719999999954
0.0014365199999999412
-0.0009576799999999608
-0.005746079999999987
-0.0009576799999999608
0.003830719999999954
0.00861911999999998
0.013407520000000006
0.011013319999999993
0.00861911999999998
0.003830720000000065
-0.0009576799999999608
0.0006384533333333442
0.002234586666666649
0.003830719999999954
0.005426853333333259
0.007022986666666675
0.00861911999999998
-0.005746079999999987
-0.005746079999999987
-0.005746079999999987
-0.020111279999999954
-0.0033518799999999738
0.013407520000000006
0.00861911999999998
0.003830719999999954
0.00861911999999998
0.013407520000000006
0.00861911999999998
0.003830720000000065
-0.0009576799999999608
-0.005746079999999987
-0.0009576799999999608
-0.005746079999999987
-0.010534480000000013
0.003830719999999954
0.0014365199999999412
-0.0009576799999999608
-0.0009576799999999608
-0.0009576799999999608
-0.0009576799999999608
-0.010534480000000013
-0.0009576799999999608
0.00861911999999998
0.005746079999999987
0.0028730399999999934
0.0
-0.0028730399999999934
-0.005746079999999987
0.011013319999999993
0.009816220000000042
0.00861911999999998
0.0014365199999999412
-0.005746079999999987
-0.004149946666666682
-0.0025538133333332658
-0.0009576799999999608
-0.0017557466666666688
-0.0025538133333332658
-0.0033518799999999738
-0.004149946666666682
-0.004948013333333279
-0.005746079999999987
-0.015322880000000039
-0.0009576799999999608
-0.005746079999999987
-0.010534480000000013
-0.015322880000000039
-0.005746079999999987
0.003830719999999954
0.003830719999999954
-0.005746079999999987
-0.005746079999999987
-0.005746079999999987
-0.005746079999999987
-0.005746079999999987
0.003830719999999954
-0.002873051999999987
-0.00957682400000004
-0.01628059599999998
-0.022984368000000033
-0.029688139999999974
0.018195920000000032
0.011811386666666701
0.00542685333333337
-0.0009576799999999608
-0.007342213333333292
-0.013726746666666623
-0.020111279999999954
-0.00814028
0.003830719999999954
-0.0009576799999999608
0.00861911999999998
0.00861911999999998
-0.0009576799999999608
-0.004149946666666682
-0.007342213333333292
-0.010534480000000013
-0.0009576799999999608
0.00861911999999998
-0.015322880000000039
-0.0009576799999999608
-0.010534480000000013
-0.020111279999999954
0.018195920000000032
0.013407520000000006
0.00861911999999998
0.003830719999999954
0.003830719999999954
0.003830719999999954
-0.010534480000000013
-0.010534480000000013
-0.010534480000000013
-0.010534480000000013
-0.009935930000000037
-0.009337380000000062
-0.008738829999999975
-0.00814028
-0.002154780000000023
0.003830719999999954
-0.005746079999999987
-0.0033518799999999738
-0.0009576799999999608
-0.00814028
-0.015322880000000039
-0.005746079999999987
0.003830719999999954
-0.008938366666666697
-0.02170745333333335
-0.03447654
-0.015322880000000039
-0.020111280000000065
-0.02489967999999998
-0.022505479999999967
-0.020111279999999954
-0.01771707999999994
-0.015322880000000039
-0.012928680000000026
-0.010534480000000013
-0.00814028
-0.005746079999999987
-0.015322880000000039
-0.02489967999999998
-0.00814028
0.00861911999999998
0.003830719999999954
0.003830719999999954
0.003830719999999954
0.0006384533333332332
-0.002553813333333377
-0.005746079999999987
-0.008938346666666708
-0.012130613333333429
-0.015322880000000039
0.003830720000000065
-0.003351880000000085
-0.0033518799999999738
0.005027820000000016
0.013407520000000006
-0.0033518799999999738
-0.020111279999999954
-0.019153599999999993
-0.018195920000000032
-0.01723823999999996
-0.01628056
-0.015322880000000039
-0.0009576799999999608
-0.005746079999999987
-0.010534480000000013
-0.015322880000000039
0.003830719999999954
0.003032653333333357
0.002234586666666649
0.0014365199999999412
0.0006384533333333442
-0.00015961333333325278
-0.0009576799999999608
-0.015322880000000039
-0.0009576799999999608
-0.010534480000000013
-0.020111279999999954
0.00861911999999998
-0.010534510000000052
-0.029688139999999974
0.022984320000000058
0.007022986666666675
-0.008938346666666597
-0.02489967999999998
0.022984320000000058
0.016400270000000106
0.009816220000000042
0.0032321699999999787
-0.0033518799999999738
-0.003950429999999949
-0.004548980000000036
-0.005147530000000011
-0.005746079999999987
0.018195920000000032
0.014604620000000068
0.011013319999999993
0.007422020000000029
0.003830720000000065
0.0002394199999999902
-0.0033518799999999738
-0.006943179999999938
-0.010534480000000013
-0.014125779999999977
-0.01771707999999994
-0.021308380000000016
-0.02489967999999998
0.018195920000000032
-0.0009576799999999608
0.003830719999999954
-0.015322880000000039
-0.029688139999999974
-0.010534480000000013
-0.005746079999999987
0.003830719999999954
-0.004149946666666682
-0.012130613333333318
-0.020111279999999954
0.00861911999999998
-0.02489967999999998
0.003830719999999954
-0.005746079999999987
-0.004788400000000026
-0.003830719999999954
-0.0028730399999999934
-0.0019153599999999216
-0.0009576799999999608
-0.015322880000000039
-0.005746079999999987
0.003830719999999954
-0.0009576799999999608
0.003830719999999954
-0.005746079999999987
-0.015322880000000039
-0.010534480000000013
-0.0009576799999999608
0.00861911999999998
0.006224919999999967
0.003830719999999954
0.004628786666666662
0.005426853333333259
0.006224919999999967
0.007022986666666675
0.007821053333333272
0.00861911999999998
-0.015322880000000039
0.00861911999999998
0.0038307124999999997
-0.0009576949999999806
-0.005746102499999961
-0.010534510000000052
-0.015322917500000033
-0.020111325000000013
-0.024899732499999994
-0.029688139999999974
-0.011731610000000003
0.006224919999999967
0.003830719999999954
-0.005746079999999987
-0.0009576799999999608
-0.015322880000000039
0.003830719999999954
0.005027820000000016
0.006224919999999967
0.007422019999999918
0.00861911999999998
0.007422020000000029
0.006224919999999967
0.005027820000000016
0.003830720000000065
-0.005746079999999987
-0.00814028
-0.010534480000000013
-0.007661440000000019
-0.004788400000000026
-0.0019153600000000326
0.0009576799999999608
0.003830719999999954
-0.005746079999999987
-0.005746079999999987
-0.002553813333333377
0.0006384533333333442
0.003830719999999954
0.003830719999999954
0.003830719999999954
0.003830719999999954
-0.010534480000000013
-0.0009576799999999608
0.00861911999999998
0.003830719999999954
-0.0009576799999999608
-0.005746079999999987
-0.010534480000000013
-0.005746079999999987
-0.004788400000000026
-0.003830719999999954
-0.0028730399999999934
-0.0019153599999999216
-0.0009576799999999608
0.003830719999999954
0.0002394199999999902
-0.003351880000000085
-0.006943180000000049
-0.010534480000000013
-0.014125779999999977
-0.01771707999999994
-0.021308380000000016
-0.02489967999999998
0.04213796000000003
-0.020111279999999954
0.013407520000000006
0.011013319999999993
0.00861911999999998
0.006224919999999967
0.003830719999999954
-0.0009576799999999608
-0.010534480000000013
-0.0009576799999999608
-0.015322880000000039
-0.006943180000000049
0.0014365199999999412
0.009816220000000042
0.018195920000000032
-0.0009576799999999608
-0.020111279999999954
-0.012928679999999915
-0.005746079999999987
0.0014365200000000522
0.008619120000000091
0.01580172000000002
0.022984320000000058
-0.0009576799999999608
-0.02489967999999998
-0.020111279999999954
-0.015322880000000039
-0.010534480000000013
-0.005746079999999987
-0.0009576799999999608
0.003830719999999954
0.00861911999999998
-0.04405334000000005
0.0014365200000000522
0.011013319999999993
0.00861911999999998
0.006224919999999967
0.003830720000000065
0.0014365200000000522
-0.0009576799999999608
0.013407520000000006
-0.015322880000000039
0.013407520000000006
0.005027820000000016
-0.0033518799999999738
-0.011731579999999964
-0.020111279999999954
-0.010534480000000013
-0.0009576799999999608
0.00861911999999998
-0.020111279999999954
-0.0033518799999999738
0.013407520000000006
-0.010534480000000013
-0.010534480000000013
-0.0009576799999999608
-0.00814028
-0.015322880000000039
-0.010534480000000013
-0.005746079999999987
-0.010534480000000013
-0.015322880000000039
-0.010534480000000013
-0.005746079999999987
-0.012130613333333318
-0.01851514666666665
-0.02489967999999998
-0.005746079999999987
0.013407520000000006
0.0014365199999999412
-0.010534480000000013
-0.0009576799999999608
0.00861911999999998
0.003830720000000065
-0.0009576799999999608
-0.0009576799999999608
-0.0009576799999999608
-0.0009576799999999608
-0.0009576799999999608
0.0014365199999999412
0.003830719999999954
0.0028730399999999934
0.0019153600000000326
0.0009576799999999608
0.0
-0.0009576799999999608
-0.005746079999999987
0.05171475999999997
-0.04884172999999997
0.003830719999999954
0.005426853333333259
0.007022986666666675
0.00861911999999998
-0.010534480000000013
0.006224919999999967
0.022984320000000058
0.019564034285714293
0.01614374857142864
0.012723462857142875
0.009303177142857222
0.005882891428571457
0.0024626057142858038
-0.0009576799999999608
0.011013319999999993
0.022984320000000058
0.0014365199999999412
-0.005746079999999987
-0.0033518799999999738
-0.0009576799999999608
0.003830720000000065
0.00861911999999998
-0.010534480000000013
-0.004149946666666682
0.002234586666666649
0.00861911999999998
0.006224919999999967
0.003830719999999954
0.0014365199999999412
-0.0009576799999999608
-0.0033518799999999738
-0.005746079999999987
0.003830720000000065
0.013407520000000006
-0.0009576799999999608
-0.0009576799999999608
0.013407520000000006
0.011811386666666701
0.010215253333333285
0.00861911999999998
-0.020111279999999954
-0.01628056
-0.012449839999999934
-0.00861911999999998
-0.004788399999999915
-0.0009576799999999608
-0.015322880000000039
-0.0009576799999999608
0.002234586666666649
0.00542685333333337
0.00861911999999998
0.0014365199999999412
-0.005746079999999987
-0.005746079999999987
-0.004149946666666682
-0.0025538133333332658
-0.0009576799999999608
-0.0009576799999999608
0.0006384533333333442
0.002234586666666649
0.003830719999999954
0.0014365199999999412
-0.0009576799999999608
-0.0033518799999999738
-0.005746079999999987
-0.0009576799999999608
-0.0019153599999999216
-0.0028730399999999934
-0.003830719999999954
-0.004788400000000026
-0.005746079999999987
-0.005746079999999987
-0.0009576799999999608
0.003830719999999954
0.003830719999999954
0.003830719999999954
0.004788399999999915
