-0.010654189999999897
-0.005865789999999871
0.001316810000000057
0.008499410000000096
0.00371101000000007
-0.0010773899999999559
-0.003471589999999969
-0.005865789999999871
-0.005865789999999871
-0.012250323333333202
-0.018634856666666533
-0.025019389999999864
-0.02023098999999995
-0.015442589999999923
-0.012250323333333202
-0.009058056666666592
-0.005865789999999871
-0.00466868999999992
-0.003471589999999969
-0.002274489999999907
-0.0010773899999999559
-0.02023098999999995
-0.0010773899999999559
0.0005187433333333491
0.002114876666666765
0.00371101000000007
0.004908110000000132
0.006105210000000083
0.007302310000000034
0.008499410000000096
-0.015442589999999923
-0.010654189999999897
-0.015442601999999916
-0.020231013999999936
-0.025019425999999845
-0.029807837999999864
-0.034596249999999884
-0.020231019999999877
-0.005865789999999871
-0.005865789999999871
-0.005865789999999871
0.00371101000000007
-0.00011970999999988408
-0.003950429999999949
-0.007781149999999903
-0.011611869999999969
-0.015442589999999923
-0.005865789999999871
-0.005865789999999871
-0.005865789999999871
-0.005865789999999871
0.001316810000000057
0.008499410000000096
0.008499410000000096
0.008499410000000096
-0.003471589999999969
-0.015442589999999923
-0.013846456666666618
-0.012250323333333202
-0.010654189999999897
-0.009058056666666592
-0.007461923333333176
-0.005865789999999871
-0.02023098999999995
-0.01304838999999991
-0.005865789999999871
0.001316810000000057
0.008499410000000096
0.008499410000000096
-0.005865789999999871
-0.02023098999999995
-0.02262518999999985
-0.025019389999999864
-0.015442589999999923
-0.005865789999999871
-0.00466868999999992
-0.003471589999999969
-0.002274489999999907
-0.0010773899999999559
0.008499410000000096
-0.005865789999999871
-0.008259989999999884
-0.010654189999999897
-0.009917513076923012
-0.009180836153846017
-0.008444159230769133
-0.007707482307692248
-0.006970805384615253
-0.0062341284615383685
-0.005497451538461484
-0.0047607746153846
-0.004024097692307604
-0.00328742076923072
-0.0025507438461538356
-0.0018140669230768403
-0.0010773899999999559
-0.015442589999999923
-0.02023098999999995
-0.005865789999999871
-0.005865789999999871
0.00371101000000007
-0.0010773899999999559
-0.0010773899999999559
-0.005865789999999871
-0.004269656666666566
-0.002673523333333261
-0.0010773899999999559
-0.005865789999999871
-0.005865789999999871
-0.008259989999999884
-0.010654189999999897
-0.012250323333333202
-0.013846456666666618
-0.015442589999999923
-0.02023098999999995
-0.010654189999999897
-0.0010773899999999559
-0.0001197099999999951
0.0008379700000000767
0.0017956500000000375
0.0027533300000001093
0.00371101000000007
-0.010654189999999897
0.018076210000000148
-0.0010773899999999559
-0.0010773899999999559
-0.0010773899999999559
-0.0010773899999999559
-0.0010773899999999559
-0.010654189999999897
-0.025019389999999864
-0.01304838999999991
-0.0010773899999999559
-0.0010773899999999559
0.00371101000000007
0.008499410000000096
0.010095543333333401
0.011691676666666817
0.013287810000000122
0.008499410000000096
0.004668690000000142
0.0008379700000000767
-0.0029927499999998775
-0.006823469999999943
-0.010654189999999897
-0.0010773899999999559
-0.015442589999999923
-0.009058056666666592
-0.002673523333333261
0.00371101000000007
-0.005865789999999871
-0.017836789999999825
-0.02980778999999989
-0.02023098999999995
-0.010654189999999897
-0.01304838999999991
-0.015442589999999923
-0.011851289999999959
-0.008259989999999995
-0.00466868999999992
-0.0010773899999999559
-0.025019389999999864
-0.018315629999999916
-0.011611869999999858
-0.00490810999999991
0.0017956500000001485
0.008499410000000096
-0.015442589999999923
-0.005865789999999871
-0.010654189999999897
-0.015442589999999923
-0.015442589999999923
-0.012250323333333202
-0.009058056666666592
-0.005865789999999871
-0.00466868999999992
-0.003471589999999969
-0.002274489999999907
-0.0010773899999999559
-0.004269656666666566
-0.007461923333333287
-0.010654189999999897
-0.009457089999999946
-0.008259989999999995
-0.007062889999999933
-0.005865789999999871
-0.010654189999999897
-0.015442589999999923
-0.009058056666666592
-0.002673523333333261
0.00371101000000007
0.002513910000000008
0.001316810000000057
0.00011971000000010612
-0.0010773899999999559
-0.0010773899999999559
-0.010654189999999897
-0.0010773899999998449
0.008499410000000096
0.00371101000000007
0.001316810000000057
-0.0010773899999999559
-0.008259989999999995
-0.015442589999999923
-0.015442589999999923
-0.015442589999999923
-0.013846456666666618
-0.012250323333333202
-0.010654189999999897
-0.009058056666666592
-0.007461923333333176
-0.005865789999999871
-0.02023098999999995
0.008499410000000096
0.008247388947368539
0.007995367894736982
0.007743346842105314
0.007491325789473757
0.0072393047368422
0.006987283684210643
0.0067352626315790864
0.0064832415789474185
0.0062312205263158615
0.005979199473684305
0.005727178421052748
0.00547515736842108
0.005223136315789523
0.004971115263157966
0.004719094210526409
0.004467073157894852
0.004215052105263184
0.003963031052631627
0.00371101000000007
0.002114876666666765
0.0005187433333333491
-0.0010773899999999559
-0.010654189999999897
-0.02023098999999995
-0.02023098999999995
-0.02023098999999995
-0.02023098999999995
-0.015442589999999923
-0.010654189999999897
-0.005865789999999871
-0.003471589999999969
-0.010654189999999897
-0.010654189999999897
-0.005865789999999871
-0.004269656666666566
-0.0010773899999999559
-0.005865789999999982
-0.010654189999999897
-0.015442589999999923
-0.010654189999999897
-0.005865789999999871
0.018076210000000148
0.001316810000000057
-0.015442589999999923
-0.015442589999999923
-0.015442589999999923
-0.015442589999999923
-0.018634856666666533
-0.021827123333333254
-0.025019389999999864
-0.0010773899999999559
-0.0010773899999999559
-0.0010773899999999559
-0.0010773899999999559
-0.0010773899999999559
-0.005865789999999871
0.008499410000000096
-0.010654189999999897
0.013287810000000122
0.010414770000000129
0.007541730000000135
0.004668690000000031
0.0017956500000000375
-0.0010773899999999559
0.00371101000000007
-0.005865789999999871
-0.010654189999999897
-0.015442589999999923
-0.010654189999999897
-0.005865789999999871
-0.01304838999999991
-0.02023098999999995
-0.008259989999999995
0.00371101000000007
-0.008259989999999995
-0.02023098999999995
-0.018634856666666644
-0.017038723333333228
-0.015442589999999923
0.00371101000000007
-0.02023098999999995
-0.012250323333333313
-0.004269656666666566
0.00371101000000007
-0.008259989999999995
-0.02023098999999995
0.013287810000000122
0.010095543333333401
0.006903276666666791
0.00371101000000007
0.0031124600000000946
0.002513910000000008
0.0019153600000000326
0.001316810000000057
0.0007182600000000816
0.00011971000000010612
-0.0004788399999999804
-0.0010773899999999559
-0.034596249999999884
-0.02262521999999989
-0.015442589999999923
0.001316810000000057
0.018076210000000148
-0.015442589999999923
-0.008259989999999995
-0.0010773899999999559
0.00371101000000007
-0.008259989999999995
-0.02023098999999995
-0.012250323333333313
-0.004269656666666566
0.00371101000000007
-0.003471589999999969
-0.010654189999999897
-0.017836789999999825
-0.025019389999999864
0.013287810000000122
-0.0010773899999998449
-0.015442589999999923
-0.003471589999999969
0.008499410000000096
-0.005865789999999871
0.008499410000000096
0.00371101000000007
-0.0010773899999998449
-0.005865789999999871
-0.003471589999999969
-0.0010773899999999559
0.001316810000000057
0.00371101000000007
-0.008259989999999995
-0.02023098999999995
-0.018794469999999897
-0.017357949999999955
-0.015921429999999903
-0.014484909999999962
-0.01304838999999991
-0.011611869999999858
-0.010175349999999916
-0.008738829999999864
-0.007302309999999923
-0.005865789999999871
-0.025019389999999864
0.001316810000000057
-0.01304838999999991
-0.005865789999999871
-0.0010773899999998449
0.00371101000000007
-0.025019389999999864
-0.019273309999999877
-0.01352722999999989
-0.007781149999999903
-0.0020350699999999167
0.00371101000000007
-0.005865789999999871
-0.015442589999999923
0.00371101000000007
0.022864610000000063
0.013287810000000011
0.00371101000000007
-0.0010773899999999559
-0.0010773899999999559
-0.0010773899999999559
-0.013846476666666607
-0.02661556333333326
-0.03938464999999991
-0.01304838999999991
-0.009457089999999946
-0.005865789999999871
-0.013846456666666507
-0.021827123333333254
-0.02980778999999989
-0.01304838999999991
0.00371101000000007
-0.005865789999999871
-0.015442589999999923
-0.005865789999999871
0.00371101000000007
0.013287810000000122
0.018076210000000148
-0.03938464999999991
-0.013048419999999838
0.013287810000000122
-0.0010773899999998449
-0.015442589999999923
-0.009058056666666592
-0.002673523333333261
0.00371101000000007
-0.025019389999999864
-0.022891212222222124
-0.020763034444444273
-0.018634856666666533
-0.016506678888888793
-0.014378501111110942
-0.012250323333333202
-0.010122145555555462
-0.00799396777777761
-0.005865789999999871
-0.015442589999999923
-0.0010773899999998449
-0.013048389999999799
-0.025019389999999864
-0.008259989999999884
0.004908110000000132
0.018076210000000148
0.003711010000000181
-0.010654189999999897
-0.025019389999999864
0.013287810000000122
0.002114876666666765
-0.009058056666666592
-0.02023098999999995
-0.01304838999999991
-0.005865789999999871
0.00371101000000007
0.001715843333333411
-0.0002793233333332479
-0.002274489999999907
-0.004269656666666566
-0.006264823333333225
-0.008259989999999995
-0.010255156666666654
-0.012250323333333313
-0.014245489999999972
-0.01624065666666663
-0.01823582333333329
-0.02023098999999995
0.013287810000000122
-0.008259989999999884
-0.017038743333333217
-0.006663866666666518
0.00371101000000007
-0.010654189999999897
-0.003471589999999969
0.00371101000000007
-0.0010773899999999559
0.0005187433333333491
0.002114876666666765
0.00371101000000007
0.00371101000000007
0.00371101000000007
0.0019153600000000326
0.00011971000000010612
-0.0016759399999999314
-0.003471589999999969
-0.009058056666666592
-0.014644523333333326
-0.02023098999999995
0.008499410000000096
-0.008259989999999884
-0.025019389999999864
-0.020230989999999838
-0.015442589999999923
-0.010654189999999897
-0.0010773899999999559
-0.005865789999999871
-0.010654189999999897
0.008499410000000096
0.02765301000000009
0.018674760000000123
0.009696510000000158
0.0007182600000000816
-0.008259989999999884
-0.02142811999999994
-0.034596249999999884
-0.0058658199999999106
0.022864610000000063
-0.02980778999999989
-0.005865789999999871
0.018076210000000148
0.013766650000000102
0.009457090000000057
0.005147530000000122
0.0008379700000000767
-0.003471589999999969
-0.0016759399999999314
0.00011971000000010612
0.0019153600000000326
0.00371101000000007
0.00011971000000010612
-0.003471589999999969
-0.010654189999999897
0.003711010000000181
0.018076210000000148
-0.003471589999999858
-0.025019389999999864
-0.01304838999999991
-0.0010773899999999559
-0.01304838999999991
-0.025019389999999864
-0.02159910428571421
-0.018178818571428446
-0.014758532857142792
-0.011338247142857028
-0.007917961428571374
-0.004497675714285609
-0.0010773899999999559
-0.015442589999999923
-0.02023098999999995
0.008499410000000096
-0.0010773899999998449
-0.010654189999999897
-0.013846456666666618
-0.017038723333333228
-0.02023098999999995
0.008499410000000096
-0.015442619999999962
-0.03938464999999991
-0.025019429999999954
-0.010654209999999886
0.00371101000000007
-0.025019389999999864
-0.005865789999999871
0.013287810000000122
0.011523662631579112
0.009759515263157992
0.007995367894736982
0.0062312205263158615
0.004467073157894852
0.0027029257894737313
0.0009387784210527217
-0.0008253689473682879
-0.0025895163157894086
-0.004353663684210418
-0.006117811052631539
-0.007881958421052548
-0.009646105789473669
-0.011410253157894679
-0.013174400526315688
-0.014938547894736809
-0.01670269526315782
-0.01846684263157894
-0.02023098999999995
-0.008259989999999995
0.00371101000000007
-0.015442589999999923
-0.02023098999999995
-0.003471589999999969
-0.010654189999999897
-0.0010773899999998449
-0.0010773899999998449
-0.008259989999999884
-0.009286075714285635
-0.010312161428571276
-0.011338247142857028
-0.012364332857142779
-0.01339041857142853
-0.014416504285714171
-0.015442589999999923
0.00371101000000007
-0.003471589999999969
-0.0010773899999999559
-0.008259989999999995
-0.015442589999999923
-0.017836789999999936
-0.02023098999999995
-0.012250323333333313
-0.004269656666666566
0.00371101000000007
0.001316810000000057
-0.0010773899999999559
-0.003471589999999969
-0.00466868999999992
-0.005865789999999871
-0.008259989999999884
-0.010654189999999897
-0.010654189999999897
-0.012250323333333202
-0.013846456666666618
-0.015442589999999923
-0.011851289999999848
-0.008259989999999884
-0.00466868999999992
-0.0010773899999998449
0.003711010000000181
0.008499410000000096
