-0.037708450000000227
-0.03052545000000073
-0.02334295000000175
-0.016160450000000992
-0.013766450000000319
-0.011372449999999645
-0.011372449999999645
-0.011372449999999645
-0.020949449999999814
-0.020949449999999814
-0.020949449999999814
-0.020949449999999814
-0.020949449999999814
-0.016160450000000992
-0.02334295000000175
-0.03052545000000073
-0.025737449999999384
-0.024779849999999826
-0.023822250000000267
-0.02286464999999893
-0.021907049999999373
-0.020949449999999814
-0.03531444999999955
-0.03371811666666602
-0.032121783333334264
-0.03052545000000073
-0.011372449999999645
-0.010688307142856956
-0.010004164285714268
-0.009320021428571579
-0.00863587857142889
-0.007951735714286201
-0.007267592857143512
-0.006583450000000823
-0.016160450000000992
-0.00418945000000015
-0.025737449999999384
-0.03291995000000014
-0.0401024500000009
-0.037708450000000227
-0.03531444999999955
-0.037708450000000227
-0.0401024500000009
-0.04169878333333443
-0.04329511666666619
-0.04489144999999972
-0.03052594999999947
-0.016160450000000992
-0.025737449999999384
-0.013766450000000319
-0.0017954499999994766
-0.00418945000000015
-0.006583450000000823
-0.013766450000000319
-0.020949449999999814
-0.018554950000000403
-0.016160450000000992
-0.0209489499999993
-0.025737449999999384
-0.025737449999999384
-0.025737449999999384
-0.025737449999999384
-0.025737449999999384
-0.027333450000000425
-0.02892944999999969
-0.03052545000000073
-0.044890950000000984
-0.035314200000000184
-0.025737449999999384
-0.03052594999999947
-0.03531444999999955
-0.028131950000000572
-0.020949449999999814
-0.025737449999999384
-0.03052545000000073
-0.027652450000001494
-0.02477945000000048
-0.021906450000001243
-0.01903345000000023
-0.016160450000000992
-0.025737449999999384
-0.023343450000000487
-0.020949449999999814
-0.020949449999999814
-0.020949449999999814
-0.03052594999999947
-0.0401024500000009
-0.03052594999999947
-0.020949449999999814
-0.02094932500000013
-0.02094919999999867
-0.020949074999998984
-0.0209489499999993
-0.020949116666665546
-0.020949283333333568
-0.020949449999999814
-0.021747449999999446
-0.02254544999999908
-0.023343450000000487
-0.02414145000000012
-0.024939449999999752
-0.025737449999999384
-0.03052545000000073
-0.013766450000000319
-0.020949449999999814
0.0029925500000000937
-0.006584116666665807
-0.016160783333333484
-0.025737449999999384
-0.028929783333332182
-0.032122116666666756
-0.03531444999999955
-0.034630307142856864
-0.033946164285714175
-0.03326202142857149
-0.0325778785714288
-0.03189373571428611
-0.03120959285714342
-0.03052545000000073
-0.025737449999999384
-0.0209489499999993
-0.02094919999999867
-0.020949449999999814
-0.025737449999999384
-0.03052545000000073
-0.03291970000000077
-0.035313950000000816
-0.03770820000000086
-0.0401024500000009
-0.03052545000000073
-0.029328449999999506
-0.028131450000000058
-0.02693445000000061
-0.025737449999999384
-0.03052545000000073
-0.025737449999999384
-0.020949449999999814
-0.020949283333333568
-0.020949116666665546
-0.0209489499999993
-0.020949021428570802
-0.020949092857142304
-0.020949164285713806
-0.020949235714285308
-0.02094930714285681
-0.020949378571428312
-0.020949449999999814
-0.025737449999999384
-0.03052545000000073
-0.018554450000001665
-0.006583450000000823
-0.011371950000000908
-0.016160450000000992
-0.011372449999999645
-0.011372449999999645
-0.011372449999999645
-0.028131950000000572
-0.04489144999999972
-0.04329511666666619
-0.04169878333333443
-0.0401024500000009
-0.03797433888889046
-0.03584622777777824
-0.0337181166666678
-0.03159000555555558
-0.029461894444445136
-0.027333783333332917
-0.025205672222222475
-0.023077561111110256
-0.020949449999999814
-0.0401024500000009
-0.016160450000000992
-0.011372449999999645
-0.01057436666666689
-0.009776283333332358
-0.008978199999999603
-0.008180116666666848
-0.007382033333332316
-0.006583949999999561
-0.005785866666666806
-0.004987783333332274
-0.004189699999999519
-0.0033916166666667635
-0.002593533333332232
-0.0017954499999994766
-0.0401024500000009
-0.013766450000000319
-0.025737449999999384
-0.02334295000000175
-0.023343450000000487
-0.022146449999999263
-0.020949449999999814
-0.020949449999999814
-0.020949449999999814
-0.020949449999999814
-0.018554950000000403
-0.016160450000000992
-0.01935278333333379
-0.022545116666666587
-0.025737449999999384
-0.042496949999998535
-0.05925644999999946
-0.0401024500000009
-0.03770832500000054
-0.035314200000000184
-0.03292007499999983
-0.03052594999999947
-0.035314200000000184
-0.0401024500000009
-0.013766450000000319
0.012569550000000262
-0.0401024500000009
-0.03531411666666706
-0.030525783333333223
-0.025737449999999384
-0.016160450000000992
-0.025737449999999384
-0.03531444999999955
-0.023343450000000487
-0.011372449999999645
-0.016160783333333484
-0.020949116666665546
-0.025737449999999384
-0.016160450000000992
-0.025737200000000016
-0.035313950000000816
-0.044890700000001615
-0.05446745000000064
-0.020949449999999814
-0.024540699999999305
-0.028131950000000572
-0.03172320000000006
-0.03531444999999955
-0.001795450000001253
-0.013766450000000319
-0.025737449999999384
-0.013766450000000319
-0.0017954499999994766
-0.013766450000000319
-0.025737449999999384
-0.025737449999999384
-0.025737449999999384
-0.03531444999999955
-0.04489144999999972
-0.037708450000000227
-0.03052545000000073
-0.035313950000000816
-0.0401024500000009
-0.04249695000000031
-0.04489144999999972
-0.018554950000000403
0.007781549999998916
-0.008977950000000234
-0.025737449999999384
0.005387050000001281
0.03651155000000017
-0.004189949999998888
-0.04489144999999972
-0.039304950000000005
-0.03371845000000029
-0.028131950000000572
-0.02254544999999908
-0.016958949999999362
-0.011372449999999645
-0.05925644999999946
-0.03052545000000073
-0.05925644999999946
-0.04967945000000107
-0.018554950000000403
0.012569550000000262
-0.01616094999999973
-0.04489144999999972
-0.01616094999999973
0.012569550000000262
0.004429350000000554
-0.0037108500000009315
-0.01185105000000064
-0.019991250000002125
-0.028131450000001834
-0.06404445000000081
-0.0401024500000009
-0.016160450000000992
-0.025737449999999384
-0.03531444999999955
-0.028131950000000572
-0.020949449999999814
-0.020683338888888514
-0.020417227777777214
-0.02015111666666769
-0.01988500555555639
-0.01961889444444509
-0.01935278333333379
-0.019086672222224266
-0.018820561111112966
-0.018554450000001665
-0.0017954499999994766
-0.03052594999999947
-0.04967945000000107
-0.025737449999999384
-0.0017954499999994766
-0.016160450000000992
-0.012808650000000199
-0.009456849999999406
-0.006105050000000389
-0.0027532499999995963
0.0005985500000011967
-0.014963449999999767
-0.03052545000000073
-0.03371778333333353
-0.0369101166666681
-0.0401024500000009
-0.05446745000000064
-0.03052545000000073
-0.0424964499999998
-0.05446745000000064
-0.032121783333334264
-0.009776116666666113
0.012569550000000262
-0.03531444999999955
-0.020949116666667322
-0.006583783333333315
0.007781549999998916
-0.06404445000000081
-0.05590415000000171
-0.04776385000000083
-0.03962355000000173
-0.03148325000000085
-0.02334295000000175
-0.010175200000000828
0.0029925500000000937
-0.011372449999999645
-0.023343450000000487
-0.03531444999999955
-0.023343450000000487
-0.011372449999999645
-0.03291995000000014
-0.05446745000000064
-0.022544783333334095
0.009377883333332449
0.04130054999999899
-0.05925644999999946
-0.051275783333332825
-0.04329511666666619
-0.03531444999999955
-0.027333783333332917
-0.01935311666666628
-0.011372449999999645
-0.0033917833333330094
0.0045888833333336265
0.012569550000000262
-0.03052594999999947
-0.09756345000000088
-0.0717060500000013
-0.045848649999999935
-0.01999125000000035
0.005866150000001014
0.0317235500000006
-0.008977950000000234
-0.04967945000000107
-0.07840945000000055
-0.04728494999999988
-0.016160449999999216
0.014964049999999673
0.04608855000000034
-0.04967945000000107
-0.025737449999999384
-0.029680861764704858
-0.03362427352941033
-0.03756768529411758
-0.041511097058823054
-0.04545450882352853
-0.049397920588234
-0.05334133235294125
-0.057284744117646724
-0.0612281558823522
-0.06517156764705767
-0.06911497941176492
-0.0730583911764704
-0.07700180294117587
-0.08094521470588134
-0.08488862647058859
-0.08883203823529406
-0.09277544999999954
0.0317235500000006
-0.035313950000000816
-0.0401024500000009
-0.0401024500000009
-0.004189949999998888
-0.020948950000001076
-0.08798645000000072
0.0652425499999989
0.007781549999998916
-0.04967945000000107
-0.10714045000000105
0.04608855000000034
-0.04249695000000031
-0.13108245000000096
-0.028131950000000572
0.07481854999999982
-0.008978449999998972
-0.09277544999999954
-0.013766450000000319
0.0652425499999989
-0.00418945000000015
-0.07362145000000098
-0.05606395000000042
-0.03850644999999986
-0.0209489499999993
-0.0033914500000005177
0.014166050000000041
0.0317235500000006
-0.05925644999999946
-0.03930478333333198
-0.01935311666666628
0.0005985500000011967
-0.07840945000000055
-0.03052545000000073
0.017358549999999084
-0.025737116666666893
-0.06883278333333465
-0.11192845000000062
0.06045355000000008
-0.08319844999999937
-0.06452364999999993
-0.045848850000000496
-0.027174049999999284
-0.008499249999999847
0.010175549999999589
0.0029925500000000937
-0.025737449999999384
-0.05446745000000064
-0.04728494999999988
-0.0401024500000009
0.0005990499999999344
0.04130054999999899
0.011771883333333122
-0.017756783333334525
-0.047285450000000395
-0.06564078333333434
-0.08399611666666651
-0.10235145000000045
-0.0496791166666668
0.0029932166666668536
0.05566555000000051
0.024540800000000473
-0.006583949999999561
-0.037708699999999595
-0.06883344999999963
0.02693455
-0.011372449999999645
-0.015362783333332075
-0.01935311666666628
-0.023343450000000487
-0.027333783333332917
-0.03132411666666535
-0.03531444999999955
-0.037708450000000227
-0.0017954499999994766
-0.010004164285714268
-0.018212878571427282
-0.026421592857142073
-0.034630307142856864
-0.042839021428571655
-0.05104773571428467
-0.05925644999999946
-0.0401024500000009
0.007781549999998916
-0.020948950000001076
-0.04967945000000107
0.012569550000000262
-0.023343450000000487
-0.02693445000000061
-0.03052545000000073
-0.036510950000000264
-0.0424964499999998
-0.048481950000001106
-0.05446745000000064
-0.011371949999999131
0.0317235500000006
-0.025737449999999384
-0.08319844999999937
0.007781549999998916
-0.05446745000000064
-0.006583450000000823
-0.007889450000000409
-0.009195449999999994
-0.010501450000001356
-0.01180745000000094
-0.013113450000000526
-0.014419450000000111
-0.015725449999999697
-0.017031449999999282
-0.018337450000000644
-0.01964345000000023
-0.020949449999999814
0.0005985500000011967
-0.018554950000000403
-0.03052545000000073
-0.029567850000001172
-0.028610249999999837
-0.02765265000000028
-0.02669505000000072
-0.025737449999999384
-0.024779849999999826
-0.023822250000000267
-0.022864650000000708
-0.021907049999999373
-0.020949449999999814
-0.05925644999999946
-0.052073699999999334
-0.044890950000000984
-0.03770820000000086
-0.03052545000000073
-0.025737449999999384
-0.020949449999999814
-0.011372449999999645
-0.006583949999999561
-0.02254544999999908
-0.03531444999999955
-0.03052594999999947
-0.025737449999999384
-0.020949449999999814
-0.023343450000000487
-0.025737449999999384
-0.028131450000000058
-0.03052545000000073
-0.03052545000000073
-0.02892944999999969
-0.027333450000000425
-0.025737449999999384
-0.025737449999999384
-0.011372449999999645
-0.011372449999999645
-0.011372449999999645
-0.012968450000000686
-0.014564449999999951
-0.016160450000000992
-0.011372449999999645
-0.023343450000000487
-0.03531444999999955
-0.023343450000000487
-0.011372449999999645
-0.028131950000000572
-0.04489144999999972
-0.04369419999999913
-0.04249695000000031
-0.041299700000001494
-0.0401024500000009
-0.006583450000000823
-0.011371950000000908
-0.016160450000000992
-0.016160450000000992
-0.01935278333333379
-0.022545116666666587
-0.025737449999999384
-0.0017954499999994766
-0.016160783333333484
-0.030526116666665715
-0.04489144999999972
-0.016160450000000992
-0.016160450000000992
-0.016160450000000992
-0.016160450000000992
-0.022145950000000525
-0.028131450000001834
-0.03411695000000137
-0.0401024500000009
-0.0401024500000009
-0.03052545000000073
-0.025737449999999384
-0.0209489499999993
-0.016160450000000992
-0.01735769999999981
-0.018554950000000403
-0.019752200000000997
-0.020949449999999814
-0.025737449999999384
-0.03052545000000073
-0.03052545000000073
-0.03052545000000073
-0.03052545000000073
-0.03052545000000073
-0.028131450000000058
-0.025737449999999384
-0.023343450000000487
-0.020949449999999814
-0.03531444999999955
-0.025737449999999384
-0.028929783333332182
-0.032122116666666756
-0.03531444999999955
-0.028929783333333958
-0.022545116666666587
-0.016160450000000992
-0.016160450000000992
-0.016160450000000992
-0.020949449999999814
-0.011372449999999645
-0.018554950000000403
-0.025737449999999384
-0.028929783333332182
-0.032122116666666756
-0.03531444999999955
-0.025737449999999384
-0.03052594999999947
-0.03531444999999955
-0.028929783333333958
-0.022545116666666587
-0.016160450000000992
-0.04489144999999972
-0.037708450000000227
-0.03052545000000073
-0.02872995000000067
-0.02693445000000061
-0.02513895000000055
-0.023343450000000487
-0.019751950000001628
-0.016160450000000992
-0.011372449999999645
-0.011372449999999645
-0.011372449999999645
-0.011372449999999645
-0.015203050000000218
-0.01903365000000079
-0.022864249999999586
