0.0032321985000001163
0.0032321985000001163
0.0032321985000001163
0.0016360651666668113
3.993183333339534e-05
-0.0015562014999999096
-0.003152354833333204
-0.00474850816666661
-0.006344661499999904
0.0032321985000001163
3.9911833333405866e-05
-0.0031523748333331936
-0.006344661499999904
0.0008379685000000636
0.008020598500000031
0.008020598500000031
0.007122769750000035
0.006224941000000039
0.005327112250000043
0.0044292835000000474
0.0035314547500000515
0.0026336260000000555
0.0017357972500000596
0.0008379685000000636
-5.9860249999932336e-05
-0.0009576889999999283
-0.0018555177499999242
-0.00275334649999992
-0.003651175249999916
-0.004549003999999912
-0.005446832749999908
-0.006344661499999904
0.0016360251666667214
0.009616711833333458
0.017597398500000083
0.01520319850000007
0.012808998500000057
-0.0015562314999999494
-0.015921461499999956
-0.01113306149999993
-0.006344661499999904
-0.01113306149999993
-0.015921461499999956
-0.0063446414999999146
0.003232178500000016
0.012808998500000057
0.005626398500000129
-0.0015562014999999096
-0.003950431499999962
-0.006344661499999904
-0.006344661499999904
-0.006344661499999904
-0.006344661499999904
-0.006344661499999904
-0.0015562314999998383
0.0032321985000001163
-0.003950431499999962
-0.01113306149999993
-0.0063446414999999146
-0.0015562214999998991
0.0032321985000001163
0.0032321985000001163
0.010414798500000044
-0.003950431499999962
-0.006344661499999904
-0.0015562314999998383
-0.006344631499999864
-0.006344631499999975
-0.0015562014999999096
-0.0039504164999999425
-0.006344631499999864
-0.008738846499999897
-0.01113306149999993
-0.0031523748333333046
0.004828311833333432
0.012808998500000057
-0.003950431499999962
0.00682348350000006
0.017597398500000083
0.010414798500000155
0.0032321985000001163
-0.006344661499999904
3.989183333341639e-05
0.006424445166666737
0.012808998500000057
-0.0015562314999999494
-0.015921461499999956
-0.0015562314999999494
0.012808998500000057
0.0032321685000000766
-0.006344661499999904
-0.0005985694999999236
0.005147522500000057
0.010893614500000148
0.01663970650000013
0.02238579850000011
-0.0015562314999998383
0.017597398500000083
0.011212865166666752
0.004828331833333421
-0.0015562014999999096
-0.006344631499999864
-0.01113306149999993
0.017597398500000083
0.012808986500000064
0.008020574500000044
0.0032321625000001353
-0.0015562494999998844
-0.006344661499999904
0.0032321985000001163
0.0032321985000001163
0.0032321985000001163
-0.015921461499999956
0.02238579850000011
0.00562636850000009
-0.01113306149999993
-0.00474850816666661
0.0016360451666667108
0.008020598500000031
0.005626398500000129
0.0032321985000001163
0.0008379985000001033
-0.0015562014999999096
0.010414798500000155
0.02238579850000011
0.015682026500000057
0.008978254500000116
0.0022744825000000635
-0.004429289499999878
-0.01113306149999993
-0.01113306149999993
-0.006344631499999864
-0.00035912399999993294
0.0056263835000001094
0.011611891000000152
0.017597398500000083
0.0032321685000000766
-0.01113306149999993
-0.0015562014999999096
-0.006344631499999864
-0.01113306149999993
-0.01113306149999993
0.00562636850000009
0.02238579850000011
0.012808983500000148
0.0032321685000000766
-0.006344646499999995
-0.015921461499999956
0.008020598500000031
-0.006344661499999904
-0.01113306149999993
-0.015921461499999956
0.00562636850000009
0.027174198500000024
0.012808986000000022
-0.0015562264999999798
-0.01592143899999998
-0.030286651499999928
-0.0015562014999999096
0.010414798500000155
0.02238579850000011
-0.015921461499999956
-0.0063446414999999146
0.003232178500000016
0.012808998500000057
-0.01113306149999993
-0.003950431499999962
0.0032321985000001163
0.0008379985000001033
-0.0015562014999999096
-0.003152354833333204
-0.00474850816666661
-0.006344661499999904
0.009616691833333468
0.02557804516666673
0.0415393985000001
-0.035075051499999954
-0.02645592149999998
-0.01783679149999995
-0.009217661499999918
-0.0005985314999999991
0.008020598500000031
0.0032321685000000766
0.012808998500000057
0.005626383499999998
-0.0015562314999999494
-0.008738846499999897
-0.015921461499999956
0.008020598500000031
0.011212865166666752
0.014405131833333362
0.017597398500000083
0.008020583500000122
-0.0015562314999999494
-0.011133046500000021
-0.020709861499999982
0.02238579850000011
-0.020709861499999982
-0.01113306149999993
0.017597398500000083
-0.0015562314999999494
-0.020709861499999982
0.0032321684999999656
0.027174198500000024
0.0164002835
0.00562636850000009
-0.005147546499999933
-0.015921461499999956
-0.01751759483333326
-0.019113728166666677
-0.020709861499999982
-0.01592145292857139
-0.011133044357142796
-0.006344635785714203
-0.0015562272142857214
0.0032321813571428715
0.008020589928571464
0.012808998500000057
-0.01113306149999993
0.005626398500000129
-0.0015562014999999096
0.008020598500000031
-0.015921456499999875
-0.01304840549999986
-0.010175354499999845
-0.00730230349999994
-0.004429252499999925
-0.0015562014999999096
-0.020709861499999982
0.008020598500000031
0.0032321985000001163
-0.01113302649999992
-0.025498251499999902
0.0032321735000000462
0.03196259850000005
0.017597378500000094
0.0032321585000000264
-0.01113306149999993
-0.00474850816666661
0.0016360451666667108
0.008020598500000031
0.011212865166666752
0.014405131833333362
0.017597398500000083
-0.039863451499999925
0.03196259850000005
-0.039863451499999925
-0.01831562649999985
0.0032321985000001163
0.010414798500000155
0.017597398500000083
-0.0015562314999999494
-0.020709861499999982
-0.008738846500000008
0.0032321684999999656
0.01520318350000005
0.027174198500000024
0.011611886000000071
-0.003950426499999993
-0.019512738999999946
-0.035075051499999954
-0.0015562014999999096
0.012808998500000057
-0.030286651499999928
0.02238579850000011
0.010414798500000155
-0.0015562014999999096
-0.0015562014999999096
-0.0015562014999999096
-0.0005985214999999489
0.00035915850000012295
0.0013168385000000837
0.0022745185000000445
0.0032321985000000053
0.004189878500000077
0.005147558500000038
0.006105238499999999
0.0070629185000000705
0.008020598500000031
-0.015921426499999947
-0.039863451499999925
0.027174198500000024
-0.006344661499999904
-0.01113306149999993
0.02238579850000011
-0.013527226499999934
0.0032321985000001163
0.0011800185000001573
-0.0008721614999999128
-0.002924341499999872
-0.004976521499999942
-0.007028701499999901
-0.009080881499999971
-0.01113306149999993
-0.0015562414999998886
0.008020578500000042
0.017597398500000083
0.0032321685000000766
-0.01113306149999993
-0.006344631499999864
-0.0015562014999999096
-0.015921456499999875
-0.013185220071428416
-0.010448983642857068
-0.007712747214285609
-0.00497651078571415
-0.002240274357142691
0.0004959620714286572
0.0032321985000001163
-0.0015562014999999096
-0.006344661499999904
-0.008738826499999908
0.012808998500000057
0.010414798500000044
0.008020598500000031
0.005626398500000129
0.0032321985000001163
-0.01113302649999992
-0.030286651499999928
-0.008738826499999908
0.012808998500000057
0.012808998500000057
0.012808998500000057
0.012808998500000057
0.012808998500000057
-0.020709861499999982
-0.003950431499999962
0.012808998500000057
-0.0015562314999999494
-0.015921461499999956
-0.013527261499999943
-0.01113306149999993
-0.015921461499999956
-0.01113306149999993
-0.006344661499999904
-0.006344661499999904
-0.006344661499999904
-0.006344661499999904
-0.006344661499999904
-0.006344661499999904
-0.006344661499999904
-0.0015562314999999494
3.990683333332523e-05
0.0016360451666667108
0.0032321835000000965
0.004828321833333371
0.006424460166666646
0.008020598500000031
-0.01113306149999993
-0.0015562314999998383
-0.01113304649999991
-0.020709861499999982
-0.0143253181666666
-0.00794077483333333
-0.0015562314999999494
0.004828311833333432
0.011212855166666702
0.017597398500000083
0.0032321985000001163
-0.006344661499999904
-0.0015562014999999096
3.993183333339534e-05
0.0016360651666667003
0.0032321985000000053
0.0032321985000001163
0.0008379985000001033
-0.0015562014999999096
-0.0015562014999999096
-0.0015562014999999096
0.00035915850000012295
0.0022745185000000445
0.004189878500000077
0.006105238499999999
0.008020598500000031
0.008020598500000031
0.003232178500000016
-0.0015562414999998886
-0.006344661499999904
-0.0015562014999999096
-0.003950431499999962
-0.006344661499999904
-0.006344661499999904
-0.006344661499999904
-0.008738861499999917
-0.01113306149999993
-0.006344631499999864
-0.0015562014999999096
0.0020350985000000543
0.005626398500000129
0.009217698500000093
0.012808998500000057
-0.01113306149999993
-0.01113306149999993
-0.006344631499999864
-0.0015562014999999096
3.993183333339534e-05
0.0016360651666668113
0.0032321985000001163
-0.0015562014999999096
0.0032321985000000053
0.008020598500000031
0.0032321985000000053
-0.0015562014999999096
-0.003152354833333204
-0.00474850816666661
-0.006344661499999904
3.989183333341639e-05
0.006424445166666737
0.012808998500000057
-0.01113306149999993
-0.006344661499999904
-0.006344661499999904
-0.0031523748333331936
3.9911833333405866e-05
0.0032321985000001163
0.0008379985000001033
-0.0015562014999999096
0.0008379985000001033
0.0032321985000001163
-0.0003591164999998675
-0.003950431499999962
-0.007541746499999946
-0.01113306149999993
-0.00474850816666661
0.0016360451666667108
0.008020598500000031
0.0032321985000001163
0.0032321985000001163
0.008020598500000031
-0.006344661499999904
-0.003950431499999962
-0.0015562014999999096
0.0032321985000000053
0.008020598500000031
0.010414798500000044
0.012808998500000057
0.008020586500000038
0.003232174500000018
-0.0015562374999998907
-0.00634464949999991
-0.01113306149999993
-0.00634464949999991
-0.0015562374999998907
0.003232174500000018
0.008020586500000038
0.012808998500000057
0.010414798500000155
0.012808998500000057
0.0032321985000001163
-0.006344661499999904
-0.009536928166666625
-0.012729194833333235
-0.015921461499999956
-0.009536908166666636
-0.003152354833333204
0.0032321985000001163
0.004189878500000077
0.005147558500000038
0.00610523850000011
0.0070629185000000705
0.008020598500000031
0.0032321985000001163
0.008020598500000031
0.0073365413571429006
0.00665248421428577
0.005968427071428639
0.0052843699285715084
0.004600312785714378
0.003916255642857247
0.0032321985000001163
-0.006344661499999904
-0.008738861499999917
0.0032321985000001163
0.008020598500000031
0.0044292835000000474
0.0008379685000000636
-0.00275334649999992
-0.006344661499999904
-0.01113306149999993
-0.0015562314999999494
0.008020598500000031
0.0032321985000001163
0.0032321985000001163
0.0032321985000001163
0.0032321985000001163
0.0032321985000001163
-0.01113306149999993
-0.01113306149999993
-0.01113306149999993
-0.006344631499999864
-0.0015562014999999096
-0.0015562014999999096
-0.0015562014999999096
-0.0015562014999999096
-0.0015562014999999096
-0.0015562014999999096
-0.0015562014999999096
0.0008379685000000636
-0.01113306149999993
-0.006344661499999904
-0.006344661499999904
