-0.0047883000000013
-0.007182800000000711
-0.014365300000001469
-0.02154780000000045
-0.019153550000000408
-0.016759300000000366
-0.0143650500000021
-0.011970800000002058
-0.045489800000002134
-0.03112480000000062
-0.03112480000000062
-0.03112480000000062
-0.03112480000000062
-0.03112480000000062
-0.03112480000000062
-0.03112480000000062
-0.03112480000000062
-0.03112480000000062
-0.03112480000000062
-0.007182800000000711
0.04549019999999793
0.02154819999999802
-0.01675980000000088
-0.05985480000000187
-0.055066800000000526
-0.035912800000001965
-0.03495510000000124
-0.03399740000000229
-0.03303970000000156
-0.03208200000000261
-0.03112430000000188
-0.030166600000001154
-0.029208900000002203
-0.028251200000001475
-0.027293500000002524
-0.026335800000001797
-0.01675900000000219
-0.007182200000002581
0.0023945999999988032
0.011971399999998411
0.02154819999999802
0.027932533333331122
0.034316866666666
0.040701199999999105
0.019153699999998608
-0.002393800000001889
-0.011970800000002058
-0.02154780000000045
-0.03112480000000062
-0.03272080000000166
-0.034316800000000924
-0.035912800000001965
-0.040701133333335804
-0.045489466666667866
-0.050277800000001704
-0.04309530000000095
-0.035912800000001965
-0.028730300000001208
-0.02154780000000045
-0.002393800000001889
0.007182199999999028
-0.019153800000001553
-0.01675980000000088
-0.019153800000001553
-0.02154780000000045
-0.019153800000001553
-0.02154780000000045
-0.023942050000000492
-0.026336300000000534
-0.028730550000000576
-0.03112480000000062
-0.026335800000001797
0.002394199999999458
0.007182199999999028
0.0015958666666655574
-0.003990466666667913
-0.009576800000001384
-0.005985300000002525
-0.002393800000001889
-0.011970800000000281
-0.02154780000000045
-0.023941800000001123
-0.026335800000001797
-0.023941800000001123
-0.02154780000000045
-0.023941800000001123
-0.026335800000001797
-0.02154755000000108
-0.016759300000000366
-0.011971050000001426
-0.007182800000000711
-0.01675980000000088
-0.011970800000002058
-0.013168050000000875
-0.014365300000001469
-0.015562550000002062
-0.01675980000000088
0.002394199999999458
-0.026335800000001797
-0.011970800000000281
0.002394199999999458
-0.007182800000000711
-0.01675980000000088
-0.013339514285714671
-0.009919228571430239
-0.00649894285714403
-0.0030786571428578213
0.0003416285714283873
0.0037619142857128196
0.007182199999999028
0.002394199999999458
-0.035912800000001965
-0.011970800000002058
-0.03112480000000062
-0.023942300000001637
-0.01675980000000088
-0.01675980000000088
-0.014365300000001469
-0.011970800000002058
-0.014365300000001469
-0.01675980000000088
-0.01675980000000088
-0.01675980000000088
-0.01675980000000088
0.016759199999999197
-2.9999999995311555e-07
-0.01675980000000088
-0.013567466666668082
-0.010375133333333508
-0.007182800000000711
-0.03112480000000062
-0.028871447058824273
-0.026618094117647928
-0.024364741176471583
-0.022111388235295237
-0.019858035294118892
-0.017604682352942547
-0.015351329411766201
-0.013097976470589856
-0.010844623529411734
-0.008591270588235389
-0.006337917647059044
-0.004084564705882698
-0.001831211764706353
0.0004221411764699923
0.0026754941176463376
0.004928847058822683
0.007182199999999028
-0.009576800000001384
-0.026335800000001797
-0.002393800000001889
0.02154819999999802
-0.011970800000002058
-0.045489800000002134
-0.02154780000000045
0.007182199999999028
-0.01675980000000088
-0.01675980000000088
-0.014365300000001469
-0.05985480000000187
-0.023941800000001123
-0.055066800000000526
-0.03272080000000166
-0.010374800000001017
0.01197119999999785
0.010374866666664317
0.008778533333332561
0.007182199999999028
-0.014365300000001469
-0.035912800000001965
0.007182199999999028
-0.007182800000000711
-0.02793246666666782
-0.04868213333333493
-0.06943180000000204
-0.02154780000000045
-0.023941800000001123
-0.026335800000001797
-0.04070130000000205
-0.055066800000000526
-0.007182800000000711
-2.9999999995311555e-07
0.007182199999999028
-0.005985800000001262
-0.019153800000001553
-0.032321800000001844
-0.045489800000002134
0.002394199999999458
0.005586533333332255
0.008778866666665053
0.01197119999999785
-0.0646438000000007
-0.02154780000000045
0.016759199999999197
-0.019153800000001553
-0.055066800000000526
-0.03351880000000129
-0.011970800000002058
0.00957669999999844
0.031124199999998936
0.007182199999999028
-0.01675980000000088
-0.04070180000000079
-0.03351905000000066
-0.026336300000000534
-0.019153550000002184
-0.011970800000002058
0.04549019999999793
-0.002393800000001889
-0.0047883000000013
-0.007182800000000711
0.050278199999999273
0.03910519999999984
0.02793219999999863
0.016759199999999197
0.007182699999997766
-0.002393800000001889
0.050278199999999273
0.035913199999999534
0.02154819999999802
0.01197119999999785
0.0023941999999976815
-0.007182800000000711
-0.01675980000000088
0.01197119999999785
0.005586533333332255
-0.0007981333333351159
-0.007182800000000711
-0.035912800000001965
-0.0239418000000029
-0.011970800000002058
-0.02154780000000045
-0.03591313333333446
-0.05027846666666669
-0.0646438000000007
-0.04070180000000079
-0.0359133000000007
-0.03112480000000062
-0.026336300000000534
-0.021547800000002226
-0.016759300000002142
-0.011970800000002058
-0.04070130000000205
-0.011970800000002058
-0.04070130000000205
-0.06943180000000204
-0.028730300000002984
0.01197119999999785
0.01197119999999785
0.01197119999999785
-0.04309530000000095
-0.09816180000000152
-0.0694315500000009
-0.04070130000000205
-0.011971050000001426
0.016759199999999197
-0.026336300000000534
-0.06943180000000204
-0.0375091333333355
-0.005586466666667178
0.026336199999999366
-0.01675980000000088
-0.05985530000000239
-0.10295080000000212
-0.059855133333334365
-0.016759466666668388
0.026336199999999366
0.009576700000000216
-0.007182800000000711
-0.026336300000000534
-0.045489800000002134
-0.02314380000000149
-0.0007978000000026242
0.02154819999999802
-0.003591050000000706
-0.028730300000001208
-0.029528466666667086
-0.03032663333333474
-0.03112480000000062
-0.026335800000001797
-0.04309530000000095
-0.05985480000000187
-0.04868180000000244
-0.03750880000000123
-0.026335800000001797
0.031124199999998936
0.005586199999997987
-0.019951800000001185
-0.045489800000002134
-0.019153800000001553
0.007182199999999028
0.016759199999999197
-5.000000058430487e-08
-0.016759300000000366
-0.03351855000000192
-0.050277800000001704
-0.03112480000000062
0.016759199999999197
-0.009576800000001384
-0.035912800000001965
-0.03112430000000188
-0.026335800000001797
-0.01675913333333412
-0.007182466666668219
0.0023941999999976815
0.011970866666665358
0.021547533333333035
0.031124199999998936
-0.007182800000002487
-0.045489800000002134
-0.050277800000001704
0.06464319999999901
-0.04070180000000079
-0.011970800000002058
0.03112469999999945
0.07422019999999918
0.019153699999998608
-0.035912800000001965
-0.036710966666667844
-0.0375091333333355
-0.038307300000001376
-0.039105466666667255
-0.03990363333333491
-0.04070180000000079
0.009576700000000216
0.05985519999999944
-0.026335800000001797
-0.03830680000000086
-0.050277800000001704
-0.06224880000000255
-0.07421980000000161
-0.0047883000000013
0.06464319999999901
-0.01675980000000088
-0.0359133000000007
-0.055066800000000526
0.035913199999999534
0.016759199999999197
-0.011971300000000795
-0.04070180000000079
0.01197119999999785
0.02154819999999802
0.007182999999997719
-0.007182200000002581
-0.021547400000001105
-0.035912600000001405
-0.050277800000001704
-0.050277800000001704
-0.050277800000001704
-0.050277800000001704
-0.019153300000002815
0.01197119999999785
-0.019153300000002815
-0.050277800000001704
-0.05187413333333524
-0.053470466666666994
-0.055066800000000526
-0.009576800000001384
0.035913199999999534
0.007182699999999542
-0.02154780000000045
-0.028730300000001208
-0.035912800000001965
-0.014364800000002731
-0.06943180000000204
-0.011970800000002058
-0.00877846666666926
-0.005586133333334686
-0.002393800000001889
-0.04070180000000079
-0.038307550000000745
-0.0359133000000007
-0.03351905000000066
-0.03112480000000062
0.01197119999999785
-0.026335800000001797
-0.011970800000002058
0.01675953333333169
0.045489866666665435
0.07422019999999918
0.03112469999999945
-0.011970800000002058
-0.045489800000002134
-0.014365300000001469
0.016759199999999197
0.003591074999999222
-0.009577050000000753
-0.022745175000000728
-0.0359133000000007
-0.015163466666667347
0.0055863666666660095
0.026336199999999366
0.031124533333333204
0.035912866666665266
0.040701199999999105
-0.035912800000001965
-0.055066800000000526
-0.029528466666667086
-0.003990133333335422
0.02154819999999802
-0.01675980000000088
-0.020590400000001452
-0.024421000000002024
-0.02825160000000082
-0.03208220000000139
-0.035912800000001965
-0.03112480000000062
-0.007182800000000711
-0.023942300000001637
-0.04070180000000079
-0.04788429999999977
-0.055066800000000526
-0.0023943000000006265
0.050278199999999273
0.009576700000000216
-0.03112480000000062
-0.035912800000001965
0.004788699999998869
0.04549019999999793
0.038786399999997556
0.032082599999997186
0.02537879999999859
0.01867499999999822
0.01197119999999785
-0.002394300000002403
-0.01675980000000088
-0.03112480000000062
-0.045489800000002134
0.007182199999999028
-0.03112480000000062
-0.06943180000000204
-0.03112480000000062
0.002394199999999458
0.011970866666665358
0.021547533333333035
0.031124199999998936
0.024420599999999126
0.017716999999999317
0.01101339999999773
0.004309799999997921
-0.002393800000001889
-0.014364800000002731
-0.026335800000001797
0.050278199999999273
0.009576700000000216
-0.03112480000000062
-0.04070180000000079
-0.035912800000001965
0.01197119999999785
1.999999987845058e-07
-0.011970800000002058
-0.019951466666668694
-0.02793213333333533
-0.035912800000001965
-0.03506780000000198
-0.034222800000001996
-0.03337780000000201
-0.03253280000000203
-0.03168780000000204
-0.030842800000002057
-0.029997800000002073
-0.029152800000002088
-0.028307800000000327
-0.027462800000000342
-0.026617800000000358
-0.025772800000000373
-0.02492780000000039
-0.024082800000000404
-0.02323780000000042
-0.022392800000000435
-0.02154780000000045
1.999999987845058e-07
0.02154819999999802
-0.02154780000000045
-0.04070180000000079
0.050278199999999273
-0.01675980000000088
-0.03112430000000188
-0.04070180000000079
0.01197119999999785
-0.026335800000001797
0.01197119999999785
-0.007182800000000711
-0.02154780000000045
-0.035912800000001965
-0.035912800000001965
-0.035912800000001965
-0.035912800000001965
-0.035912800000001965
-0.02074963333333457
-0.005586466666667178
0.009576700000000216
-0.005985550000000117
-0.02154780000000045
-0.04070180000000079
-0.03112480000000062
0.002394199999999458
0.035913199999999534
0.019951866666666263
0.003990533333331214
-0.011970800000002058
-0.016759300000002142
-0.02154780000000045
-0.026336300000000534
-0.03112480000000062
-0.027134466666666412
-0.023144133333333983
-0.019153800000001553
-0.015163466666667347
-0.01117313333333314
-0.007182800000000711
-0.002393800000001889
0.040701199999999105
0.024739866666665833
0.008778533333332561
-0.007182800000000711
-0.023144133333333983
-0.039105466666667255
-0.055066800000000526
