-0.015163466666667347
-0.01356713333333559
-0.011970800000002058
-0.01675980000000088
-0.019153800000001553
-0.02154780000000045
-0.023941800000001123
-0.026335800000001797
-0.007182800000000711
-0.01675980000000088
-0.014365300000001469
-0.011970800000002058
-0.007182300000001973
-0.002393800000001889
-0.002393800000001889
-0.002393800000001889
-0.002393800000001889
-0.002393800000001889
-0.002393800000001889
-0.002393800000001889
-0.002393800000001889
-0.002393800000001889
-0.002393800000001889
-0.002393800000001889
-0.002393800000001889
-0.002393800000001889
-0.002393800000001889
-0.002393800000001889
-0.026335800000001797
-0.011970800000002058
0.002394199999999458
-0.050277800000001704
-0.007182800000000711
-0.04070180000000079
-0.007182800000000711
-0.00909820000000039
-0.011013600000000068
-0.012929000000001523
-0.014844400000001201
-0.01675980000000088
-0.02154780000000045
-0.02154780000000045
-0.002393800000001889
-0.003591050000000706
-0.0047883000000013
-0.0059855500000018935
-0.007182800000000711
-0.0239418000000029
0.002394199999999458
-0.04070130000000205
-0.029927425000002117
-0.019153550000002184
-0.008379675000000475
0.002394199999999458
-0.011970800000000281
-0.026335800000001797
-0.026335800000001797
-0.026335800000001797
-0.026335800000001797
-0.026335800000001797
-0.026335800000001797
-0.026335800000001797
-0.026335800000001797
-0.026335800000001797
-0.008778800000001752
1.999999987845058e-07
-0.020350800000001
-0.04070180000000079
-0.03644535555555706
-0.03218891111111155
-0.02793246666666782
-0.02367602222222409
-0.019419577777778585
-0.015163133333334855
-0.010906688888891125
-0.006650244444445619
-0.002393800000001889
0.016759199999999197
-0.03112480000000062
-0.019153800000001553
-0.016759300000000366
-0.011970800000000281
-0.007182300000001973
-0.002393800000001889
0.007182949999998911
0.016759699999997935
0.026336449999998734
0.035913199999999534
-0.007182300000000197
-0.050277800000001704
-0.04070180000000079
0.02154819999999802
-0.0047883000000013
-0.03112480000000062
-0.04788429999999977
-0.0646438000000007
0.002394199999999458
0.0011972000000000094
1.999999987845058e-07
-0.0011968000000024404
-0.002393800000001889
-0.010773550000001464
-0.019153300000002815
-0.02753305000000239
-0.035912800000001965
0.007182199999999028
-0.0017959250000014748
-0.010774050000001978
-0.019752175000000705
-0.028730300000001208
-0.00837955000000079
0.01197119999999785
0.016759199999999197
-0.009576800000001384
-0.035912800000001965
-0.014365300000001469
0.007182199999999028
0.0023938666666651898
-0.0023944666666668724
-0.007182800000000711
-0.023942300000001637
-0.04070180000000079
-0.04788429999999977
-0.055066800000000526
-0.03351880000000129
-0.011970800000002058
-0.015163133333334855
-0.018355466666667652
-0.02154780000000045
-0.024740133333335024
-0.02793246666666782
-0.03112480000000062
0.035913199999999534
0.022346033333333182
0.008778866666665053
-0.0047883000000013
-0.018355466666667652
-0.03192263333333578
-0.045489800000002134
-0.02394205000000227
-0.0023943000000006265
0.026336199999999366
-0.0646438000000007
-0.04389380000000109
-0.02314380000000149
-0.002393800000001889
-0.011970800000002058
-0.019153300000002815
-0.026335800000001797
-0.02753305000000239
-0.028730300000001208
-0.029927550000000025
-0.03112480000000062
-0.015163466666667347
0.0007978666666659251
0.016759199999999197
-0.02154780000000045
0.007182699999999542
0.035913199999999534
0.016759699999997935
-0.002393800000001889
-0.02154780000000045
-0.04070180000000079
-0.03112480000000062
-0.021547800000002226
-0.011970800000002058
-0.007182550000001342
-0.002394300000002403
0.0023939499999983127
0.007182199999999028
-0.01675980000000088
-0.026336300000000534
-0.035912800000001965
0.02154819999999802
-0.035912800000001965
-0.039333085714288174
-0.042753371428572606
-0.046173657142858815
-0.049593942857145024
-0.05301422857143123
-0.056434514285715665
-0.05985480000000187
-0.026335800000001797
0.002394199999999458
-0.02154780000000045
-0.04070180000000079
-0.02154804999999982
-0.0023943000000006265
0.016759449999998566
0.035913199999999534
0.009576700000000216
-0.01675980000000088
-0.05985480000000187
0.026336199999999366
-0.011970800000002058
-0.016759133333335896
-0.021547466666667958
-0.026335800000001797
0.02154819999999802
0.029927699999998225
0.03830719999999843
0.04668669999999864
0.055066199999998844
0.00957669999999844
-0.035912800000001965
-0.09816180000000152
-0.055066800000000526
-0.028730300000001208
-0.002393800000001889
-0.002393800000001889
-0.002393800000001889
1.999999987845058e-07
0.0023941999999976815
0.004788199999998355
0.007182199999999028
-0.02154780000000045
-0.023143966666667737
-0.024740133333333247
-0.026336300000000534
-0.02793246666666782
-0.02952863333333333
-0.03112480000000062
-0.03112480000000062
0.040701199999999105
0.011970699999999113
-0.01675980000000088
-0.055066800000000526
-0.0454899818181822
-0.035913163636363876
-0.02633634545454555
-0.016759527272727226
-0.007182709090908901
0.002394109090907648
0.011970927272725973
0.021547745454544298
0.031124563636362623
0.04070138181818095
0.050278199999999273
0.034316866666666
0.01835553333333273
0.002394199999999458
-0.007182800000000711
-0.02154780000000045
-0.026335800000001797
-0.035912800000001965
-0.04070180000000079
0.05985519999999944
0.02154819999999802
-0.028730300000002984
-0.055066800000000526
-0.06943180000000204
-0.07062880000000149
-0.07182580000000272
-0.07302280000000216
-0.07421980000000161
0.06464319999999901
0.031124199999998936
0.030253609090907574
0.02938301818181621
0.028512427272726626
0.027641836363635264
0.0267712454545439
0.02590065454545254
0.025030063636362954
0.02415947272727159
0.02328888181818023
0.022418290909088867
0.02154769999999928
0.02067710909090792
0.019806518181816557
0.018935927272725195
0.018065336363633833
0.017194745454544247
0.016324154545452885
0.015453563636361523
0.01458297272727016
0.013712381818180575
0.012841790909089212
0.01197119999999785
0.050278199999999273
-0.035912800000001965
-0.04070180000000079
-0.05985480000000187
0.002394199999999458
-0.026336300000000534
0.002394199999999458
0.02154819999999802
-0.026335800000001797
-0.05985480000000187
0.019153700000000384
-0.01675980000000088
-0.050277800000001704
0.007182199999999028
-0.03112480000000062
-0.045489800000002134
-0.03272080000000166
-0.019951800000001185
-0.007182800000000711
-0.001197300000001178
0.004788200000000131
0.010773699999999664
0.016759199999999197
0.0023941999999976815
-0.011970800000002058
-0.04070180000000079
0.04549019999999793
-0.007182800000000711
-0.019153800000001553
-0.03112480000000062
-0.02298440000000035
-0.01484400000000008
-0.006703600000001586
0.0014367999999986836
0.009577199999998953
-0.0011968000000024404
-0.011970800000002058
-0.0239418000000029
-0.035912800000001965
-0.04788380000000103
-0.05985480000000187
-0.03112480000000062
0.002394199999999458
0.035913199999999534
-0.01675980000000088
-0.021548050000001595
-0.026336300000000534
-0.03112455000000125
-0.035912800000001965
0.007182199999999028
0.007182199999999028
-0.002393800000001889
-0.0239418000000029
-0.045489800000002134
-0.04389363333333485
-0.04229746666666934
-0.04070130000000205
-0.03910513333333476
-0.03750896666666925
-0.035912800000001965
0.031124199999998936
-0.03351880000000129
-0.037110133333333906
-0.040701466666668296
-0.04429280000000091
-0.04788413333333352
-0.05147546666666791
-0.055066800000000526
-0.05087692500000074
-0.04668705000000095
-0.042497175000001164
-0.0383072999999996
-0.03411742499999981
-0.029927550000000025
-0.025737675000000237
-0.02154780000000045
0.040701199999999105
-0.011971300000000795
-0.01675946666666661
-0.007182800000000711
-0.019153800000001553
-0.03112480000000062
-0.035912800000001965
-0.052672300000001115
-0.06943180000000204
-0.061451133333335406
-0.05347046666666877
-0.045489800000002134
-0.03112455000000125
-0.016759300000002142
-0.002394050000003034
0.01197119999999785
0.009576700000000216
-0.02513904999999994
-0.05985480000000187
-0.0438934666666686
-0.02793213333333533
-0.011970800000002058
0.004788699999998869
0.02154819999999802
0.023343824999997764
0.02513944999999751
0.02693507499999903
0.028730699999998777
0.030526324999998522
0.032321950000000044
0.03411757499999979
0.035913199999999534
-0.04070180000000079
-0.05267279999999985
-0.013168300000000244
0.026336199999999366
0.10295019999999866
0.055066199999998844
0.007182199999999028
-0.01675980000000088
-0.04070180000000079
-0.038307300000001376
-0.035912800000001965
-0.045489800000002134
-0.055066800000000526
-0.0646438000000007
-0.05267263333333361
-0.040701466666668296
-0.028730300000001208
-0.002393800000001889
-0.002393800000001889
-0.002393800000001889
-0.002393800000001889
1.999999987845058e-07
0.002394199999999458
0.04549019999999793
0.008778866666665053
-0.02793246666666782
-0.0646438000000007
-0.051475550000001036
-0.038307300000001376
-0.025139050000001717
-0.011970800000002058
-0.017717000000001093
-0.023463200000001905
-0.02920940000000094
-0.03495560000000175
-0.04070180000000079
0.002394199999999458
0.026336199999999366
-0.045489800000002134
0.026336199999999366
-0.03112480000000062
-2.9999999995311555e-07
0.031124199999998936
-0.002393800000001889
-0.015562050000001548
-0.028730300000001208
-0.04189855000000087
-0.055066800000000526
0.031124199999998936
-0.01675980000000088
-0.0646438000000007
-0.026336300000000534
0.01197119999999785
-0.026335800000001797
-0.01835513333333516
-0.010374466666668525
-0.002393800000001889
-0.02154780000000045
-0.024740133333333247
-0.02793246666666782
-0.03112480000000062
-0.06943180000000204
-0.06943180000000204
-0.06943180000000204
-0.06943180000000204
-0.06943180000000204
-0.03112480000000062
0.007182199999999028
0.06464319999999901
0.040701199999999105
-0.0047883000000013
-0.050277800000001704
-0.0766143000000028
-0.10295080000000212
-0.08379713333333605
-0.0646434666666682
-0.045489800000002134
-0.031124600000001834
-0.016759400000001534
-0.0023942000000012342
0.011970999999999066
0.026336199999999366
0.035913199999999534
-0.002393800000001889
-0.04070180000000079
-0.03112480000000062
-0.016759466666668388
-0.0023941333333343806
0.01197119999999785
0.02154819999999802
0.02154819999999802
0.02154819999999802
0.02154819999999802
0.01197119999999785
0.002394199999999458
-0.007182800000000711
-0.02154780000000045
-0.035912800000001965
-0.050277800000001704
-0.03351880000000129
-0.01675980000000088
-0.011970800000002058
-0.013566966666669344
-0.015163133333334855
-0.016759300000000366
-0.018355466666667652
-0.01995163333333494
-0.02154780000000045
-0.045489800000002134
0.033519199999997085
0.03491578333333045
0.03631236666666382
0.03770894999999719
0.039105533333330555
