-0.026335800000001797
-0.025138800000000572
-0.023941800000001123
-0.022744800000001675
-0.02154780000000045
-0.01675980000000088
-0.03112480000000062
-0.019153800000001553
-0.007182800000000711
-0.010375133333333508
-0.013567466666668082
-0.01675980000000088
-0.03112480000000062
-0.03112480000000062
-0.03112480000000062
-0.03112480000000062
-0.03112480000000062
-0.03112480000000062
0.002394199999999458
-0.0017100857142864356
-0.005814371428572329
-0.009918657142858223
-0.014022942857144116
-0.01812722857143001
-0.022231514285715903
-0.026335800000001797
-0.026335800000001797
-0.03112480000000062
-0.03112480000000062
-0.01675980000000088
-0.014365300000001469
-0.007182800000000711
-0.016759300000000366
-0.026335800000001797
-0.026335800000001797
-0.026335800000001797
-0.026335800000001797
-0.026335800000001797
-0.035912800000001965
-0.045489800000002134
-0.011970800000002058
-0.002394300000002403
0.007182199999999028
0.0023941999999976815
-0.002393800000001889
-0.011970800000002058
-0.013168050000000875
-0.014365300000001469
-0.015562550000002062
-0.01675980000000088
-0.026335800000001797
-0.026335800000001797
-0.026335800000001797
-0.026335800000001797
-0.026335800000001797
-0.027293600000001916
-0.028251400000002036
-0.02920920000000038
-0.0301670000000005
-0.03112480000000062
-0.01675980000000088
-0.02154780000000045
-0.002393800000001889
-0.007182300000001973
-0.011970800000000281
-0.016759300000000366
-0.02154780000000045
-0.011970800000002058
-0.011970800000002058
-0.007182800000000711
-0.010774050000000202
-0.014365300000001469
-0.01795655000000096
-0.02154780000000045
-0.026335800000001797
-0.02154780000000045
-0.01675980000000088
-0.026335800000001797
-0.029528133333334594
-0.03272046666666917
-0.035912800000001965
-0.035912800000001965
-0.03112430000000188
-0.026335800000001797
-0.024420600000000903
-0.022505400000001785
-0.02059020000000089
-0.018675000000001774
-0.01675980000000088
-0.019153800000001553
-0.02154780000000045
-0.011970800000002058
-0.026335800000001797
-0.011970800000002058
-0.012928600000002177
-0.013886400000002297
-0.01484420000000064
-0.01580200000000076
-0.01675980000000088
-0.026335800000001797
-0.045489800000002134
-0.04429280000000091
-0.04309580000000146
-0.04189880000000201
-0.04070180000000079
-0.02873080000000172
-0.01675980000000088
-0.02154780000000045
-0.020590099999999723
-0.01963240000000077
-0.01867470000000182
-0.017717000000001093
-0.016759300000000366
-0.015801600000001415
-0.014843900000002463
-0.013886200000001736
-0.012928500000001009
-0.011970800000002058
-0.01675980000000088
-0.03112480000000062
-0.050277800000001704
-0.035912800000001965
-0.03112480000000062
-0.035912800000001965
-0.02154780000000045
-0.007182800000000711
-0.03112480000000062
-0.026335800000001797
-0.03112480000000062
-0.01675980000000088
-0.01580200000000076
-0.01484420000000064
-0.013886400000002297
-0.012928600000002177
-0.011970800000002058
-0.02154780000000045
-0.02154780000000045
-0.02154780000000045
-0.02154780000000045
-0.02154780000000045
-0.02154780000000045
-0.02154780000000045
-0.02154780000000045
-0.02154780000000045
-0.02154780000000045
-0.02154780000000045
-0.02154780000000045
-0.02154780000000045
-0.011970800000002058
-0.02154780000000045
-0.014365300000001469
-0.02154780000000045
-0.01675980000000088
-0.019153800000001553
-0.02154780000000045
-0.023941800000001123
-0.026335800000001797
-0.019951466666668694
-0.013567133333333814
-0.007182800000000711
-0.008778800000001752
-0.010374800000001017
-0.011970800000002058
-0.009576800000001384
-0.007182800000000711
-0.016759300000000366
-0.026335800000001797
-0.026335800000001797
-0.026335800000001797
-0.03112480000000062
-0.02154780000000045
-0.002393800000001889
-0.011970800000002058
-0.015562050000001548
-0.019153300000002815
-0.022744550000002306
-0.026335800000001797
-0.02793213333333533
-0.029528466666667086
-0.03112480000000062
-0.026335800000001797
-0.038307300000001376
-0.06943180000000204
-0.0574608000000012
-0.045489800000002134
-0.03351880000000129
-0.02154780000000045
-0.009576800000001384
0.002394199999999458
0.014365199999998524
0.026336199999999366
-0.002393800000001889
-0.02154780000000045
-0.035912800000001965
0.02154819999999802
-0.007182800000000711
-0.03112480000000062
-0.055066800000000526
-0.04967979999999983
-0.04429280000000091
-0.03890580000000199
-0.03351880000000129
-0.028131800000000595
-0.022744800000001675
-0.017357800000002754
-0.011970800000002058
0.02154819999999802
-0.05267279999999985
-0.0467960727272736
-0.040919345454545564
-0.03504261818181931
-0.029165890909091274
-0.023289163636365018
-0.017412436363636985
-0.011535709090910728
-0.005658981818182696
0.00021774545454356087
0.006094472727271594
0.01197119999999785
-0.055066800000000526
-0.0646438000000007
-0.02154780000000045
-0.05027830000000222
-0.052672300000001115
-0.04189855000000087
-0.03112480000000062
0.031124199999998936
0.008778533333332561
-0.01356713333333559
-0.035912800000001965
-0.01675980000000088
0.014365199999998524
0.04549019999999793
0.03591319999999776
0.026336199999999366
0.016759199999999197
0.002393999999998897
-0.011971200000001403
-0.026336399999999927
-0.040701600000000226
-0.055066800000000526
0.016759199999999197
0.04549019999999793
0.005586866666664747
-0.03431646666666843
-0.07421980000000161
0.026336199999999366
-0.003990466666667913
-0.034317133333333416
-0.0646438000000007
-0.05207417500000133
-0.039504550000000194
-0.02693492500000083
-0.014365300000001469
-0.02825160000000082
-0.04213790000000195
-0.0560242000000013
-0.06991050000000243
-0.08379680000000178
-0.002393800000001889
-0.035912800000001965
-0.09097930000000076
-0.14604580000000134
-0.11571946666666832
-0.08539313333333354
-0.055066800000000526
-0.039504550000000194
-0.023942300000001637
-0.008380050000001305
0.007182199999999028
-0.07900880000000043
-0.01675980000000088
0.09337419999999952
0.06464369999999953
0.035913199999999534
0.03112469999999945
0.026336199999999366
0.039504199999999656
0.05267219999999995
0.06584019999999846
0.07900819999999875
0.035913199999999534
-0.0646438000000007
-0.05746105000000057
-0.05027830000000222
-0.04309555000000209
-0.035912800000001965
-0.035912800000001965
-0.035912800000001965
-0.035912800000001965
-0.035912800000001965
-0.035912800000001965
-0.035912800000001965
-0.11731580000000186
-0.0999578000000021
-0.08259980000000056
-0.0652418000000008
-0.04788380000000103
-0.08379680000000178
0.01197119999999785
0.005586699999998501
-0.0007978000000026242
-0.007182300000001973
-0.013566800000001322
-0.019951300000002448
-0.026335800000001797
-0.08379680000000178
0.031124199999998936
0.04549019999999793
-0.06943180000000204
0.035913199999999534
0.050278199999999273
0.010374866666666094
-0.029528466666668862
-0.06943180000000204
-0.03272080000000166
0.0039901999999987225
0.040701199999999105
0.02154819999999802
0.007182866666665788
-0.007182466666668219
-0.02154780000000045
-0.020863800000000765
-0.02017980000000108
-0.019495800000001395
-0.018811799999999934
-0.01812780000000025
-0.017443800000000564
-0.01675980000000088
-0.011970800000002058
-0.007182800000000711
-0.11731580000000186
-0.007182800000000711
-0.008778800000001752
-0.010374800000001017
-0.011970800000002058
-0.11731580000000186
-0.09145840000000227
-0.06560100000000268
-0.03974360000000132
-0.013886200000001736
0.01197119999999785
-0.002393800000001889
-0.023941800000001123
-0.045489800000002134
-0.06703780000000137
-0.0885858000000006
-0.0375091333333355
-0.055066800000000526
-0.03112480000000062
-0.007182800000000711
0.016759199999999197
0.007182449999998397
-0.0023943000000006265
-0.01197104999999965
-0.02154780000000045
-0.026336300000000534
-0.007182800000000711
-0.05027830000000222
-0.09337380000000195
-0.04070130000000205
0.01197119999999785
-0.0007978000000026242
-0.013566800000001322
-0.026335800000001797
-0.045489800000002134
-0.0646438000000007
-0.03878640000000111
-0.012929000000001523
0.01292839999999984
0.038785799999999426
0.06464319999999901
-0.002393800000001889
-0.04070130000000205
-0.07900880000000043
-0.023144133333333983
0.03272053333333247
0.08858519999999892
-0.05027830000000222
0.016759449999998566
0.08379719999999935
0.03671119999999917
-0.010374800000001017
-0.0574608000000012
-0.02154780000000045
0.014365199999998524
0.050278199999999273
0.016759199999999197
-0.0550668000000023
-0.12689280000000203
-0.045489800000002134
0.035913199999999534
0.0247402000000001
0.013567199999998891
0.002394199999999458
-0.0574608000000012
-0.11731580000000186
0.05985519999999944
0.051874533333332806
0.04389386666666617
0.035913199999999534
-0.0885858000000006
-0.05506692500000021
-0.02154804999999982
0.011970824999998797
0.04548969999999919
0.010055599999999387
-0.025378500000000415
-0.06081260000000199
-0.0962467000000018
-0.1316808000000016
0.028730699999997
-0.04189855000000264
-0.11252780000000051
-0.08978280000000005
-0.06703780000000137
-0.04429280000000091
-0.02154780000000045
0.001197199999998233
0.023942199999998692
0.046687199999997375
0.06943219999999783
0.007182199999999028
-0.00538730000000065
-0.017956800000000328
-0.030526300000001783
-0.04309580000000146
-0.05566530000000114
-0.0682348000000026
-0.08080430000000227
-0.09337380000000195
0.06464319999999901
-0.002393800000001889
-0.019153800000001553
-0.002393800000001889
-0.03750880000000123
-0.07262380000000235
-0.10773880000000169
0.019153700000000384
0.001710199999999773
-0.01573330000000084
-0.03317680000000145
-0.050620300000000285
-0.0680638000000009
-0.08550730000000151
-0.10295080000000212
0.07422019999999918
-0.03112480000000062
-0.11252780000000051
0.08858519999999892
-0.05985480000000187
-0.0885858000000006
0.07422019999999918
-0.09816180000000152
-0.09496957777778015
-0.091777355555557
-0.08858513333333562
-0.08539291111111247
-0.0822006888888911
-0.07900846666666794
-0.07581624444444657
-0.07262402222222342
-0.06943180000000204
0.02154769999999928
0.11252719999999883
-0.12689280000000203
-0.07422030000000035
-0.02154780000000045
0.031124199999998936
-0.11731580000000186
0.055066199999998844
-0.07421980000000161
-0.045489800000002134
0.035913199999999534
-0.014365300000001469
-0.0646438000000007
-0.0574608000000012
-0.050277800000001704
-0.030326133333336003
-0.010374466666668525
0.009577199999998953
0.029528866666664655
0.049480533333330357
0.06943219999999783
-0.062249300000001284
-0.015562550000002062
0.031124199999998936
-0.11252780000000051
-0.059855133333334365
-0.007182466666668219
0.04549019999999793
0.016759199999999197
-0.019951800000001185
-0.05666280000000157
-0.09337380000000195
-0.026336300000000534
0.040701199999999105
0.03208219999999962
0.023463199999998352
0.014844199999998864
0.006225199999997599
-0.002393800000001889
-0.0885858000000006
0.002394199999999458
-0.045489800000002134
-0.09337380000000195
-0.011970800000002058
0.06943219999999783
-0.06943180000000204
-0.062249300000001284
-0.055066800000000526
0.002394199999999458
0.05985519999999944
0.029209399999999164
-0.0014364000000011146
-0.03208220000000139
-0.06272800000000167
-0.09337380000000195
-0.0047883000000013
-0.02454042500000142
-0.04429255000000154
-0.06404467500000166
-0.08379680000000178
-0.026335800000001797
0.016759199999999197
-0.028730300000001208
-0.07421980000000161
-0.045489800000002134
-0.01675980000000088
-0.014205933333334642
-0.011652066666668404
-0.00909820000000039
-0.006544333333334151
-0.003990466666667913
-0.0014366000000016754
0.0011172666666645625
0.003671133333332577
0.006224999999998815
0.008778866666665053
0.01133273333333129
0.013886599999997529
0.016440466666665543
0.01899433333333178
0.02154819999999802
-0.016759133333335896
-0.055066466666668035
-0.09337380000000195
-0.052672300000001115
-0.011970800000002058
0.0023941999999976815
0.016759199999999197
-0.07421980000000161
-0.026335800000001797
0.002394199999999458
-0.045489800000002134
0.007182199999999028
-0.03112480000000062
-0.011971300000000795
-0.024740133333335024
-0.037508966666667476
-0.050277800000001704
-0.04070130000000205
-0.03112480000000062
-0.045489800000002134
-0.04261680000000112
-0.03974380000000188
-0.03687080000000087
-0.03399780000000163
-0.03112480000000062
-0.026335800000001797
-0.02394167500000144
-0.02154755000000108
-0.019153425000000723
-0.016759300000000366
-0.01675980000000088
-0.016161175000000583
-0.015562550000002062
-0.014963925000001765
-0.014365300000001469
-0.026335800000001797
-0.028730300000001208
-0.03112480000000062
-0.02633646666666678
-0.021548133333334718
-0.01675980000000088
-0.035912800000001965
-0.01675980000000088
-0.01675980000000088
-0.01675980000000088
-0.02873080000000172
-0.04070180000000079
-0.0359133000000007
-0.03112480000000062
-0.023942300000001637
-0.01675980000000088
-0.014365300000001469
-0.011970800000002058
-0.011970800000002058
-0.011970800000002058
-0.011970800000002058
-0.014022942857144116
-0.01607508571428795
-0.01812722857143001
-0.020179371428573845
-0.022231514285715903
-0.024283657142859738
-0.026335800000001797
-0.01675980000000088
-0.026336300000000534
-0.035912800000001965
-0.026335800000001797
-0.03112430000000188
-0.035912800000001965
-0.032321550000002475
-0.028730300000001208
-0.02513904999999994
-0.02154780000000045
-0.035912800000001965
-0.03495520000000241
-0.03399760000000107
-0.03304000000000151
-0.03208240000000018
-0.03112480000000062
-0.01675980000000088
-0.035912800000001965
-0.03112480000000062
-0.02154780000000045
-0.02154780000000045
-0.02154780000000045
-0.028730300000001208
-0.035912800000001965
-0.03311955000000211
-0.03032630000000225
-0.02753305000000239
-0.024739800000002532
-0.021946550000002674
-0.019153300000002815
-0.01636005000000118
-0.013566800000001322
-0.010773550000001464
-0.007980300000001606
-0.005187050000001747
-0.002393800000001889
-0.011970800000000281
-0.02154780000000045
-0.02154780000000045
-0.01675980000000088
-0.01675980000000088
-0.01675980000000088
-0.026335800000001797
-0.026335800000001797
-0.026934425000002093
-0.02753305000000239
-0.02813167500000091
-0.028730300000001208
-0.029328925000001504
-0.029927550000000025
-0.030526175000000322
