0.002893183333334548
-0.0034914833333328232
-0.009876149999998418
-0.021847149999997484
-0.033818149999998326
0.04279635000000148
0.11941085000000129
-0.05536564999999882
-0.23014214999999894
-0.007481649999999007
0.21517885000000092
0.0651421833333341
-0.08489448333333272
-0.23493114999999953
0.02843085000000123
0.2917928500000002
-0.23014214999999894
-0.005087649999998334
0.2199668500000005
-0.1343741499999993
-0.02663514999999883
0.08110385000000164
0.04439285000000126
0.007681850000000878
-0.029029149999999504
-0.044591649999999206
-0.06015414999999891
-0.07571664999999861
-0.09127914999999831
0.15771785000000094
-0.2157771499999992
0.25348585000000057
0.08748818333333475
-0.07850948333333285
-0.24450714999999867
0.23912085000000083
0.06434435000000072
-0.1104321499999994
-0.05137515000000015
0.007681850000000878
0.06673885000000013
0.04950045000000003
0.03226204999999993
0.01502365000000161
-0.0022147499999984888
-0.019453149999998587
0.02843085000000123
-0.029029149999999504
-0.01626014999999903
-0.0034911500000003315
0.009277850000000143
-0.014664149999999765
-0.005087149999999596
0.004489350000001835
0.01406585000000149
-0.00029914999999824943
0.011671850000000816
0.02364285000000166
0.02172745000000198
0.0198120500000023
0.017896650000000847
0.015981250000001168
0.01406585000000149
0.009277850000000143
0.005686599999998876
0.002095349999999385
0.0032921000000012413
0.004488850000001321
-0.005087649999998334
-0.014664149999999765
-0.014664149999999765
-0.014664149999999765
-0.012270149999999092
-0.009876149999998418
-0.007003149999999181
-0.004130149999998167
-0.00125714999999893
0.0016158500000020837
0.004488850000001321
0.01885485000000031
0.02364285000000166
0.004488850000001321
0.0020948500000006476
-0.00029914999999824943
0.0020948500000006476
0.004488850000001321
0.004488850000001321
0.004488850000001321
-0.005087649999998334
-0.014664149999999765
-0.006683483333333129
0.001297183333333507
0.009277850000000143
-0.00029914999999824943
-0.00029914999999824943
-0.00029914999999824943
-0.00029914999999824943
-0.00029914999999824943
0.011671850000000816
0.02364285000000166
0.0164603500000009
0.009277850000000143
0.011671850000000816
0.01406585000000149
0.01406585000000149
0.01406585000000149
0.009277350000001405
0.004488850000001321
-0.0018954833333317822
-0.008279816666666662
-0.014664149999999765
-0.011471816666666967
-0.008279483333332394
-0.005087149999999596
0.004488850000001321
0.004488850000001321
0.006883350000000732
0.009277850000000143
0.0164603500000009
0.02364285000000166
0.018854350000001574
0.01406585000000149
0.011671850000000816
0.009277850000000143
0.0060855166666673455
0.002893183333334548
-0.00029914999999824943
0.004489350000001835
0.009277850000000143
-0.009876149999998418
-0.0026936499999994368
0.004488850000001321
0.0020948500000006476
-0.00029914999999824943
0.004489350000001835
0.009277850000000143
0.006883350000000732
0.004488850000001321
0.0020948500000006476
-0.00029914999999824943
0.002573850000000988
0.0054468500000020015
0.008319850000001239
0.011192850000002252
0.01406585000000149
0.004488850000001321
0.009277850000000143
0.01885485000000031
0.012470183333334717
0.0060855166666673455
-0.00029914999999824943
0.01885485000000031
0.004488850000001321
-0.0026936499999994368
-0.009876149999998418
-0.01147214999999946
-0.013068149999998724
-0.014664149999999765
-0.01586140000000036
-0.017058649999999176
-0.018255899999997993
-0.019453149999998587
-0.014664149999999765
-0.00029914999999824943
0.006883516666668754
0.014066183333333981
0.021248850000000985
0.012868850000002041
0.004488850000001321
0.0020948500000006476
-0.00029914999999824943
-0.003491483333331047
-0.006683816666665621
-0.009876149999998418
-0.008279816666664885
-0.006683483333333129
-0.005087149999999596
0.009277850000000143
-0.00029914999999824943
-0.009876149999998418
-0.005087649999998334
-0.00029914999999824943
-0.002693149999998923
-0.005087149999999596
0.004488850000001321
0.009277350000001405
0.01406585000000149
0.011671600000001447
0.009277350000001405
0.006883100000001363
0.004488850000001321
0.0028928500000020563
0.0012968500000010152
-0.00029914999999824943
-0.00029914999999824943
-0.009876149999998418
-0.009876149999998418
-0.00508781666666458
-0.00029948333333251753
0.004488850000001321
-0.005087149999999596
0.0068838499999994696
0.01885485000000031
0.01725851666666678
0.015662183333335022
0.01406585000000149
0.0164603500000009
0.01885485000000031
0.012470183333334717
0.0060855166666673455
-0.00029914999999824943
0.004488850000001321
0.006883350000000732
0.009277850000000143
0.0060855166666673455
0.002893183333334548
-0.00029914999999824943
0.004489183333335589
0.009277516666667651
0.01406585000000149
0.010873516666668692
0.007681183333334118
0.004488850000001321
-0.04818314999999984
-0.05680234999999989
-0.06542154999999994
-0.07404074999999821
-0.08265994999999826
-0.09127914999999831
-0.043395149999998495
0.004488850000001321
0.004488850000001321
0.06673885000000013
0.09546885000000138
-0.057760149999998234
-0.02743348333333273
0.002893183333334548
0.03321985000000005
0.1433528500000012
0.12419918333333513
0.10504551666666728
0.08589185000000121
0.07471885000000178
0.06354585000000057
0.05237285000000114
-0.08649014999999949
-0.09686498333333304
-0.1072398166666666
-0.11761464999999838
-0.12798948333333193
-0.1383643166666655
-0.14873914999999904
-0.033818149999998326
-0.1391631499999999
-0.09127864999999957
-0.041000399999999715
0.009277850000000143
-0.03701015000000041
-0.08329814999999918
-0.12958614999999973
-0.024241149999999934
-0.09367314999999898
-0.1631051499999998
-0.08649065
-0.009876149999998418
-0.07691364999999983
-0.14395114999999947
-0.017058649999999176
0.10983385000000112
0.026036850000002332
-0.057760149999998234
-0.009876149999998418
0.0380078500000014
0.0020948500000006476
-0.0338181500000001
-0.06973114999999908
-0.10564414999999983
0.17208285000000068
0.15771785000000094
0.06673834999999961
-0.024241149999999934
0.004489350000000059
0.03321985000000005
0.021248850000000985
0.009277850000000143
0.16250634999999924
0.3157348500000001
0.10983384999999934
-0.09606714999999966
-0.025198849999998885
0.04566945000000011
0.11653775000000088
0.18740604999999988
0.25827435000000065
-0.14395114999999947
0.2678508500000003
-0.1583161499999992
0.06434435000000072
0.28700485000000064
-0.22056514999999877
-0.05536564999999882
0.10983385000000112
0.0076815166666683865
-0.09447081666666612
-0.19662314999999886
0.011671850000000816
0.2199668500000005
0.10664151666666655
-0.006683816666665621
-0.12000914999999956
-0.1487394833333333
-0.17746981666666528
-0.20620014999999903
0.14814085000000077
0.041200183333334195
-0.06574048333333238
-0.17268114999999895
-0.11761464999999838
-0.06254814999999958
-0.11522064999999948
-0.16789314999999938
-0.01945264999999985
0.12898785000000146
0.04279660000000085
-0.04339464999999798
-0.1295858999999986
-0.2157771499999992
-0.057760149999998234
-0.1631051499999998
-0.041000649999999084
0.08110385000000164
-0.17268114999999895
-0.10085514999999923
-0.029029149999999504
-0.0817016499999994
-0.1343741499999993
-0.00987564999999968
0.11462285000000172
0.051415850000001484
-0.011791149999998751
-0.07499814999999899
-0.13820514999999922
-0.20141214999999946
-0.03860614999999967
-0.12240314999999846
-0.20620014999999903
-0.04339464999999798
0.11941085000000129
-0.2397191499999991
-0.009876149999998418
-0.13198014999999863
-0.25408414999999884
-0.11522048333333146
0.02364318333333415
0.16250685000000153
-0.05297114999999941
-0.2684491499999986
-0.15352781666666537
-0.038606483333332164
0.07631485000000104
-0.07930814999999924
-0.23493114999999953
0.20560185000000075
-0.029029650000000018
-0.263661149999999
0.1433528500000012
-0.05536564999999882
-0.25408414999999884
-0.017058649999999176
0.2199668500000005
0.07471885
-0.07052914999999871
-0.2157771499999992
-0.16857714999999907
-0.12137714999999893
-0.0741771499999988
-0.026977149999998673
0.020222850000001458
0.06742285000000159
0.11462285000000172
0.00927785000000192
-0.22535414999999936
0.248697850000001
-0.20141214999999946
0.02124835000000047
0.2439088500000004
0.02124835000000047
-0.20141214999999946
-0.16262605000000008
-0.12383994999999892
-0.08505384999999954
-0.04626774999999839
-0.007481649999999007
0.03130445000000037
0.07009055000000153
0.10887665000000091
0.14766275000000206
0.18644885000000144
0.08469510000000113
-0.017058649999999176
-0.036212149999999
0.09068085000000004
-0.08170214999999992
0.15292985000000137
0.018854349999999798
-0.11522115
-0.07811102500000011
-0.04100090000000023
-0.003890775000000346
0.03321935000000131
0.0703294750000012
0.10743960000000108
0.14454972500000096
0.18165985000000084
-0.17268114999999895
0.04519035000000038
0.13377585000000103
-0.12000914999999956
-0.07571639999999924
-0.031423649999998915
0.01286910000000141
0.057161850000001735
0.04638785000000212
0.0356138500000025
0.024839850000001107
0.01406585000000149
0.016460100000001532
0.018854350000001574
-0.08649014999999949
0.12419885000000086
-0.0026936499999994368
-0.12958614999999973
0.011671850000000816
0.15292985000000137
0.00927785000000192
-0.1343741499999993
-0.014664149999999765
0.10504585000000155
0.03481585000000109
-0.03541414999999937
-0.10564414999999983
0.057161850000001735
0.02364285000000166
-0.009876149999998418
0.009277850000000143
0.023642849999999882
0.0380078500000014
0.05237285000000114
-0.0026936499999994368
-0.057760149999998234
0.004489350000001835
0.06673885000000013
-0.1104321499999994
-0.07092789999999916
-0.031423649999998915
0.008080600000001326
0.047584850000001566
-0.06254814999999958
-0.0226448166666664
0.017258516666668555
0.057161850000001735
-0.024241149999999934
-0.00987589999999905
0.004489350000000059
0.018854599999999166
0.03321985000000005
0.009277850000000143
-0.024241149999999934
0.009277850000000143
0.010873850000001184
0.012469850000000449
0.01406585000000149
0.004489183333333813
-0.005087483333332088
-0.014664149999999765
0.03321985000000005
-0.043395149999998495
-0.00029914999999824943
0.04279685000000022
0.01247018333333294
-0.017856483333332562
-0.04818314999999984
-0.0074816500000007835
0.03321985000000005
0.02364285000000166
0.006883350000000732
-0.009876149999998418
-0.00029914999999824943
0.009277850000000143
0.01885485000000031
-0.00029914999999824943
-0.019453149999998587
0.004488850000001321
0.02843085000000123
-0.009876149999998418
-0.007481649999999007
-0.005087149999999596
-0.003491149999998555
-0.0018951499999992905
-0.00029914999999824943
-0.029029149999999504
-0.017058149999998662
-0.005087149999999596
-0.0014959000000001055
0.002095349999999385
0.005686600000000652
0.009277850000000143
0.01885485000000031
0.012470183333334717
0.0060855166666673455
-0.00029914999999824943
0.01406585000000149
-0.005087649999998334
-0.024241149999999934
-0.014664149999999765
-0.005087149999999596
-0.005087149999999596
-0.008279483333332394
-0.011471816666666967
-0.014664149999999765
0.01885485000000031
0.012470183333334717
0.0060855166666673455
-0.00029914999999824943
-0.005087149999999596
-0.00029914999999824943
0.004488850000001321
-0.0026936499999994368
-0.009876149999998418
-0.00029914999999824943
0.009277850000000143
0.002095349999999385
-0.005087149999999596
-0.007481649999999007
-0.009876149999998418
-0.0018954833333317822
0.006085183333334854
0.01406585000000149
0.009277450000000798
0.004489050000001882
-0.0002993499999988103
-0.005087749999997726
-0.009876149999998418
0.004489350000001835
-0.019453149999998587
-0.005087649999998334
0.009277850000000143
0.011671850000000816
0.01406585000000149
0.015662183333335022
0.01725851666666678
0.01885485000000031
0.02843085000000123
0.011671850000000816
-0.005087149999999596
-0.012270149999999092
-0.019453149999998587
-0.009876149999998418
-0.0002991500000000258
0.009277850000000143
-0.019453149999998587
-0.012270149999999092
-0.005087149999999596
-0.006683483333333129
-0.008279816666664885
-0.009876149999998418
