-0.01197104275000005
-0.007182642750000023
0.002394217249999997
-0.01197104275000005
-0.0071826277500000035
-0.0023942127499999577
0.002394202249999977
0.007182617250000023
-0.004788412750000082
-0.016759442750000075
-0.014365242750000062
-0.01316814275
-0.01197104275000005
-0.01197104275000005
-0.01197104275000005
-0.004788412750000082
0.002394217249999997
-0.0023942127499999577
-0.007182642750000023
-0.007182642750000023
-0.007182642750000023
-0.007182642750000023
-0.007182642750000023
-0.007182642750000023
-0.007182642750000023
-0.007182642750000023
0.002394217249999997
0.002394217249999997
-0.009576807750000027
-0.021547832749999996
-0.007182642750000023
-0.0023942427499999974
0.007182617250000023
-0.0007980694166667135
-0.008778756083333339
-0.016759442750000075
-0.014844082750000043
-0.01292872275000001
-0.011013362750000089
-0.009098002750000056
-0.007182642750000023
-0.01197104275000005
0.002394217249999997
-0.02633623275000002
-0.014365237749999982
-0.0023942427499999974
-0.00430960275000003
-0.006224962750000063
-0.008140322749999984
-0.010055682750000017
-0.01197104275000005
-0.01197104275000005
-0.007182642750000023
-0.007182642750000023
-0.007182642750000023
-0.007182642750000023
-0.005814519892857195
-0.004446397035714256
-0.0030782741785714274
-0.001710151321428599
-0.0003420284642857707
0.0010260943928571686
0.002394217249999997
-0.02633623275000002
-0.01197100775000004
0.002394217249999997
0.007182617250000023
-0.0023942427499999974
-0.007182642750000023
-0.0023942427499999974
-0.007182642750000023
-0.005267270749999997
-0.003351898749999971
-0.0014365267500000556
0.0004788452499999707
0.002394217249999997
-0.0023942427499999974
-0.007182642750000023
-0.007182642750000023
-0.014365237749999982
-0.021547832749999996
-0.007182642750000023
-0.007182642750000023
-0.007182642750000023
-0.007182642750000023
-0.007182642750000023
-0.007182642750000023
-0.007182642750000023
-0.01197104275000005
-0.02633623275000002
-0.016759437749999995
-0.007182642750000023
-0.0047884277499999905
-0.0023942127499999577
0.00478840224999999
0.011971017249999938
0.0039903305833333125
-0.003990356083333424
-0.01197104275000005
-0.011013362750000089
-0.010055682750000017
-0.009098002750000056
-0.008140322749999984
-0.007182642750000023
-0.006224962750000063
-0.005267282749999991
-0.00430960275000003
-0.003351922749999958
-0.0023942427499999974
-0.007182642750000023
-1.2750000055739008e-08
-0.016759437749999995
-0.014365240249999967
-0.01197104275000005
-0.011372492750000074
-0.010773942750000098
-0.010175392750000012
-0.009576842750000036
-0.008978292750000061
-0.008379742749999974
-0.007781192749999999
-0.007182642750000023
-0.010773942750000098
-0.014365242750000062
-0.009576842750000036
-0.009177809416666682
-0.008778776083333328
-0.008379742749999974
-0.007980709416666731
-0.007581676083333377
-0.007182642750000023
-0.007182642750000023
-0.01197104275000005
-0.016759442750000075
-0.011971030750000056
-0.007182618750000036
-0.0023942067500000164
0.0023942052500000033
0.007182617250000023
-0.007182642750000023
0.007182617250000023
0.007182617250000023
0.007182617250000023
0.007182617250000023
0.007182617250000023
0.007182617250000023
-0.007182642750000023
-0.016759442750000075
-0.01995170608333341
-0.023143969416666688
-0.02633623275000002
-0.021547832749999996
-0.018355569416666717
-0.015163306083333383
-0.01197104275000005
-0.007182642750000023
-0.02633623275000002
-0.020749757749999986
-0.015163282750000007
-0.009576807750000027
-0.003990332750000047
0.0015961422500000433
0.007182617250000023
-0.00478844275000001
-0.007182642750000023
0.02154781724999999
0.007182587249999983
-0.007182642750000023
-0.0035913277500000396
-1.2750000055739008e-08
0.003591302250000039
0.007182617250000023
-0.007182642750000023
-0.0023942127499999577
0.002394217249999997
0.0011971022500000261
-1.2750000055739008e-08
-0.0011971277500000266
-0.0023942427499999974
-0.0023942127499999577
-0.0071826277500000035
-0.01197104275000005
0.002394217249999997
0.0028730522500000077
0.0033518872500000185
0.0038307222499999183
0.004309557249999929
0.00478839224999994
0.002394180583333294
-3.108333335166691e-08
-0.0023942427499999974
0.002394177250000018
0.0071825972499999224
0.011971017249999938
-0.007182642750000023
0.002394217249999997
-0.019153607749999968
-0.040701432750000044
-0.01197104275000005
-0.010055682750000017
-0.008140322749999984
-0.006224962750000063
-0.00430960275000003
-0.0023942427499999974
-0.01197104275000005
-0.016759442750000075
-0.015961376083333367
-0.01516330941666677
-0.014365242750000062
-0.013567176083333354
-0.012769109416666757
-0.01197104275000005
-0.0023942427499999974
-0.03591303275000002
-0.004788407750000001
-0.005386966500000034
-0.005985525249999957
-0.00658408399999999
-0.007182642750000023
-0.013168140250000016
-0.019153637750000008
-0.025139135250000055
-0.031124632750000047
0.007182617250000023
-0.021547832749999996
-0.01795653524999996
-0.014365237749999982
-0.010773940250000003
-0.007182642750000023
-0.007182642750000023
-0.007919319673076908
-0.008655996596153903
-0.009392673519230788
-0.010129350442307783
-0.010866027365384667
-0.011602704288461552
-0.012339381211538547
-0.013076058134615431
-0.013812735057692316
-0.014549411980769311
-0.015286088903846196
-0.01602276582692319
-0.016759442750000075
-0.014365242750000062
-0.01197104275000005
-0.016759442750000075
-0.0023942427499999974
-0.016759442750000075
0.002394217249999997
-0.004788412750000082
-0.01197104275000005
0.007182617250000023
-0.021547832749999996
0.011971017249999938
-0.0023942427499999974
0.002394217249999997
-0.021547832749999996
-0.01197104275000005
-0.007182612749999984
-0.009576820250000062
-0.01197102775000003
-0.014365235249999997
-0.016759442750000075
-0.007182642750000023
0.011971017249999938
0.0055864639166666175
-0.000798089416666703
-0.007182642750000023
0.000798043916666602
0.008778730583333338
0.016759417249999964
-0.02633623275000002
0.007182617250000023
0.005586478916666637
0.003990340583333363
0.002394202249999977
0.0007980639166665915
-0.0007980744166666831
-0.0023942127500000687
-0.01197104275000005
-0.0023942127499999577
0.007182617250000023
-0.016759442750000075
-0.014023205607142875
-0.011286968464285785
-0.008550731321428584
-0.005814494178571494
-0.0030782570357142935
-0.0003420198928572038
0.002394217249999997
-1.2750000055739008e-08
-0.0023942427499999974
-0.016759442750000075
0.002394217249999997
-0.005586466083333352
-0.013567149416666702
-0.021547832749999996
-0.004788407750000001
0.011971017249999938
-0.02633623275000002
-0.0023942427499999974
-0.006224960750000008
-0.010055678750000019
-0.01388639675000003
-0.01771711475000004
-0.021547832749999996
-0.011971016083333286
-0.0023941994166666314
0.007182617250000023
-0.0007980694166667135
-0.008778756083333339
-0.016759442750000075
0.002394217249999997
0.00478841725000001
0.007182617250000023
-0.0023942127499999577
-0.01197104275000005
-0.0023942127499999577
0.007182617250000023
-0.040701432750000044
-0.024740082750000003
-0.008778732749999962
0.007182617250000023
-0.031124632750000047
-0.0023942427499999974
-0.0035913427499999484
-0.00478844275000001
-0.005985542750000072
-0.007182642750000023
-0.0023942427499999974
-0.007182642750000023
-0.008778776083333328
-0.010374909416666744
-0.01197104275000005
0.011971017249999938
-0.031124632750000047
-0.020350720250000065
-0.009576807750000027
0.0011971047499999
0.011971017249999938
-0.021547832749999996
-0.004788407750000001
0.011971017249999938
0.007182610107142828
0.0023942029642857188
-0.002394204178571502
-0.007182611321428611
-0.011971018464285721
-0.01675942560714283
-0.021547832749999996
-0.0023942427499999974
-0.009576842750000036
0.002394217249999997
-0.016759442750000075
-1.2750000055739008e-08
0.016759417249999964
-0.040701432750000044
0.026336217250000016
-0.021547832749999996
-0.01675942441666667
-0.011971016083333286
-0.007182607750000014
-0.0023941994166666314
0.0023942089166666403
0.007182617250000023
-0.007182642750000023
-0.00478844275000001
-0.0023942427499999974
0.002394217249999997
-0.004788395249999966
-0.01197100775000004
-0.019153620250000003
-0.02633623275000002
0.011971017249999938
-0.016759442750000075
0.016759417249999964
-0.03591303275000002
-0.0023942427499999974
-0.007182642750000023
-0.01197104275000005
-0.010374909416666744
-0.008778776083333328
-0.007182642750000023
-0.007182642750000023
-0.007182642750000023
-0.007182642750000023
-0.007182642750000023
-0.007182642750000023
-0.007182642750000023
-0.016759442750000075
0.002394217249999997
-0.031124632750000047
0.007182617250000023
0.0023941972500000075
-0.002394222750000008
-0.007182642750000023
0.002394217249999997
-0.021547832749999996
-0.018355567750000024
-0.015163302749999996
-0.011971037749999969
-0.008778772750000052
-0.005586507750000025
-0.0023942427499999974
-0.007182640749999969
-0.011971038750000051
-0.016759436750000023
-0.021547834749999994
-0.02633623275000002
0.007182617250000023
0.007182617250000023
0.004309565250000036
0.0014365132500000488
-0.0014365387500000493
-0.004309590750000036
-0.007182642750000023
0.007182617250000023
-0.021547832749999996
0.016759417249999964
-0.02633623275000002
-0.019153620250000003
-0.01197100775000004
-0.004788395249999966
0.002394217249999997
-0.016759442750000075
0.007182617250000023
0.005876684522727271
0.00457075179545452
0.003264819068181879
0.0019588863409091273
0.0006529536136363756
-0.0006529791136363761
-0.0019589118409091277
-0.0032648445681818794
-0.00457077729545452
-0.005876710022727272
-0.007182642750000023
0.011971017249999938
-0.016759442750000075
0.002394217249999997
-0.02633623275000002
-0.0023942427499999974
-0.009576842750000036
-0.0023942427499999974
-0.01197104275000005
-0.007182632750000084
-0.002394222750000008
0.0023941872499999572
0.0004788212499999833
-0.0014365447499999906
-0.0033519107500000755
-0.0052672767500000495
-0.007182642750000023
0.002394217249999997
0.0010260943928571686
-0.0003420284642857707
-0.001710151321428599
-0.0030782741785714274
-0.004446397035714256
-0.005814519892857195
-0.007182642750000023
0.0023941872500000683
-0.0023942427499999974
0.00478841725000001
0.0011970872500000063
-0.0023942427499999974
-0.0035913427499999484
-0.00478844275000001
-0.005985542750000072
-0.007182642750000023
0.0023941872499999572
0.011971017249999938
-0.0023942427499999974
-0.003990376083333302
-0.005586509416666718
-0.007182642750000023
-0.007182642750000023
-1.2750000055739008e-08
0.007182617250000023
-0.01197104275000005
-0.01197104275000005
-0.01197104275000005
-0.012503087194444484
-0.01303513163888892
-0.013567176083333354
-0.01409922052777779
-0.014631264972222335
-0.01516330941666677
-0.015695353861111205
-0.01622739830555564
-0.016759442750000075
-0.014365242750000062
-0.01197104275000005
-0.009576842750000036
-0.007182642750000023
-0.01197100775000004
-0.0023942427499999974
0.0023941872500000683
0.003192258916666746
0.0039903305833334235
0.004788402250000101
0.005586473916666668
0.006384545583333345
0.007182617250000023
