-0.006464343999999955
-0.006464343999999955
-0.006464343999999955
-0.006464343999999955
-0.006464343999999955
-0.006464343999999955
-0.006464343999999955
-0.011252743999999981
-0.011252743999999981
-0.011252743999999981
-0.009656610666666676
-0.00806047733333326
-0.006464343999999955
-0.025617943999999948
-0.018914184
-0.012210423999999942
-0.0055066639999999945
0.0011970960000000641
0.007900856000000012
-0.016041144000000007
0.007900856000000012
0.007900856000000012
0.007900856000000012
-0.006464344000000066
-0.020829544000000033
-0.016041144000000007
-0.011252743999999981
-0.0016759439999999293
-0.0016759439999999293
-0.0016759439999999293
-0.008858543999999968
-0.016041144000000007
-0.01005564400000003
-0.004070143999999942
0.0019153560000000347
0.007900856000000012
-0.004070143999999942
-0.016041144000000007
-0.011252743999999981
-0.006464343999999955
-0.004070143999999942
-0.0016759439999999293
-0.006464343999999955
-0.020829544000000033
-0.013646943999999994
-0.006464343999999955
-0.0032720773333333453
-7.981066666662429e-05
0.0031124559999999857
-0.00486821066666665
-0.012848877333333397
-0.020829544000000033
0.012689296000000017
-0.006464343999999955
-0.004070143999999942
-0.0016759439999999293
-0.008858543999999968
-0.016041144000000007
-0.014844043999999945
-0.013646943999999994
-0.012449844000000043
-0.011252743999999981
-0.008858543999999968
-0.006464343999999955
-0.006464343999999955
-0.006464343999999955
-0.006464343999999955
-0.006464343999999955
-0.006464343999999955
-0.006464343999999955
-0.006464343999999955
-0.0016759439999999293
-0.0016759439999999293
0.0015163226666666807
0.004708589333333402
0.007900856000000012
-0.011252743999999981
-0.011252743999999981
-0.004070143999999942
0.0031124559999999857
-0.006464344000000066
-0.016041144000000007
-0.014844043999999945
-0.013646943999999994
-0.012449844000000043
-0.011252743999999981
-0.012848877333333286
-0.014445010666666702
-0.016041144000000007
-0.008858543999999968
-0.0016759439999999293
0.005506675999999988
0.003112469333333312
0.0007182626666667469
-0.0016759439999999293
-0.0016759439999999293
-0.0016759439999999293
0.005506675999999988
0.012689296000000017
-0.016041144000000007
-0.011252743999999981
-0.006464344000000066
-0.0016759440000000403
0.0031124559999999857
-0.011252743999999981
-0.0016759439999999293
-0.006464343999999955
-0.011252743999999981
-0.016041144000000007
-0.016041144000000007
-0.01843534400000002
-0.020829544000000033
-0.016041144000000007
-0.011252743999999981
-0.011252743999999981
-0.011252743999999981
-0.006464343999999955
-0.0016759439999999293
-0.004070143999999942
-0.006464343999999955
-0.008858543999999968
-0.011252743999999981
-0.006464343999999955
-0.008858543999999968
-0.011252743999999981
-0.016041144000000007
-0.009656610666666676
-0.0032720773333333453
0.0031124559999999857
-0.006464344000000066
-0.016041144000000007
-0.013168104000000014
-0.01029506400000002
-0.007422023999999916
-0.004548983999999923
-0.0016759439999999293
-0.00486821066666665
-0.00806047733333326
-0.011252743999999981
0.03184289600000001
-0.006464343999999955
-0.006464343999999955
-0.006464343999999955
-0.006464343999999955
-0.006464343999999955
-0.006464343999999955
-0.004070143999999942
-0.0016759439999999293
-0.0016759439999999293
-0.0016759439999999293
-0.0016759439999999293
0.007900856000000012
0.0031124559999999857
-0.0016759439999999293
0.0007182560000000837
0.0031124559999999857
-0.0016759440000000403
-0.006464343999999955
-0.011252743999999981
-0.011252743999999981
-0.004070143999999942
0.0031124559999999857
0.0007182560000000837
-0.0016759439999999293
-0.006464343999999955
-0.008858543999999968
-0.011252743999999981
-0.013646943999999994
-0.016041144000000007
-0.0016759439999999293
-0.004070143999999942
-0.006464343999999955
-0.004070143999999942
-0.0016759439999999293
-0.004070143999999942
-0.006464343999999955
-0.011252743999999981
-0.011252743999999981
-0.011252743999999981
-0.011252743999999981
-0.006464343999999955
-0.00486821066666665
-0.0032720773333332343
-0.0016759439999999293
0.0031124559999999857
-7.981066666662429e-05
-0.0032720773333333453
-0.006464343999999955
0.0031124559999999857
0.005506655999999999
0.007900856000000012
-7.981066666662429e-05
-0.008060477333333371
-0.016041144000000007
-0.006464344000000066
0.0031124559999999857
-7.981066666662429e-05
-0.0032720773333333453
-0.006464344000000066
-0.009656610666666676
-0.012848877333333286
-0.016041144000000007
0.0031124559999999857
0.007900856000000012
-0.0016759439999999293
-0.011252743999999981
-0.011252743999999981
-0.004070143999999942
0.0031124559999999857
0.0007182560000000837
-0.0016759439999999293
-0.004070143999999942
-0.006464343999999955
-0.007661444000000017
-0.008858543999999968
-0.01005564399999992
-0.011252743999999981
-0.011252743999999981
-0.010454677333333273
-0.009656610666666676
-0.008858543999999968
-0.008259993999999993
-0.007661444000000017
-0.007062893999999931
-0.006464343999999955
0.0031124559999999857
0.0031124559999999857
-0.004070143999999942
-0.011252743999999981
-0.004070143999999942
0.0031124559999999857
-7.981066666662429e-05
-0.0032720773333333453
-0.006464343999999955
-0.006464343999999955
-0.008858543999999968
-0.011252743999999981
-0.008858543999999968
-0.006464343999999955
-0.011252743999999981
-0.016041144000000007
-0.011252743999999981
-0.006464343999999955
-0.011252743999999981
-0.016041144000000007
-0.013646943999999994
-0.011252743999999981
-0.011252743999999981
-0.011252743999999981
-0.011252743999999981
0.0031124559999999857
-0.0016759440000000403
-0.006464343999999955
-0.011252743999999981
-0.016041144000000007
-0.008858543999999968
-0.0016759439999999293
-0.006464343999999955
-0.011252743999999981
-0.011252743999999981
-0.011252743999999981
-0.008858543999999968
-0.006464343999999955
-0.008858543999999968
-0.011252743999999981
-0.00486821066666665
0.0015163226666666807
0.007900856000000012
-0.016041144000000007
-0.008858543999999968
-0.0016759439999999293
-0.004070143999999942
-0.006464343999999955
-0.011252743999999981
-0.016041144000000007
-0.008858543999999968
-0.0016759439999999293
-0.00486821066666665
-0.00806047733333326
-0.011252743999999981
-0.004070143999999942
0.0031124559999999857
-0.006464343999999955
-0.007661444000000017
-0.008858543999999968
-0.01005564399999992
-0.011252743999999981
-0.016041144000000007
-0.006464343999999955
-0.006464343999999955
-0.006464343999999955
-0.00586579399999998
-0.005267243999999893
-0.004668693999999918
-0.004070143999999942
-0.0004788439999999783
0.0031124559999999857
-0.0004788439999999783
-0.004070143999999942
-0.007661444000000017
-0.011252743999999981
-0.006464343999999955
-0.0016759439999999293
-0.0016759439999999293
-0.0016759439999999293
-0.004070143999999942
-0.006464343999999955
-0.006464343999999955
0.0031124559999999857
-0.0016759440000000403
-0.006464343999999955
-0.011252743999999981
-0.011252743999999981
-0.011252743999999981
-0.011252743999999981
-0.007661444000000017
-0.004070143999999942
-0.0004788439999999783
0.0031124559999999857
-0.020829544000000033
0.0031124559999999857
-0.006464344000000066
-0.016041144000000007
0.0031124559999999857
-0.004070143999999942
-0.011252743999999981
-0.004070143999999942
0.0031124559999999857
0.0031124559999999857
0.0031124559999999857
0.0015163226666666807
-7.981066666662429e-05
-0.0016759440000000403
-0.0032720773333333453
-0.00486821066666665
-0.006464343999999955
-0.0016759439999999293
0.0031124559999999857
0.007900856000000012
-0.011252743999999981
-0.011252743999999981
0.0031124559999999857
-0.025617943999999948
0.017477696000000043
0.006304749333333359
-0.004868197333333324
-0.016041144000000007
-0.01005564400000003
-0.004070143999999942
0.0019153560000000347
0.007900856000000012
-0.008858543999999968
-0.004668694000000029
-0.0004788439999999783
0.003711006000000072
0.007900856000000012
-0.030406343999999974
-0.004070123999999953
0.02226609600000007
-0.030406343999999974
-0.011252743999999981
0.007900856000000012
0.006703756000000061
0.005506655999999999
0.004309556000000048
0.0031124559999999857
0.0019153560000000347
0.0007182560000000837
-0.0004788439999999783
-0.0016759439999999293
-0.006464343999999955
-0.011252743999999981
-0.006464323999999966
-0.0016759239999999398
0.0005341083076924047
0.002744140615384638
0.004954172923076983
0.007164205230769216
0.00937423753846156
0.011584269846153905
0.013794302153846139
0.016004334461538483
0.018214366769230828
0.02042439907692306
0.022634431384615405
0.02484446369230764
0.027054495999999983
-0.011252743999999981
-0.006464323999999966
-0.0016759239999999398
0.012689296000000017
-0.039983144000000026
-0.008858523999999979
0.02226609600000007
0.01588154933333341
0.009497002666666643
0.0031124559999999857
0.004708589333333291
0.006304722666666707
0.007900856000000012
-0.01843534400000002
-0.04477154399999994
-0.016041124000000018
0.012689296000000017
-0.020829553999999972
-0.05434840399999996
-0.008858553999999907
0.036631296000000035
0.004708596000000065
-0.027214104000000017
-0.05913680399999999
-0.013646953999999933
0.03184289600000001
-0.04955994399999997
-0.035194744
-0.020829543999999922
-0.006464343999999955
0.007900856000000012
-0.025617943999999948
0.012689296000000017
0.012689296000000017
0.012689296000000017
-0.004070124000000064
-0.020829544000000033
-0.003272064000000019
0.014285415999999995
0.03184289600000001
0.022864640999999963
0.013886386000000028
0.004908130999999982
-0.004070124000000064
-0.013048378999999999
-0.022026634000000045
-0.03100488899999998
-0.039983144000000026
-0.017637263999999986
0.004708615999999943
0.027054495999999983
-0.04955994399999997
0.004708592666666678
-0.04477154399999994
0.027054495999999983
-0.035194744
-0.01923339733333329
-0.0032720506666666926
0.012689296000000017
0.0015163493333333333
-0.00965659733333335
-0.020829544000000033
0.0031124559999999857
0.012689276000000027
0.02226609600000007
-0.025617943999999948
-0.01508345599999994
-0.004548967999999931
0.005985519999999966
0.016520007999999975
0.027054495999999983
0.02013791377777774
0.013221331555555493
0.006304749333333359
-0.0006118328888888858
-0.007528415111111131
-0.014444997333333376
-0.02136157955555551
-0.028278161777777755
-0.035194744
0.04141968600000001
-0.039983144000000026
-0.0016759589999999491
0.0031124710000001166
0.05099648600000006
-0.04955994399999997
-0.008858523999999979
0.03184289600000001
0.007900882666666664
-0.01604113066666668
-0.039983144000000026
0.02226609600000007
-7.978399999997166e-05
-0.0224256639999999
-0.04477154399999994
-0.0375889439999999
-0.030406343999999974
-0.023223743999999935
-0.016041143999999896
-0.016041144000000007
-0.012620858285714243
-0.009200572571428589
-0.0057802868571428245
-0.002360001142857171
0.0010602845714285936
0.004480570285714247
0.007900856000000012
-0.016041144000000007
-0.025617943999999948
-0.006464343999999955
-0.007422023999999916
-0.008379703999999988
-0.009337383999999949
-0.01029506400000002
-0.011252743999999981
-0.006464344000000066
-0.0016759439999999293
-0.0016759439999999293
-0.0016759439999999293
-0.011252743999999981
-0.006464343999999955
-0.0016759439999999293
-0.0034715939999999668
-0.005267243999999893
-0.007062893999999931
-0.008858543999999968
-0.010654194000000006
-0.012449844000000043
-0.01424549399999997
-0.016041144000000007
0.007900856000000012
-0.012848877333333286
-0.007528432888888825
-0.0022079884444444753
0.0031124559999999857
-0.0016759440000000403
-0.006464343999999955
-0.011252743999999981
-0.012210423999999942
-0.013168104000000014
-0.014125783999999975
-0.015083464000000046
-0.016041144000000007
-0.006464344000000066
0.0031124559999999857
-0.011252743999999981
-0.003272064000000019
0.004708616000000054
0.012689296000000017
-0.006464344000000066
-0.008060477333333371
-0.009656610666666676
-0.011252743999999981
0.0031124559999999857
0.004548980000000036
0.005985503999999975
0.007422028000000025
0.008858551999999964
0.010295076000000014
-0.006464330666666629
-0.023223737333333383
-0.039983144000000026
0.036631296000000035
-0.035194744
0.0007182759999999622
0.036631296000000035
-0.0016759239999999398
-0.039983144000000026
-0.019632436500000017
0.0007182709999999926
0.021068978500000002
0.04141968600000001
-0.035194744
0.04141968600000001
0.014285409333333332
-0.012848867333333347
-0.039983144000000026
-0.011252723999999992
0.017477696000000043
-0.030406343999999974
-0.013646943999999994
0.0031124559999999857
-0.004070143999999942
-0.011252743999999981
0.0031124559999999857
-0.00486821066666665
-0.012848877333333397
-0.020829544000000033
-0.008858543999999968
0.0031124559999999857
-0.0016759440000000403
-0.006464343999999955
-0.011252743999999981
-0.00486821066666665
0.0015163226666666807
0.007900856000000012
0.0031124559999999857
0.0031124559999999857
-0.004070143999999942
-0.011252743999999981
-0.006464343999999955
-0.0016759439999999293
-0.0016759439999999293
-0.0016759439999999293
0.005506675999999988
0.012689296000000017
0.007900882666666664
0.003112469333333423
-0.0016759439999999293
-0.0016759439999999293
-0.0016759439999999293
-0.0016759439999999293
-0.0016759439999999293
-0.0016759439999999293
-0.0016759439999999293
-0.0016759439999999293
-0.0016759439999999293
-0.016041144000000007
-0.008858543999999968
-0.0016759440000000403
-0.0016759440000000403
-0.0016759439999999293
-0.006464343999999955
-0.0055066639999999945
-0.004548983999999923
-0.003591303999999962
-0.00263362399999989
-0.0016759439999999293
0.005506675999999988
-0.01005563399999998
-0.025617943999999948
-0.013646943999999994
-0.0016759439999999293
-0.006464343999999955
-0.011252743999999981
-0.016041144000000007
-0.016041144000000007
-0.012848877333333286
-0.009656610666666676
-0.006464343999999955
-0.0016759440000000403
0.0031124559999999857
0.0019153560000000347
0.0007182560000000837
-0.0004788439999999783
-0.0016759439999999293
-0.020829544000000033
-0.006464343999999955
-0.006464343999999955
-0.006464343999999955
0.007900856000000012
0.0007182560000000837
-0.006464343999999955
-0.008858543999999968
-0.011252743999999981
-0.008858543999999968
-0.006464343999999955
-0.006464343999999955
-0.006464343999999955
-0.006464343999999955
-0.006464343999999955
-0.006464343999999955
-0.0016759439999999293
-0.006464343999999955
-0.011252743999999981
-0.016041144000000007
-0.0016759439999999293
-0.0016759439999999293
-0.0016759439999999293
-0.0032720773333332343
-0.00486821066666665
-0.006464343999999955
0.017477696000000043
0.013487356000000061
0.00949701600000008
0.005506675999999988
0.001516336000000007
-0.002474003999999974
-0.006464343999999955
-0.011252743999999981
-0.0016759439999999293
-0.0016759439999999293
-0.008858543999999968
-0.016041144000000007
0.007900856000000012
0.0031124559999999857
-0.0016759439999999293
-0.00486821066666665
-0.00806047733333326
-0.011252743999999981
-0.020829544000000033
-0.012848877333333397
-0.00486821066666665
0.0031124559999999857
-0.0016759439999999293
-0.0016759439999999293
-0.0016759439999999293
-0.0016759439999999293
-0.0016759439999999293
-0.013646943999999994
-0.025617943999999948
-0.013646943999999994
-0.0016759439999999293
-0.008858543999999968
-0.016041144000000007
-0.016041144000000007
-0.016041144000000007
-0.011252743999999981
-0.006464343999999955
-0.0016759439999999293
-0.0016759439999999293
0.0031124559999999857
0.007900856000000012
-0.0016759440000000403
-0.011252743999999981
-0.016041144000000007
-0.020829544000000033
-0.013646943999999994
-0.006464343999999955
-0.004070143999999942
-0.0016759439999999293
-0.006464343999999955
-0.011252743999999981
-0.01029506400000002
-0.009337383999999949
-0.008379703999999988
-0.007422023999999916
-0.006464343999999955
0.0031124559999999857
-0.011252743999999981
-0.016041144000000007
-0.006464344000000066
0.0031124559999999857
0.0007182560000000837
-0.0016759439999999293
0.0007182560000000837
0.0031124559999999857
-7.981066666662429e-05
-0.0032720773333333453
-0.006464343999999955
-0.0016759440000000403
0.0031124559999999857
-7.981066666662429e-05
-0.0032720773333333453
-0.006464343999999955
-0.006464343999999955
-0.011252743999999981
-0.013646943999999994
