0.019393040000000028
0.014604659999999992
0.014604659999999992
0.005027820000000016
0.019393040000000028
0.016998835000000045
0.014604630000000007
0.01221042499999997
0.009816219999999987
0.005027819999999961
0.0002394199999999902
0.002633620000000003
0.005027820000000016
0.008619125000000005
0.01221043000000005
0.01580173500000004
0.019393040000000028
0.019393040000000028
0.019393040000000028
0.019393040000000028
0.005027820000000016
0.01221043000000005
0.019393040000000028
0.01699885000000001
0.014604659999999992
0.014604659999999992
0.014604659999999992
0.01699885000000001
0.019393040000000028
0.019674710588235333
0.01995638117647064
0.02023805176470589
0.020519722352941194
0.0208013929411765
0.021083063529411805
0.021364734117647055
0.02164640470588236
0.021928075294117666
0.02220974588235297
0.02249141647058822
0.022773087058823527
0.023054757647058832
0.023336428235294138
0.023618098823529388
0.023899769411764693
0.02418144
0.005027820000000016
0.019393049999999967
0.019393040000000028
0.016998829999999965
0.028969840000000024
0.01699885000000001
0.009816219999999987
0.014604659999999992
0.01620079000000002
0.017796919999999994
0.019393049999999967
0.020989179999999996
0.022585310000000025
0.02418144
0.014604659999999992
0.014604630000000007
0.014604659999999992
0.017796919999999994
0.020989179999999996
0.02418144
0.005027820000000016
0.014604630000000007
0.02418144
0.019393049999999967
0.014604659999999992
0.014604659999999992
0.014604659999999992
0.019393049999999967
0.02418144
0.016998829999999965
0.009816219999999987
0.014604630000000007
0.019393040000000028
0.01580173500000004
0.01221043000000005
0.008619125000000005
0.005027820000000016
0.019393040000000028
0.009816219999999987
0.014604630000000007
0.019393040000000028
0.02178724000000004
0.02418144
0.019393049999999967
0.014604659999999992
0.014604659999999992
0.014604659999999992
0.01699885000000001
0.019393040000000028
0.018594976666666707
0.01779691333333333
0.01699885000000001
0.01620078666666669
0.015402723333333312
0.014604659999999992
0.01699885000000001
0.019393040000000028
0.02178724000000004
0.02418144
0.02657564000000001
0.028969840000000024
0.028969840000000024
0.019393040000000028
0.024181440000000054
0.028969840000000024
0.025139116000000017
0.02130839200000001
0.017477668000000002
0.013646943999999994
0.009816219999999987
0.009816219999999987
0.019393040000000028
0.019393040000000028
0.014604630000000007
0.009816219999999987
0.012210439999999989
0.014604659999999992
0.01699885000000001
0.019393040000000028
0.019393040000000028
0.01699885000000001
0.014604659999999992
0.014125814000000014
0.013646968000000037
0.013168122000000004
0.012689276000000027
0.01221043000000005
0.006224924999999992
0.0002394199999999902
0.012210429999999994
0.02418144
0.02418144
0.01939303333333331
0.014604626666666676
0.009816219999999987
0.014604659999999992
0.019393049999999967
0.02418144
0.02226608400000002
0.020350727999999985
0.018435372000000005
0.01652001599999997
0.014604659999999992
0.019393040000000028
0.009816219999999987
0.02418144
0.01939303333333331
0.014604626666666676
0.009816219999999987
0.012210423333333331
0.014604626666666676
0.016998829999999965
0.01939303333333331
0.021787236666666654
0.02418144
0.009816219999999987
0.011013329999999988
0.012210439999999989
0.01340754999999999
0.014604659999999992
0.012210439999999989
0.009816219999999987
0.028969840000000024
0.019393040000000028
0.02418144
0.019393040000000028
0.014604633333333339
0.009816226666666705
0.005027820000000016
0.019393040000000028
0.01699885000000001
0.014604659999999992
0.01556233600000001
0.01652001200000003
0.01747768799999999
0.01843536400000001
0.019393040000000028
0.014604630000000007
0.015203185000000008
0.01580174000000001
0.01640029500000001
0.01699885000000001
0.011013335000000013
0.005027820000000016
0.01141236000000001
0.017796900000000004
0.02418144
0.005027820000000016
0.006943187999999989
0.008858556000000017
0.01077392399999999
0.012689292000000019
0.014604659999999992
0.01699885000000001
0.019393040000000028
0.019393040000000028
0.019393040000000028
0.019393040000000028
0.019393040000000028
0.019393040000000028
0.016998835000000045
0.014604630000000007
0.012210439999999989
0.005027820000000016
0.00861912250000002
0.012210425000000025
0.01580172750000003
0.019393029999999978
0.022984332499999982
0.026575634999999986
0.03016693749999999
0.033758239999999995
-0.00454897999999998
0.033758239999999995
-0.009337380000000006
0.005027820000000016
0.033758239999999995
0.009816219999999987
0.019393026666666646
0.02896983333333336
0.03854664000000002
0.035499474545454546
0.032452309090909126
0.02940514363636365
0.026357978181818176
0.023310812727272756
0.02026364727272728
0.01721648181818186
0.014169316363636386
0.011122150909090911
0.008074985454545491
0.005027820000000016
-0.009337380000000006
0.03854664000000002
0.019393040000000028
0.007422019999999974
0.033758239999999995
0.005027820000000016
0.012210425000000025
0.019393029999999978
0.026575634999999986
0.033758239999999995
0.012210429999999994
-0.009337380000000006
0.009816219999999987
0.014604630000000007
0.019393040000000028
0.005027820000000016
0.006943187999999989
0.008858556000000017
0.01077392399999999
0.012689292000000019
0.014604659999999992
0.02418144
0.02418144
0.014604659999999992
0.012210439999999989
0.009816219999999987
0.014604659999999992
0.01141238
0.008220100000000008
0.005027820000000016
0.002633620000000003
0.0002394199999999902
0.014604659999999992
0.017796919999999994
0.020989179999999996
0.02418144
0.016998829999999965
0.009816219999999987
0.03854664000000002
0.032800556000000036
0.027054471999999996
0.02130838800000001
0.015562303999999971
0.009816219999999987
0.028969840000000024
0.028969840000000024
0.028969840000000024
0.009816230000000037
-0.009337380000000006
0.0014365249999999663
0.012210429999999994
0.022984335000000022
0.033758239999999995
0.014604659999999992
0.02178722999999999
0.0211886825
0.02059013500000001
0.01999158750000002
0.019393040000000028
0.009816219999999987
0.007422019999999974
0.005027820000000016
0.00844810857142858
0.011868397142857146
0.01528868571428571
0.01870897428571433
0.022129262857142895
0.02554955142857146
0.028969840000000024
0.009816219999999987
0.019393040000000028
0.028969840000000024
0.028969840000000024
0.028969840000000024
0.028969840000000024
0.028969840000000024
0.028969840000000024
0.02178724999999998
0.014604659999999992
0.014604630000000007
0.019393035000000003
0.02418144
0.014604630000000007
0.005027820000000016
0.02418144
0.02896983999999997
0.033758239999999995
0.019393029999999978
0.005027820000000016
0.0068234725000000385
0.008619125000000005
0.010414777500000028
0.01221043000000005
0.008619125000000005
0.005027820000000016
0.01699883000000002
0.028969840000000024
0.01699883000000002
0.005027820000000016
0.01699883000000002
0.028969840000000024
0.02657564000000001
0.024181440000000054
0.02178724000000004
0.019393040000000028
0.019393040000000028
0.019393040000000028
0.019393040000000028
0.019393040000000028
0.019393040000000028
0.016998829999999965
0.008619125000000005
0.0002394199999999902
0.009816230000000037
0.019393040000000028
0.01699885000000001
0.014604659999999992
0.014604659999999992
0.014604659999999992
0.019393053333333354
0.02418144666666666
0.028969840000000024
0.021787235000000016
0.014604630000000007
0.007422024999999999
0.0002394199999999902
0.0038307300000000044
0.007422039999999963
0.011013349999999977
0.014604659999999992
0.01699885499999998
0.019393049999999967
0.01699885000000001
0.020590145000000004
0.02418144
0.02178724000000004
0.019393040000000028
0.014604630000000007
0.009816219999999987
0.01221042499999997
0.014604630000000007
0.016998835000000045
0.019393040000000028
0.014604659999999992
0.033758239999999995
0.027373713333333327
0.02098918666666666
0.014604659999999992
0.009816219999999987
0.016998829999999965
0.02418144
0.005027830000000011
-0.014125779999999977
0.005027830000000011
0.02418144
0.022984339999999992
0.02178724000000004
0.020590140000000035
0.019393040000000028
0.0002394199999999902
0.02418144
0.04812346000000001
0.009816219999999987
0.019393029999999978
0.028969840000000024
0.02657564000000001
0.02418144
0.016998829999999965
0.009816219999999987
0.019393026666666646
0.02896983333333336
0.03854664000000002
0.030166935000000006
0.02178722999999999
0.013407525000000031
0.005027820000000016
0.013407525000000031
0.02178722999999999
0.01999158750000002
0.01819594499999999
0.016400302499999964
0.014604659999999992
0.014604630000000007
0.014604644999999972
0.014604659999999992
0.02178724999999998
0.028969840000000024
0.022266076000000024
0.015562312000000023
0.008858548000000022
0.0021547840000000207
-0.00454897999999998
0.03854664000000002
0.029767903333333345
0.02098916666666667
0.01221043000000005
0.0034316933333333743
-0.005347043333333301
-0.014125779999999977
-0.0021547799999999673
0.009816219999999987
0.024181430000000004
0.03854664000000002
0.014604630000000007
-0.009337380000000006
0.02896983999999997
0.019393040000000028
0.02418144
0.028969840000000024
0.033758239999999995
0.014604659999999992
0.019393049999999967
0.02418144
0.022129265714285695
0.020077091428571447
0.018024917142857144
0.01597274285714284
0.013920568571428538
0.01186839428571429
0.009816219999999987
0.0002394200000000457
0.01699883000000002
0.01665680571428574
0.016314781428571457
0.015972757142857175
0.015630732857142837
0.015288708571428555
0.014946684285714273
0.014604659999999992
0.02418144
0.02418144
0.009816230000000037
0.005027820000000016
0.007422019999999974
0.009816219999999987
0.014604630000000007
0.019393040000000028
0.014604659999999992
0.014604659999999992
0.014604659999999992
0.014604659999999992
0.014604659999999992
0.033758239999999995
0.014604630000000007
-0.00454897999999998
0.01221043000000005
0.028969840000000024
0.02258530000000003
0.01620075999999998
0.009816219999999987
0.009132162857142856
0.008448105714285725
0.0077640485714285945
0.007079991428571408
0.006395934285714278
0.005711877142857147
0.005027820000000016
0.012210429999999994
0.009816230000000037
0.01015826000000003
0.010500290000000023
0.010842320000000016
0.01118435000000001
0.011526380000000003
0.011868409999999996
0.012210439999999989
0.005027820000000016
0.005027840000000006
0.006943199999999983
0.008858560000000015
0.010773919999999992
0.012689280000000025
0.014604640000000002
0.01651999999999998
0.018435360000000012
0.02035071999999999
0.02226608000000002
0.02418144
0.025378540000000005
0.02657564000000001
0.017796900000000004
0.009816219999999987
0.013008493333333315
0.0162007666666667
0.019393040000000028
0.02178724000000004
0.02418144
0.009816219999999987
0.010500282857142829
0.011184345714285726
0.011868408571428568
0.01255247142857141
0.013236534285714252
0.01392059714285715
0.014604659999999992
0.014604659999999992
0.019393049999999967
0.019393040000000028
0.019393040000000028
0.019393040000000028
0.019393040000000028
0.019393040000000028
0.019393040000000028
0.014604659999999992
0.015402723333333312
0.01620078666666669
0.01699885000000001
0.01779691333333333
0.018594976666666707
0.019393040000000028
0.007422019999999974
0.008020569999999949
0.00861911999999998
