0.007900856000000012
0.007900856000000012
0.007900856000000012
0.0058486845714286195
0.0037965131428571164
0.0017443417142857243
-0.00030782971428566785
-0.00236000114285706
-0.004412172571428563
-0.006464343999999955
-0.011252743999999981
-0.011252743999999981
0.0031124559999999857
-0.008858543999999968
-0.020829544000000033
-0.013646943999999994
-0.006464343999999955
-0.011252743999999981
-0.01091071542857136
-0.01056868685714285
-0.01022665828571423
-0.00988462971428572
-0.009542601142857099
-0.009200572571428589
-0.008858543999999968
-0.011252743999999981
-0.0016759439999999293
-0.004070143999999942
-0.006464343999999955
0.007900856000000012
-0.004070143999999942
-0.016041144000000007
-0.008060477333333371
-7.981066666662429e-05
0.007900856000000012
-0.006464344000000066
-0.020829544000000033
-0.016041144000000007
-0.011252743999999981
-0.006464344000000066
-0.0016759440000000403
0.0031124559999999857
-0.0016759440000000403
-0.006464343999999955
-0.011252743999999981
-0.011252743999999981
-0.006464343999999955
-0.011252743999999981
-0.011252743999999981
-0.011252743999999981
-0.012848877333333286
-0.014445010666666702
-0.016041144000000007
-0.009656610666666676
-0.0032720773333333453
0.0031124559999999857
-0.0016759439999999293
-0.0028730439999999913
-0.004070143999999942
-0.005267243999999893
-0.006464343999999955
-0.006464343999999955
0.003112476000000086
0.012689296000000017
0.006304749333333359
-7.979733333329797e-05
-0.006464343999999955
-0.011252743999999981
-0.006464343999999955
-0.0016759439999999293
-0.00236000114285706
-0.0030440582857141907
-0.0037281154285713214
-0.004412172571428563
-0.005096229714285694
-0.0057802868571428245
-0.006464343999999955
-0.016041144000000007
-0.014977055111111137
-0.013912966222222267
-0.012848877333333286
-0.011784788444444416
-0.010720699555555546
-0.009656610666666676
-0.008592521777777695
-0.007528432888888825
-0.006464343999999955
0.0031124559999999857
-0.008858543999999968
-0.011252743999999981
-0.01029506400000002
-0.009337383999999949
-0.008379703999999988
-0.007422023999999916
-0.006464343999999955
-0.009656610666666676
-0.012848877333333286
-0.016041144000000007
-0.008858543999999968
-0.0016759440000000403
-0.0016759439999999293
-0.0016759439999999293
-0.00486821066666665
-0.00806047733333326
-0.011252743999999981
-0.011252743999999981
-0.011252743999999981
-0.011252743999999981
-0.011252743999999981
-0.011252743999999981
-0.011252743999999981
-0.011252743999999981
-0.011252743999999981
-0.006464343999999955
-0.016041144000000007
-0.011252743999999981
-0.006464344000000066
-0.0016759440000000403
0.0031124559999999857
0.0007182759999999622
-0.006464343999999955
-0.011252743999999981
-0.01005564399999992
-0.008858543999999968
-0.007661444000000017
-0.006464343999999955
0.0031124559999999857
-0.011252743999999981
-0.011252743999999981
-0.011252743999999981
-0.0016759440000000403
0.007900856000000012
0.0007182560000000837
-0.006464343999999955
-0.006464343999999955
-0.006464343999999955
-0.006464343999999955
-0.020829544000000033
-0.016041144000000007
-0.011252743999999981
-0.006464344000000066
-0.0016759440000000403
0.0031124559999999857
-7.981066666662429e-05
-0.0032720773333333453
-0.006464343999999955
-0.0016759239999999398
-0.0016759439999999293
-0.004070143999999942
-0.006464343999999955
-0.013646943999999994
-0.020829544000000033
-0.011252743999999981
-0.0016759439999999293
-0.0028730439999999913
-0.004070143999999942
-0.005267243999999893
-0.006464343999999955
-0.006464343999999955
-0.004070143999999942
-0.0016759439999999293
-0.006464343999999955
-0.004070143999999942
-0.0016759439999999293
-0.006464343999999955
-0.011252743999999981
-0.0016759440000000403
0.007900856000000012
-0.008858543999999968
-0.025617943999999948
-0.01963244399999997
-0.013646943999999994
-0.007661443999999906
-0.0016759439999999293
-0.0016759439999999293
0.007900856000000012
0.0031124559999999857
-0.0016759439999999293
0.0031124559999999857
-0.004070143999999942
-0.011252743999999981
-0.006464343999999955
-0.0016759439999999293
-0.004070143999999942
-0.006464343999999955
-0.00486821066666665
-0.0032720773333333453
-0.0016759440000000403
-7.981066666662429e-05
0.0015163226666666807
0.0031124559999999857
-0.004070143999999942
-0.00806047733333326
-0.01205081066666669
-0.016041144000000007
-0.006464344000000066
0.0031124559999999857
-0.006464344000000066
-0.016041144000000007
0.0031124559999999857
-0.006464344000000066
-0.016041144000000007
-0.008858543999999968
-0.0016759439999999293
-7.981066666662429e-05
0.0015163226666666807
0.0031124559999999857
0.007900856000000012
-7.981066666662429e-05
-0.008060477333333371
-0.016041144000000007
-0.011252743999999981
-0.006464343999999955
-0.0016759439999999293
-0.016041144000000007
-0.011252743999999981
-0.006464343999999955
-0.0016759439999999293
-0.011252743999999981
-0.020829544000000033
-0.011252743999999981
-0.0016759440000000403
0.007900856000000012
-0.016041144000000007
-0.006464343999999955
-0.00806047733333326
-0.009656610666666676
-0.011252743999999981
-0.0016759440000000403
0.007900856000000012
-0.004070143999999942
-0.016041144000000007
-0.011252743999999981
-0.006464343999999955
-0.011252743999999981
-0.006464343999999955
-0.0016759439999999293
-0.007661443999999906
-0.013646943999999994
-0.01963244399999997
-0.025617943999999948
0.0031124559999999857
-0.016041144000000007
0.0007182759999999622
0.017477696000000043
0.0007182759999999622
-0.016041144000000007
-0.006464344000000066
0.0031124559999999857
-0.0016759440000000403
-0.006464343999999955
-0.0016759440000000403
0.0031124559999999857
-0.009656610666666676
-0.022425677333333338
-0.035194744
-0.017637263999999986
-7.978399999997166e-05
0.017477696000000043
-0.020829544000000033
0.0031124559999999857
-0.008858543999999968
-0.020829544000000033
-0.016041144000000007
-0.011252743999999981
-0.016041144000000007
-0.020829544000000033
-0.013646943999999994
-0.006464343999999955
-0.00806047733333326
-0.009656610666666676
-0.011252743999999981
-0.011252743999999981
-0.004070143999999942
0.0031124559999999857
-0.008858543999999968
-0.020829544000000033
-0.008858543999999968
0.0031124559999999857
-0.008858543999999968
-0.020829544000000033
-0.008858543999999968
0.0031124559999999857
-0.006464344000000066
-0.016041144000000007
-0.008858543999999968
-0.0016759439999999293
0.0007182560000000837
0.0031124559999999857
0.0007182560000000837
-0.0016759439999999293
-0.0016759439999999293
-0.0016759439999999293
-0.006464343999999955
-0.011252743999999981
-0.006464343999999955
-0.0016759439999999293
-0.004070143999999942
-0.006464343999999955
0.003112476000000086
0.012689296000000017
-0.004070124000000064
-0.020829544000000033
-0.008060464000000045
0.004708616000000054
0.017477696000000043
0.005506675999999988
-0.006464343999999955
0.007900856000000012
0.005506655999999999
0.0031124559999999857
0.0031124559999999857
0.0031124559999999857
-0.008858543999999968
-0.020829544000000033
-0.01843534400000002
-0.016041144000000007
0.012689296000000017
0.0019153860000000744
-0.008858523999999979
-0.019632434000000032
-0.030406343999999974
0.0031124559999999857
-0.004070143999999942
-0.011252743999999981
-0.006464343999999955
-0.0016759439999999293
-0.011252743999999981
-0.013646943999999994
-0.016041144000000007
-0.006464344000000066
0.0031124559999999857
-0.0032720773333333453
-0.009656610666666676
-0.016041144000000007
-0.006464344000000066
0.0031124559999999857
-0.006464343999999955
-0.016041144000000007
-0.025617943999999948
0.0031124559999999857
-0.004070143999999942
-0.011252743999999981
-0.013646943999999994
-0.016041144000000007
0.007900856000000012
-0.006464344000000066
-0.020829544000000033
-0.011252743999999981
-0.0016759439999999293
-0.004070143999999942
-0.006464343999999955
-0.00167593399999999
0.003112476000000086
0.007900886000000051
0.012689296000000017
0.0031124826666666383
-0.006464330666666629
-0.016041144000000007
0.007900856000000012
0.0058486845714286195
0.0037965131428571164
0.0017443417142857243
-0.00030782971428566785
-0.00236000114285706
-0.004412172571428563
-0.006464343999999955
-0.006464343999999955
-0.006464343999999955
-0.006464343999999955
-0.008858543999999968
-0.011252743999999981
-0.0016759439999999293
0.0031124559999999857
-0.00486821066666665
-0.012848877333333397
-0.020829544000000033
-0.01843534400000002
-0.016041144000000007
-0.013646943999999994
-0.011252743999999981
-0.008858543999999968
-0.006464343999999955
-0.006464343999999955
-0.013646943999999994
-0.011252743999999981
0.017477696000000043
0.009097986000000002
0.0007182759999999622
-0.007661433999999967
-0.016041144000000007
-0.011252743999999981
-0.006464343999999955
-0.008858543999999968
-0.011252743999999981
-0.013646943999999994
-0.016041144000000007
-0.007661444000000017
0.0007182560000000837
0.004309556000000048
0.007900856000000012
-0.030406343999999974
-0.02630200114285708
-0.022197658285714295
-0.0180933154285714
-0.013988972571428504
-0.009884629714285609
-0.0057802868571428245
-0.0016759439999999293
-0.0016759439999999293
-0.016041144000000007
0.007900856000000012
-0.020829544000000033
0.0031124559999999857
-0.0016759440000000403
-0.006464343999999955
-0.004070143999999942
-0.0016759439999999293
-0.004548983999999923
-0.007422023999999916
-0.01029506400000002
-0.013168104000000014
-0.016041144000000007
0.007900856000000012
-0.006464343999999955
-0.008516515428571347
-0.01056868685714285
-0.012620858285714243
-0.014673029714285746
-0.016725201142857138
-0.01877737257142864
-0.020829544000000033
-0.011252743999999981
0.007900856000000012
-0.0016759439999999293
0.0015163226666666807
0.004708589333333402
0.007900856000000012
0.0031124559999999857
0.0007182559999999727
-0.0016759439999999293
-0.004070143999999942
-0.01005564399999992
-0.016041144000000007
-0.0016759239999999398
0.012689296000000017
-0.0016759239999999398
-0.016041144000000007
-0.006464344000000066
0.0031124559999999857
-0.008858543999999968
-0.020829544000000033
-0.01963244399999997
-0.01843534400000002
-0.01723824400000007
-0.016041144000000007
0.0031124559999999857
-0.020829544000000033
-0.018036310666666666
-0.0152430773333333
-0.012449844000000043
-0.009656610666666676
-0.006863377333333309
-0.004070143999999942
0.007900856000000012
-0.006464343999999955
-0.006065310666666601
-0.005666277333333247
-0.005267243999999893
-0.00486821066666665
-0.004469177333333296
-0.004070143999999942
-0.0036711106666665883
-0.0032720773333332343
-0.0028730439999999913
-0.0024740106666666373
-0.0020749773333332833
-0.0016759439999999293
-0.005267243999999893
-0.008858543999999968
-0.012449844000000043
-0.016041144000000007
0.007900876000000112
-0.011252743999999981
-0.011252743999999981
-0.011252743999999981
-0.011252743999999981
0.0031124559999999857
-0.006464343999999955
-0.008858543999999968
-0.003591295999999966
0.001675952000000036
0.006943200000000038
0.01221044800000004
0.017477696000000043
-0.016041144000000007
-0.012449844000000043
-0.008858543999999968
-0.005267243999999893
-0.0016759439999999293
-0.006464343999999955
-0.004070143999999942
-0.0016759440000000403
0.0007182559999999727
0.0031124559999999857
-0.016041144000000007
-0.013646943999999994
-0.008858543999999968
-0.00988462971428572
-0.01091071542857136
-0.011936801142857112
-0.012962886857142863
-0.013988972571428615
-0.015015058285714256
-0.016041144000000007
-0.011252743999999981
-0.006464323999999966
-0.0028730289999999714
0.0007182660000000229
0.004309561000000017
0.007900856000000012
-0.020829544000000033
0.02226609600000007
0.007900876000000112
-0.006464343999999955
0.003112476000000086
0.012689296000000017
-0.0016759239999999398
-0.016041144000000007
-0.008858543999999968
-0.0016759439999999293
-0.004070143999999942
-0.006464343999999955
-0.006464343999999955
-0.006464343999999955
-0.006464343999999955
-0.006464343999999955
-0.006464343999999955
-0.004070143999999942
-0.0016759439999999293
-0.0016759439999999293
-0.00806047733333326
-0.014445010666666702
-0.020829544000000033
-0.006464343999999955
-0.01843534400000002
-0.030406343999999974
-0.008858523999999979
0.012689296000000017
0.003112476000000086
-0.006464343999999955
-0.007661444000000017
-0.008858543999999968
-0.01005564399999992
-0.011252743999999981
-0.0016759439999999293
-0.0016759439999999293
-0.0016759440000000403
-0.0016759440000000403
-0.0016759440000000403
0.0007182559999999727
0.0031124559999999857
-0.016041144000000007
-0.011252743999999981
-0.006464343999999955
-0.00806047733333326
-0.009656610666666676
-0.011252743999999981
-0.007661444000000017
-0.004070143999999942
-0.0004788439999999783
0.0031124559999999857
0.0007182559999999727
-0.0016759439999999293
-0.004070143999999942
-0.016041144000000007
-0.016041144000000007
-0.016041144000000007
-0.016041144000000007
-0.004070143999999942
0.007900856000000012
0.0031124559999999857
-0.0016759439999999293
-0.006464343999999955
-0.011252743999999981
-0.01005564399999992
-0.008858543999999968
-0.007661444000000017
-0.006464343999999955
-0.006464343999999955
-0.020829544000000033
-0.013646943999999994
-0.006464343999999955
0.001516336000000007
0.00949701600000008
0.017477696000000043
0.012689286000000077
0.007900876000000001
0.003112465999999925
-0.0016759440000000403
-0.0028730439999999913
-0.004070143999999942
-0.005267244000000004
-0.006464343999999955
-0.0028730439999999913
0.0007182560000000837
-0.0016759439999999293
-0.0016759439999999293
-0.0016759439999999293
0.0007182560000000837
0.0031124559999999857
-0.006464344000000066
-0.016041144000000007
-0.006464344000000066
0.0031124559999999857
0.0031124559999999857
0.0031124559999999857
0.0031124559999999857
0.0031124559999999857
0.0031124559999999857
0.0031124559999999857
-0.004070143999999942
-0.011252743999999981
-0.009816223999999929
-0.008379703999999988
-0.006943183999999936
-0.0055066639999999945
-0.004070143999999942
-0.003671107333333312
-0.003272070666666571
-0.002873033999999941
-0.002473997333333311
-0.00207496066666657
-0.0016759239999999398
0.012689296000000017
0.010637118857142913
0.008584941714285699
0.006532764571428595
0.004480587428571492
0.0024284102857143886
0.00037623314285717413
-0.0016759439999999293
-0.006464343999999955
-0.0028730439999999913
0.0007182560000000837
0.004309556000000048
0.007900856000000012
-0.011252743999999981
-0.006464343999999955
-0.007422023999999916
-0.008379703999999988
-0.009337383999999949
-0.01029506400000002
-0.011252743999999981
-0.006464343999999955
-0.0016759439999999293
-0.0032720773333332343
-0.00486821066666665
-0.006464343999999955
-0.011252743999999981
-0.004070143999999942
0.0031124559999999857
-0.0016759440000000403
-0.006464343999999955
-0.011252743999999981
-0.008858543999999968
-0.006464343999999955
-0.0016759439999999293
0.0031124559999999857
0.007900856000000012
0.005107622666666645
0.0023143893333333887
-0.0004788439999999783
-0.0032720773333333453
-0.006065310666666601
-0.008858543999999968
0.0007182560000000837
-0.00047884399999986726
-0.0016759439999999293
-0.0028730439999999913
