-0.022984333000000023
-0.003830723000000036
0.015322886999999952
0.012130620333333286
0.00893835366666662
0.005746086999999955
-0.013407533000000027
0.008140276999999974
0.029688086999999974
0.018195926999999945
0.006703766999999972
-0.004788393000000057
-0.01628055300000003
-0.02777271300000006
0.020111286999999978
0.0009576869999999849
-0.0014365179999999977
-0.003830723000000036
-0.006224928000000074
-0.008619133000000057
0.020111286999999978
0.0033518769999999476
-0.013407533000000027
-0.0014365230000000229
0.010534486999999981
0.0033518769999999476
-0.0038307330000000306
-0.0030326630000000465
-0.002234593000000007
-0.0014365230000000229
-0.0006384530000000388
0.00015961700000000079
0.0009576869999999849
-0.008619133000000057
0.034476516999999984
0.020111296999999972
0.005746076999999961
-0.000638459666666702
-0.0070229963333333645
-0.013407533000000027
0.020111286999999978
0.016919020333333312
0.013726753666666647
0.010534486999999981
0.006943181999999992
0.0033518769999999476
-0.0002394280000000415
-0.0038307330000000306
0.0033518769999999476
0.010534486999999981
0.0009576869999999849
0.0009576869999999849
0.0017557536666666373
0.00255382033333329
0.003351886999999998
0.00414995366666665
0.004948020333333303
0.005746086999999955
0.005746086999999955
0.010534486999999981
0.010534486999999981
0.008140284499999983
0.00574608199999993
0.0033518794999999324
0.0009576769999999346
-0.008619128000000087
-0.018195933000000053
-0.003830723000000036
0.010534486999999981
0.008140286999999968
0.005746086999999955
0.005746086999999955
0.005746086999999955
0.005746086999999955
0.005746086999999955
-0.0038307330000000306
-0.008619133000000057
-0.008619133000000057
-0.008619133000000057
-0.008619133000000057
-0.0059589085555555865
-0.003298684111111172
-0.000638459666666702
0.0020217647777777126
0.004681989222222183
0.007342213666666597
0.010002438111111067
0.012662662555555482
0.015322886999999952
0.0009576869999999849
0.005746086999999955
0.0009576869999999849
-0.008619133000000057
0.005746086999999955
-0.0038307330000000306
-0.0038307330000000306
-0.001436529666666686
0.0009576736666666585
0.0033518769999999476
0.005746080333333292
0.008140283666666637
0.010534486999999981
0.0009576869999999849
0.005746087000000011
-0.0038307330000000306
0.0009576869999999849
-0.006224922999999993
-0.013407533000000027
-0.011013329666666682
-0.008619126333333338
-0.006224922999999993
-0.0038307196666667043
-0.0014365163333333597
0.0009576869999999849
0.015322886999999952
0.0009576869999999849
0.005746086999999955
0.005746086999999955
0.005746086999999955
0.005746086999999955
0.003351886999999998
0.0009576869999999849
-0.0006384530000000388
-0.002234593000000007
-0.0038307330000000306
0.008140276999999974
0.020111286999999978
0.016519986999999958
0.012928686999999939
0.009337386999999975
0.005746086999999955
0.005746086999999955
0.005746086999999955
0.005746086999999955
0.005746086999999955
0.005746086999999955
0.005746086999999955
0.005746086999999955
0.005746086999999955
0.005746086999999955
0.010534486999999981
-0.003830723000000036
-0.0038307330000000306
-0.001436528000000048
0.0009576769999999346
0.0033518819999999727
0.005746086999999955
0.0009576869999999849
0.0009576869999999849
0.0009576869999999849
0.0009576869999999849
0.0009576869999999849
0.0009576869999999849
0.003351886999999998
0.005746086999999955
0.0009576869999999849
0.00414995366666665
0.007342220333333316
0.010534486999999981
0.010534486999999981
0.010534486999999981
0.010534486999999981
0.010534486999999981
0.010534486999999981
0.010534486999999981
0.0009576869999999849
-0.0006384530000000388
-0.002234593000000007
-0.0038307330000000306
0.0009576869999999849
-0.003830723000000036
-0.008619133000000057
-0.006566958714285753
-0.0045147844285715055
-0.0024626101428572023
-0.000410435857142899
0.0016417384285714043
0.003693912714285652
0.005746086999999955
0.010534486999999981
0.0009576769999999346
-0.013407533000000027
-0.0038307263333333674
0.005746080333333292
0.015322886999999952
0.018515153666666617
0.021707420333333283
0.024899686999999948
-0.0038307330000000306
0.010534486999999981
0.008140286999999968
0.005746086999999955
0.0021547819999999662
-0.0014365230000000784
-0.0050278280000000675
-0.008619133000000057
0.0009576869999999849
0.0009576869999999849
0.005746087000000011
0.010534486999999981
0.0009576769999999346
-0.008619133000000057
0.0009576769999999346
0.010534486999999981
0.005746087000000011
0.0009576869999999849
0.0009576869999999849
0.0009576869999999849
0.0009576869999999849
0.0009576869999999849
0.0009576869999999849
0.0009576869999999849
0.005746087000000011
0.010534486999999981
0.005746087000000011
0.0009576869999999849
0.010534486999999981
-0.0038307330000000306
0.0033518769999999476
0.010534486999999981
0.009736419222222181
0.008938351444444437
0.008140283666666637
0.007342215888888892
0.006544148111111092
0.005746080333333292
0.004948012555555548
0.004149944777777748
0.0033518769999999476
0.002553809222222203
0.001755741444444403
0.0009576736666666585
0.00015960588888885852
-0.0006384618888889415
-0.001436529666666686
-0.002234597444444486
-0.0030326652222222306
-0.0038307330000000306
-0.002234593000000007
-0.0006384530000000388
0.0009576869999999849
0.0009576769999999346
0.005746086999999955
0.004377969857142838
0.0030098527142856657
0.0016417355714285486
0.0002736184285713761
-0.001094498714285741
-0.0024626158571429135
-0.0038307330000000306
0.005746086999999955
-0.006224933000000044
-0.006025416333333367
-0.00582589966666669
-0.005626383000000068
-0.005426866333333391
-0.005227349666666714
-0.005027833000000037
-0.00482831633333336
-0.004628799666666683
-0.004429283000000006
-0.004229766333333385
-0.004030249666666708
-0.0038307330000000306
-0.003830723000000036
-0.008619133000000057
0.015322886999999952
-0.01101333300000007
0.015322886999999952
0.0033518769999999476
-0.04692635300000003
0.11109095699999996
0.03208230199999995
-0.04692635300000003
0.029688086999999974
0.012130613666666623
-0.005426859666666672
-0.022984333000000023
0.018515163666666612
0.0600146603333333
0.10151415699999997
0.07852981899999997
0.05554548099999995
0.03256114299999996
0.009576804999999966
-0.013407533000000027
0.029688086999999974
-0.013407533000000027
0.004548980749999987
0.022505494499999945
0.04046200824999996
0.05841852199999997
-0.06607997300000001
-0.02458047299999999
0.016919026999999975
0.05841852699999997
-0.08523357300000006
0.12066776699999995
0.11375118477777774
0.10683460255555552
0.0999180203333333
0.09300143811111106
0.08608485588888887
0.07916827366666662
0.0722516914444444
0.06533510922222219
0.05841852699999997
0.010534476999999987
0.027293896999999956
0.03567360699999994
0.04405331699999995
-0.04932054800000002
-0.14269441300000002
0.15897498699999996
-0.13311761300000002
0.0009576819999999597
0.13503297699999997
0.07038953199999998
0.005746086999999955
-0.07086836300000005
-0.14748281300000005
0.01771709899999996
0.18291701099999996
0.012928683999999968
-0.15705964300000003
-0.09361329550000003
-0.030166948000000027
0.03327939949999997
0.09672574699999995
-0.04692635300000003
-0.05650315966666669
-0.06607996633333335
-0.07565677300000007
-0.08523357966666673
-0.09481038633333339
-0.10438719300000004
0.15418658699999996
-0.11396399300000004
-0.01580173300000004
-0.01939303300000006
-0.022984333000000023
-0.01340752466666667
-0.0038307163333333727
0.0057460919999999804
0.015322900333333334
0.02489970866666663
0.034476516999999984
-0.008619133000000057
-0.022984343000000074
-0.037349553000000035
-0.00782106466666671
0.021707423666666614
0.05123591199999997
-0.08044517300000004
-0.05308286871428575
-0.025720564428571457
0.001641739857142832
0.02900404414285712
0.05636634842857138
0.08372865271428567
0.11109095699999996
-0.13311761300000002
0.13024456699999995
-0.02777271300000006
-0.039743728000000034
-0.05171474300000006
-0.06368575800000009
-0.07565677300000007
0.16855179699999995
-0.03734953800000007
-0.030166935500000047
-0.022984333000000023
0.010534486999999981
0.0009576803333333217
-0.008619126333333393
-0.018195933000000053
0.06320692699999997
-0.018195932999999997
-0.09959879300000002
0.02968809699999997
0.15897498699999996
0.048841706999999956
-0.061291573000000044
-0.03974375300000005
-0.018195933000000053
0.06320692199999994
0.14460977699999997
0.11245906985714282
0.08030836271428568
0.04815765557142854
0.01600694842857142
-0.01614375871428575
-0.04829446585714292
-0.08044517300000004
0.024899686999999948
0.017717086999999965
-0.02777271300000006
-0.0022345696666667414
0.023303573666666633
0.04884171699999995
-0.10438719300000004
0.12066776699999995
0.04405331366666665
-0.03256113966666668
-0.10917559300000002
-0.05171475300000006
0.005746086999999955
0.009736421999999967
0.013726756999999978
0.017717091999999934
0.021707426999999946
0.025697761999999957
0.02968809699999997
0.03367843199999998
0.037668766999999936
0.04165910199999995
0.04564943699999996
0.04963977199999997
0.053630106999999955
-0.05171475300000006
0.024899686999999948
0.04405332699999995
0.0009576869999999849
0.04405331699999998
0.08714894699999995
0.029688106999999964
-0.02777273300000005
-0.08523357300000006
-0.04094084300000006
0.0033518869999999423
0.047644616999999945
0.09193734699999995
-0.06607997300000001
0.022505501999999955
0.010534486999999981
-0.037349553000000035
0.08714894699999995
0.015322893666666615
-0.05650315966666675
-0.12832921300000005
-0.09660604050000005
-0.06488286800000004
-0.033159695500000086
-0.0014365230000000784
0.03028664949999993
0.06200982199999994
0.09373299449999994
0.12545616699999995
0.06320692033333328
0.000957673666666603
-0.061291573000000044
-0.0014365180000000533
0.08714894699999995
-0.11875239300000007
0.024899696999999943
0.015322886999999952
0.01096979245454538
0.006616697909090863
0.0022636033636362907
-0.002089491181818226
-0.006442585727272798
-0.010795680272727315
-0.015148774818181887
-0.019501869363636404
-0.023854963909090976
-0.028208058454545548
-0.032561153000000065
0.08236053699999996
-0.10438719300000004
0.03447650699999999
0.02831998699999999
0.022163466999999992
0.016006946999999994
0.00985042699999994
0.0036939069999999408
-0.002462613000000058
-0.008619133000000057
0.020111286999999978
-0.01580173300000004
0.039264916999999955
0.011731594499999942
-0.015801728000000015
-0.04333505050000003
-0.07086837300000004
0.09672574699999995
-0.02059012800000004
-0.03615244050000005
-0.05171475300000006
-0.01101333300000007
0.029688086999999974
0.016690992714285702
0.003693898428571374
-0.009303195857142899
-0.02230029014285717
-0.03529738442857144
-0.04829447871428577
-0.061291573000000044
0.10151415699999997
-0.01580173300000004
-0.023582888000000024
-0.031364043000000064
-0.03914519800000005
-0.04692635300000003
-0.006224922999999993
0.02130839699999998
0.04884171699999995
0.005746086999999955
-0.03734954300000004
-0.08044517300000004
-0.018195928000000028
0.04405331699999995
0.010534486999999981
0.010055647000000001
0.009576806999999965
0.009097966999999985
0.008619126999999949
0.008140286999999968
0.004149951999999957
0.00015961700000000079
-0.0038307180000000107
-0.011013325500000004
-0.018195933000000053
-0.006703763000000029
0.004788406999999939
0.016280576999999963
0.02777274699999993
0.039264916999999955
0.00255382033333329
-0.034157276333333375
-0.07086837300000004
0.12545616699999995
-0.018195933000000053
-0.022984323000000084
-0.02777271300000006
-0.021787218000000053
-0.015801723000000045
-0.009816228000000038
-0.0038307330000000306
-0.013407533000000027
0.053630106999999955
0.03256113499999996
0.011492162999999944
-0.00957680900000002
-0.03064578100000004
-0.05171475300000006
0.029688086999999974
0.024899687000000004
0.020111286999999978
0.020111291999999947
-0.013407529666666695
-0.046926351333333394
-0.08044517300000004
-0.013407533000000027
0.053630106999999955
-0.008619133000000057
-0.008619133000000057
-0.008619133000000057
-0.008619133000000057
-0.008619133000000057
-0.008619133000000057
-0.008619133000000057
0.024899686999999948
-0.022984333000000023
-0.0014365230000000229
0.020111286999999978
0.012928686999999939
0.005746086999999955
0.0025538136666666267
-0.000638459666666702
-0.0038307330000000306
0.0033518769999999476
0.010534486999999981
0.008140286999999968
0.005746087000000011
0.003351886999999998
0.0009576869999999849
0.005746086999999955
0.010534486999999981
0.005746087000000011
0.0009576869999999849
-0.0014365230000000229
-0.0038307330000000306
-0.002234593000000007
-0.0006384530000000388
0.0009576869999999849
-0.0038307330000000306
-0.0038307330000000306
-0.0038307330000000306
0.015322886999999952
0.007342213666666597
-0.000638459666666702
-0.008619133000000057
0.0033518769999999476
0.015322886999999952
0.008938346999999958
0.0025538069999999635
-0.0038307330000000306
-0.008619133000000057
0.015322886999999952
0.008140286999999968
0.0009576869999999849
0.0014365269999999652
0.0019153670000000012
0.0023942069999999815
0.002873046999999962
0.003351886999999998
0.0038307269999999782
0.004309566999999959
0.004788406999999939
0.005267246999999975
0.005746086999999955
0.005746086999999955
0.005746086999999955
0.010534486999999981
-0.0038307330000000306
0.010534486999999981
0.005746087000000011
0.0009576869999999849
0.003351886999999998
0.005746086999999955
-0.008619133000000057
0.005746086999999955
0.003351886999999998
0.0009576869999999849
0.00255382033333329
0.00414995366666665
0.005746086999999955
0.020111286999999978
0.012928686999999939
0.005746086999999955
0.0009576869999999849
0.00255382033333329
0.00414995366666665
0.005746086999999955
0.0009576869999999849
0.00255382033333329
0.00414995366666665
0.005746086999999955
0.0009576869999999849
-0.00023941800000004676
-0.0014365230000000229
-0.002633627999999999
-0.0038307330000000306
-0.0014365230000000229
0.0009576869999999849
0.0009576869999999849
0.0009576869999999849
0.003351886999999998
0.005746086999999955
0.0033518819999999727
0.0009576769999999346
-0.001436528000000048
-0.0038307330000000306
0.0009576869999999849
0.0009576869999999849
0.003351886999999998
0.005746087000000011
0.008140286999999968
0.010534486999999981
0.008140286999999968
0.005746086999999955
-0.0038307330000000306
0.010534486999999981
0.015322886999999952
0.020111286999999978
0.015322886999999952
0.010534486999999981
0.0033518769999999476
-0.0038307330000000306
-0.0014365230000000229
0.0009576869999999849
-0.0014365179999999977
-0.003830723000000036
-0.006224928000000074
-0.008619133000000057
0.015322886999999952
