-0.019985978571428475
-0.02135412142857085
-0.022722264285713223
-0.024090407142857373
-0.025458549999999747
-0.020669550000000925
-0.015881549999999578
0.003272449999998983
0.006464449999999289
0.009656449999999595
0.0128484499999999
-0.011093550000000008
-0.00989630000000119
-0.008699050000000597
-0.007501800000000003
-0.006304550000001186
-0.008698800000001228
-0.011093049999999494
-0.013487299999999536
-0.015881549999999578
-0.015881549999999578
-0.015881549999999578
-0.015881549999999578
-0.015881549999999578
-0.0015165499999998389
-0.0015165499999998389
-0.0015165499999998389
-0.0015165499999998389
0.0008779499999995721
0.003272449999998983
0.0008779499999995721
-0.0015165499999998389
-0.008699050000000597
-0.015881549999999578
-0.015881549999999578
-0.015881549999999578
-0.015881549999999578
-0.020669550000000925
-0.008698550000001859
0.003272449999998983
-0.003910550000000512
-0.011093550000000008
-0.008699050000000597
-0.006304550000001186
-0.011093049999999494
-0.015881549999999578
-0.008699050000000597
-0.0015165499999998389
-0.0051077999999993295
-0.008699050000000597
-0.012290300000000087
-0.015881549999999578
-0.006304550000001186
-0.006304550000001186
-0.008698716666668105
-0.011092883333335024
-0.013487050000001943
-0.015881216666667086
-0.018275383333334005
-0.020669550000000925
-0.006304550000001186
-0.011093049999999494
-0.015881549999999578
-0.0015165499999998389
-0.00031930000000102154
0.0008779499999995721
0.002075200000000166
0.003272449999998983
-0.011093550000000008
-0.008699050000000597
-0.006304550000001186
-0.006304550000001186
-0.006304550000001186
-0.006304550000001186
-0.006304550000001186
-0.006304550000001186
-0.013487050000001943
0.003272449999998983
-0.013487050000001943
-0.030246550000001093
-0.020670049999999662
-0.011093550000000008
-0.009497216666666475
-0.007900883333334718
-0.006304550000001186
-0.011093550000000008
-0.009656950000000109
-0.00822035000000021
-0.00678375000000031
-0.005347150000000411
-0.003910550000000512
-0.015881549999999578
-0.015881549999999578
-0.015881549999999578
-0.011093049999999494
-0.006304550000001186
-0.006304550000001186
-0.006304550000001186
-0.003112216666668388
8.011666666618567e-05
0.003272449999998983
-0.006304550000001186
-0.003910550000000512
-0.0015165499999998389
-0.003910550000000512
-0.006304550000001186
-0.009496883333333983
-0.01268921666666678
-0.015881549999999578
0.00806045000000033
0.007761168750000991
0.007461887499999875
0.007162606250000536
0.006863325000001197
0.0065640437500000814
0.006264762500000742
0.005965481249999627
0.005666200000000288
0.0053669187500009485
0.005067637499999833
0.004768356250000494
0.004469074999999378
0.004169793750000039
0.0038705125000007
0.0035712312499995846
0.0032719500000002455
0.0029726687500009064
0.002673387499999791
0.0023741062500004517
0.0020748250000011126
0.001775543749999997
0.001476262500000658
0.0011769812499995425
0.0008777000000002033
0.0005784187500008642
0.0002791374999997487
-2.0143749999590455e-05
-0.00031942500000070595
-0.0006187062500000451
-0.0009179874999993842
-0.0012172687500004997
-0.0015165499999998389
-0.004708883333332636
-0.00790121666666721
-0.011093550000000008
-0.006305049999999923
-0.0015165499999998389
-0.008699050000000597
-0.01907355000000166
0.003272449999998983
-0.011093216666667516
0.02721444999999889
-0.03184288333333285
7.978333333369392e-05
-0.013221327777777958
-0.02652243888888961
-0.03982355000000126
-0.0015165499999998389
0.02960794999999905
0.060732449999999716
0.0128484499999999
0.008060116666666062
0.0032717833333339996
-0.0015165499999998389
-0.012689549999999272
-0.023862550000000482
-0.035035549999999915
-0.011093550000000008
0.0128484499999999
0.028809783333333172
0.044771116666666444
0.060732449999999716
-0.030246550000001093
-0.011093049999999494
0.00806045000000033
0.034396449999999135
0.060732449999999716
0.07509794999999997
0.08946345000000022
0.06839444999999955
0.04732545000000066
0.026256449999999987
0.005187450000001093
-0.015881549999999578
0.015242950000001088
0.04636744999999998
0.0750984499999987
0.0750984499999987
0.0750984499999987
0.03200245000000024
-0.011093550000000008
-0.015881549999999578
-0.020669550000000925
0.015243449999999825
0.0511564499999988
0.06552144999999854
0.07988645000000005
0.07509804999999936
0.07030965000000045
0.06552124999999975
0.06073285000000084
0.055944450000000145
0.0008774500000008345
0.014045949999999863
0.02721444999999889
0.03679111666666657
0.04636778333333247
0.055944450000000145
-0.0015165499999998389
-0.003910550000000512
-0.006304550000001186
0.01045494999999974
0.02721444999999889
0.025618116666665358
0.0240217833333336
0.02242545000000007
0.018235699999999966
0.014045949999999863
0.00985619999999976
0.0056664499999996565
0.00806045000000033
0.020031450000001172
0.03200245000000024
0.015242950000001088
-0.0015165499999998389
0.02481994999999948
0.0511564499999988
0.0008779499999995721
-0.049400549999999654
-0.015881549999999578
0.017637449999998722
0.019233449999999763
0.020829449999999028
0.02242545000000007
-0.030246550000001093
0.0008779499999995721
0.03200245000000024
0.0008779499999995721
-0.030246550000001093
0.003271949999998469
0.03679044999999981
0.02242545000000007
0.00806045000000033
0.027213950000000153
0.04636744999999998
0.051155783333333815
0.05594411666666588
0.060732449999999716
0.02960794999999905
-0.0015165499999998389
-0.0015165499999998389
-0.0015165499999998389
-0.020669550000000925
0.03439694999999965
0.08946345000000022
0.041579450000000406
0.0272141166666664
0.012848783333334168
-0.0015165499999998389
-0.018276050000000765
-0.035035549999999915
-0.04700654999999898
-0.05897754999999982
-0.030246883333333585
-0.0015162166666673471
0.02721444999999889
-0.015881549999999578
-0.023064050000000336
-0.030246549999999317
-0.037429050000000075
-0.01268921666666678
0.012050616666666514
0.03679044999999981
-0.02306455000000085
-0.08291954999999973
-0.08770755000000108
-0.050996550000000695
-0.014285550000000313
0.02242545000000007
0.009656449999999595
-0.00311255000000088
-0.015881549999999578
-0.028650550000000052
-0.04141955000000053
-0.054188550000001
-0.0669575499999997
-0.07972655000000017
-0.09249555000000065
-0.047006050000000243
-0.10686154999999964
-0.05738121666666629
-0.007900883333332942
0.041579450000000406
-0.015881549999999578
0.0128484499999999
-0.03503505000000118
-0.018275675000001712
-0.00151630000000047
0.015243075000000772
0.03200245000000024
-0.025458549999999747
0.055944450000000145
0.05355044999999947
0.0511564499999988
0.033598783333331994
0.016041116666666966
-0.0015165499999998389
-0.025458549999999747
-0.007900883333332942
0.009656783333332086
0.02721444999999889
-0.006304550000001186
-0.012050750000000221
-0.017796950000001033
-0.023543150000000068
-0.02928935000000088
-0.035035549999999915
0.005665950000000919
0.04636744999999998
-0.032641050000000504
-0.11164955000000099
-0.0793278000000015
-0.047006050000000243
-0.01468430000000076
0.017637449999998722
-0.02785255000000042
-0.07334254999999956
-0.04341505000000012
-0.013487550000000681
-0.08770755000000108
-0.05658305000000041
-0.025458549999999747
0.0056659499999991425
0.03679044999999981
-0.011093550000000008
-0.05897754999999982
-0.05259288333333423
-0.04620821666666686
-0.03982355000000126
0.09425144999999979
-0.020670049999999662
-0.0015165499999998389
-0.020670216666665908
-0.039823883333333754
-0.05897754999999982
-0.018276050000000765
0.02242545000000007
-0.00311255000000088
-0.028650550000000052
-0.054188550000001
0.055944450000000145
-0.006304549999999409
-0.06855355000000074
0.10382844999999996
-0.003910550000000512
-0.11164955000000099
-0.0573808833333338
-0.003112216666668388
0.0511564499999988
-0.011093550000000008
-0.039823883333333754
-0.0685542166666675
-0.09728455000000125
0.008060449999998553
0.11340545000000013
0.035194783333333035
-0.04301588333333406
-0.12122655000000115
0.08946345000000022
0.06871361666666687
0.04796378333333351
0.027213950000000153
0.006464116666666797
-0.01428571666666656
-0.035035549999999915
0.0008774500000008345
-0.011093550000000008
0.003272449999998983
-0.01029471666666737
-0.023861883333333722
-0.037429050000000075
-0.050996216666668204
-0.06456338333333456
-0.07813055000000091
0.13734745000000004
-0.14037955000000046
-0.037429050000000075
0.06552145000000031
-0.035035549999999915
-0.04461155000000083
-0.008698550000001859
0.02721444999999889
-0.008698550000001859
-0.04461155000000083
0.012848949999998638
0.07030944999999988
0.04349444999999896
0.016679449999999818
-0.010135550000001103
-0.03695055000000025
-0.06376555000000117
0.11340545000000013
0.06312711666666715
0.012848783333334168
-0.03742954999999881
-0.03892592499999914
-0.04042229999999947
-0.041918674999999794
-0.04341505000000012
-0.04491142499999867
-0.046407799999999
-0.04790417499999933
-0.049400549999999654
-0.011093049999999494
-0.10207255000000082
0.09904045000000039
0.07509845000000048
0.051156450000000575
0.02721444999999889
0.003272449999998983
-0.020669550000000925
-0.04461155000000083
0.03679044999999981
-0.03982355000000126
-0.0015165499999998389
-0.06855355000000074
0.012848949999998638
0.09425144999999979
0.06432407500000004
0.034396699999998503
0.004469324999998747
-0.02545805000000101
-0.025458175000000693
-0.025458300000000378
-0.025458425000000062
-0.025458549999999747
-0.0015165499999998389
-0.006304550000001186
-0.011092950000001878
-0.015881350000000793
-0.020669750000001486
-0.0254581500000004
-0.030246550000001093
0.041579450000000406
0.03052929615384592
0.01947914230769321
0.008428988461538722
-0.0026211653846157645
-0.013671319230768475
-0.024721473076922962
-0.03577162692307745
-0.046821780769231935
-0.057871934615384646
-0.06892208846153913
-0.07997224230769362
-0.09102239615384633
-0.10207255000000082
0.003271949999998469
0.015242949999999311
-0.009497216666666475
-0.02785255000000042
0.008658949999999166
0.04517045000000053
0.08168195000000011
0.1181934499999997
-0.09728455000000125
0.0511564499999988
8.011666666618567e-05
-0.050996216666668204
-0.10207255000000082
-0.0015160499999993249
0.09904045000000039
-0.09728455000000125
-0.032641050000000504
0.03200245000000024
0.027213950000000153
0.02242545000000007
0.006863199999999736
-0.008699050000000597
-0.02426130000000093
-0.03982355000000126
0.02242545000000007
0.019689235714285047
0.0169530214285718
0.01421680714285678
0.011480592857143535
0.008744378571428513
0.006008164285715267
0.0032719500000002455
-0.006305049999999923
-0.07334254999999956
-0.044612216666665816
-0.015881883333333846
0.0128484499999999
-0.05897754999999982
-0.04461221666666759
-0.030246883333333585
-0.015881549999999578
-0.0015162166666673471
0.012849116666664884
0.02721444999999889
-0.030246550000001093
0.003271949999998469
0.01524319999999868
0.02721444999999889
0.008060449999998553
-0.011093550000000008
-0.013487550000000681
-0.015881549999999578
-0.007900883333332942
7.978333333369392e-05
0.00806045000000033
-0.01109321666666574
-0.030246883333333585
-0.049400549999999654
0.02242545000000007
-0.06855355000000074
-0.02865021666666756
0.011253116666665619
0.0511564499999988
-0.04461155000000083
-0.02186680000000152
0.0008779499999995721
0.023622700000000663
0.04636744999999998
-0.04461155000000083
0.04636744999999998
0.02242545000000007
-0.0015165499999998389
-0.025458549999999747
-0.006304550000001186
-0.011093049999999494
-0.015881549999999578
-0.020670049999999662
-0.025458549999999747
-0.011093049999999494
0.003272449999998983
-0.011093049999999494
-0.025458549999999747
-0.008699050000000597
0.00806045000000033
-0.0015165499999998389
-0.011093550000000008
-0.003910550000000512
0.003272449999998983
0.003272449999998983
0.003272449999998983
0.003272449999998983
0.003272449999998983
0.003272449999998983
0.003272449999998983
0.003272449999998983
-0.006304550000001186
-0.01747755000000062
-0.02865055000000183
-0.03982355000000126
-0.015881549999999578
-0.01109321666666574
-0.006304883333333677
-0.0015165499999998389
-0.0028224590909093905
-0.004128368181817166
-0.0054342772727267175
-0.006740186363636269
-0.00804609545454582
-0.009352004545453596
-0.010657913636363148
-0.0119638227272727
-0.013269731818182251
-0.014575640909090026
-0.015881549999999578
-0.006304549999999409
0.003272449999998983
0.02242545000000007
-0.0015160500000011012
-0.0015165499999998389
-0.008699050000000597
-0.015881549999999578
-0.015881549999999578
-0.015881549999999578
-0.015881549999999578
-0.015881549999999578
-0.013487550000000681
-0.011093550000000008
-0.015881549999999578
-0.015881549999999578
-0.015881549999999578
-0.01492384999999885
-0.0139661499999999
-0.013008450000000948
-0.012050750000000221
-0.011093049999999494
-0.010135350000000543
-0.009177650000001591
-0.008219950000000864
-0.007262250000000137
-0.006304550000001186
-0.005107550000001737
-0.003910550000000512
-0.0015165499999998389
-0.006304550000001186
-0.015881549999999578
-0.013487299999999536
-0.011093049999999494
-0.020669550000000925
0.003272449999998983
0.003272449999998983
0.003272449999998983
0.003272449999998983
0.003272449999998983
0.0008781999999989409
-0.0015160500000011012
-0.003910300000001143
-0.006304550000001186
-0.006304550000001186
-0.011093049999999494
-0.015881549999999578
-0.015881549999999578
-0.015881549999999578
-0.020669550000000925
-0.023064050000000336
-0.025458549999999747
-0.008699050000000597
0.00806045000000033
0.004868116666667532
0.0016757833333329586
-0.0015165499999998389
-0.0015165499999998389
-0.0015165499999998389
-0.0015165499999998389
-0.011093550000000008
0.0008774500000008345
0.0128484499999999
0.017637449999998722
0.008060449999998553
-0.0015165499999998389
-0.00031930000000102154
0.0008779499999995721
0.002075200000000166
0.003272449999998983
-0.011093550000000008
-0.011093550000000008
-0.01747788333333311
-0.02386221666666799
-0.030246550000001093
-0.025458216666667255
