-0.0393847249999979
-0.05135572499999874
-0.04656722499999866
-0.04257689166666445
-0.03858655833333202
-0.034596224999997816
-0.035793349999998725
-0.03699047499999786
-0.03818759999999699
-0.0393847249999979
-0.02980772499999773
-0.03459572499999908
-0.027413225000000097
-0.02023072499999934
-0.025019224999997647
-0.02980772499999773
-0.02980772499999773
-0.02980772499999773
-0.027413724999998834
-0.02501972499999816
-0.031404058333331264
-0.03778839166666614
-0.04417272499999925
-0.043374724999999614
-0.042576724999998206
-0.04177872499999857
-0.04098072499999894
-0.04018272499999753
-0.0393847249999979
-0.03699022499999849
-0.04417272499999925
-0.02980772499999773
-0.025976924999998374
-0.022146124999999017
-0.018315324999997884
-0.014484524999998527
-0.01065372499999917
-0.0393847249999979
-0.02023072499999934
-0.04417272499999925
-0.047365058333332044
-0.05055739166666662
-0.053749724999999415
-0.0393847249999979
-0.0393847249999979
-0.04098072499999894
-0.042576724999998206
-0.04417272499999925
-0.04896172499999807
-0.04098105833333143
-0.0330003916666648
-0.02501972499999816
-0.0393847249999979
-0.0393847249999979
-0.0393847249999979
-0.0393847249999979
-0.0393847249999979
-0.02501972499999816
-0.02980772499999773
-0.03459572499999908
-0.03459572499999908
-0.03459572499999908
-0.03459572499999908
-0.04177872499999857
-0.04896172499999807
-0.044173224999997984
-0.0393847249999979
-0.044173224999997984
-0.04896172499999807
-0.044173324999997376
-0.03938492499999846
-0.03459652499999777
-0.029808124999998853
-0.02501972499999816
-0.03459572499999908
-0.04896172499999807
-0.058537724999998986
-0.05135522499999823
-0.04417272499999925
-0.042576724999998206
-0.04098072499999894
-0.0393847249999979
-0.015442724999997992
-0.027413724999998834
-0.0393847249999979
-0.04177872499999857
-0.04417272499999925
-0.04576905833333278
-0.047365391666664536
-0.04896172499999807
-0.044173224999997984
-0.0393847249999979
-0.04896172499999807
-0.044173224999997984
-0.0393847249999979
-0.03220222499999892
-0.02501972499999816
-0.015442724999997992
-0.005865724999997823
-0.025019224999997647
-0.04417272499999925
-0.04177872499999857
-0.0393847249999979
-0.04321532499999847
-0.047045924999999045
-0.05087652499999784
-0.05470712499999841
-0.058537724999998986
-0.06332672499999781
-0.05853822499999772
-0.053749724999999415
-0.04896122499999933
-0.04417272499999925
-0.02023072499999934
-0.02980772499999773
-0.03459605833333157
-0.03938439166666541
-0.04417272499999925
-0.058537724999998986
-0.054946474999999495
-0.05135522499999823
-0.04776397499999874
-0.04417272499999925
-0.0393847249999979
-0.0393847249999979
-0.0393847249999979
-0.03459572499999908
-0.03938422499999916
-0.04417272499999925
-0.03699022499999849
-0.02980772499999773
-0.028211724999998467
-0.026615724999997425
-0.02501972499999816
-0.028211724999998467
-0.03140372499999877
-0.03459572499999908
-0.02980772499999773
-0.02501972499999816
-0.03459572499999908
-0.0393847249999979
-0.0393847249999979
-0.0393847249999979
-0.03699022499999849
-0.03459572499999908
-0.03699022499999849
-0.0393847249999979
-0.033000058333332305
-0.026615391666664934
-0.02023072499999934
-0.02023072499999934
-0.02980772499999773
-0.0393847249999979
-0.0393847249999979
-0.0393847249999979
-0.0393847249999979
-0.0393847249999979
-0.04896172499999807
-0.04417272499999925
-0.04098039166666645
-0.037788058333331875
-0.03459572499999908
-0.058537724999998986
-0.04417272499999925
-0.02980772499999773
-0.03699022499999849
-0.04417272499999925
-0.03699022499999849
-0.02980772499999773
-0.03220197499999777
-0.034596224999997816
-0.03699047499999786
-0.0393847249999979
-0.06332672499999781
-0.05614422499999705
-0.04896172499999807
-0.0393847249999979
-0.0393847249999979
-0.044173224999997984
-0.04896172499999807
-0.052153724999998374
-0.05534572499999868
-0.058537724999998986
-0.05135522499999823
-0.04417272499999925
-0.045130524999999366
-0.046088324999999486
-0.04704612499999783
-0.04800392499999795
-0.04896172499999807
-0.0393847249999979
-0.04297597499999739
-0.04656722499999866
-0.050158474999999925
-0.053749724999999415
-0.032201724999998405
-0.040581724999999125
-0.04896172499999807
-0.04896172499999807
-0.036990724999999
-0.02501972499999816
-0.034596224999997816
-0.04417272499999925
-0.04177872499999857
-0.0393847249999979
-0.03220222499999892
-0.02501972499999816
-0.02980772499999773
-0.03459572499999908
-0.03619194722222119
-0.0377881694444433
-0.03938439166666541
-0.04098061388888752
-0.04257683611110963
-0.04417305833333174
-0.04576928055555385
-0.04736550277777596
-0.04896172499999807
-0.046566724999998144
-0.047764224999998106
-0.04896172499999807
-0.04417272499999925
-0.04129972499999823
-0.038426724999998996
-0.03555372499999798
-0.032680724999998745
-0.02980772499999773
-0.031004724999998956
-0.032201724999998405
-0.03339872499999785
-0.03459572499999908
-0.04896122499999933
-0.053749724999999415
-0.0393847249999979
-0.02501972499999816
-0.04896172499999807
-0.06013439166666501
-0.07130705833333195
-0.0824797249999989
-0.06811472499999915
-0.053749724999999415
-0.036990225000000265
-0.02023072499999934
-0.053749724999999415
-0.04177872499999857
-0.02980772499999773
-0.0361923916666651
-0.0425770583333307
-0.04896172499999807
-0.02980772499999773
-0.03778839166666437
-0.04576905833333278
-0.053749724999999415
-0.053749724999999415
-0.053749724999999415
-0.053749724999999415
-0.053749724999999415
-0.053749724999999415
-0.053749724999999415
-0.04896172499999807
-0.0585382249999995
-0.04417272499999925
-0.026615391666664934
-0.009058058333332397
0.008499275000001916
-0.03459572499999908
-0.04177872499999857
-0.04896172499999807
-0.04098105833333143
-0.0330003916666648
-0.02501972499999816
-0.02501972499999816
-0.04098105833333143
-0.056942391666664705
-0.07290372499999798
-0.02501972499999816
-0.0393847249999979
-0.053749724999999415
-0.0609322249999984
-0.06811472499999915
-0.0609322249999984
-0.053749724999999415
-0.0429757249999998
-0.03220172500000018
-0.021427724999998787
-0.01065372499999917
-0.058537724999998986
-0.05135522499999823
-0.04417272499999925
-0.03699022499999849
-0.02980772499999773
-0.02262522499999875
-0.015442724999997992
-0.032201724999998405
-0.07290372499999798
-0.05614422499999705
-0.0393847249999979
-0.017836724999998665
0.003711275000000569
-0.04896172499999807
-0.04800392499999795
-0.04704612499999783
-0.046088324999999486
-0.045130524999999366
-0.04417272499999925
-0.07769172499999755
-0.06811472499999738
-0.058537724999998986
-0.020230724999997562
0.018076275000002084
-0.017836724999998665
-0.053749724999999415
-0.05614372499999831
-0.058537724999998986
-0.05534572499999868
-0.052153724999998374
-0.04896172499999807
-0.03459572499999908
-0.044172524999998686
-0.053749324999998294
-0.06332612499999968
-0.07290292499999929
-0.0824797249999989
-0.02980772499999773
-0.001077724999998253
-0.02501972499999816
-0.04896172499999807
-0.060932724999997134
-0.07290372499999798
-0.05614422499999705
-0.0393847249999979
-0.0393847249999979
-0.052153724999998374
-0.06492272499999885
-0.07769172499999932
-0.05973522499999895
-0.04177872499999857
-0.0238222249999982
-0.005865724999997823
-0.06572072499999848
-0.058537724999998986
-0.05434797499999888
-0.05015822499999878
-0.045968474999998676
-0.04177872499999857
-0.03758897499999847
-0.03339922499999837
-0.029209474999998264
-0.02501972499999816
-0.05614422499999705
0.013288275000000738
0.006105608333333734
-0.0010770583333314931
-0.008259724999998497
-0.0154423916666655
-0.022625058333330728
-0.02980772499999773
-0.04896172499999807
-0.053749724999999415
-0.07050922499999857
-0.08726872499999772
-0.005865724999997823
-0.04896172499999807
-0.052153724999998374
-0.05534572499999868
-0.058537724999998986
-0.05135522499999823
-0.04417272499999925
-0.03651132499999932
-0.028849924999999388
-0.021188524999997682
-0.013527124999997753
-0.005865724999997823
-0.019273324999998565
-0.03268092499999753
-0.04608852499999827
-0.059496124999997235
-0.07290372499999798
-0.005865724999997823
-0.04177872499999857
-0.039982974999999144
-0.03818722499999794
-0.03639147499999851
-0.03459572499999908
-0.08726872499999772
-0.06572072499999848
-0.04417272499999925
0.022864275000001655
-0.08726872499999772
-0.06931209999999766
-0.0513554749999976
-0.033398849999999314
-0.015442224999999254
-0.023423058333332136
-0.03140389166666502
-0.0393847249999979
-0.07769172499999932
-0.0393847249999979
-0.001077724999998253
-0.009324336111109943
-0.017570947222221633
-0.025817558333331547
-0.03406416944444324
-0.04231078055555493
-0.05055739166666662
-0.05880400277777653
-0.06705061388888822
-0.07529722499999991
-0.034596224999997816
-0.058537724999998986
-0.05614372499999831
-0.053749724999999415
0.018076275000002084
-0.02262522499999875
-0.06332672499999781
-0.051355724999996966
-0.0393847249999979
-0.038187474999997306
-0.03699022499999849
-0.03579297499999967
-0.03459572499999908
-0.001077724999998253
-0.09684572499999788
-0.06332672499999781
-0.02980772499999773
-0.03399759999999752
-0.038187474999997306
-0.04237734999999887
-0.04656722499999866
-0.03579347499999841
-0.02501972499999816
-0.028211724999998467
-0.03140372499999877
-0.03459572499999908
-0.0355535249999992
-0.03651132499999932
-0.03746912499999766
-0.03842692499999778
-0.0393847249999979
-0.04896172499999807
-0.005865724999997823
-0.026615391666664934
-0.047365058333332044
-0.06811472499999915
-0.05614397499999768
-0.044173224999997984
-0.03459572499999908
-0.053749724999999415
-0.07290372499999798
-0.0585382249999995
-0.04417272499999925
-0.04417272499999925
-0.04417272499999925
-0.04417272499999925
-0.04417272499999925
-0.04417272499999925
-0.0393847249999979
-0.0393847249999979
-0.015442724999997992
-0.03220222499999892
-0.04896172499999807
-0.04765572499999848
-0.0463497249999989
-0.045043724999997536
-0.04373772499999795
-0.042431724999998366
-0.04112572499999878
-0.039819724999999195
-0.03851372499999961
-0.03720772499999825
-0.03590172499999866
-0.03459572499999908
-0.06332672499999781
-0.0393847249999979
-0.044173224999997984
-0.04896172499999807
-0.04896172499999807
-0.04177889166666482
-0.03459605833333157
-0.036990391666664735
-0.0393847249999979
-0.044173224999997984
-0.04896172499999807
-0.052153724999998374
-0.05534572499999868
-0.058537724999998986
-0.05614372499999831
-0.053749724999999415
-0.053749724999999415
-0.05614372499999831
-0.058537724999998986
-0.05135522499999823
-0.04417272499999925
-0.053749724999999415
-0.04576905833333278
-0.03778839166666437
-0.02980772499999773
-0.02262522499999875
-0.015442724999997992
-0.027413724999998834
-0.0393847249999979
-0.03699022499999849
-0.03459572499999908
-0.03938422499999916
-0.04417272499999925
-0.03938422499999916
-0.03459572499999908
-0.04177872499999857
-0.04896172499999807
-0.053749724999999415
-0.05255272499999819
-0.05135572499999874
-0.05015872499999929
-0.04896172499999807
-0.04417272499999925
-0.04656722499999866
-0.04896172499999807
-0.044173224999997984
-0.0393847249999979
-0.034596224999997816
-0.03459597499999845
-0.03459572499999908
-0.03339872499999785
-0.032201724999998405
-0.031004724999998956
-0.02980772499999773
-0.03459572499999908
-0.02980772499999773
-0.0393847249999979
-0.04896172499999807
-0.05101386785714013
-0.05306601071428396
-0.05511815357142602
-0.057170296428569856
-0.059222439285711914
-0.06127458214285575
-0.06332672499999781
-0.04656722499999866
-0.04896172499999807
-0.047593582142855695
-0.046225439285711545
-0.04485729642856917
-0.0434891535714268
-0.042121010714284424
-0.040752867857140274
-0.0393847249999979
-0.0393847249999979
-0.0393847249999979
-0.03699022499999849
-0.058537724999998986
-0.05015822499999878
-0.04177872499999857
-0.03339922499999837
-0.02501972499999816
-0.0393847249999979
-0.053749724999999415
-0.0489614749999987
-0.044173224999997984
-0.046567474999998026
-0.04896172499999807
-0.04656722499999866
-0.04417272499999925
-0.04417272499999925
-0.04417272499999925
-0.04417272499999925
-0.04417272499999925
-0.053749724999999415
-0.048003724999999164
-0.042257724999998914
-0.03651172499999866
-0.03076572499999841
-0.02501972499999816
-0.0393847249999979
-0.03459572499999908
-0.053749724999999415
-0.05614372499999831
-0.058537724999998986
-0.02980772499999773
-0.034596224999997816
-0.0393847249999979
-0.044173224999997984
-0.04896172499999807
-0.04704632499999839
-0.04513092499999871
-0.04321552499999726
-0.04130012499999758
