0.00802057500000003
0.004828305000000033
0.0016360350000000357
-0.0015562349999999614
-0.004748505000000014
-0.007940775000000011
-0.011133045000000008
0.0032321949999999933
0.0032321949999999933
-0.006344644999999982
-0.003950445000000025
-0.0015562450000000116
0.0008379749999999908
0.0032321949999999933
0.0032321949999999933
-0.0015562250000000222
-0.006344644999999982
0.003232165000000009
0.012808975
0.012808975
0.012808975
0.012808975
0.012808975
0.012808975
0.012808975
-0.0015562450000000116
0.0032321949999999933
-0.006344644999999982
-0.006344644999999982
-0.006344644999999982
-0.006344644999999982
-0.003950445000000025
-0.0015562450000000116
0.0056263649999999665
0.012808975
0.006823469999999998
0.0008379649999999961
-0.005147540000000006
-0.011133045000000008
0.00802057500000003
0.012808975
0.0008379649999999961
-0.011133045000000008
-0.006344645000000038
-0.0015562450000000116
-0.0036084164285714593
-0.005660587857142851
-0.007712759285714299
-0.009764930714285691
-0.011817102142857139
-0.013869273571428531
-0.01592144499999998
0.00802057500000003
0.0032321949999999933
-0.011133045000000008
0.0032321949999999933
-0.001556218333333359
-0.006344631666666656
-0.011133045000000008
-0.013527244999999966
-0.01592144499999998
0.0032321949999999933
0.0032321949999999933
-0.003950425000000035
-0.011133045000000008
-0.003950425000000035
0.0032321949999999933
0.0032321949999999933
0.0032321949999999933
0.0016360483333333065
3.990166666667516e-05
-0.0015562450000000116
-0.011133045000000008
0.0008379649999999961
0.012808975
0.008020568333333311
0.0032321616666666775
-0.0015562450000000116
-0.000957690000000011
-0.0003591350000000104
0.0002394199999999902
0.0008379749999999908
0.0014365299999999914
0.002035084999999992
0.0026336399999999927
0.0032321949999999933
0.00802057500000003
-0.0015562450000000116
-0.0015562250000000222
0.012808975
0.012808975
0.008020568333333311
0.0032321616666666775
-0.0015562450000000116
0.0008379749999999908
0.0032321949999999933
-0.020709845000000005
-0.006344634999999987
0.00802057500000003
0.0056263850000000115
0.0032321949999999933
0.0008379749999999908
-0.0015562450000000116
3.990166666667516e-05
0.0016360483333333065
0.0032321949999999933
0.00802057500000003
0.0032321683333333406
-0.001556238333333293
-0.006344644999999982
0.012808975
0.0008379649999999961
-0.011133045000000008
-0.006344645000000038
-0.0015562450000000116
0.00802057500000003
0.0056263850000000115
0.0032321949999999933
-0.001556214999999972
-0.006344624999999993
-0.011133035000000013
-0.01592144499999998
-0.014963764999999962
-0.014006085000000001
-0.013048404999999985
-0.012090725000000024
-0.011133045000000008
0.00802057500000003
0.0008379749999999908
0.00442927500000001
0.00802057500000003
0.0008379650000000516
-0.006344644999999982
0.012808975
0.009217670000000011
0.0056263649999999665
0.0020350599999999774
-0.0015562450000000116
-0.006344644999999982
-0.011133045000000008
-0.01592144499999998
-0.012729178333333313
-0.009536911666666648
-0.006344644999999982
-0.011133045000000008
-0.003950425000000035
0.0032321949999999933
0.00802057500000003
-0.0015562349999999614
-0.011133045000000008
-0.009337390000000001
-0.007541734999999994
-0.005746079999999987
-0.003950425000000035
-0.002154770000000028
-0.00035911500000002095
0.0014365399999999862
0.0032321949999999933
-0.0015562450000000116
-0.0015562250000000222
0.0032321949999999933
0.0032321949999999933
0.0008379749999999908
-0.0015562450000000116
-0.003950445000000025
-0.006344644999999982
-0.0047485049999999585
-0.0031523649999999903
-0.0015562250000000222
3.991500000000148e-05
0.0016360550000000251
0.0032321949999999933
0.0056263850000000115
0.006823480000000048
0.00802057500000003
-0.01592144499999998
-0.011133044999999953
-0.006344644999999982
-0.004748511666666677
-0.0031523783333333166
-0.0015562450000000116
-0.0015562450000000116
-0.0015562450000000116
-0.0015562450000000116
-0.002354311666666664
-0.0031523783333333166
-0.003950445000000025
-0.004748511666666677
-0.00554657833333333
-0.006344644999999982
-0.0015562450000000116
-0.0015562450000000116
-0.020709845000000005
-0.011133045000000008
-0.011133045000000008
-0.011133045000000008
-0.011133045000000008
-0.0015562450000000116
-0.006344644999999982
-0.011133045000000008
-0.01592144499999998
-0.013527244999999966
-0.011133044999999953
-0.008738844999999995
-0.006344644999999982
-0.01592144499999998
-0.006344644999999982
-0.006344644999999982
0.0008379650000000516
0.00802057500000003
0.004828301666666701
0.001636028333333317
-0.0015562450000000116
-0.003950445000000025
-0.006344644999999982
-0.0015562450000000116
0.003232165000000009
0.00802057500000003
0.0050278225000000565
0.0020350700000000277
-0.0009576825000000011
-0.003950434999999974
-0.006943187499999948
-0.009935939999999976
-0.012928692500000005
-0.01592144499999998
-0.012330145000000015
-0.008738844999999995
0.0008379649999999961
0.012808975
0.012808975
0.012808975
0.012808975
0.03196259500000004
0.020789648333333355
0.009616701666666672
-0.0015562450000000116
-0.0015562450000000116
0.0008379749999999908
0.0032321949999999933
0.0008379749999999908
-0.0015562450000000116
-0.008738844999999995
-0.01592144499999998
-0.011133044999999953
-0.006344644999999982
-0.004748511666666677
-0.0031523783333333166
-0.0015562450000000116
-0.011133045000000008
-0.008738844999999995
-0.006344645000000038
-0.003950445000000025
-0.0015562450000000116
-0.0015562450000000116
-0.0031523783333333166
-0.004748511666666677
-0.006344644999999982
-0.018315654999999986
-0.03028666499999999
-0.011133044999999953
0.00802057500000003
-0.008738835
-0.025498244999999975
-0.006344644999999982
0.0032321949999999933
0.0013168270000000204
-0.000598541000000008
-0.002513908999999981
-0.004429277000000009
-0.006344644999999982
-0.006344644999999982
0.0032321949999999933
0.012808975
-0.0015562349999999614
-0.01592144499999998
-0.011133044999999953
-0.006344644999999982
-0.006344644999999982
-0.006344644999999982
-0.0031523649999999903
3.991500000000148e-05
0.0032321949999999933
-0.01592144499999998
-0.0031523716666666535
0.009616701666666672
0.022385774999999997
-0.011133045000000008
-0.005546574999999998
3.989499999995649e-05
0.0056263649999999665
0.0056263649999999665
0.0056263649999999665
0.0056263649999999665
0.0056263649999999665
0.0056263649999999665
0.0056263649999999665
0.017597375000000026
0.0032321949999999933
0.0011800178571428344
-0.000872159285714269
-0.002924336428571428
-0.004976513571428587
-0.007028690714285746
-0.00908086785714285
-0.011133045000000008
-0.003950434999999974
-0.011133045000000008
-0.011133045000000008
-0.011133045000000008
0.00802056499999998
0.027174175000000023
-0.01592144499999998
-0.003950434999999974
0.00802057500000003
0.00695648388888892
0.005892392777777811
0.004828301666666701
0.0037642105555555916
0.0027001194444444265
0.001636028333333317
0.0005719372222222074
-0.0004921538888889021
-0.0015562450000000116
-0.011133045000000008
-0.011133045000000008
-0.011133045000000008
-0.011133045000000008
-0.011133045000000008
-0.011133045000000008
-0.003950445000000025
-0.011133045000000008
0.00961670833333339
0.005626370000000047
0.001636031666666704
-0.002354306666666639
-0.006344644999999982
0.00802057500000003
-0.006344634999999987
-0.020709845000000005
0.022385774999999997
0.012808984999999995
0.0032321949999999933
0.002633637500000008
0.0020350800000000224
0.001436522500000037
0.0008379650000000516
-0.012330139999999934
-0.025498244999999975
-0.02230597833333331
-0.019113711666666644
-0.01592144499999998
-0.012729178333333313
-0.009536911666666648
-0.006344644999999982
0.005626365000000022
-0.00035913999999998003
-0.006344644999999982
-0.003790827666666663
-0.0012370103333333438
0.001316807000000031
0.00387062433333335
0.006424441666666669
0.009616708333333335
0.012808975
0.006424438333333338
3.990166666667516e-05
-0.006344634999999987
-0.01272917166666665
-0.019113708333333312
-0.025498244999999975
-0.006344644999999982
0.0032321949999999933
0.012808975
-0.011133045000000008
0.0008379649999999961
0.012808975
0.0056263649999999665
-0.0015562450000000116
-0.003950445000000025
-0.006344644999999982
-0.0015562250000000222
0.0032321949999999933
0.0011800178571428344
-0.000872159285714269
-0.002924336428571428
-0.004976513571428587
-0.007028690714285746
-0.00908086785714285
-0.011133045000000008
-0.0015562450000000116
-0.00873884499999994
-0.020709845000000005
-0.003950434999999974
0.012808975
0.0056263649999999665
-0.0015562450000000116
-0.011133045000000008
-0.020709845000000005
-0.006344638333333319
0.008020568333333311
0.022385774999999997
0.01896548785714286
0.015545200714285723
0.012124913571428586
0.00870462642857145
0.005284339285714312
0.0018640521428571755
-0.0015562349999999614
0.003232165000000009
-0.020709845000000005
-0.011133038333333345
-0.0015562316666666298
0.00802057500000003
-0.0015562450000000116
-0.005147544999999976
-0.008738844999999995
-0.012330145000000015
-0.01592144499999998
-0.011133045000000008
-0.0071427083333333585
-0.0031523716666666535
0.0008379649999999961
0.004828301666666646
0.00881863833333335
0.012808975
-0.020709845000000005
-0.011133045000000008
0.03675099500000001
-0.03028666499999999
-0.008738844999999995
0.012808975
-0.011133045000000008
-0.012330145000000015
-0.013527244999999966
-0.014724344999999972
-0.01592144499999998
-0.01592144499999998
-0.01592144499999998
-0.01592144499999998
-0.006344644999999982
-0.01592144499999998
-0.011133045000000008
0.00802056499999998
0.027174175000000023
0.012808965000000005
-0.0015562450000000116
3.9891666666680425e-05
0.001636028333333317
0.003232165000000009
0.004828301666666701
0.006424438333333338
0.00802057500000003
-0.011133045000000008
-0.011432319999999996
-0.011731594999999984
-0.012030869999999971
-0.012330145000000015
-0.012629420000000002
-0.01292869499999999
-0.013227969999999978
-0.013527244999999966
0.00802057500000003
0.0032321949999999933
-0.011133045000000008
0.00802057500000003
-0.011133045000000008
0.0032321949999999933
0.0012370216666666711
-0.000758151666666651
-0.002753324999999973
-0.004748498333333351
-0.006743671666666673
-0.008738844999999995
0.0032321949999999933
-0.01592144499999998
0.0032321949999999933
0.0008379749999999908
-0.0015562450000000116
-0.0015562450000000116
-0.004748511666666677
-0.007940778333333343
-0.011133045000000008
0.0032321949999999933
0.0032321949999999933
0.0032321949999999933
0.0032321949999999933
0.0032321949999999933
0.0032321949999999933
-0.001556218333333359
-0.006344631666666656
-0.011133045000000008
0.003232165000000009
-0.01592144499999998
-0.014325311666666674
-0.012729178333333313
-0.011133045000000008
-0.006344644999999982
-0.004292470714285679
-0.002240296428571431
-0.0001881221428571278
