-0.03459572499999908
-0.03459572499999908
-0.03459572499999908
-0.03459572499999908
-0.03459572499999908
-0.03459572499999908
-0.03459572499999908
-0.020231224999998076
-0.027413724999998834
-0.03459572499999908
-0.028211391666665975
-0.021827058333331095
-0.015442724999997992
-0.02980772499999773
-0.025019224999997647
-0.02023072499999934
-0.017836724999998665
-0.015442724999997992
-0.01783689166666491
-0.02023105833333183
-0.02262522499999875
-0.025019391666663893
-0.027413558333330812
-0.02980772499999773
-0.0058657249999996
-0.017836724999998665
-0.02980772499999773
-0.0393847249999979
-0.03699022499999849
-0.03459572499999908
-0.03938422499999916
-0.04417272499999925
-0.03699022499999849
-0.02980772499999773
-0.03140372499999877
-0.03299972499999804
-0.03459572499999908
-0.032201724999998405
-0.02980772499999773
-0.027413724999998834
-0.02501972499999816
-0.02501972499999816
-0.02501972499999816
-0.02980772499999773
-0.02980772499999773
-0.02980772499999773
-0.032201724999998405
-0.03459572499999908
-0.02980772499999773
-0.02501972499999816
-0.02501972499999816
-0.02501972499999816
-0.025817724999997793
-0.026615724999997425
-0.027413724999998834
-0.028211724999998467
-0.0290097249999981
-0.02980772499999773
-0.027413225000000097
-0.025817224999999056
-0.02422122499999979
-0.02262522499999875
-0.016639474999998072
-0.01065372499999917
-0.025019224999997647
-0.0393847249999979
-0.03699047499999786
-0.034596224999997816
-0.03220197499999777
-0.02980772499999773
-0.02980772499999773
-0.02980772499999773
-0.02980772499999773
-0.03300005833333053
-0.0361923916666651
-0.0393847249999979
-0.0393847249999979
-0.0393847249999979
-0.0393847249999979
-0.04177872499999857
-0.04417272499999925
-0.025019224999997647
-0.03459572499999908
-0.02023072499999934
-0.005865724999997823
-0.002992724999998586
-0.00011972499999757247
0.002753275000001665
0.0056262750000026784
0.008499275000001916
-0.005865724999997823
-0.04417272499999925
-0.04177855833333233
-0.03938439166666541
-0.03699022499999849
-0.03459605833333157
-0.03220189166666465
-0.02980772499999773
-0.04417272499999925
-0.03699022499999849
-0.03579297499999967
-0.03459572499999908
-0.032201724999998405
-0.02980772499999773
-0.026615391666664934
-0.023423058333332136
-0.02023072499999934
-0.027413225000000097
-0.03459572499999908
-0.02501972499999816
-0.01065372499999917
-0.013047974999999212
-0.015442224999999254
-0.017836474999999297
-0.02023072499999934
-0.028211391666665975
-0.03619205833333261
-0.04417272499999925
-0.04129972499999823
-0.038426724999998996
-0.03555372499999798
-0.032680724999998745
-0.02980772499999773
-0.01065372499999917
-0.015442724999997992
-0.0393847249999979
-0.04177872499999857
-0.04417272499999925
-0.04656722499999866
-0.04896172499999807
-0.044173224999997984
-0.0393847249999979
-0.02023072499999934
-0.027413225000000097
-0.03459572499999908
-0.029807474999998362
-0.025019224999997647
-0.020230974999998708
-0.015442724999997992
-0.015442724999997992
-0.015442724999997992
-0.015442724999997992
-0.015442724999997992
-0.017836724999998665
-0.02023072499999934
-0.02501972499999816
-0.03220222499999892
-0.0393847249999979
-0.04417272499999925
-0.04417272499999925
-0.04417272499999925
-0.039982974999999144
-0.03579322499999904
-0.03160347499999894
-0.027413724999998834
-0.031004724999998956
-0.03459572499999908
-0.03596386785714145
-0.0373320107142856
-0.038700153571427975
-0.04006829642857035
-0.04143643928571272
-0.04280458214285687
-0.04417272499999925
-0.032201724999998405
-0.04417272499999925
-0.01065372499999917
-0.022624725000000012
-0.03459572499999908
-0.037788058333331875
-0.04098039166666645
-0.04417272499999925
0.003711275000000569
-0.008259724999998497
-0.02023072499999934
-0.026615391666664934
-0.033000058333332305
-0.0393847249999979
-0.07290372499999798
-0.06013439166666501
-0.047365058333332044
-0.03459572499999908
-0.04896172499999807
-0.04177872499999857
-0.03459572499999908
-0.032201724999998405
-0.02980772499999773
-0.027413724999998834
-0.02501972499999816
-0.02980772499999773
-0.028610599999996822
-0.02741347499999769
-0.026216349999998556
-0.025019224999997647
-0.02501932499999704
-0.025019424999998208
-0.0250195249999976
-0.02501962499999877
-0.02501972499999816
-0.0393847249999979
0.003711275000000569
-0.04896172499999807
-0.044173324999997376
-0.03938492499999846
-0.03459652499999777
-0.029808124999998853
-0.02501972499999816
-0.01065372499999917
-0.0393847249999979
-0.027413724999998834
-0.015442724999997992
-0.02980772499999773
-0.04417272499999925
-0.04656722499999866
-0.04896172499999807
-0.0330003916666648
-0.017039058333331525
-0.001077724999998253
-0.013846724999998727
-0.026615724999997425
-0.0393847249999979
0.018076275000002084
0.013287875000001392
0.008499475000002477
0.0037110750000017845
-0.0010773249999971313
-0.005865724999997823
-0.02501972499999816
-0.04656722499999866
-0.031004974999998325
-0.015442724999997992
-0.028211724999998467
-0.04098072499999894
-0.053749724999999415
-0.005865724999997823
-0.008259891666664743
-0.010654058333331662
-0.013048224999998581
-0.0154423916666655
-0.01783655833333242
-0.02023072499999934
-0.024061524999998696
-0.027892324999998053
-0.031723124999999186
-0.03555392499999854
-0.0393847249999979
-0.03699022499999849
-0.005865724999997823
-0.02023072499999934
-0.02023072499999934
-0.02023072499999934
-0.02262522499999875
-0.02501972499999816
-0.0058657249999996
0.013288275000000738
0.008499775000000653
0.003711275000000569
-0.0010772249999995154
-0.005865724999997823
-0.010654224999997908
-0.015442724999997992
-0.02501972499999816
-0.017836724999998665
-0.001077724999998253
-0.017836724999998665
-0.03459572499999908
-0.032680524999998184
-0.030765324999999066
-0.028850124999998172
-0.026934924999999055
-0.02501972499999816
-0.025019474999997016
-0.025019224999997647
-0.02661530833333181
-0.0282113916666642
-0.029807474999998362
-0.031403558333332526
-0.032999641666664914
-0.03459572499999908
-0.027413724999998834
-0.001077724999998253
-0.010654391666664154
-0.02023105833333183
-0.02980772499999773
-0.02501932499999704
-0.020230924999998123
-0.015442524999997431
-0.010654124999998515
-0.005865724999997823
-0.032201724999998405
-0.0393847249999979
-0.04656722499999866
-0.053749724999999415
-0.04417272499999925
-0.03699022499999849
-0.02980772499999773
-0.020230724999997562
-0.01065372499999917
-0.018634391666665806
-0.026615058333332442
-0.03459572499999908
-0.03140372499999877
-0.028211724999998467
-0.02501972499999816
-0.019433058333332198
-0.01384639166666446
-0.008259724999998497
-0.023223474999998217
-0.03818722499999794
-0.053150974999999434
-0.06811472499999915
-0.05614372499999831
-0.04417272499999925
-0.001077724999998253
-0.034596224999997816
-0.06811472499999915
-0.04656697499999929
-0.025019224999997647
-0.003471474999997781
0.018076275000002084
-0.02980772499999773
-0.026814974999997077
-0.0238222249999982
-0.020829474999997544
-0.017836724999998665
-0.01484397499999801
-0.011851224999997356
-0.008858474999998478
-0.005865724999997823
-0.022624725000000012
-0.03459572499999908
-0.017836724999998665
-0.001077724999998253
-0.007063224999997786
-0.013048724999997319
-0.019034224999998628
-0.02501972499999816
-0.015442724999997992
-0.023423391666664628
-0.031404058333331264
-0.0393847249999979
-0.03459572499999908
-0.03459572499999908
-0.005865724999997823
-0.008259724999998497
-0.01065372499999917
-0.0058657249999996
-0.001077724999998253
-0.010654224999999684
-0.02023072499999934
-0.01757050277777772
-0.014910280555554323
-0.012250058333332703
-0.009589836111111083
-0.006929613888887687
-0.004269391666666067
-0.001609169444444447
0.0010510527777789491
0.003711275000000569
-0.053749724999999415
-0.04896122499999933
-0.04626775624999979
-0.043574287499998476
-0.04088081874999894
-0.0381873499999994
-0.03549388124999808
-0.032800412499998544
-0.030106943749999004
-0.027413474999999465
-0.02472000624999815
-0.02202653749999861
-0.01933306874999907
-0.016639599999997756
-0.013946131249998217
-0.011252662499998678
-0.008559193749997362
-0.005865724999997823
-0.019033724999998114
-0.032201724999998405
-0.04417272499999925
-0.009058058333332397
-0.034596224999997816
-0.02262522499999875
-0.04417272499999925
-0.03651132499999932
-0.028849924999999388
-0.021188524999997682
-0.013527124999997753
-0.005865724999997823
-0.02821139166666775
-0.030339502777778193
-0.032467613888888636
-0.03459572499999908
-0.027413225000000097
-0.02023072499999934
-0.03459572499999908
-0.028211391666665975
-0.021827058333331095
-0.015442724999997992
-0.025019474999998792
-0.034596224999997816
-0.044172974999998615
-0.053749724999999415
-0.02023072499999934
-0.022624924999998797
-0.02501912500000003
-0.02741332499999949
-0.029807525000000723
-0.03220172500000018
-0.02980772499999773
-0.02262522499999875
-0.015442724999997992
0.008499275000001916
-0.005865724999997823
-0.02023072499999934
-0.03459572499999908
-0.02980739166666524
-0.025019058333333177
-0.02023072499999934
-0.01065372499999917
-0.025019224999997647
-0.0393847249999979
-0.03699022499999849
-0.03459572499999908
-0.03140372499999877
-0.028211724999998467
-0.02501972499999816
-0.02023072499999934
-0.017836724999998665
-0.015442724999997992
-0.013048224999998581
-0.01065372499999917
-0.013646474999999825
-0.016639224999998703
-0.019631974999999358
-0.022624725000000012
-0.02561747499999889
-0.028610224999999545
-0.03160297499999842
-0.03459572499999908
-0.025019224999997647
-0.015442724999997992
-0.027413724999998834
-0.0393847249999979
-0.02980772499999773
-0.04177872499999857
-0.015442724999997992
-0.020231224999998076
-0.02501972499999816
-0.01065372499999917
-0.027413225000000097
-0.04417272499999925
-0.02980772499999773
-0.015442724999997992
-0.015442724999997992
-0.015442724999997992
-0.015442724999997992
-0.015442724999997992
-0.0393847249999979
-0.02980772499999773
-0.02023072499999934
-0.02023072499999934
-0.02023072499999934
-0.023423058333332136
-0.026615391666664934
-0.02980772499999773
-0.03459605833333157
-0.03938439166666541
-0.04417272499999925
-0.02023072499999934
-0.021598867857141713
-0.022967010714284086
-0.02433515357142646
-0.02570329642857061
-0.027071439285712984
-0.028439582142855357
-0.02980772499999773
-0.02501972499999816
-0.005865724999997823
-0.020231224999998076
-0.025019474999997016
-0.02980772499999773
-0.02980772499999773
-0.02980772499999773
-0.02980772499999773
-0.02980772499999773
-0.04417272499999925
-0.04417272499999925
-0.040581474999999756
-0.03699022499999849
-0.03339897499999722
-0.02980772499999773
-0.015442224999999254
-0.027413474999999465
-0.0393847249999979
-0.03220222499999892
-0.02501972499999816
-0.020231224999998076
-0.015442724999997992
-0.017836974999998034
-0.020231224999998076
