-0.006320687999999963
0.0032561120000000887
0.0008619120000000757
-0.0015322879999999373
-0.0015322879999999373
-0.0015322879999999373
-0.0015322879999999373
-0.0015322879999999373
-0.0063206979999999024
-0.011109107999999979
-0.015897517999999944
-0.008714902999999996
-0.0015322879999999373
-0.0021308379999999127
-0.0027293879999998882
-0.0033279379999999747
-0.00392648799999995
-0.004525037999999926
-0.005123588000000012
-0.005722137999999988
-0.006320687999999963
-0.0206859479999999
-0.00392648799999995
-0.011109087999999878
-0.006320687999999963
-0.006320687999999963
-0.006320687999999963
-0.006320687999999963
-0.006320687999999963
-0.006320687999999963
-0.015897487999999904
-0.015897487999999904
-0.015897487999999904
-0.015897487999999904
-0.01110908799999999
-0.006320687999999963
-0.0015322879999999373
-0.005123587999999901
-0.008714887999999865
-0.01230618799999994
-0.015897487999999904
-0.0143013546666666
-0.012705221333333294
-0.011109087999999878
-0.009512954666666573
-0.007916821333333268
-0.006320687999999963
-0.004724554666666547
-0.0031284213333332422
-0.0015322879999999373
-0.006320687999999963
0.008044512000000115
-0.011109087999999878
-0.003926487999999839
-0.0015322879999999373
-0.0015322879999999373
-0.0015322879999999373
-0.0015322879999999373
-0.006320687999999963
-0.0206859479999999
-0.006320687999999963
-0.006320687999999963
-0.006320687999999963
-0.006320687999999963
-0.01110908799999999
-0.015897487999999904
-0.015897487999999904
-0.01302444799999991
-0.010151407999999917
-0.007278367999999924
-0.004405327999999931
-0.0015322879999999373
0.01283291200000003
0.0008619120000000757
-0.011109087999999878
-0.011109087999999878
-0.011109087999999878
-0.011109087999999878
-0.011109087999999878
-0.011109087999999878
-0.015897487999999904
-0.006320687999999963
-0.011109087999999878
-0.006320687999999963
-0.011109087999999878
-0.009512954666666573
-0.007916821333333268
-0.006320687999999963
-0.006320687999999963
-0.006320687999999963
-0.006320687999999963
-0.006320687999999963
-0.011109087999999878
-0.009193727999999846
-0.007278367999999924
-0.005363007999999891
-0.00344764799999997
-0.0015322879999999373
0.0032561120000000887
0.005650312000000102
0.008044512000000115
0.0032561120000000887
-0.0015322879999999373
-0.006320687999999963
-0.006320687999999963
-0.006320687999999963
-0.006320687999999963
-0.006320687999999963
-0.0015322879999999373
-0.013503317999999931
-0.025474347999999924
-0.014700417999999882
-0.00392648799999995
-0.004724554666666547
-0.005522621333333255
-0.006320687999999963
-0.00711875466666656
-0.007916821333333157
-0.008714887999999865
-0.0206859479999999
-0.0015322879999999373
-0.0027293879999998882
-0.00392648799999995
-0.005123588000000012
-0.006320687999999963
-0.015897487999999904
-0.006320687999999963
-0.008714887999999865
-0.011109087999999878
-0.013503287999999891
-0.015897487999999904
-0.0015322879999999373
-0.00392648799999995
-0.006320687999999963
-0.004724554666666658
-0.0031284213333332422
-0.0015322879999999373
-0.002489967999999898
-0.00344764799999997
-0.004405327999999931
-0.0053630080000000024
-0.006320687999999963
-0.006320687999999963
-0.00392648799999995
-0.0015322879999999373
-0.006320687999999963
0.0032561120000000887
-0.015897487999999904
-0.006320687999999963
0.0032561120000000887
-0.003926487999999839
-0.011109087999999878
-0.011109087999999878
-0.011109087999999878
-0.011109087999999878
-0.011109087999999878
-0.011109087999999878
-0.011109087999999878
-0.011109087999999878
-0.011109087999999878
-0.011109087999999878
-0.011109087999999878
-0.011109087999999878
-0.011109087999999878
-0.011109087999999878
-0.011109087999999878
-0.011109087999999878
-0.011109087999999878
-0.006320687999999963
-0.0015322879999999373
0.008044512000000115
-0.0015322879999999373
0.008044512000000115
-0.006320687999999963
-0.006320687999999963
-0.011109087999999878
0.0032561120000000887
-0.008714917999999905
-0.0031284413333332317
0.0024580353333334415
0.008044512000000115
0.008044512000000115
0.0032561120000000887
-0.0015322879999999373
-0.006320687999999963
-0.015897487999999904
-0.019089774666666615
-0.022282061333333214
-0.025474347999999924
-0.018291717999999957
-0.011109087999999878
-0.006320687999999963
-0.0015322879999999373
-0.00392648799999995
-0.006320687999999963
-0.008714887999999865
-0.011109087999999878
-0.013503287999999891
-0.015897487999999904
-0.006320687999999963
0.0032561120000000887
-0.027868547999999937
-0.02487578299999993
-0.02188301799999992
-0.018890252999999912
-0.015897487999999904
-0.010311021333333281
-0.004724554666666547
0.0008619120000000757
-9.576799999988506e-05
-0.0010534479999998458
-0.0020111279999999176
-0.0029688079999998784
-0.003926487999999839
-0.011109107999999868
-0.018291727999999896
-0.025474347999999924
-0.023422167999999965
-0.021369987999999895
-0.019317807999999936
-0.017265627999999866
-0.015213447999999907
-0.013161267999999837
-0.011109087999999878
-0.0015322879999999373
0.0032561120000000887
-0.006320687999999963
-0.008714887999999865
-0.0015322879999999373
-0.0015322879999999373
-0.006320702999999872
-0.011109117999999918
-0.015897532999999964
-0.0206859479999999
-0.017094632999999915
-0.013503317999999931
-0.009912002999999947
-0.006320687999999963
-0.006320687999999963
-0.006320687999999963
0.0032561120000000887
0.0008619060000001344
-0.001532299999999931
-0.003926505999999885
-0.006320711999999951
-0.008714917999999905
-0.01110912399999986
-0.013503329999999925
-0.01589753599999988
-0.018291741999999944
-0.0206859479999999
-0.015897487999999904
-0.011109087999999878
0.0032561120000000887
-0.006320702999999872
-0.015897517999999944
-0.025474333000000016
-0.035051147999999976
-0.003926487999999839
-0.011109087999999878
-0.009512954666666573
-0.007916821333333268
-0.006320687999999963
-0.013503317999999931
-0.007517802999999934
-0.0015322879999999373
-0.0015322879999999373
-0.0015322879999999373
-0.00392648799999995
-0.006320687999999963
-0.009512954666666573
-0.012705221333333294
-0.015897487999999904
0.01283291200000003
-0.008714917999999905
-0.03026274799999995
-0.011109117999999918
0.008044512000000115
-0.003926487999999839
-0.015897487999999904
-0.008714887999999865
-0.0015322879999999373
-0.00392648799999995
-0.006320687999999963
0.017621312000000056
0.004852225333333404
-0.007916861333333247
-0.0206859479999999
-0.018291737999999946
-0.015897527999999883
-0.013503317999999931
-0.011109107999999979
-0.008714897999999915
-0.006320687999999963
0.0032561120000000887
0.01283291200000003
0.008044512000000004
0.0032561120000000887
-0.0015322879999999373
-0.006320687999999963
-0.011109087999999878
-0.015897487999999904
-0.011109117999999918
-0.008714912999999935
-0.006320707999999953
-0.00392650299999997
-0.0015322979999998765
0.0008619070000001061
0.0032561120000000887
-0.035051147999999976
-0.008714917999999905
-0.0015322879999999373
-0.006320687999999963
-0.011109087999999878
-0.015897487999999904
0.0032561120000000887
-0.0206859479999999
-0.007916861333333247
0.004852225333333404
0.017621312000000056
0.0016599586666666832
-0.014301394666666578
-0.03026274799999995
-0.023558975999999898
-0.016855203999999957
-0.010151431999999905
-0.0034476599999999635
0.0032561120000000887
-0.0015322879999999373
-0.008714887999999865
-0.01230618799999994
-0.015897487999999904
-0.010311021333333281
-0.004724554666666547
0.0008619120000000757
-0.0035844679999998963
-0.00803084799999998
-0.012477227999999951
-0.016923607999999923
-0.021369987999999895
-0.02581636799999998
-0.03026274799999995
0.0032561120000000887
-0.008714917999999905
-0.011109087999999878
0.0008619120000000757
0.01283291200000003
-0.003926517999999879
-0.0206859479999999
-0.001532317999999977
0.017621312000000056
6.382533333337825e-05
-0.0174936613333333
-0.035051147999999976
-0.022282061333333325
-0.009512974666666563
0.0032561120000000887
-0.025474347999999924
-0.0015322879999999373
-0.013503317999999931
-0.025474347999999924
-0.008714917999999905
0.008044512000000115
-0.0015322879999999373
-0.011109087999999878
-0.003926487999999839
0.0032561120000000887
0.001950184727272819
0.0006442574545455493
-0.0006616698181817204
-0.00196759709090899
-0.00327352436363626
-0.00457945163636353
-0.005885378909090799
-0.007191306181818069
-0.008497233454545339
-0.009803160727272608
-0.011109087999999878
-0.011109117999999918
-0.004724574666666537
0.0016599686666667335
0.008044512000000115
-0.025474347999999924
0.0032561120000000887
-0.008714887999999865
-0.0015322879999999373
6.384533333336773e-05
0.0016599786666667837
0.0032561120000000887
-0.006320687999999963
-0.00609266895238092
-0.005864649904761876
-0.0056366308571428325
-0.005408611809523789
-0.005180592761904745
-0.004952573714285702
-0.004724554666666658
-0.004496535619047615
-0.004268516571428571
-0.0040404975238095275
-0.003812478476190373
-0.0035844594285713294
-0.003356440380952286
-0.0031284213333332422
-0.0029004022857141987
-0.002672383238095155
-0.0024443641904761115
-0.002216345142857068
-0.0019883260952380244
-0.0017603070476189808
-0.0015322879999999373
-0.0015322879999999373
-0.0015322879999999373
-0.0015322879999999373
0.017621312000000056
-0.0015322879999999373
0.01283291200000003
0.00445319700000002
-0.003926517999999879
-0.012306232999999889
-0.0206859479999999
-0.02068593299999999
-0.02068591799999997
-0.015897512999999863
-0.014301374666666589
-0.0015322879999999373
-0.009512974666666563
-0.0174936613333333
-0.025474347999999924
0.008044512000000115
0.0008619120000000757
-0.006320687999999963
-0.015897487999999904
-0.01230618799999994
-0.008714887999999865
-0.005123587999999901
-0.0015322879999999373
-0.0031284213333332422
-0.004724554666666658
-0.006320687999999963
-0.00392648799999995
-0.0015322879999999373
0.0032561120000000887
-0.006320687999999963
-0.00919373999999995
-0.012066791999999937
-0.014939843999999924
-0.01781289599999991
-0.0206859479999999
-0.015897517999999833
-0.011109087999999878
-0.012066767999999839
-0.01302444799999991
-0.013982127999999872
-0.014939807999999943
-0.015897487999999904
-0.006320687999999963
-0.008714887999999865
-0.009512954666666573
-0.01031102133333317
-0.011109087999999878
-0.011109087999999878
-0.011109087999999878
-0.006320687999999963
-0.012705241333333284
-0.019089794666666604
-0.025474347999999924
-0.02068592799999991
-0.015897507999999894
-0.011109087999999878
-0.0015322879999999373
0.0008619120000000757
0.0032561120000000887
-0.0015322879999999373
-0.0031284213333332422
-0.004724554666666658
-0.006320687999999963
-0.007916821333333268
-0.009512954666666684
-0.01110908799999999
0.008044512000000115
-0.0206859479999999
-0.012705261333333273
-0.004724574666666537
0.0032561120000000887
-0.0015322879999999373
-0.006320687999999963
-0.0015322879999999373
0.0032561120000000887
-0.006320687999999963
-0.0031284213333332422
6.384533333336773e-05
0.0032561120000000887
-0.0206859479999999
-0.014301394666666578
-0.007916841333333258
-0.0015322879999999373
-0.006320687999999963
-0.011109087999999878
-0.006320687999999963
-0.004724554666666658
-0.0031284213333332422
-0.0015322879999999373
-0.0015322879999999373
-0.0015322879999999373
0.01283291200000003
0.006448378666666699
6.384533333336773e-05
-0.006320687999999963
-0.0015322879999999373
-0.004724554666666547
-0.007916821333333268
-0.011109087999999878
-0.0015322879999999373
-0.006320687999999963
-0.011109087999999878
-0.008714887999999865
-0.006320687999999963
-0.006320687999999963
-0.006320687999999963
-0.006320687999999963
-0.007916821333333268
-0.009512954666666573
-0.011109087999999878
-0.011109087999999878
-0.0206859479999999
-0.013503317999999931
-0.006320687999999963
-0.01110908799999999
-0.015897487999999904
-0.015897487999999904
-0.015897487999999904
-0.015897487999999904
-0.015897487999999904
-0.011109087999999878
-0.006320687999999963
