0.0016759000000021729
0.00406990000000107
-0.0031125999999979115
-0.01029509999999867
-0.01189109999999971
-0.013487099999998975
-0.015083100000000016
-0.029448099999999755
-0.02465984999999904
-0.019871599999998324
-0.015083349999999385
-0.01029509999999867
-0.0067038499999991785
-0.0031125999999979115
0.0004786500000015792
0.00406990000000107
-0.0007180999999985005
-0.0007180999999985005
-0.0007180999999985005
-0.0007180999999985005
-0.0007180999999985005
-0.0007180999999985005
-0.0007180999999985005
-0.029448599999998493
-0.02625643333333194
-0.02306426666666539
-0.019872099999998838
-0.019872099999998838
-0.021468099999998103
-0.023064099999999144
-0.02466009999999841
-0.015083100000000016
-0.015083100000000016
-0.015083100000000016
-0.015083100000000016
-0.013886100000000567
-0.012689099999999343
-0.011492099999998118
-0.01029509999999867
-0.013487433333331467
-0.01667976666666604
-0.019872099999998838
-0.005506099999999847
-0.005506099999999847
-0.008698433333332645
-0.011890766666667218
-0.015083100000000016
-0.01029509999999867
-0.019871599999998324
-0.029448099999999755
-0.02466009999999841
-0.019872099999998838
-0.005506600000000361
0.008858899999999892
0.013647399999999976
0.01843590000000006
0.01604140000000065
0.013646900000001239
-0.008698766666665136
-0.031044433333333288
-0.05339009999999966
-0.04700576666666656
-0.04062143333333168
-0.03423709999999858
0.013646900000001239
0.01843590000000006
0.01604140000000065
0.013646900000001239
-0.017477599999999427
-0.04860210000000009
-0.045409766666667295
-0.04221743333333272
-0.039025099999999924
-0.0007180999999985005
-0.0043093499999997675
-0.007900599999999258
-0.011491849999998749
-0.015083100000000016
-0.013487099999998975
-0.01189109999999971
-0.01029509999999867
-0.005506599999998585
-0.0007180999999985005
-0.007900599999999258
-0.015083100000000016
-0.013487099999998975
-0.01189109999999971
-0.01029509999999867
-0.019871599999998324
-0.029448099999999755
-0.01747710000000069
-0.005506099999999847
-0.0007180999999985005
-0.0007180999999985005
-0.02705409999999908
-0.018275433333332813
-0.009496766666664769
-0.0007180999999985005
-0.0007180999999985005
-0.0007180999999985005
-0.0007180999999985005
-0.0007180999999985005
-0.02466009999999841
-0.02146776666666561
-0.018275433333332813
-0.015083100000000016
-0.017477599999999427
-0.019872099999998838
-0.018275766666665305
-0.016679433333331772
-0.01508309999999824
-0.011890766666665442
-0.008698433333332645
-0.005506099999999847
-0.015083100000000016
-0.017477599999999427
-0.019872099999998838
-0.011891433333332202
-0.003910766666665566
0.00406990000000107
0.008858899999999892
0.0008782333333332559
-0.00710243333333338
-0.015083100000000016
0.00406990000000107
0.00140967777777945
-0.0012505444444439462
-0.003910766666665566
-0.006570988888887186
-0.009231211111110582
-0.011891433333332202
-0.014551655555553822
-0.017211877777777218
-0.019872099999998838
0.006464900000000995
-0.005506099999999847
-0.01508309999999824
-0.02466009999999841
-0.01029509999999867
0.00406990000000107
-0.012689099999999343
-0.029448099999999755
-0.02466009999999841
-0.02466009999999841
-0.02466009999999841
-0.02466009999999841
-0.005506099999999847
-0.010294599999999932
-0.015083100000000016
-0.003112099999999174
0.008858899999999892
0.0040703999999998075
-0.0007180999999985005
-0.0007180999999985005
-0.0007180999999985005
-0.0007180999999985005
-0.0007180999999985005
-0.007900599999999258
-0.015083100000000016
-0.01029509999999867
0.00406990000000107
-0.012689099999999343
-0.029448099999999755
-0.01508309999999824
-0.0007180999999985005
-0.005506599999998585
-0.01029509999999867
-0.007102766666665872
-0.003910433333331298
-0.0007180999999985005
-0.008698766666665136
-0.016679433333331772
-0.02466009999999841
-0.029448099999999755
-0.02705409999999908
-0.02466009999999841
-0.02226609999999951
-0.019872099999998838
-0.0031125999999979115
-0.03303984999999798
-0.06296709999999983
-0.031842599999999166
-0.0007180999999985005
-0.003112099999999174
-0.005506099999999847
-0.01747710000000069
-0.029448099999999755
-0.04381360000000001
-0.058179099999998485
-0.05179443333333289
-0.04540976666666552
-0.039025099999999924
-0.03162482727272753
-0.024224554545455135
-0.016824281818180964
-0.00942400909090857
-0.002023736363636175
0.0053765363636362196
0.012776809090908614
0.02017708181818101
0.02757735454545518
0.034977627272727574
0.04237789999999997
0.028012566666667738
0.01364723333333373
-0.0007180999999985005
0.023223900000001407
0.007262899999998851
-0.0007180999999985005
0.016041400000002426
0.032800900000001576
0.032800900000001576
0.032800900000001576
0.02202690000000196
0.011252900000002342
0.000478900000000948
-0.01029509999999867
0.00406990000000107
-0.015083100000000016
-0.01029509999999867
-0.014125699999999242
-0.017956299999999814
-0.02178689999999861
-0.025617499999999183
-0.029448099999999755
-0.0007180999999985005
-0.0021545999999990073
-0.003591099999999514
-0.005027599999998245
-0.006464099999998751
-0.007900599999999258
-0.012689099999999343
-0.006703599999998033
-0.0007180999999985005
-0.0007180999999985005
-0.0007180999999985005
-0.0007180999999985005
-0.0023140999999995415
-0.003910099999998806
-0.005506099999999847
-0.007900599999999258
-0.01029509999999867
-0.015083100000000016
-0.007900599999999258
-0.0007180999999985005
-0.029448099999999755
-0.02466009999999841
-0.019872099999998838
-0.012689099999999343
-0.005506099999999847
-0.005506099999999847
-0.005506099999999847
-0.010294599999999932
-0.01508309999999824
-0.019871599999998324
-0.02466009999999841
-0.043814099999998746
-0.007901099999997996
0.028011900000000978
0.024420650000001487
0.02082940000000022
0.01723815000000073
0.013646900000001239
-0.010294599999999932
-0.012090349999999361
-0.013886100000000567
-0.015681849999999997
-0.017477599999999427
-0.0067038499999991785
0.00406990000000107
0.0004786500000015792
-0.0031125999999979115
-0.0067038499999991785
-0.01029509999999867
-0.04860210000000009
-0.01029509999999867
-0.019871766666666346
-0.029448433333332247
-0.039025099999999924
-0.029448099999999755
0.0040703999999998075
0.037588900000001146
-0.007900599999999258
-0.05339009999999966
-0.019871599999998324
0.013646900000001239
0.000478900000000948
-0.012689099999999343
-0.025857099999999633
-0.039025099999999924
-0.05339009999999966
-0.0007181000000002769
0.051953900000000885
0.010454566666666665
-0.03104476666666578
-0.0725441
0.01843590000000006
-0.03423709999999858
-0.04221776666666521
-0.05019843333333185
-0.058179099999998485
0.037588900000001146
0.020829566666668242
0.004070233333333562
-0.012689099999999343
-0.029448433333332247
-0.04620776666666693
-0.06296709999999983
0.01843590000000006
-0.01029509999999867
-0.012290266666665772
-0.014285433333331099
-0.016280599999998202
-0.018275766666665305
-0.020270933333332408
-0.02226609999999951
-0.024261266666664838
-0.02625643333333194
-0.028251599999999044
-0.03024676666666437
-0.032241933333331474
-0.03423709999999858
-0.02226609999999951
0.013646900000001239
-0.01029509999999867
-0.010294599999999932
-0.009696037499999477
-0.009097475000000799
-0.008498912500000344
-0.00790034999999989
-0.007301787499999435
-0.00670322499999898
-0.006104662500000302
-0.005506099999999847
-0.01029509999999867
0.011252900000000565
-0.03423659999999984
-0.05339009999999966
-0.02465984999999904
0.0040703999999998075
-0.0007179750000005924
-0.005506350000000992
-0.010294724999999616
-0.015083100000000016
-0.017477599999999427
-0.019872099999998838
-0.015083599999998754
-0.01029509999999867
-0.0031125999999979115
0.00406990000000107
-0.007901099999997996
-0.019872099999998838
-0.03184309999999968
-0.043814099999998746
-0.015083100000000016
-0.031044433333333288
-0.04700576666666656
-0.06296709999999983
0.037588900000001146
-0.0725441
-0.027054100000000858
0.01843590000000006
-0.007900599999999258
-0.03423709999999858
0.0016759000000021729
0.037588900000001146
-0.012689099999999343
-0.06296709999999983
-0.02466009999999841
0.013646900000001239
0.01173150000000156
0.009816100000001882
0.007900700000000427
0.005985300000000748
0.00406990000000107
-0.0031125999999979115
-0.01029509999999867
-0.02466009999999841
-0.02705409999999908
-0.029448099999999755
-0.022265600000000774
-0.015083100000000016
-0.0725441
-0.05019809999999936
-0.02785210000000049
-0.005506099999999847
0.006464900000000995
0.01843590000000006
0.030406899999999126
0.04237789999999997
0.030406774999999442
0.018435650000000692
0.006464525000000165
-0.005506600000000361
-0.018674725000000336
-0.03184285000000031
-0.04501097499999851
-0.058179099999998485
0.023223900000001407
-0.02705409999999908
-0.052193100000000214
-0.07733209999999957
-0.05051709999999865
-0.023702099999999504
0.0031129000000014173
0.029927900000000562
0.056742900000001484
0.02561840000000082
-0.005506099999999847
-0.06775609999999865
-0.039025433333332415
-0.010294766666666177
0.01843590000000006
-0.02466009999999841
-0.01029509999999867
-0.016679433333331772
-0.023063766666666652
-0.029448099999999755
-0.02705409999999908
-0.02466009999999841
0.008858899999999892
-0.005506600000000361
-0.019872099999998838
-0.01667976666666604
-0.013487433333331467
-0.01029509999999867
-0.019871599999998324
-0.029448099999999755
-0.02686979230769282
-0.024291484615384107
-0.02171317692307717
-0.01913486923076846
-0.016556561538461523
-0.01397825384615281
-0.011399946153845875
-0.008821638461537162
-0.0062433307692302265
-0.003665023076921514
-0.0010867153846145783
0.001491592307694134
0.00406990000000107
-0.007102766666665872
-0.018275433333332813
-0.029448099999999755
-0.02466009999999841
-0.019872099999998838
-0.010294599999999932
-0.039025099999999924
0.00406990000000107
-0.015083599999998754
-0.03423709999999858
-0.031842849999998535
-0.029448599999998493
-0.02705434999999845
-0.02466009999999841
-0.022265850000000142
-0.0198716000000001
-0.017477350000000058
-0.015083100000000016
-0.005506600000000361
0.00406990000000107
-0.0007181000000002769
-0.023064099999997367
-0.01029509999999867
-0.018275766666665305
-0.02625643333333194
-0.03423709999999858
-0.019872099999998838
-0.012689099999999343
-0.005506099999999847
-0.003112099999999174
-0.0007181000000002769
0.0016759000000003965
0.00406990000000107
-0.012689099999999343
-0.029448099999999755
-0.029448099999999755
-0.01029509999999867
-0.01029509999999867
-0.01029509999999867
-0.015083433333332508
-0.01987176666666457
-0.02466009999999841
-0.02705409999999908
-0.029448099999999755
-0.02545776666666555
-0.02146743333333312
-0.01747710000000069
-0.013486766666666483
-0.009496433333332277
-0.005506099999999847
-0.02466009999999841
-0.029448099999999755
-0.010294766666666177
0.0088585666666674
0.028011900000000978
-0.039025099999999924
-0.02466009999999841
-0.01029509999999867
-0.02226609999999951
-0.03423709999999858
-0.02346309999999896
-0.012689099999999343
-0.0019150999999997254
0.008858899999999892
-0.058179099999998485
-0.04860210000000009
-0.015083100000000016
0.01843590000000006
-0.007900599999999258
-0.03423709999999858
-0.02226609999999951
-0.01029509999999867
-0.009859736363635463
-0.009424372727272257
-0.008989009090907274
-0.008553645454544068
-0.008118281818180861
-0.007682918181817655
-0.007247554545454449
-0.0068121909090912425
-0.00637682727272626
-0.0059414636363630535
-0.005506099999999847
-0.0007180999999985005
-0.02466009999999841
-0.019872099999998838
-0.021468099999998103
-0.023064099999999144
-0.02466009999999841
-0.017477599999999427
-0.03423709999999858
-0.03423709999999858
-0.015083100000000016
-0.01667943333333355
-0.018275766666665305
-0.019872099999998838
-0.015083100000000016
-0.014399100000000331
-0.01371509999999887
-0.013031099999999185
-0.0123470999999995
-0.011663099999999815
-0.010979099999998354
-0.01029509999999867
-0.019872099999998838
-0.015083100000000016
-0.015083100000000016
-0.019872099999998838
-0.02466009999999841
-0.02545809999999804
-0.02625609999999945
