-0.015083599999998754
-0.01029509999999867
-0.01189109999999971
-0.013487099999998975
-0.015083100000000016
-0.029448099999999755
-0.02705409999999908
-0.02466009999999841
-0.021667349999997754
-0.018674599999998875
-0.015681849999999997
-0.012689099999999343
-0.009097600000000483
-0.005506099999999847
-0.010294599999999932
-0.015083100000000016
-0.019871433333333854
-0.024659766666665917
-0.029448099999999755
-0.029448099999999755
-0.029448099999999755
-0.015083100000000016
-0.01628022499999915
-0.017477350000000058
-0.01867447499999919
-0.019871599999998324
-0.019871849999997693
-0.019872099999998838
-0.015083599999998754
-0.01029509999999867
-0.007900599999999258
-0.005506099999999847
-0.007102266666667134
-0.008698433333332645
-0.010294599999999932
-0.011890766666667218
-0.013486933333332729
-0.015083100000000016
-0.019872099999998838
-0.02466009999999841
-0.02226593333333149
-0.01987176666666457
-0.017477599999999427
-0.015083433333332508
-0.012689266666665588
-0.01029509999999867
-0.012689099999999343
-0.014783975000000282
-0.016878849999999446
-0.01897372499999861
-0.02106859999999955
-0.02316347500000049
-0.025258349999999652
-0.027353224999998815
-0.029448099999999755
-0.03663109999999925
-0.010294599999999932
-0.005506099999999847
-0.010294599999999932
-0.015083100000000016
-0.019871599999998324
-0.02466009999999841
-0.02466009999999841
-0.02466009999999841
-0.02705409999999908
-0.029448099999999755
-0.03064535000000035
-0.031842599999999166
-0.03303984999999798
-0.03423709999999858
-0.02466009999999841
-0.015083100000000016
-0.017477350000000058
-0.019871599999998324
-0.022265849999998366
-0.02466009999999841
-0.019871599999998324
-0.015083100000000016
-0.015881266666665894
-0.01667943333333355
-0.017477599999999427
-0.022864474999998663
-0.028251349999999675
-0.03363822500000069
-0.039025099999999924
-0.02466009999999841
-0.01029509999999867
-0.01029509999999867
-0.01029509999999867
-0.01029509999999867
-0.01029509999999867
-0.01029509999999867
-0.01029509999999867
-0.027054599999999596
-0.03303984999999976
-0.039025099999999924
-0.029448099999999755
-0.019871599999998324
-0.01029509999999867
-0.011891266666665956
-0.013487433333331467
-0.015083599999998754
-0.01667976666666604
-0.01827593333333155
-0.019872099999998838
-0.02466009999999841
-0.029448599999998493
-0.03423709999999858
-0.03423709999999858
-0.031842849999998535
-0.029448599999998493
-0.02705434999999845
-0.02466009999999841
-0.019872099999998838
-0.018674974999999705
-0.017477849999998796
-0.016280724999997886
-0.015083599999998754
-0.01388647499999962
-0.012689349999998711
-0.011492224999997802
-0.01029509999999867
-0.017477599999999427
-0.019872099999998838
-0.019871849999997693
-0.019871599999998324
-0.0234629749999975
-0.02705434999999845
-0.030645724999999402
-0.03423709999999858
-0.03218495714285652
-0.030132814285712683
-0.028080671428570625
-0.02602852857142679
-0.02397638571428473
-0.021924242857140896
-0.019872099999998838
-0.029448099999999755
-0.02106859999999955
-0.012689099999999343
-0.004309599999999136
0.00406990000000107
-0.029448099999999755
-0.03902559999999866
-0.015083100000000016
-0.017743322222221636
-0.020403544444445032
-0.023063766666666652
-0.02572398888888827
-0.028384211111111668
-0.031044433333333288
-0.03370465555555491
-0.036364877777778304
-0.039025099999999924
0.00406990000000107
-0.018275433333331037
-0.01029509999999867
-0.019871766666666346
-0.029448433333332247
-0.039025099999999924
-0.017477599999999427
0.00406990000000107
-0.0001864333333330137
-0.004442766666665321
-0.008699099999999405
-0.012955433333331712
-0.017211766666665795
-0.021468099999998103
-0.025724433333332186
-0.029980766666664493
-0.03423709999999858
-0.03423659999999984
-0.015083100000000016
-0.02466009999999841
-0.03423709999999858
-0.0031125999999979115
-0.019872099999998838
-0.019872099999998838
-0.019872099999998838
-0.019872099999998838
-0.019872099999998838
-0.019872099999998838
-0.019872099999998838
-0.019872099999998838
-0.019872099999998838
-0.019872099999998838
-0.019871599999998324
-0.022265849999998366
-0.02466009999999841
-0.012689099999999343
-0.0007180999999985005
-0.003112099999999174
-0.005506099999999847
0.0016764000000009105
0.008858899999999892
0.011252900000000565
0.013646900000001239
0.012050900000000198
0.010454900000000933
0.008858899999999892
-0.029448099999999755
-0.02777219999999936
-0.026096299999998962
-0.024420400000000342
-0.022744499999999945
-0.02106859999999955
-0.019392699999999152
-0.017716799999998756
-0.016040900000000136
-0.014364999999999739
-0.012689099999999343
-0.029448599999998493
0.008858899999999892
-0.010294599999999932
-0.029448099999999755
-0.02146743333333312
-0.013486766666666483
-0.005506099999999847
0.006464900000000995
0.01843590000000006
0.037588900000001146
0.005666233333334603
-0.02625643333333194
-0.058179099999998485
-0.029448099999999755
-0.023063766666666652
-0.016679433333331772
-0.01029509999999867
0.00406990000000107
-0.007901099999997996
-0.019872099999998838
-0.02513919999999814
-0.03040629999999922
-0.03567339999999852
-0.0409404999999996
-0.046207599999998905
-0.005506099999999847
-0.02466009999999841
-0.043814099999998746
-0.07493859999999941
-0.10606310000000008
-0.10247178750000074
-0.09888047499999963
-0.0952891625000003
-0.09169784999999919
-0.08810653749999986
-0.08451522500000053
-0.08092391249999942
-0.07733260000000008
-0.07374128750000075
-0.07014997499999964
-0.06655866250000031
-0.06296735000000098
-0.05937603749999987
-0.055784725000000535
-0.052193412499999425
-0.04860210000000009
-0.06057309999999916
-0.09169809999999856
-0.039025433333332415
-0.02226609999999951
-0.0007180999999985005
-0.029448599999998493
-0.058179099999998485
-0.050517699999998555
-0.042856299999998626
-0.0351948999999987
-0.027533499999998767
-0.019872099999998838
-0.0007180999999985005
0.013646900000001239
0.02082940000000022
0.028011900000000978
0.0016759000000021729
-0.02466009999999841
0.013646900000001239
0.015083500000001138
0.016520100000001037
0.017956700000000936
0.019393300000000835
0.020829900000000734
0.022266300000000072
0.023702700000001187
0.025139100000000525
0.02657550000000164
0.028011900000000978
-0.043814099999998746
-0.038341599999998977
-0.03286909999999921
-0.027396599999999438
-0.021924099999997892
-0.016451599999998123
-0.010979099999998354
-0.005506599999998585
-0.029448433333332247
0.01843590000000006
0.01159532857142942
0.004754757142857002
-0.0020858142857136386
-0.008926385714286056
-0.015766957142856697
-0.022607528571429114
-0.029448099999999755
-0.043814099999998746
0.008858400000001154
0.061530900000001054
-0.03423709999999858
-0.027054100000000858
-0.0569816000000003
-0.08690909999999974
-0.005506600000000361
0.0758959000000008
0.016040900000000136
-0.043814099999998746
-0.02625643333333194
-0.008698766666666913
0.008858899999999892
-0.039025099999999924
-0.05099609999999899
-0.06296709999999983
-0.019871433333333854
0.0232242333333339
0.06631989999999988
0.03040673333333288
-0.005506433333332339
-0.041419599999999335
-0.03872616249999972
-0.03603272499999832
-0.033339287499998704
-0.030645849999999086
-0.02795241249999947
-0.02525897499999985
-0.022565537499998456
-0.019872099999998838
-0.043814099999998746
-0.06775609999999865
-0.003112099999999174
-0.003112099999999174
-0.0026332999999993945
-0.002154499999999615
-0.0016756999999998357
-0.0011969000000000563
-0.0007181000000002769
-0.010294850000001077
-0.0198716000000001
-0.029448349999999124
-0.039025099999999924
0.013646900000001239
-0.01029509999999867
-0.029448599999998493
-0.04860210000000009
-0.03423709999999858
-0.019872099999998838
-0.03184309999999968
-0.043814099999998746
0.008858899999999892
-0.005506600000000361
-0.019872099999998838
-0.043814099999998746
-0.06775609999999865
-0.05398934999999838
-0.040222599999999886
-0.026455849999999614
-0.012689099999999343
-0.005107433333332523
0.002474233333334297
0.010055900000001117
0.017637566666667936
0.025219233333334756
0.032800900000001576
0.0016761500000015417
-0.029448599999998493
0.013646900000001239
-0.06296709999999983
-0.029448599999998493
0.00406990000000107
-0.029448099999999755
-0.031044433333333288
-0.032640766666665044
-0.03423709999999858
-0.02466009999999841
-0.015083100000000016
-0.017477599999999427
-0.019872099999998838
-0.0007181000000002769
0.01843590000000006
-0.04860210000000009
-0.015083433333332508
0.0184352333333333
0.051953900000000885
-0.015083599999998754
-0.08212109999999839
-0.05019843333333185
-0.018275766666665305
0.013646900000001239
-0.039025099999999924
-0.04700576666666656
-0.054986433333333196
-0.06296709999999983
-0.017477599999999427
0.028011900000000978
0.006943100000000868
-0.014125699999999242
-0.03519449999999935
-0.05626329999999946
-0.07733209999999957
-0.02466009999999841
0.028011900000000978
-0.008698433333332645
-0.009496566666665984
-0.010294699999999324
-0.011092833333332663
-0.011890966666666003
-0.012689099999999343
-0.0204037666666661
-0.02811843333333286
-0.03583309999999962
-0.043547766666666377
-0.05126243333333136
-0.05897709999999812
-0.06669176666666488
-0.07440643333333163
-0.08212109999999839
-0.003112099999999174
-0.01029509999999867
7.973333333488597e-05
0.010454566666668441
0.02082940000000022
0.031204233333333775
0.04157906666666733
0.051953900000000885
0.045768900000000556
0.03958390000000023
0.033398900000001674
0.027213900000001345
0.021028900000001016
0.014843900000000687
0.008658900000000358
0.002473900000000029
-0.0037111000000003003
-0.009896099999998853
-0.016081099999999182
-0.02226609999999951
-0.02346309999999896
-0.015083100000000016
-0.03423709999999858
-0.0031125999999979115
0.028011900000000978
0.015698900000000293
0.003385900000001385
-0.0089270999999993
-0.021240099999998208
-0.03355309999999889
-0.0458660999999978
-0.058179099999998485
-0.019871599999998324
0.028011900000000978
-0.058179099999998485
-0.012689099999999343
0.032800900000001576
-0.0725441
-0.017477599999999427
0.037588900000001146
0.005666233333334603
-0.02625643333333194
-0.058179099999998485
0.061530900000001054
-0.007900599999999258
-0.07733209999999957
-0.029448099999999755
0.01843590000000006
0.0040703999999998075
-0.01029509999999867
0.0040703999999998075
0.01843590000000006
-0.010294599999999932
-0.039025099999999924
-0.019871599999998324
-0.0007180999999985005
-0.005506599999998585
-0.01029509999999867
-0.01029509999999867
-0.01029509999999867
-0.01029509999999867
-0.01029509999999867
-0.043814099999998746
-0.0007180999999985005
-0.01029509999999867
-0.019872099999998838
-0.01388647499999962
-0.007900849999998627
-0.0019152249999994098
0.0040703999999998075
-0.0031123499999985427
-0.01029509999999867
-0.014285433333331099
-0.018275766666665305
-0.02226609999999951
-0.02625643333333194
-0.03024676666666437
-0.03423709999999858
-0.0007180999999985005
-0.029448599999998493
-0.04381384999999938
-0.058179099999998485
-0.017477599999999427
0.023223900000001407
-0.043814099999998746
-0.01029509999999867
0.023223900000001407
0.0076616500000010745
-0.007900599999999258
-0.02346284999999959
-0.039025099999999924
-0.005506600000000361
0.028011900000000978
-0.029448099999999755
-0.01508309999999824
-0.0007180999999985005
-0.018275433333332813
-0.03583276666666535
-0.05339009999999966
0.008858899999999892
-0.0198716000000001
-0.04860210000000009
-0.007900599999999258
0.032800900000001576
-0.007900599999999258
-0.04860210000000009
-0.03998290000000004
-0.031363699999999994
-0.022744499999999945
-0.014125299999999896
-0.005506099999999847
-0.029448099999999755
-0.02106859999999955
-0.012689099999999343
-0.024061599999999572
-0.0354340999999998
-0.046806599999998255
-0.058179099999998485
-0.02466009999999841
-0.029448599999998493
-0.03423709999999858
-0.015083100000000016
-0.02146776666666561
-0.027852433333332982
-0.03423709999999858
-0.041419599999999335
-0.04860210000000009
-0.015083100000000016
-0.015083100000000016
-0.015083100000000016
-0.01029509999999867
-0.01029509999999867
-0.01029509999999867
-0.01029509999999867
-0.0007180999999985005
-0.01029509999999867
-0.019872099999998838
-0.027054599999999596
-0.03423709999999858
-0.029448599999998493
-0.02466009999999841
-0.01508309999999824
-0.005506099999999847
-0.012689099999999343
-0.019872099999998838
-0.007901099999997996
0.00406990000000107
-0.0007184333333327686
-0.005506766666664831
-0.01029509999999867
-0.015083100000000016
-0.015382412499999276
-0.015681725000000313
-0.015981037499999573
-0.016280349999998833
-0.01657966249999987
-0.01687897499999913
-0.017178287500000167
-0.017477599999999427
-0.007900599999999258
-0.016280349999998833
-0.02466009999999841
-0.019872099999998838
-0.01667976666666604
-0.013487433333331467
-0.01029509999999867
-0.02466009999999841
-0.02466009999999841
-0.02466009999999841
-0.02705409999999908
-0.029448099999999755
-0.024659766666665917
-0.019871433333333854
-0.015083100000000016
-0.017477599999999427
-0.019872099999998838
-0.018275766666665305
-0.01667943333333355
-0.015083100000000016
-0.019872099999998838
-0.03423709999999858
-0.031842599999999166
-0.029448099999999755
-0.031842599999999166
-0.03423709999999858
-0.029448599999998493
-0.02466009999999841
-0.029448599999998493
-0.03423709999999858
-0.030645724999999402
-0.02705434999999845
-0.0234629749999975
-0.019871599999998324
-0.012688849999999974
-0.005506099999999847
-0.01747710000000069
-0.029448099999999755
-0.02625609999999945
-0.023064099999999144
-0.019872099999998838
-0.015083100000000016
-0.012689099999999343
-0.01029509999999867
-0.007900599999999258
-0.005506099999999847
-0.012689099999999343
-0.019872099999998838
-0.03184309999999968
-0.043814099999998746
-0.04700609999999905
-0.05019809999999936
-0.05339009999999966
-0.029448099999999755
-0.029448099999999755
-0.029448099999999755
-0.02146743333333312
-0.013486766666666483
-0.005506099999999847
-0.005506099999999847
-0.007900599999999258
-0.01029509999999867
-0.01348726666666522
-0.016679433333331772
-0.019871599999998324
-0.023063766666666652
-0.026255933333333203
-0.029448099999999755
-0.029448099999999755
