0.011492157999999975
0.011492159999999974
0.011492161999999972
0.011492163999999971
0.006703753999999951
0.008299887333333311
0.009896020666666616
0.011492153999999977
0.006703753999999951
0.006703753999999951
0.006703753999999951
0.006703753999999951
-0.0028730460000000457
-0.0028730460000000457
-0.0028730460000000457
-0.012449826000000053
-0.00925756600000005
-0.006065306000000048
-0.0028730460000000457
0.0019153539999999247
0.006703753999999951
0.00989602733333328
0.013088300666666663
0.016280573999999992
0.0019153539999999802
0.009097964000000014
0.016280573999999992
0.016280573999999992
0.016280573999999992
0.006703764000000001
-0.0028730460000000457
-0.005267246000000003
-0.007661446000000016
-0.0028730459999999902
0.0019153539999999802
-0.0028730459999999902
-0.007661446000000016
-0.0012769126666666852
0.005107620666666646
0.011492153999999977
0.011492153999999977
0.011492153999999977
0.011492153999999977
0.011492153999999977
0.009576794
0.007661433999999967
0.00574607399999999
0.0038307139999999573
0.0019153539999999802
0.0019153539999999802
-0.0028730460000000457
-0.010055636000000034
-0.022026666000000028
-0.0076614560000000664
0.006703753999999951
0.004309553999999938
0.0019153539999999247
-0.00047884600000003275
-0.0028730460000000457
0.016280573999999992
0.0019153539999999802
0.005107620666666646
0.008299887333333311
0.011492153999999977
-0.007661446000000016
0.0019153539999999802
0.011492153999999977
0.004309553999999938
-0.0028730460000000457
-0.0028730460000000457
-0.0012769126666666852
0.00031922066666661975
0.0019153539999999802
0.0019153590000000054
0.001915363999999975
0.0019153689999999446
0.0019153739999999697
0.001915363999999975
0.0019153539999999802
-0.0028730460000000457
-0.001436526000000049
-6.000000052353016e-09
0.0014365139999999443
0.002873033999999941
0.004309553999999938
0.011492153999999977
0.009896020666666616
0.008299887333333311
0.006703753999999951
0.004309553999999938
0.0019153539999999247
-0.00047884600000003275
-0.0028730460000000457
0.0019153539999999802
0.0019153539999999802
0.0019153539999999802
-0.0028730459999999902
-0.007661446000000016
-0.007661446000000016
-0.007661446000000016
-0.007661446000000016
0.006703753999999951
0.009097953999999964
0.011492153999999977
0.007900853999999957
0.004309553999999938
0.0007182539999999737
-0.0028730460000000457
-0.0028730460000000457
-0.005267246000000003
-0.007661446000000016
0.006703753999999951
0.008299887333333311
0.009896020666666616
0.011492153999999977
-0.007661446000000016
-0.005267246000000003
-0.0028730460000000457
-0.0022744960000000147
-0.0016759460000000392
-0.0010773960000000637
-0.00047884600000003275
0.00011970399999999826
0.0007182539999999737
0.0013168039999999492
0.0019153539999999802
0.0019153539999999802
0.0019153539999999802
-0.007661446000000016
-0.0052672560000000535
0.016280573999999992
0.0019153539999999802
0.0019153539999999802
0.0019153539999999802
0.016280563999999942
0.03064577399999996
0.023942009999999958
0.017238245999999957
0.010534481999999956
0.003830717999999955
-0.0028730460000000457
-0.00047884600000003275
0.0019153539999999802
-0.007661446000000016
-0.006065312666666711
-0.004469179333333351
-0.0028730459999999902
-0.0012769126666666852
0.00031922066666661975
0.0019153539999999802
0.0035114873333333407
0.005107620666666646
0.006703753999999951
0.008299887333333311
0.009896020666666672
0.011492153999999977
0.014684427333333305
0.017876700666666634
0.021068973999999963
-0.0028730460000000457
-0.007661446000000016
-0.005267246000000003
-0.00047884600000003275
0.0035114873333332852
0.007501820666666659
0.011492153999999977
0.0019153539999999247
0.016280573999999992
0.0019153539999999802
0.0019153539999999802
-0.0009576820000000152
-0.0038307180000000107
-0.006703754000000062
-0.009576790000000057
-0.012449826000000053
-0.0028730459999999902
-0.0076614360000000215
-0.012449826000000053
-0.002873036000000051
0.006703753999999951
0.0019153539999999247
-0.0028730460000000457
-0.005267246000000003
-0.007661446000000016
-0.00047884600000003275
0.006703753999999951
-0.00047884600000003275
-0.007661446000000016
-0.002074976000000006
0.003511494000000004
0.009097964000000014
0.014684433999999968
0.02027090399999998
0.02585737399999999
0.0019153539999999802
-0.00047884600000003275
-0.0028730460000000457
-0.01484405600000005
-0.026815066000000054
0.0019153539999999802
-0.012449856000000037
-0.026815066000000054
-0.005267246000000003
0.016280573999999992
0.017876707333333297
0.019472840666666658
0.021068973999999963
0.006703753999999951
0.018674763999999955
0.03064577399999996
0.009097973999999953
-0.012449826000000053
-0.002873036000000051
0.006703753999999951
-0.017238256000000007
-0.04118026600000002
-0.026815052666666672
-0.012449839333333379
0.0019153739999999697
0.005107633999999972
0.008299893999999974
0.011492153999999977
0.01388635899999996
0.016280563999999942
0.01867476899999998
0.021068973999999963
0.0019153539999999802
0.021068973999999963
0.0019153539999999247
-0.017238266000000058
-0.0028730560000000405
0.011492153999999977
-0.0076614560000000664
-0.026815066000000054
0.016280573999999992
-0.00047884600000003275
-0.017238266000000058
-0.014844061000000075
-0.012449856000000037
-0.010055650999999999
-0.007661446000000016
-0.0028730426666666586
0.0019153606666666434
0.006703764000000001
0.021068968999999993
0.035434173999999985
0.011492173999999966
-0.012449826000000053
0.004309573999999927
0.021068973999999963
-0.045968686000000036
-0.01963246600000007
0.006703753999999951
0.006703753999999951
0.006703753999999951
0.006703753999999951
0.006703753999999951
-0.00047884600000003275
-0.007661446000000016
0.016280573999999992
0.0019153739999999697
-0.012449826000000053
0.021068973999999963
-0.005267246000000003
-0.031603466000000024
-0.010055656000000024
0.011492153999999977
-0.0076614560000000664
-0.026815066000000054
-0.017238261000000032
-0.0076614560000000664
0.0019153489999999551
0.011492153999999977
-0.0028730460000000457
0.0019153539999999802
0.01149216066666664
0.0210689673333333
0.03064577399999996
-0.0028730460000000457
0.016280563999999942
0.035434173999999985
0.006703753999999951
-0.022026666000000028
0.004309553999999938
0.03064577399999996
-0.005267246000000003
-0.04118026600000002
-0.03788823975
-0.03459621350000003
-0.031304187250000004
-0.028012161000000035
-0.02472013475000001
-0.021428108500000043
-0.01813608225000002
-0.014844055999999994
-0.011552029750000026
-0.008260003500000002
-0.004967977250000033
-0.0016759510000000089
0.0016160752499999598
0.004908101499999984
0.008200127749999953
0.011492153999999977
-0.000478836000000038
-0.012449826000000053
-0.0028730460000000457
0.021068973999999963
-0.012449826000000053
-0.0028730459999999902
0.006703753999999951
-0.012449856000000037
-0.0052672560000000535
0.02585737399999999
0.009097964000000014
-0.007661446000000016
-0.004070141000000027
-0.000478836000000038
0.003112468999999951
0.00670377399999994
0.008140293999999937
0.009576813999999934
0.01101333399999993
0.012449853999999927
0.013886373999999979
0.015322893999999976
0.016759413999999972
0.01819593399999997
0.019632453999999966
0.021068973999999963
0.004309558999999963
-0.012449856000000037
-0.03639186600000005
0.0019153539999999247
0.0019153539999999802
0.002599411142857111
0.0032834682857142417
0.003967525428571372
0.004651582571428559
0.005335639714285689
0.00601969685714282
0.006703753999999951
-0.01005565600000008
-0.026815066000000054
0.0019153539999999247
0.04501097399999998
-0.022026666000000028
0.011492153999999977
-0.0052672560000000535
-0.022026666000000028
-0.012449859333333368
-0.002873052666666709
0.006703753999999951
0.006703753999999951
0.006703753999999951
0.006703753999999951
0.006703753999999951
0.006703753999999951
-0.0028730460000000457
0.02585737399999999
0.0019153539999999802
0.035434173999999985
0.022984326
0.010534477999999958
-0.0019153700000000273
-0.014365218000000068
-0.026815066000000054
0.04501097399999998
-0.04118026600000002
0.040222573999999955
0.021068963999999968
0.0019153539999999247
-0.017238256000000063
-0.03639186600000005
-0.01484405600000005
0.006703753999999951
-0.022026666000000028
0.011492153999999977
0.011492153999999977
-0.010055656000000024
-0.031603466000000024
-0.012449852666666705
0.006703760666666669
0.02585737399999999
0.011492163999999971
-0.0028730460000000457
0.040222573999999955
0.029448666499999943
0.018674758999999985
0.007900851499999972
-0.0028730560000000405
-0.013646963500000053
-0.024420871000000066
-0.035194778500000024
-0.045968686000000036
0.040222573999999955
-0.007661446000000016
-0.031603466000000024
0.035434173999999985
0.029961713999999973
0.02448925399999996
0.019016793999999948
0.013544333999999991
0.008071873999999979
0.0025994139999999666
-0.0028730460000000457
0.006703753999999951
-0.00047884600000003275
-0.0010773985000000486
-0.0016759510000000089
-0.0022745035000000247
-0.0028730560000000405
0.06416460399999996
0.006703758999999976
-0.05075708600000001
0.0019153590000000054
0.05458780399999996
0.019472840666666658
-0.015642122666666702
-0.05075708600000001
-0.023622799333333333
0.0035114873333332852
0.03064577399999996
0.020270900666666647
0.00989602733333328
-0.00047884600000003275
-0.010853719333333345
-0.021228592666666712
-0.031603466000000024
-0.01723825933333334
-0.002873052666666709
0.011492153999999977
0.005506651499999959
-0.00047885100000005787
-0.00646435350000002
-0.012449856000000037
0.0019153539999999247
0.06416460399999996
0.033039981499999926
0.0019153589999999499
-0.029209263500000027
-0.06033388600000006
0.06895299399999996
-0.05554548600000003
0.07852981399999998
-0.06512228600000003
0.04501097399999998
0.009097953999999964
-0.026815066000000054
-0.0076614560000000664
0.011492153999999977
0.016280563999999942
0.021068973999999963
0.007900863999999952
-0.005267246000000003
-0.018435356000000014
-0.031603466000000024
0.05937620399999996
0.009097968999999984
-0.04118026600000002
-0.03240152766666671
-0.02362278933333334
-0.014844051000000025
-0.006065312666666711
0.002713425666666658
0.011492163999999971
0.08331821399999997
-0.06991068600000006
0.05937620399999996
0.029448681499999962
-0.00047884100000006313
-0.03040636350000009
-0.06033388600000006
0.040222573999999955
0.024261233999999965
0.008299893999999974
-0.007661446000000016
-0.008725537111111126
-0.009789628222222235
-0.010853719333333345
-0.011917810444444454
-0.01298190155555562
-0.014045992666666729
-0.015110083777777839
-0.016174174888888948
-0.017238266000000058
-0.0076614560000000664
0.0019153539999999802
0.016280573999999992
-0.04118026600000002
-0.020829553499999987
-0.0004788410000000076
-0.0016759410000000141
-0.0028730410000000206
-0.004070141000000027
-0.005267241000000034
0.06895299399999996
-0.00047884600000003275
-0.06991068600000006
0.05937620399999996
-0.06033388600000006
-0.04517060933333339
-0.03000733266666672
-0.01484405600000005
0.00031922066666661975
0.01548249733333329
0.03064577399999996
-0.0028730459999999902
-0.0028730459999999902
-0.0028730460000000457
0.006703753999999951
0.013886363999999929
0.021068973999999963
-0.01005564600000003
-0.04118026600000002
0.004309568999999958
0.04979940399999999
-0.0028730410000000206
-0.05554548600000003
-0.012449852666666705
0.030645780666666622
0.07374141399999998
0.057580551499999966
0.04141968899999998
0.025258826499999942
0.009097963999999958
-0.0070628985000000255
-0.023223761000000065
-0.03938462350000005
-0.05554548600000003
0.07374141399999998
-0.01005564100000006
-0.06512228600000003
0.0019153539999999802
0.006703760666666669
0.011492167333333303
0.016280573999999992
0.015596514000000006
0.014912453999999964
0.014228393999999978
0.013544333999999991
0.012860274000000005
0.012176213999999963
0.011492153999999977
-0.017238266000000058
0.03064577399999996
-0.031603466000000024
0.0019153590000000054
0.021068966499999953
0.040222573999999955
-0.01005565600000008
-0.06033388600000006
-0.018834389333333368
0.022665107333333268
0.06416460399999996
0.04421292233333329
0.024261240666666628
0.004309558999999963
-0.015642122666666702
-0.03559380433333337
-0.05554548600000003
0.04501097399999998
-0.045968686000000036
0.035434173999999985
0.020270900666666647
0.005107627333333309
-0.01005564600000003
-0.013133906000000029
-0.016212166000000028
-0.019290426000000027
-0.022368686000000026
-0.025446946000000026
-0.028525206000000025
-0.031603466000000024
0.016280573999999992
0.0019153539999999802
0.004309553999999938
0.006703753999999951
0.004309553999999938
0.006703753999999951
-0.0052672560000000535
-0.017238266000000058
-0.006065319333333374
0.005107627333333309
0.016280573999999992
0.007900863999999952
-0.00047884600000003275
-0.008858556000000017
-0.017238266000000058
0.0019153539999999802
-0.00047884600000003275
-0.0028730460000000457
0.011492153999999977
-0.0028730460000000457
0.0019153539999999247
0.006703753999999951
0.0019153539999999247
-0.0028730460000000457
-0.00047884600000003275
0.0019153539999999802
0.0019153539999999802
0.0019153539999999802
0.0007182539999999737
-0.00047884600000003275
-0.0016759460000000392
-0.0028730460000000457
-0.0028730460000000457
-0.004070146000000052
-0.005267246000000003
-0.00646434600000001
-0.007661446000000016
-0.0028730459999999902
0.00031922066666667526
0.0035114873333332852
0.006703753999999951
-0.017238266000000058
-0.007661459333333398
0.001915347333333317
0.011492153999999977
0.006703753999999951
0.0019153539999999802
-0.0028730460000000457
0.0019153539999999802
0.004309553999999938
0.006703753999999951
-0.0028730460000000457
0.0019153539999999247
0.006703753999999951
-0.00047884600000003275
-0.007661446000000016
-0.005267246000000003
-0.0028730460000000457
-0.0028730460000000457
-0.0028730460000000457
0.0019153539999999802
0.00031922066666661975
-0.0012769126666666852
-0.0028730460000000457
0.0019153539999999247
0.006703753999999951
0.009097953999999964
0.011492153999999977
0.006703753999999951
0.0019153539999999802
-0.005267236000000064
-0.012449826000000053
-0.014844046000000055
-0.017238266000000058
-0.007661446000000016
-0.0028730460000000457
0.0019153539999999802
0.006703753999999951
0.008299887333333311
0.009896020666666616
0.011492153999999977
0.0019153539999999802
-0.007661446000000016
-0.0028730459999999902
0.0019153539999999802
0.006703753999999951
0.011492153999999977
0.009097953999999964
0.006703753999999951
-0.012449826000000053
-0.000478836000000038
0.011492153999999977
0.006703753999999951
0.0019153539999999802
0.005107620666666646
0.008299887333333311
0.011492153999999977
0.0019153539999999802
-0.005267236000000064
-0.012449826000000053
0.011492153999999977
0.005107620666666646
-0.0012769126666666852
-0.007661446000000016
0.006703753999999951
0.005107620666666646
0.0035114873333332852
0.0019153539999999802
-0.005267236000000064
-0.012449826000000053
0.0019153739999999697
0.016280573999999992
0.006703773999999996
-0.0028730260000000563
-0.012449826000000053
-0.009257562666666719
-0.006065299333333385
-0.002873036000000051
0.0003192273333332829
0.003511490666666617
0.006703753999999951
0.0019153539999999802
0.0019153539999999802
-0.012449826000000053
0.016280573999999992
0.011492163999999971
0.006703753999999951
0.006105203999999975
0.005506653999999944
0.004908103999999913
0.004309553999999938
0.0035114873333332852
0.0027134206666666327
0.0019153539999999802
0.0019153539999999802
0.0019153539999999802
0.0019153539999999802
-0.012449826000000053
0.0019153739999999697
0.016280573999999992
0.011492153999999977
0.0019153539999999802
-0.007661446000000016
-0.006065312666666711
-0.004469179333333351
-0.0028730460000000457
-0.0012769126666666852
0.00031922066666661975
0.0019153539999999802
0.0035114873333332852
0.005107620666666646
0.006703753999999951
0.0031124589999999563
-0.000478836000000038
