0.00047904999999737186
-0.00047875000000097145
-0.0014365500000010911
-0.002394350000001211
-0.004788350000001884
-0.007182350000000781
-0.006650350000001026
-0.006118350000001271
-0.0055863500000015165
-0.005054350000001762
-0.00452235000000023
-0.0039903500000004755
-0.0034583500000007206
-0.0029263500000009657
-0.002394350000001211
-0.007182350000000781
0.002394649999997611
0.002394649999997611
1.4999999820020093e-07
0.007182649999998958
0.005586649999997917
0.003990649999998652
0.002394649999997611
0.0071831499999976955
0.01197164999999778
0.01197164999999778
0.01197164999999778
0.01197164999999778
0.021548149999997435
0.031124649999998866
-0.002394350000001211
0.016759649999999127
-0.01675935000000095
-0.01675935000000095
-0.01675935000000095
-0.01675935000000095
-0.01675935000000095
0.007182649999998958
0.008140449999999078
0.009098249999999197
0.01005604999999754
0.01101384999999766
0.01197164999999778
0.01197164999999778
0.011971149999997266
0.014365399999999084
0.016759649999999127
0.016759649999999127
0.016759649999999127
0.008379899999999552
1.4999999820020093e-07
-0.008379600000001375
-0.01675935000000095
-0.007182350000000781
-0.006384350000001149
-0.0055863500000015165
-0.004788350000001884
0.01316814999999849
0.031124649999998866
0.023942149999999884
0.016759649999999127
0.009577149999998369
0.002394649999997611
0.014365649999998453
0.02633664999999752
0.020590449999998484
0.014844249999997672
0.009098049999998636
0.0033518499999978246
-0.002394350000001211
0.0023941499999988736
-1.0000000116860974e-07
-0.002394350000001211
0.009576649999999631
0.021547649999998697
0.01675964999999735
0.01197164999999778
6.499999969378223e-07
-0.011970350000002128
0.002394649999997611
0.014365649999998453
0.02633664999999752
0.023942399999997477
0.021548149999997435
0.01915389999999917
0.016759649999999127
0.016759649999999127
0.023942149999999884
0.031124649999998866
0.02633614999999878
0.021547649999998697
0.014365149999999716
0.007182649999998958
0.002394649999997611
-0.007182350000000781
-0.01675935000000095
-0.007182350000000781
0.002394649999997611
0.0018625388888864336
0.001330427777775256
0.0007983166666640784
0.0002662055555529008
-0.0002659055555565004
-0.000798016666667678
-0.0013301277777788556
-0.0018622388888900332
-0.002394350000001211
0.0191536499999998
0.01735814999999974
0.015562649999999678
0.01376714999999784
0.01197164999999778
0.002394649999997611
-0.01675935000000095
-0.007182350000000781
0.011971149999999042
0.031124649999998866
0.01675964999999735
0.002394649999997611
-0.0023936833333362273
-0.007182016666668289
-0.011970350000002128
0.0023946499999993875
0.016759649999999127
-0.021547350000002297
0.007182649999998958
0.01675964999999735
0.02633664999999752
0.009577149999998369
-0.007182350000000781
-0.003990016666667984
-0.0007976833333351863
0.0023946499999993875
0.005586983333332185
0.008779316666664982
0.01197164999999778
1.4999999820020093e-07
-0.005985100000001964
-0.011970350000002128
0.01197164999999778
-0.0047878500000031465
-0.021547350000002297
0.0047886499999982846
0.031124649999998866
0.021548149999997435
0.01197164999999778
0.002394649999997611
-0.007182350000000781
-0.01675935000000095
-0.010773850000001417
-0.004788350000001884
0.001197149999999425
0.007182649999998958
-0.002394350000001211
-0.01675935000000095
0.007182649999998958
-0.004788350000001884
-0.01675935000000095
-0.007182350000000781
0.002394649999997611
0.013567649999997045
0.024740649999998254
0.03591364999999769
0.01197164999999778
-0.011970350000002128
0.007182649999998958
0.008379899999997775
0.009577149999998369
0.010774399999998963
0.01197164999999778
-0.007182350000000781
-0.02633635000000112
-0.0055863500000015165
0.015163649999998086
0.03591364999999769
0.0023941499999988736
0.01835564999999839
0.034317149999999685
0.0502786499999992
0.01197164999999778
0.005586983333332185
-0.0007976833333351863
-0.007182350000000781
0.0007983166666658548
0.00877898333333249
0.016759649999999127
0.002394649999997611
-0.011970350000002128
-0.002393683333334451
0.00718298333333145
0.016759649999999127
0.002394649999997611
0.0007983166666640784
-0.000798016666667678
-0.002394350000001211
0.011971149999997266
0.02633664999999752
-0.007182350000000781
-0.007182350000000781
-0.007182350000000781
-0.007182350000000781
-0.007182350000000781
-0.007182350000000781
-0.004788100000000739
-0.002393850000000697
0.002394649999997611
0.004788774999997969
0.007182899999998327
0.009577024999998685
0.011971149999997266
0.014365274999997624
0.01675939999999798
0.01915352499999834
0.021547649999998697
-0.011970850000000866
0.007182899999998327
0.02633664999999752
-0.014364850000001539
-0.009234492857144616
-0.004104135714287693
0.0010262214285692295
0.006156578571427929
0.011286935714284851
0.016417292857141774
0.021547649999998697
-0.011970350000002128
-0.01675935000000095
-0.008379600000001375
1.4999999820020093e-07
-0.01675935000000095
-0.000798016666667678
0.015163316666665594
0.031124649999998866
0.020350899999998617
0.009577149999998369
-0.0011966000000018795
-0.011970350000002128
-0.007182350000000781
0.001596316666665487
0.010374983333331755
0.0191536499999998
0.02793231666666607
0.03671098333333234
0.045489649999998605
-0.011970350000002128
-0.007182350000000781
0.0023941499999988736
-0.04070135000000086
-0.0275331000000012
-0.014364850000001539
-0.0011966000000018795
0.01197164999999778
0.005986149999998247
6.499999969378223e-07
-0.005984850000002595
-0.011970350000002128
0.007182649999998958
-0.0039903500000004755
-0.015163350000001685
-0.02633635000000112
0.02633664999999752
0.01819624999999725
0.01005584999999698
0.0019154499999984864
-0.006224950000001783
-0.014365350000002053
-0.0007980166666694544
0.01276931666666492
0.02633664999999752
-0.011970350000002128
-0.002393850000000697
0.007182649999998958
0.01197164999999778
-0.002393850000000697
-0.01675935000000095
-0.011971016666667111
-0.007182683333335049
-0.002394350000001211
0.01197164999999778
-0.002393850000000697
-0.01675935000000095
-0.007182350000000781
0.002394649999997611
0.01197164999999778
0.01675964999999735
0.021547649999998697
-0.007182350000000781
-0.035912350000002036
-0.011970350000002128
-0.008977600000001473
-0.005984850000002595
-0.0029921000000019404
6.499999969378223e-07
0.0029933999999975924
0.005986149999998247
0.008978899999997125
0.01197164999999778
-0.031124350000002465
-0.027932127777779314
-0.02473990555555794
-0.02154768333333479
-0.018355461111113414
-0.015163238888890263
-0.011971016666668888
-0.008778794444445737
-0.005586572222224362
-0.002394350000001211
0.03591364999999769
-0.007182350000000781
0.016759649999999127
-0.011970350000002128
-0.011970350000002128
-0.011970350000002128
0.03591364999999769
-0.011970850000000866
0.03591364999999769
0.024740649999998254
0.013567649999997045
0.002394649999997611
-0.010374350000002863
-0.02314335000000156
-0.035912350000002036
0.021547649999998697
0.015961316666665226
0.010374983333331755
0.0047886499999982846
-0.002394350000001211
0.01675964999999735
0.03591364999999769
0.0047886499999982846
-0.02633635000000112
-0.02394215000000166
-0.021547950000000426
-0.01915375000000097
-0.01675955000000151
-0.014365350000002053
-0.011971150000000819
-0.00957695000000136
-0.007182750000001903
-0.004788550000000669
-0.002394350000001211
0.021547649999998697
-0.009576350000003231
0.02633664999999752
-0.004788350000001884
-0.0005983500000024122
0.0035916499999970597
0.007781649999998308
0.01197164999999778
0.012929249999997339
0.013886849999998674
0.014844449999998233
0.015802049999999568
0.016759649999999127
-0.002393850000000697
-0.021547350000002297
0.019154149999998538
-0.011970350000002128
0.016759649999999127
0.015562649999999678
0.014365649999998453
0.013168649999997228
0.01197164999999778
0.0071831499999976955
0.002394649999997611
-0.003990016666667984
-0.010374683333335355
-0.01675935000000095
0.01197164999999778
0.009577316666664615
0.00718298333333145
0.0047886499999982846
0.0023943166666651194
-1.666666804567285e-08
-0.002394350000001211
0.0047886499999982846
0.0023941499999988736
-0.014365100000002684
-0.031124350000002465
-0.02573735000000177
-0.020350350000002848
-0.014963350000002151
-0.009576350000003231
-0.004189350000002534
0.0011976499999981627
0.006584649999997083
0.01197164999999778
0.009577149999998369
0.007182649999998958
0.023942149999998108
-0.002394350000001211
-0.0039903500000004755
-0.0055863500000015165
-0.007182350000000781
-0.004788350000001884
-0.002394350000001211
-0.001710207142858522
-0.001026064285715833
-0.0003419214285731442
0.00034222142856954463
0.0010263642857122335
0.0017105071428549223
0.002394649999997611
-0.002394350000001211
0.007182649999998958
0.007182649999998958
0.008379899999997775
0.009577149999998369
0.010774399999998963
0.01197164999999778
-0.02633635000000112
-0.011970850000000866
0.002394649999997611
-0.01675935000000095
-0.01316810000000146
-0.009576850000001969
-0.0059856000000007015
-0.002394350000001211
0.007182649999998958
1.4999999820020093e-07
-0.007182350000000781
-0.002393850000000697
0.002394649999997611
0.0005990249999978658
-0.0011966000000036559
-0.002992225000003401
-0.0047878500000031465
0.01197164999999778
0.009577149999998369
0.007182649999998958
0.0035913999999994672
1.4999999820020093e-07
-0.0035911000000012905
-0.007182350000000781
0.007182649999998958
0.0007983166666658548
-0.005586016666669025
-0.011970350000002128
0.002394649999997611
-0.011970350000002128
-0.016758850000002212
-0.021547350000002297
-0.01197068333333462
-0.002394016666668719
0.007182649999998958
-0.002394350000001211
0.005586316666665425
0.013566983333332061
0.021547649999998697
0.021547649999998697
0.021547649999998697
0.021547649999998697
0.016759649999999127
0.002394649999997611
-0.003990016666667984
-0.010374683333335355
-0.01675935000000095
-0.014365100000000908
-0.011970850000000866
-0.009576600000000823
-0.007182350000000781
0.016759649999999127
-0.007182350000000781
-0.0058142071428584075
-0.004446064285716034
-0.00307792142857366
-0.00170977857142951
-0.00034163571428713624
0.0010265071428552375
0.002394649999997611
0.016759649999999127
0.01197164999999778
0.007182649999998958
0.002394649999997611
1.4999999820020093e-07
-0.002394350000001211
1.4999999820020093e-07
0.002394649999997611
0.005586983333330409
0.008779316666664982
0.01197164999999778
-0.002393850000000697
-0.0007976833333351863
0.0007984833333321006
0.002394649999997611
-0.007182350000000781
-0.01197068333333462
-0.016759016666668458
-0.021547350000002297
-0.011970850000000866
-0.002394350000001211
0.007182649999998958
0.016759649999999127
0.01197164999999778
0.009577149999998369
0.007182649999998958
0.0035913999999994672
1.4999999820020093e-07
-0.0035911000000012905
-0.007182350000000781
-0.014364850000001539
