0.011970983333332796
0.009576816666665877
0.007182649999998958
-0.004788350000001884
-0.011970350000002128
0.002394649999997611
-0.0047878500000031465
-0.011970350000002128
-0.007182350000000781
-0.002394350000001211
-0.0035913500000006593
-0.004788350000001884
-0.005985350000001333
-0.007182350000000781
-0.011970350000002128
-0.014364850000001539
-0.01675935000000095
-0.014364850000001539
-0.011970350000002128
-0.011970350000002128
-0.0047878500000031465
0.002394649999997611
0.0047886499999982846
0.007182649999998958
0.011971149999999042
0.016759649999999127
0.009577149999998369
0.0023946499999993875
-0.00478785000000137
-0.011970350000002128
-0.021547350000002297
-0.011970350000002128
-0.007182350000000781
-0.002394350000001211
-0.002394350000001211
-0.002394350000001211
0.0023941499999988736
0.007182649999998958
0.0023941499999988736
-0.002394350000001211
1.4999999820020093e-07
0.002394649999997611
-0.0011966000000018795
-0.0047878500000031465
-0.008379100000002637
-0.011970350000002128
-0.011970350000002128
-0.011970350000002128
-0.011970350000002128
-0.021547350000002297
-0.019153350000001623
-0.01675935000000095
-0.014365100000000908
-0.011970850000000866
-0.009576600000000823
-0.007182350000000781
-0.004788100000002515
-0.002393850000002473
3.999999975690116e-07
0.002394649999997611
-0.007182350000000781
-0.002394350000001211
0.002394649999997611
0.0004792499999979327
-0.0014361500000017458
-0.0033515500000014242
-0.005266950000001103
-0.007182350000000781
-0.007182350000000781
-0.007182350000000781
-0.004788350000001884
0.002394649999997611
0.009577149999998369
0.016759649999999127
-0.007182350000000781
-0.007182350000000781
-0.007182350000000781
-0.007182350000000781
-0.007182350000000781
-0.007182350000000781
-0.021547350000002297
-0.011970350000002128
-0.002393850000000697
0.007182649999998958
-0.002393850000000697
-0.011970350000002128
0.02633664999999752
0.01675964999999735
0.007182649999998958
-0.002394350000001211
-0.009576850000001969
-0.01675935000000095
-0.01675935000000095
-0.01675935000000095
-0.01675935000000095
-0.01675935000000095
-0.01675935000000095
-0.01675935000000095
-0.01675935000000095
-0.01675935000000095
-0.01675935000000095
-0.01675935000000095
-0.014365100000000908
-0.011970850000000866
0.002394649999997611
0.007182649999998958
0.007182649999998958
0.016759649999999127
-0.007182350000000781
0.002394649999997611
-0.0007976833333351863
-0.003990016666667984
-0.007182350000000781
-0.011013150000000138
-0.014843950000001271
-0.01867475000000063
-0.02250555000000176
-0.02633635000000112
-0.011970350000002128
-0.011970850000000866
0.002394649999997611
-0.002393850000000697
-0.007182350000000781
-0.008778350000001822
-0.010374350000001087
-0.011970350000002128
-0.011491550000002348
-0.011012750000002569
-0.010533950000001013
-0.010055150000001234
-0.009576350000001455
-0.009097550000001675
-0.008618750000001896
-0.00813995000000034
-0.007661150000000561
-0.007182350000000781
0.002394649999997611
0.009577149999998369
-0.002394350000001211
-0.007182350000000781
-0.002394350000001211
-0.0011971000000023935
1.4999999820020093e-07
0.0011973999999987939
0.002394649999997611
0.007182649999998958
-0.002394350000001211
-0.002394350000001211
-0.002394350000001211
-0.011970850000000866
-0.021547350000002297
-0.016758850000002212
-0.011970350000002128
-0.011970350000002128
-0.011970350000002128
-0.002393850000000697
0.007182649999998958
0.007182649999998958
0.007182649999998958
0.005985649999999509
0.0047886499999982846
0.0035916499999970597
0.002394649999997611
0.0019157499999984395
0.0014368499999974915
0.0009579499999983199
0.00047904999999737186
1.4999999820020093e-07
-0.002393850000000697
-0.009576600000000823
-0.01675935000000095
-0.014364850000001539
-0.011970350000002128
-0.008778350000001822
-0.0055863500000015165
-0.002394350000001211
-0.007182350000000781
-0.011970350000002128
-0.008778183333335576
-0.005586016666669025
-0.002393850000000697
0.0007983166666658548
0.003990483333332406
0.007182649999998958
-0.021547350000002297
-0.007182350000000781
0.002394649999997611
-0.0047878500000031465
-0.011970350000002128
-0.013566516666669415
-0.015162683333334925
-0.016758850000002212
-0.0183550166666695
-0.01995118333333501
-0.021547350000002297
-0.01675935000000095
0.01197164999999778
0.007182649999998958
0.002394649999997611
0.002394649999997611
0.002394649999997611
0.002394649999997611
0.002394649999997611
-0.008778350000001822
-0.019951350000003032
-0.031124350000002465
0.01197164999999778
-0.002393850000000697
-0.01675935000000095
-0.012928550000001593
-0.009097750000002236
-0.005266950000001103
-0.0014361500000017458
0.002394649999997611
0.0047886499999982846
0.007182649999998958
-0.002394350000001211
-0.007182350000000781
0.007182649999998958
0.0065841499999983455
0.005985649999999509
0.005387149999998897
0.0047886499999982846
0.005586649999997917
0.006384649999999326
0.007182649999998958
-0.000798016666667678
-0.008778683333334314
-0.01675935000000095
0.007182649999998958
-0.011970850000000866
-0.031124350000002465
-0.019153350000001623
-0.007182350000000781
-0.004788100000000739
-0.002393850000000697
0.003990649999998652
0.010375149999999778
0.016759649999999127
0.009577149999998369
0.002394649999997611
-0.0011966000000018795
-0.0047878500000031465
-0.008379100000002637
-0.011970350000002128
0.016759649999999127
-0.002393850000000697
-0.021547350000002297
0.002394649999997611
0.0071831499999976955
0.01197164999999778
-0.002393850000000697
-0.01675935000000095
-0.004788350000001884
0.007182649999998958
0.0023943166666651194
-0.0023940166666669427
-0.007182350000000781
-0.031124350000002465
-0.0215474928571453
-0.011970635714288136
-0.002393778571430971
0.0071830785714261935
0.01675993571428336
0.026336792857140523
0.03591364999999769
-0.014364850000001539
0.014365649999998453
0.010774149999999594
0.007182649999998958
0.008379899999997775
0.009577149999998369
0.010774399999998963
0.01197164999999778
-0.059854350000001943
-0.034316350000000995
-0.008778350000001822
0.016759649999999127
0.007182649999998958
0.005387024999999213
0.003591399999997691
0.0017957749999979455
1.4999999820020093e-07
0.021547649999998697
-0.002394350000001211
-0.02633635000000112
-0.050278350000001026
0.03591364999999769
0.014365649999998453
-0.007182350000000781
-0.01675910000000158
-0.02633585000000238
-0.035912600000001405
-0.045489350000002204
0.040701649999999034
0.01835564999999839
-0.0039903500000004755
-0.02633635000000112
-0.027533350000002343
-0.028730350000001792
-0.02992735000000124
-0.031124350000002465
0.045489649999998605
0.0023941499999988736
-0.04070135000000086
0.045489649999998605
0.0023941499999988736
-0.04070135000000086
-0.03711010000000137
-0.0335188500000001
-0.02992760000000061
-0.02633635000000112
0.059855649999997596
-0.059854350000001943
-0.03830685000000145
-0.01675935000000095
0.016759649999999127
0.0502786499999992
-0.014364850000001539
-0.07900835000000228
-0.045489350000002204
-0.011970350000002128
0.01675964999999735
0.045489649999998605
0.005586316666665425
-0.034317016666667755
-0.07422035000000093
0.02633664999999752
0.03830764999999836
0.0502786499999992
-0.014364850000001539
-0.07900835000000228
-0.021547350000002297
0.03591364999999769
0.01675964999999735
-0.002394350000001211
-0.02793235000000216
-0.05347035000000133
-0.07900835000000228
-0.03272035000000173
0.013567649999997045
0.059855649999997596
0.05027864999999743
0.040701649999999034
0.031124649999998866
0.021547649999998697
0.011971149999997266
-0.0011968500000030247
-0.014364850000003315
-0.02753285000000183
-0.04070085000000212
0.07422064999999911
0.03910564999999799
0.003990649999998652
-0.031124350000002465
-0.021547350000002297
0.023942149999998108
0.06943164999999851
0.024739983333331494
-0.019951683333333747
-0.06464335000000077
-0.045489683333334696
-0.02633601666666685
-0.007182350000000781
0.059855649999997596
-0.09816235000000084
0.007182649999998958
0.02314398333333223
0.0391053166666655
0.055066649999998774
-0.002393850000000697
-0.059854350000001943
-0.009576350000001455
0.040701649999999034
0.037110399999999544
0.03351914999999828
0.02992789999999701
0.02633664999999752
-0.06943135000000211
-0.04932015000000156
-0.02920895000000101
-0.009097750000002236
0.011013449999998315
0.031124649999998866
0.02633614999999878
0.021547649999998697
-0.07900835000000228
0.059855649999997596
-0.011970350000002128
-0.06943135000000211
-0.04165875000000163
-0.013886150000001152
0.013886449999997552
0.04165904999999803
0.06943164999999851
-0.02633635000000112
-0.059854350000001943
0.07422064999999911
0.021548149999997435
-0.031124350000002465
-0.04309535000000153
-0.05506635000000237
0.06464364999999894
0.019951983333331924
-0.024739683333335094
-0.06943135000000211
-0.050278350000001026
-0.014365350000002053
0.021547649999998697
0.05746064999999945
0.09337364999999842
0.011971149999997266
-0.06943135000000211
-0.05506610000000123
-0.04070085000000212
-0.026335600000003012
-0.011970350000002128
0.009577149999998369
-0.011970350000002128
-0.0004783500000016261
0.011013649999998876
0.0225056499999976
0.0339976499999981
0.045489649999998605
-0.08858535000000245
-0.06783568333333534
-0.04708601666666823
-0.02633635000000112
0.007182649999998958
0.040701649999999034
-0.06943135000000211
0.016759649999999127
0.0502786499999992
-0.009576350000001455
-0.06943135000000211
-0.04229701666666941
-0.015162683333334925
0.01197164999999778
0.045489649999998605
0.01675939999999798
-0.011970850000000866
-0.04070110000000149
-0.06943135000000211
-0.05848649285714558
-0.04754163571428727
-0.03659677857143073
-0.025651921428572422
-0.014707064285715887
-0.0037622071428575765
0.007182649999998958
0.001197149999999425
-0.004788350000001884
0.03591364999999769
0.016759649999999127
-0.023941850000001708
-0.008778683333334314
0.006384483333331303
0.021547649999998697
-0.02633635000000112
-0.07422035000000093
-0.0430956000000009
-0.011970850000000866
0.01915389999999917
0.0502786499999992
-0.031124350000002465
-0.021547350000002297
0.031124649999998866
-0.007182350000000781
-0.045489350000002204
-0.047883850000001615
-0.050278350000001026
-0.004788350000001884
0.040701649999999034
0.015163649999998086
-0.010374350000001087
-0.035912350000002036
-0.028729850000001278
-0.021547350000002297
0.009577149999998369
0.040701649999999034
0.01197164999999778
-0.0047878500000031465
-0.021547350000002297
-0.014364850000001539
-0.007182350000000781
0.0047886499999982846
0.016759649999999127
-0.003990016666667984
-0.024739683333335094
-0.045489350000002204
-0.03431635000000277
-0.02314335000000156
-0.011970350000002128
-0.004445778571430026
0.0030787928571403
0.010603364285712402
0.018127935714284504
0.025652507142856606
0.03317707857142693
0.040701649999999034
-0.02633635000000112
-0.021547350000002297
0.07900864999999868
-0.021547350000002297
-0.031124350000002465
0.059855649999997596
0.046687399999997936
0.03351914999999828
0.020350899999998617
0.007182649999998958
-0.05506635000000237
-0.04275335000000169
-0.03044035000000278
-0.018127350000002096
-0.0058143500000014114
0.006498649999999273
0.01881164999999818
0.031124649999998866
-0.01675935000000095
0.01197164999999778
0.06464364999999894
-0.01675935000000095
-0.01596118333333507
-0.015163016666667417
-0.014364850000001539
-0.01356668333333566
-0.012768516666668006
-0.011970350000002128
0.021548149999997435
0.055066649999998774
-0.007182350000000781
-0.06943135000000211
-0.02633585000000238
0.016759649999999127
-0.021547850000001034
-0.019153600000000992
-0.01675935000000095
0.021548149999997435
0.059855649999997596
0.037110649999997136
0.014365649999998453
-0.008379350000002006
-0.031124350000002465
-0.021547350000002297
-0.013338635714287506
-0.005129921428574491
0.0030787928571403
0.011287507142855091
0.019496221428569882
0.027704935714282897
0.03591364999999769
-0.016758850000002212
-0.002394350000001211
0.002394649999997611
-0.011970350000002128
-0.016758850000002212
-0.021547350000002297
-0.02633585000000238
-0.031124350000002465
0.007182649999998958
0.01197164999999778
0.002394816666663857
-0.007182016666668289
-0.016758850000002212
-0.026335683333336135
-0.03591251666666828
-0.045489350000002204
0.010374983333331755
-0.005586183333335271
-0.021547350000002297
0.002394649999997611
0.02633664999999752
0.022984749999997334
0.01963284999999715
0.01628094999999874
0.012929049999998554
0.009577149999998369
0.006225249999998184
0.0028733499999979983
-0.0004785500000004106
-0.003830450000000596
-0.007182350000000781
-0.016758850000002212
0.0047886499999982846
0.002394649999997611
-0.0023936833333362273
-0.007182016666668289
-0.011970350000002128
0.03591364999999769
0.016759899999998495
-0.002393850000000697
-0.021547600000001665
-0.04070135000000086
-0.02633585000000238
-0.011970350000002128
-0.014843450000002534
-0.01771655000000294
-0.02058965000000157
-0.023462750000001975
-0.02633585000000238
6.499999969378223e-07
0.055066649999998774
0.038786049999998795
0.022505449999998817
0.006224849999998838
-0.01005575000000114
-0.02633635000000112
-0.011971016666667111
0.0023943166666651194
0.016759649999999127
-0.002394350000001211
-0.002394350000001211
-0.007182600000001926
-0.011970850000000866
-0.01675910000000158
-0.021547350000002297
-0.007182350000000781
0.007182649999998958
-0.011970350000002128
-0.009234207142858608
-0.006498064285716865
-0.003761921428573345
-0.001025778571429825
0.0017103642857136947
0.004446507142855438
0.007182649999998958
-0.059854350000001943
0.055066649999998774
-0.02633635000000112
0.007182649999998958
0.040701649999999034
-0.002394350000001211
0.007182649999998958
0.016759649999999127
-0.011970850000000866
-0.04070135000000086
-0.014364850000001539
0.01197164999999778
0.013567649999998821
0.015163649999998086
0.016759649999999127
-0.004788350000001884
-0.02633635000000112
0.01197164999999778
0.01675964999999735
0.021547649999998697
-0.002394350000001211
-0.02633635000000112
-0.011970850000000866
0.002394649999997611
-0.003990016666667984
-0.010374683333335355
-0.01675935000000095
0.002394649999997611
0.002394649999997611
0.002394649999997611
0.002394649999997611
0.002394649999997611
-0.021547350000002297
-0.012768683333336028
-0.003990016666667984
0.0047886499999982846
-0.015561850000000987
-0.035912350000002036
-0.021547350000002297
-0.007182350000000781
-0.009576350000001455
-0.011970350000002128
6.499999969378223e-07
0.01197164999999778
0.0071831499999976955
0.002394649999997611
0.00718298333333145
0.011971316666665288
0.016759649999999127
1.4999999820020093e-07
-0.01675935000000095
-0.011970350000002128
-0.011970350000002128
-0.011970350000002128
-0.0047878500000031465
0.002394649999997611
1.4999999820020093e-07
-0.002394350000001211
-0.009576850000001969
-0.01675935000000095
-0.009576850000001969
-0.002394350000001211
-0.0011971000000023935
1.4999999820020093e-07
0.0011973999999987939
0.002394649999997611
0.002394649999997611
-0.002394350000001211
-0.004788350000001884
-0.007182350000000781
-0.002393850000000697
0.002394649999997611
1.4999999820020093e-07
-0.002394350000001211
-0.002394350000001211
-0.0035913500000006593
-0.004788350000001884
-0.005985350000001333
-0.007182350000000781
-0.005985350000001333
-0.004788350000001884
-0.0035913500000006593
-0.002394350000001211
-0.011970350000002128
-0.014365350000002053
-0.007182683333335049
-1.666666804567285e-08
0.007182649999998958
1.4999999820020093e-07
-0.007182350000000781
-0.002393850000000697
