-0.029807424999999554
-0.04608802499999953
-0.06236862499999951
-0.03363837499999889
-0.004908124999998265
-0.004907624999999527
-0.031244124999998846
-0.057580624999998165
-0.024061624999998088
0.009457375000000212
-0.012888624999998655
-0.0352346249999993
-0.057580624999998165
-0.03363862499999826
-0.009696624999998349
-0.014484999999998749
-0.01927337499999915
-0.02406174999999955
-0.028850124999998172
-0.03363849999999857
-0.03842687499999897
-0.04321524999999937
-0.04800362499999977
-0.024061624999999864
-0.00011962499999995657
-0.06236862499999951
0.014245375000001559
-0.03603262499999893
-0.03722962499999838
-0.0384266249999996
-0.033638291666665765
-0.028849958333331926
-0.024061624999998088
-0.028850124999998172
-0.03363862499999826
-0.03363862499999826
-0.03227048214285588
-0.030902339285711733
-0.02953419642856936
-0.028166053571426986
-0.026797910714284612
-0.02542976785714046
-0.024061624999998088
-0.03363862499999826
-0.03363862499999826
-0.014484624999999696
-0.010893374999998429
-0.007302124999998938
-0.009696624999998349
-0.020869624999997782
-0.03204262499999899
-0.043215624999998425
-0.03363862499999826
-0.024061624999998088
-0.028850124999998172
-0.03363862499999826
-0.019273624999998518
-0.017677291666664985
-0.01608095833333323
-0.014484624999999696
-0.017676958333332493
-0.02086929166666529
-0.024061624999998088
-0.014484624999999696
-0.012569225000000017
-0.010653825000000339
-0.008738424999998884
-0.006823024999999205
-0.004907624999999527
-0.01687862500000037
-0.028849624999999435
-0.02565762499999913
-0.022465624999998823
-0.019273624999998518
-0.02166762499999919
-0.024061624999998088
-0.024061624999998088
-0.024061624999998088
-0.043215624999998425
-0.028850124999998172
-0.014484624999999696
-0.024061624999998088
-0.024061624999998088
-0.024061624999998088
-0.024061624999998088
-0.024061624999998088
-0.024061624999998088
-0.024061624999998088
-0.019273624999998518
-0.03363862499999826
-0.00011962499999818021
-0.009696624999998349
-0.014485124999998433
-0.019273624999998518
-0.0384266249999996
-0.03683062499999856
-0.0352346249999993
-0.03363862499999826
-0.036830958333331054
-0.04002329166666563
-0.043215624999998425
-0.036830958333331054
-0.03044629166666546
-0.024061624999998088
-0.02086929166666529
-0.017676958333332493
-0.014484624999999696
-0.004907624999999527
-0.019273624999998518
-0.019273624999998518
-0.019273624999998518
-0.02166762499999919
-0.024061624999998088
-0.024061624999998088
-0.024061624999998088
-0.024061624999998088
-0.024061624999998088
-0.024061624999998088
-0.024061624999998088
-0.024061624999998088
-0.019273624999998518
-0.009696624999998349
-0.03363862499999826
-0.009696624999998349
-0.019273624999998518
-0.026456124999999275
-0.03363862499999826
-0.03363862499999826
-0.03363862499999826
-0.027253958333332662
-0.02086929166666529
-0.014484624999999696
-0.011292291666666898
-0.008099958333332324
-0.004907624999999527
-0.007302124999998938
-0.009696624999998349
-0.014484624999999696
-0.03363862499999826
-0.04560962499999732
-0.057580624999998165
-0.052792291666664326
-0.048003958333332264
-0.043215624999998425
-0.009696624999998349
-0.014485124999998433
-0.019273624999998518
-0.014485224999997826
-0.00969682499999891
-0.004908424999998218
-0.00012002499999930194
0.00466837500000139
-0.00011962499999818021
-0.019273624999998518
-0.02166762499999919
-0.024061624999998088
-0.024061624999998088
-0.028849958333331926
-0.033638291666665765
-0.0384266249999996
-0.028849624999999435
-0.019272958333331758
-0.009696291666665857
-0.00011962499999818021
-0.012888624999998655
-0.02565762499999913
-0.0384266249999996
-0.024061624999998088
-0.019273124999998004
-0.014484624999999696
-0.017676958333332493
-0.02086929166666529
-0.024061624999998088
-0.028849624999999435
-0.031244124999998846
-0.03363862499999826
-0.014484624999999696
-0.021667125000000453
-0.028849624999999435
-0.02645562499999876
-0.024061624999998088
-0.024061624999998088
-0.024061624999998088
-0.024061624999998088
-0.031244124999998846
-0.0384266249999996
-0.024061624999998088
-0.02565762499999913
-0.027253624999998394
-0.028849624999999435
-0.04800362499999977
-0.031244125000000622
-0.014484624999999696
-0.019273124999998004
-0.024061624999998088
-0.016879124999999107
-0.009696624999998349
-0.009696624999998349
-0.009696624999998349
-0.009696624999998349
-0.009696624999998349
-0.009696624999998349
-0.021667374999999822
-0.03363812499999952
-0.043215624999998425
-0.03363862499999826
-0.024061624999998088
-0.024745624999997773
-0.025429624999999234
-0.02611362499999892
-0.026797624999998604
-0.02748162499999829
-0.02816562499999975
-0.028849624999999435
-0.024061291666665596
-0.019272958333333534
-0.014484624999999696
-0.019273124999998004
-0.024061624999998088
-0.0384266249999996
-0.021667374999999822
-0.004908125000000041
0.011851125000001517
0.028610375000001298
-0.057580624999998165
-0.02166762499999919
-0.05279162499999934
0.047764375000001635
0.004668625000000759
-0.03842712499999834
-0.034835749999999166
-0.031244374999998215
-0.027652999999997263
-0.024061624999998088
-0.012090624999999022
-0.00011962499999818021
-0.08152262499999807
-0.03603262499999893
0.009457375000000212
-0.0033116250000002623
-0.01608062499999896
-0.028849624999999435
0.009457375000000212
0.004668875000000128
-0.00011962499999818021
-0.013686791666664533
-0.027253958333330885
-0.04082112499999724
-0.05438829166666537
-0.06795545833333172
-0.08152262499999807
0.023822375000001728
-0.07194562499999968
0.009457375000000212
0.009457375000000212
-0.0033116250000002623
-0.01608062499999896
-0.028849624999999435
-0.011292291666665122
0.006265041666667415
0.023822375000001728
-0.0384266249999996
-0.014484624999999696
-0.043215624999998425
-0.03227062499999889
-0.021325624999997572
-0.010380624999998034
0.0005643750000015046
0.011509375000001043
0.022454375000002358
0.033399375000001896
-0.06236862499999951
-0.028849624999999435
-0.0384266249999996
0.03579337500000079
0.11001337500000119
0.02861070833333379
-0.052791958333331834
-0.13419462499999923
-0.05039762499999867
0.033399375000001896
0.03148397500000222
0.02956857500000254
0.027653175000001085
0.025737775000001406
0.023822375000001728
-0.005706124999997897
-0.0352346249999993
-0.06476312499999892
-0.09429162499999855
-0.12382012499999995
-0.15334862499999957
0.004668875000000128
0.03818737500000147
0.00466837500000139
-0.09109962499999824
0.01903437500000038
-0.019272958333333534
-0.05758029166666567
-0.09588762499999959
0.00466837500000139
-0.012888958333332923
-0.03044629166666546
-0.04800362499999977
0.04297637500000029
-0.06715762499999833
-0.05997462499999884
-0.05279162499999934
-0.02645562499999876
-0.00011962499999818021
-0.05438829166666537
-0.10865695833333255
-0.16292562499999974
-0.05758062499999994
0.047764375000001635
0.15310937500000144
-0.15334862499999957
-0.08631095833333191
-0.019273291666666026
0.047764375000001635
0.05255287500000172
0.057341375000001804
-0.19165562499999922
0.16747437500000117
0.004668875000000128
-0.15813662499999914
-0.06476312499999892
0.028610375000001298
0.032201875000001934
0.03579337500000079
0.03938487499999965
0.04297637500000029
-0.06715762499999833
0.023822375000001728
-0.02565762499999913
-0.07513762499999821
-0.12461762499999907
-0.04800362499999977
0.028610375000001298
-0.12461762499999907
0.01903437500000038
0.1626863750000016
0.0605337083333346
-0.0416189583333324
-0.1437716249999994
0.023822375000001728
0.03579337500000079
0.047764375000001635
0.05973537500000248
0.07170637500000154
-0.10067612499999967
-0.2730586249999991
0.20578137500000082
-0.17250162499999888
-0.08631062499999942
-0.00011962499999818021
0.047764375000001635
0.09564837500000145
0.01663987500000097
-0.06236862499999951
-0.05997462499999884
-0.057580624999998165
-0.048961424999998115
-0.040342224999998066
-0.031723024999999794
-0.023103824999999745
-0.014484624999999696
0.004668875000000128
0.023822375000001728
0.05494737500000113
-0.07553662499999803
-0.20602062499999896
0.014245375000001559
0.06053337500000211
0.10682137500000088
0.15310937500000144
-0.10546462499999976
-0.11408362499999924
-0.12270262499999873
-0.131321625
-0.13994062499999949
-0.14855962499999897
-0.1294062916666654
-0.11025295833333182
-0.09109962499999824
0.10043637500000102
-0.3305196249999991
0.2393003750000009
0.15310904166666717
0.06691770833333521
-0.019273624999998518
-0.21559762499999913
-0.19644395833333306
-0.1772902916666652
-0.15813662499999914
0.11001337500000119
0.062129375000001374
0.014245375000001559
-0.03363862500000003
-0.08152262499999985
-0.12940662499999966
0.1339553750000011
0.28239587500000063
0.19381062500000112
0.10522537500000162
-0.00011962499999818021
-0.09349362499999891
-0.18686762499999965
0.1866283750000015
0.011053708333335521
-0.16452095833333225
-0.34009562499999824
-0.22243776785714076
-0.10477991071428505
0.012877946428572429
0.1305358035714299
0.2481936607142874
0.3658515178571431
0.4835093750000006
0.3207037083333333
0.15789804166666777
-0.004907624999999527
-0.22517412499999878
-0.4454406249999998
-0.12940662499999966
-0.11743562499999882
-0.10546462499999976
-0.1198296249999995
0.3159153750000012
0.157897375000001
-0.2443276249999986
0.04297637500000029
-0.07354162499999894
-0.19005962499999995
-0.3065776249999992
0.2871843750000007
-0.2539046249999988
-0.10227195833333269
0.04936070833333517
0.20099337500000125
0.12318187500000022
0.04537037500000096
-0.032441124999998294
-0.11025262499999933
-0.18926112499999803
-0.2682696249999985
0.062129375000001374
0.22972337500000073
0.1124078750000006
-0.004907624999999527
-0.02246529166666633
-0.04002295833333136
-0.057580624999998165
-0.02166762499999919
0.014245375000001559
-0.2443276249999986
0.09086037500000188
0.0650029750000023
0.03914557500000093
0.013288175000001345
-0.012569225000000017
-0.0384266249999996
0.3254923750000014
-0.297000624999999
0.1818393750000009
0.1013943750000017
0.020949375000000714
-0.0594956249999985
-0.13994062499999949
-0.2203856249999987
-0.15095412499999838
-0.08152262499999807
-0.15813662499999914
0.2680303750000004
0.1710653750000013
0.07410037500000044
-0.022864625000000416
-0.1198296249999995
-0.07433962500000035
-0.028849624999999435
0.009457375000000212
-0.1964436249999988
0.057341375000001804
-0.002992424999998633
-0.06332622499999907
-0.12366002499999773
-0.18399382499999817
-0.2443276249999986
0.0022748750000012308
0.24887737500000107
-0.36403762499999814
0.3254923750000014
-0.19165562499999922
-0.1677136249999993
-0.1437716249999994
-0.1198296249999995
-0.09588762499999959
-0.07194562499999968
-0.04800362499999977
-0.007302124999998938
0.033399375000001896
-0.07194562499999968
-0.004907624999999527
-0.21559762499999913
0.12916737500000153
-0.0910991249999995
-0.31136562499999876
-0.21833376785714087
-0.12530191071428476
-0.03227005357142687
0.06076180357142924
0.15379366071428713
0.24682551785714324
0.3398573750000011
0.06452387500000079
-0.21080962499999956
0.11959037500000136
0.10522537500000162
-0.13419462499999923
0.023822375000001728
-0.15813662499999914
-0.14103519642856988
-0.12393376785714239
-0.10683233928571312
-0.08973091071428563
-0.07262948214285636
-0.05552805357142887
-0.0384266249999996
-0.007302124999998938
-0.18207862499999905
-0.0384266249999996
-0.029807625000000115
-0.02118862499999885
-0.012569624999999363
-0.003950624999998098
0.00466837500000139
-0.15813662499999914
0.20578137500000082
0.1574983750000012
0.10921537499999978
0.06093237500000015
0.012649375000000518
-0.03563362500000089
-0.08391662500000052
-0.07194562499999968
0.05255287499999994
0.17705137500000134
-0.00011962499999995657
-0.17729062499999948
-0.1306036249999991
-0.08391662500000052
-0.037229625000000155
0.009457375000000212
0.009457375000000212
0.009457375000000212
-0.19165562499999922
0.2345118750000008
0.1935928295454552
0.1526737840909096
0.11175473863636398
0.07083569318181837
0.02991664772727276
-0.011002397727271074
-0.051921443181816684
-0.0928404886363623
-0.1337595340909079
-0.17467857954545352
-0.21559762499999913
-0.1766918749999995
-0.1377861249999981
-0.09888037499999847
-0.05997462499999884
-0.02106887499999921
0.01783687500000042
0.05674262500000182
0.09564837500000145
-0.04800362499999977
-0.037947924999999216
-0.02789222499999866
-0.01783652499999988
-0.007780824999999325
0.0022748750000012308
-0.21080962499999956
-0.062369125000000025
0.08607137500000128
-0.009696291666665857
-0.05997462499999884
-0.001715958333331713
-0.17729062499999948
-0.0719456249999979
0.033399375000001896
-0.009696124999997835
-0.05279162499999934
-0.04800362499999977
0.004668708333333882
0.057341041666667536
0.11001337500000119
-0.14855962499999897
-0.07433962499999858
-0.00011962499999818021
0.019033875000001643
0.03818737500000147
0.026216375000000625
0.014245375000001559
0.010414775000000986
0.006584175000000414
0.002753575000001618
-0.0010770249999989545
-0.004907624999999527
-0.05039762499999867
-0.009696291666665857
0.03100504166666873
0.07170637500000154
0.01424570833333405
-0.043214958333331666
-0.10067562499999916
-0.06236862499999951
0.07170637500000154
-0.02166762499999919
-0.11504162499999815
-0.09980580681818019
-0.08456998863636223
-0.06933417045454426
-0.0540983522727263
-0.03886253409090834
-0.023626715909088603
-0.008390897727270641
0.006844920454547321
0.022080738636365282
0.037316556818183244
0.052552375000001206
-0.07673362499999925
-0.014484624999999696
-0.024061624999998088
-0.0384266249999996
0.019033875000001643
0.013287775000002
0.007541675000002357
0.0017955750000009374
-0.003950524999998706
-0.009696624999998349
-0.014484624999999696
-0.06715762499999833
0.03818737500000147
0.02754648611111321
0.01690559722222318
0.006264708333334923
-0.004376180555555109
-0.015017069444443365
-0.025657958333333397
-0.03629884722222165
-0.046939736111111685
-0.05758062499999994
-0.026455625000000538
0.028610375000001298
-0.057580624999998165
-0.009696624999998349
-0.014484958333332187
-0.01927329166666425
-0.024061624999998088
-0.027253958333330885
-0.03044629166666546
-0.03363862499999826
-0.028849624999999435
0.009457375000000212
0.047764375000001635
0.0070628750000025775
-0.03363862499999826
-0.043215624999998425
-0.03922529166666422
-0.03523495833333179
-0.03124462499999936
-0.027254291666665154
-0.023263958333330947
-0.019273624999998518
-0.015283291666666088
-0.011292958333331882
-0.0073026249999976756
-0.0033122916666652458
0.000678041666667184
0.00466837500000139
-0.09109962499999824
-0.024061624999998088
0.04297637500000029
-0.06236862499999951
0.002274375000002493
-0.057580624999998165
-0.00011962499999818021
-0.019273624999998518
-0.019273624999998518
-0.014485124999998433
-0.009696624999998349
-0.020470374999998597
-0.031244124999998846
-0.042017874999999094
-0.05279162499999934
-0.0384266249999996
-0.03004687500000003
-0.021667125000000453
-0.013287374999999102
-0.004907624999999527
-0.07673362499999925
-0.014485124999998433
-0.008100624999999084
-0.0017161249999979589
0.00466837500000139
-0.014484624999999696
-0.016879124999999107
-0.019273624999998518
-0.01767745833333123
-0.01608129166666572
-0.014485124999998433
-0.012888958333331146
-0.011292791666665636
-0.009696624999998349
-0.019273624999998518
-0.024061624999998088
-0.02645562499999876
-0.028849624999999435
-0.024061624999998088
-0.019273624999998518
-0.02166762499999919
-0.024061624999998088
-0.02166762499999919
-0.019273624999998518
-0.01735822499999884
-0.01544282499999916
-0.013527424999997706
-0.011612024999998027
-0.009696624999998349
-0.006105124999997713
-0.0025136249999988536
-0.00011962499999818021
-0.01448462499999792
-0.028849624999999435
-0.03603262499999893
-0.043215624999998425
-0.04374762499999818
-0.044279624999997935
-0.044811624999999466
-0.04534362499999922
-0.045875624999998976
-0.04640762499999873
-0.04693962500000026
-0.04747162500000002
-0.04800362499999977
-0.04321512499999969
-0.0384266249999996
-0.028849624999999435
0.00466837500000139
-0.016879124999999107
-0.03363862499999826
-0.03603262499999893
-0.0384266249999996
-0.019273624999998518
-0.009696624999998349
-0.00011962499999818021
-0.002992624999999194
-0.005865624999998431
-0.008738624999999445
-0.011611624999998682
-0.014484624999999696
-0.019273124999998004
-0.024061624999998088
-0.02166762499999919
-0.019273624999998518
-0.043215624999998425
-0.024061624999998088
-0.019273624999998518
-0.016879124999999107
-0.014484624999999696
-0.014484624999999696
-0.014484624999999696
-0.007302124999998938
