-0.009098001999999994
-0.009098001999999994
-0.009098001999999994
-0.009098001999999994
-0.016280596999999952
-0.023463191999999966
-0.01388639699999994
-0.004309601999999968
-0.003874287454545433
-0.0034389729090908983
-0.0030036583636363634
-0.0025683438181818286
-0.0021330292727272937
-0.0016977147272726478
-0.001262400181818113
-0.0008270856363635781
-0.0003917710909090433
4.354345454549158e-05
0.00047885800000002643
-0.001117295333333268
-0.0027134486666666735
-0.004309601999999968
-0.004309601999999968
-0.0019153720000000263
0.00047885800000002643
-0.018674802000000046
-0.004309572000000039
0.010055657999999967
0.00047885800000002643
0.00047885800000002643
0.0028730580000000394
0.005267258000000052
0.014844057999999993
-0.0019153720000000263
0.00047885800000002643
-0.004309601999999968
-0.009098001999999994
0.010055657999999967
0.010055657999999967
0.010055657999999967
0.010055657999999967
0.010055657999999967
0.010055657999999967
0.00047885800000002643
0.014844057999999993
0.005267258000000052
0.0032150780000000934
0.0011628980000000233
-0.0008892819999999357
-0.002941462000000006
-0.004993641999999965
-0.007045822000000035
-0.009098001999999994
0.00047885800000002643
0.00047885800000002643
0.005267258000000052
0.014844057999999993
0.005267258000000052
-0.009098001999999994
0.005267258000000052
0.0016759430000000686
-0.0019153720000000263
-0.00550668700000001
-0.009098001999999994
-0.006703786999999961
-0.004309571999999928
-0.0019153570000000064
0.00047885800000002643
-0.009098001999999994
-0.004309601999999968
-0.004309601999999968
-0.004993659142857099
-0.005677716285714229
-0.00636177342857136
-0.007045830571428602
-0.0077298877142857325
-0.008413944857142863
-0.009098001999999994
0.00047885800000002643
-0.0019153720000000263
-0.004309601999999968
-0.004993659142857099
-0.005677716285714229
-0.00636177342857136
-0.007045830571428602
-0.0077298877142857325
-0.008413944857142863
-0.009098001999999994
-0.0019153720000000263
0.005267258000000052
0.00047885800000002643
0.00047885800000002643
-0.01388640200000002
-0.004309571999999928
0.005267258000000052
-0.009098001999999994
-0.004309601999999968
-0.004309601999999968
0.00047885800000002643
0.00047885800000002643
-0.0019153570000000064
-0.004309571999999928
-0.006703786999999961
-0.009098001999999994
-0.011492202000000007
-0.01388640200000002
0.005267258000000052
0.004583200857142922
0.003899143714285791
0.0032150865714286603
0.0025310294285714185
0.0018469722857142878
0.0011629151428571571
0.00047885800000002643
0.00047885800000002643
0.005267257999999941
0.010055657999999967
-0.009098001999999994
0.005267258000000052
-0.004309601999999968
-0.004309601999999968
0.00047885800000002643
-0.0005852375555555067
-0.0016493331111110399
-0.002713428666666684
-0.003777524222222217
-0.00484161977777775
-0.0059057153333332835
-0.006969810888888928
-0.00803390644444446
-0.009098001999999994
-0.0019153720000000263
0.005267258000000052
0.00047885800000002643
0.00047885800000002643
0.00047885800000002643
-0.004309601999999968
-0.009098001999999994
0.00047885800000002643
0.0028730580000000394
0.005267258000000052
-0.004309601999999968
-0.004309601999999968
0.005267258000000052
0.010055657999999967
0.014844057999999993
0.005267258000000052
0.005267258000000052
0.005267258000000052
0.005267258000000052
0.005267258000000052
0.0028730580000000394
0.00047885800000002643
-0.004309601999999968
0.00047885800000002643
0.00047885800000002643
0.00047885800000002643
0.00047885800000002643
0.00047885800000002643
0.00047885800000002643
0.00047885800000002643
-0.009098001999999994
0.00047885800000002643
0.0009141670909090793
0.0013494761818182432
0.0017847852727272961
0.002220094363636349
0.002655403454545513
0.003090712545454566
0.00352602163636373
0.003961330727272783
0.004396639818181836
0.0048319489090909995
0.005267258000000052
0.007661458000000065
0.010055657999999967
0.005267257999999941
0.00047885800000002643
-0.009098001999999994
0.024420858000000045
-0.009098001999999994
-0.004309571999999928
0.00047885800000002643
0.014844057999999993
-0.004309601999999968
-0.0011173153333332575
0.002074971333333342
0.005267258000000052
-0.004309571999999928
-0.01388640200000002
0.00047885800000002643
0.00047885800000002643
0.014844057999999993
-0.01388640200000002
-0.009098001999999994
-0.004309601999999968
-0.005506701999999919
-0.006703801999999981
-0.007900902000000043
-0.009098001999999994
0.005267258000000052
0.005267258000000052
0.005267258000000052
0.005267258000000052
0.005267258000000052
0.005267258000000052
0.005267258000000052
0.005267258000000052
-0.004309572000000039
0.010055657999999967
-0.011492202000000007
-0.00969655199999997
-0.007900902000000043
-0.0061052520000000055
-0.004309601999999968
0.00047882800000009773
0.005267258000000052
-0.009098001999999994
-0.004309592000000029
0.0004788180000000475
0.005267228000000013
-0.0019153869999999351
-0.009098001999999994
-0.007302344500000002
-0.00550668700000001
-0.003711029500000018
-0.0019153720000000263
-0.00550668700000001
-0.009098001999999994
-0.007900902000000043
-0.006703801999999981
-0.005506701999999919
-0.004309601999999968
-0.004309601999999968
-0.004309601999999968
-0.004309601999999968
-0.004309601999999968
-0.004309601999999968
-0.004309601999999968
-0.004309601999999968
-0.004309601999999968
-0.0019153720000000263
0.00047885800000002643
-0.0016493264444443767
-0.003777510888888891
-0.005905695333333294
-0.008033879777777808
-0.010162064222222211
-0.012290248666666725
-0.014418433111111129
-0.016546617555555643
-0.018674802000000046
0.010055657999999967
-0.009097971999999954
0.033997657999999986
-0.023463191999999966
-0.0019153669999999456
0.01963245800000002
-0.004309601999999968
-0.007501868666666689
-0.010694135333333299
-0.01388640200000002
0.010055657999999967
0.0004788454999999914
-0.009097966999999985
-0.01867477949999996
-0.028251591999999992
0.014844057999999993
0.010055657999999967
0.005267258000000052
-0.018674802000000046
-0.0019153720000000263
0.014844057999999993
0.005267228000000013
-0.004309601999999968
-0.006703801999999981
-0.009098001999999994
-0.004309571999999928
0.00047885800000002643
-0.0003192186666666208
-0.001117295333333268
-0.0019153720000000263
-0.0027134486666666735
-0.0035115253333333207
-0.004309601999999968
-0.01388640200000002
0.0004788279999999867
0.014844057999999993
0.0004788279999999867
0.0076614429999999345
0.014844057999999993
-0.0019153720000000263
-0.018674802000000046
0.007661428000000026
0.033997657999999986
0.01484404133333328
-0.004309575333333315
-0.023463191999999966
-0.0019153669999999456
0.01963245800000002
0.010055657999999967
-0.018674767000000037
-0.047405191999999985
0.00047883300000006734
0.048362858000000064
0.007661432999999995
-0.03303999200000002
-0.004309566999999959
0.024420858000000045
0.026815057999999947
0.02920925799999996
0.013886367999999982
-0.0014365219999999956
-0.016759411999999974
-0.03208230200000001
-0.047405191999999985
0.03878605800000001
-0.03782839199999999
0.048362858000000064
0.010055633000000008
-0.028251591999999992
0.005267232999999982
0.03878605800000001
0.012449828000000052
-0.01388640200000002
-0.03782840700000001
-0.061770412
-0.011492177000000048
0.03878605800000001
0.01894838657142861
-0.0008892848571427914
-0.020726956285714304
-0.040564627714285706
-0.06040229914285711
-0.08023997057142851
-0.10007764199999997
0.048362858000000064
-0.018674796999999965
0.091458488
0.0004788230000000171
-0.09050084199999997
0.01005560800000005
0.11061205799999996
0.057939658000000005
0.005267258000000052
0.002074971333333342
-0.0011173153333332575
-0.004309601999999968
-0.004309595571428515
-0.004309589142857173
-0.00430958271428572
-0.004309576285714267
-0.004309569857142814
-0.004309563428571472
-0.004309557000000019
0.06272809800000001
-0.028251591999999937
-0.028251591999999992
-0.028251591999999992
-0.028251591999999992
-0.016280579499999948
-0.004309566999999959
0.00766144550000003
0.01963245800000002
-0.007501831999999986
-0.03463612199999999
-0.061770412
0.017238238000000017
0.09624688800000003
-0.10486604199999999
0.07230489800000006
0.041180278000000015
0.010055657999999967
-0.009097958666666628
-0.028251575333333334
-0.047405191999999985
0.091458488
0.07669424383333334
0.06192999966666668
0.04716575550000002
0.032401511333333355
0.017637267166666692
0.00287302300000003
-0.011891221166666632
-0.02665546533333335
-0.04141970950000001
-0.056183953666666675
-0.07094819783333334
-0.085712442
0.017238252999999926
-0.009098001999999994
-0.03064577700000004
0.048362858000000064
-0.03303999200000002
-0.03543419200000003
-0.03782839199999999
-0.040222592
-0.042616792000000014
-0.009098001999999994
0.0004788279999999867
0.010055657999999967
-0.06655881199999997
-0.020270908666666587
0.026016994666666737
0.07230489800000006
-0.0019153569999998954
-0.07613561199999996
0.048362858000000064
0.024420858000000045
0.00047885800000002643
-0.010295054500000012
-0.02106896699999994
-0.031842879499999976
-0.042616792000000014
-0.004309561999999989
0.033997668000000036
0.07230489800000006
0.0052672430000000325
-0.009097974499999939
-0.023463191999999966
-0.023463191999999966
-0.023463191999999966
0.026815052999999978
0.07709329799999998
-0.006703772000000052
-0.09050084199999997
-0.006703772000000052
0.07709329799999998
0.017238252999999926
-0.042616792000000014
-0.025857397000000004
-0.009098001999999994
0.01963242799999998
0.048362858000000064
-0.028251591999999937
-0.10486604199999999
-0.01388637199999998
0.07709329799999998
0.01244983799999999
-0.052193621999999995
-0.03543421200000002
-0.018674802000000046
0.007661428000000026
0.033997657999999986
-0.016280576999999963
-0.06655881199999997
-0.006703777000000022
0.05315125799999998
0.027613107999999942
0.0020749580000000156
-0.023463191999999966
-0.023463191999999966
0.0028730329999999693
0.02920925799999996
-0.004309566999999959
-0.03782839199999999
-0.009097966999999985
0.01963245800000002
0.017238258000000006
0.014844057999999993
0.003671104666666647
-0.0075018486666666995
-0.018674802000000046
-0.012518279142857192
-0.006361756285714337
-0.00020523342857148297
0.005951289428571482
0.012107812285714337
0.01826433514285719
0.024420858000000045
-0.028251591999999992
0.007661428000000026
-0.009098001999999994
0.014844057999999993
0.00047885800000002643
-0.007182591999999932
-0.014844042000000002
-0.02250549199999996
-0.030166941999999974
-0.03782839199999999
-0.009097966999999985
0.01963245800000002
0.005267258000000052
-0.03303999200000002
0.007661432999999995
0.048362858000000064
0.010055633000000008
-0.028251591999999992
-0.009097966999999985
0.010055657999999967
0.014844057999999993
-0.011492166999999998
-0.03782839199999999
-0.017078641999999977
0.003671108000000034
0.024420858000000045
0.0028730279999999997
-0.018674802000000046
-0.0019153720000000263
0.014844057999999993
-0.004309601999999968
-0.0019153720000000263
0.00047885800000002643
-0.004309550333333356
-0.009097958666666628
-0.01388636700000001
-0.018674775333333282
-0.023463183666666665
-0.028251591999999992
0.03878605800000001
-0.023463191999999966
-0.021924061642857096
-0.02038493128571428
-0.018845800928571355
-0.01730667057142854
-0.015767540214285725
-0.014228409857142799
-0.012689279499999984
-0.011150149142857169
-0.009611018785714243
-0.008071888428571428
-0.006532758071428502
-0.004993627714285687
-0.0034544973571428716
-0.0019153669999999456
-0.00037623664285713065
0.0011628937142857954
0.0027020240714286103
0.004241154428571425
0.005780284785714351
0.007319415142857166
0.008858545499999981
0.010397675857142907
0.011936806214285722
0.013475936571428537
0.015015066928571463
0.01655419728571428
0.018093327642857204
0.01963245800000002
0.00047885800000002643
-0.011492202000000007
0.03878605800000001
-0.023463191999999966
0.00047885800000002643
0.00047882800000009773
-0.004309601999999968
0.024420858000000045
0.011651771333333394
-0.0011173153333333685
-0.01388640200000002
-0.004309571999999928
-0.001117295333333268
0.002074981333333392
0.005267258000000052
-0.0019153720000000263
-0.009098001999999994
0.014844057999999993
-0.009098001999999994
-0.01388640200000002
-0.012290263666666634
-0.01069412533333336
-0.009097986999999974
-0.0075018486666665884
-0.005905710333333314
-0.004309571999999928
0.014844057999999993
-0.004309601999999968
0.00047885800000002643
-0.0004788279999999867
-0.0014365139999999998
-0.002394200000000013
-0.003351886000000026
-0.004309571999999928
-0.005267257999999941
-0.0062249439999999545
-0.007182629999999968
-0.00814031599999998
-0.009098001999999994
-0.009098001999999994
-0.009098001999999994
-0.009098001999999994
-0.009098001999999994
-0.004309601999999968
0.00047882800000009773
0.005267258000000052
0.005267258000000052
0.005267258000000052
0.005267258000000052
0.005267258000000052
0.005267258000000052
0.00047882800000009773
-0.004309601999999968
-0.009098001999999994
0.005267258000000052
-0.004309571999999928
-0.003112464499999912
-0.0019153569999998954
-0.00071824949999999
0.00047885800000002643
0.005267258000000052
-0.01388640200000002
0.01244985799999998
-0.009098001999999994
-0.009098001999999994
-0.009098001999999994
0.005267258000000052
0.00047885800000002643
0.00047885800000002643
-0.0019153720000000263
0.00047885800000002643
0.0012769246666667344
0.0020749913333333314
0.0028730580000000394
0.0036711246666667474
0.004469191333333344
0.005267258000000052
-0.004309601999999968
-0.0038307604999999745
-0.003351918999999981
-0.0028730774999999875
-0.002394235999999994
-0.0019153945000000006
-0.001436553000000007
-0.0009577115000000136
-0.0004788700000000201
-2.8500000026632222e-08
0.00047881299999996685
0.0009576545000000714
0.0014364960000000648
0.0019153375000000583
0.002394179000000052
0.0028730205000000453
0.0033518620000000388
0.0038307035000000322
0.004309545000000026
0.004788386500000019
0.005267228000000013
0.005746069500000006
0.006224911
0.006703752499999993
0.007182593999999987
0.00766143549999998
0.008140276999999974
0.008619118499999967
0.00909795999999996
0.009576801499999954
0.010055643000000059
0.010534484500000052
0.011013326000000045
0.011492167500000039
0.011971009000000032
0.012449850500000026
0.01292869200000002
0.013407533500000013
