-0.010534493000000034
-0.01532289300000006
-0.02011129300000003
-0.00814028299999997
0.0038307269999999782
-0.0009576729999999922
-0.00814028299999997
-0.015322893000000004
-0.01053448899999998
-0.005746085000000012
-0.000957680999999988
0.0038307229999999803
0.008619127000000004
0.0014365169999999705
-0.005746093000000008
-0.010534493000000034
-0.007342223000000037
-0.0041499530000000395
-0.0009576830000000425
0.00223458700000001
0.005426857000000007
0.008619127000000004
0.008619127000000004
0.0014365270000000208
-0.005746093000000008
-0.003351883
-0.0009576729999999922
-0.0009576729999999922
-0.0009576729999999922
-0.0009576729999999922
-0.00015960633333333973
0.0006384603333333128
0.0014365270000000208
0.0022345936666666733
0.0030326603333333257
0.0038307270000000337
0.004628793666666686
0.005426860333333339
0.006224926999999991
0.007022993666666644
0.007821060333333352
0.008619127000000004
-0.0009576729999999922
-0.002553819666666679
-0.0033518830000000555
0.013407526999999975
0.01067129557142854
0.007935064142857107
0.005198832714285673
0.0024626012857142943
-0.0002736301428571397
-0.0030098615714285737
-0.005746093000000008
-0.010534493000000034
-0.005746093000000008
-0.003351883
-0.002154778000000024
-0.0009576729999999922
-0.010534482999999983
-0.02011129300000003
-0.0194272358571429
-0.018743178714285713
-0.018059121571428582
-0.01737506442857145
-0.01669100728571432
-0.016006950142857135
-0.015322893000000004
-0.02011129300000003
-0.02011129300000003
-0.015322893000000004
-0.012130626333333339
-0.008938359666666673
-0.005746093000000008
-0.005746093000000008
-0.010534493000000034
-0.015322893000000004
-0.012130626333333339
-0.008938359666666673
-0.005746093000000008
-0.005746093000000008
-0.005746093000000008
-0.005746093000000008
-0.005746093000000008
-0.005746093000000008
-0.005746093000000008
-0.005746093000000008
-0.005746088000000038
-0.005746083000000013
-0.010534488000000009
-0.015322893000000004
-0.005746083000000013
0.0038307269999999782
0.00023942199999998914
-0.0033518830000000555
-0.0069431880000000445
-0.010534493000000034
-0.0009576729999999922
-0.0038307169999999835
-0.006703760999999975
-0.009576805000000022
-0.012449849000000013
-0.015322893000000004
-0.010534493000000034
-0.0057460863333333445
-0.0009576796666667109
0.0038307269999999782
0.0038307269999999782
0.0038307269999999782
0.000957682999999987
-0.0019153610000000043
-0.004788405000000051
-0.007661449000000042
-0.010534493000000034
0.013407526999999975
0.0038307269999999782
0.0038307269999999782
0.0038307269999999782
0.0038307270000000337
0.0038307270000000337
0.0038307270000000337
0.008619127000000004
-0.010534493000000034
0.0014365169999999705
0.013407526999999975
0.006224926999999991
-0.0009576729999999922
-0.002154778000000024
-0.003351883
-0.004548987999999976
-0.005746093000000008
-0.0009576729999999922
-0.0009576729999999922
0.0038307270000000337
0.008619127000000004
0.0006384536666666496
-0.0073422196666666495
-0.015322893000000004
-0.015322893000000004
-0.015322893000000004
-0.012928693000000047
-0.010534493000000034
-0.005746093000000008
-0.006344642999999983
-0.006943193000000014
-0.007541743000000045
-0.00814029300000002
-0.008738842999999996
-0.009337393000000027
-0.009935943000000058
-0.010534493000000034
-0.010534493000000034
-0.0009576830000000425
-0.010534493000000034
-0.008140289666666689
-0.0057460863333334
-0.0033518830000000555
-0.0041499530000000395
-0.004948023000000024
-0.005746093000000008
-0.005746093000000008
-0.005746093000000008
-0.005746093000000008
-0.024899693
-0.015322893000000004
-0.0073422196666666495
0.0006384536666666496
0.008619127000000004
-0.0009576830000000425
-0.010534493000000034
-0.013726759666666699
-0.016919026333333365
-0.02011129300000003
0.008619127000000004
-0.0009576729999999922
-0.005746083000000013
-0.010534493000000034
-0.0057460863333333445
-0.0009576796666667109
0.0038307269999999782
-0.005746093000000008
-0.005746093000000008
-0.005746093000000008
-0.005746093000000008
-0.010534493000000034
-0.0069431880000000445
-0.0033518830000000555
0.00023942199999998914
0.0038307269999999782
-0.0009576729999999922
-0.005746093000000008
0.0038307169999999835
0.013407526999999975
0.0070229869999999806
0.0006384469999999864
-0.005746093000000008
-0.003351888000000025
-0.0009576830000000425
0.0014365219999999956
0.0038307269999999782
-0.0009576729999999922
-0.0009576729999999922
0.0038307269999999782
0.0038307269999999782
0.0038307269999999782
0.0038307269999999782
-0.015322893000000004
-0.015322893000000004
-0.015322893000000004
-0.015322893000000004
-0.013726759666666699
-0.012130626333333339
-0.010534493000000034
-0.005746093000000008
-0.010534493000000034
0.008619127000000004
0.005746083000000013
0.0028730390000000217
-5.000000025123796e-09
-0.0028730490000000164
-0.005746093000000008
0.008619127000000004
-0.015322893000000004
-0.01628057300000002
-0.017238253000000037
-0.018195932999999997
-0.019153613000000014
-0.02011129300000003
-0.0009576729999999922
-0.00015960633333333973
0.0006384603333333128
0.0014365270000000208
0.0022345936666666733
0.0030326603333333257
0.0038307269999999782
-0.015322893000000004
-0.005746083000000013
-0.005746093000000008
-0.005746090500000023
-0.005746088000000038
-0.005746085499999998
-0.005746083000000013
-0.010534493000000034
-0.008619131000000058
-0.006703769000000026
-0.0047884069999999945
-0.0028730450000000185
-0.0009576830000000425
0.0009576789999999891
0.0028730410000000206
0.004788402999999997
0.006703764999999973
0.008619127000000004
0.0014365169999999705
-0.005746093000000008
0.011013326999999962
-0.0009576830000000425
0.0046287869999999676
0.010215256999999978
0.015801726999999988
0.0066239536666666265
-0.002553819666666679
-0.011731592999999985
-0.020909366333333346
-0.030087139666666707
-0.03926491300000001
0.0038307169999999835
-0.0033518780000000303
-0.006943185500000004
-0.010534493000000034
-0.01532289300000006
-0.02011129300000003
-0.0009576830000000425
0.018195927
0.013407526999999975
0.008619127000000004
0.004894813666666664
0.0011705003333333241
-0.002553813000000016
-0.006278126333333356
-0.01000243966666664
-0.01372675299999998
-0.01745106633333332
-0.02117537966666666
-0.024899693
0.006224926999999991
-0.0009576729999999922
-0.007342216333333318
-0.013726759666666699
-0.020111303000000025
-0.005746088000000038
0.008619127000000004
-0.0009576830000000425
-0.010534493000000034
-0.005746083000000013
-0.0009576729999999922
-0.0009576729999999922
-0.0009576729999999922
-0.002553813000000016
-0.004149952999999984
-0.005746093000000008
-0.04884171300000001
-0.02968809966666669
-0.010534486333333315
0.008619127000000004
-0.04405331300000004
-0.02011129300000003
0.0038307269999999782
0.008619126999999949
0.013407526999999975
0.018195927
0.02298432699999997
0.013407522999999977
0.0038307189999999824
-0.005746085000000012
-0.015322889000000006
-0.024899693
0.0014365419999999851
-0.005746093000000008
-0.004149952999999984
-0.002553813000000016
-0.0009576729999999922
-0.024899693
0.008619127000000004
-0.005746083000000013
-0.02011129300000003
-0.01532289300000006
-0.010534493000000034
-0.013194717444444504
-0.015854941888888918
-0.018515166333333388
-0.021175390777777803
-0.023835615222222273
-0.026495839666666687
-0.029156064111111157
-0.03181628855555557
-0.03447651300000004
-0.005746083000000013
0.020590127000000014
-0.029688073000000037
0.011013336999999956
0.05171474699999998
0.03940170985714281
0.027088672714285666
0.014775635571428525
0.002462598428571383
-0.009850438714285759
-0.0221634758571429
-0.03447651300000004
0.013407526999999975
-0.03447651300000004
-0.005746093000000008
0.02298432699999997
-0.029688073000000037
-0.010534493000000034
-0.01532289300000006
-0.02011129300000003
-0.01851515966666667
-0.016919026333333365
-0.01532289300000006
-0.013726759666666699
-0.012130626333333339
-0.010534493000000034
-0.003351883
0.0008379694999999798
0.005027822000000015
0.009217674499999995
0.013407526999999975
-0.012928693000000047
-0.023702603000000044
-0.03447651300000004
-0.012928693000000047
0.008619127000000004
0.011013326999999962
0.013407526999999975
0.006703762999999974
-1.0000000272292198e-09
-0.006703765000000028
-0.013407529000000029
-0.02011129300000003
-0.011218543000000025
-0.0023257930000000204
0.006566956999999984
0.01545970699999999
0.024352456999999994
0.033245207
0.042137956999999976
-0.017717093000000017
-0.02250548300000005
0.013407526999999975
-0.005746093000000008
-0.0021547880000000186
0.0014365169999999705
0.005027822000000015
0.008619127000000004
0.0004104355714285579
-0.007798255857142833
-0.01600694728571428
-0.024215638714285725
-0.03242433014285717
-0.04063302157142856
-0.04884171300000001
0.03256115700000001
-0.024899693
0.013407526999999975
-0.012928693000000047
0.046926356999999974
0.024181439499999957
0.0014365219999999401
-0.02130839550000002
-0.04405331300000004
-0.027293903000000064
-0.010534493000000034
-0.020111283000000035
-0.029688073000000037
-0.003351873000000005
0.02298432699999997
0.011811386999999951
0.0006384469999999864
-0.010534493000000034
-0.006703769000000026
-0.0028730450000000185
0.0009576789999999891
0.004788402999999997
0.008619127000000004
0.0014365169999999705
-0.0027533355000000093
-0.006943187999999989
-0.011133040500000024
-0.015322893000000004
-0.015322893000000004
-0.005746093000000008
-0.008938359666666673
-0.012130626333333339
-0.015322893000000004
-0.01851515966666667
-0.021707426333333335
-0.024899693
-0.012928693000000047
-0.008439565500000024
-0.003950438000000056
0.000538689499999967
0.0050278169999999345
0.009516944499999958
0.01400607199999998
0.018495199499999948
0.02298432699999997
-0.022505492999999988
-0.003351883
0.008619127000000004
-0.005746093000000008
-0.015322893000000004
-0.024899693
-0.012130619666666675
0.0006384536666666496
0.013407526999999975
-0.005746083000000013
-0.024899693
-0.016519987999999985
-0.00814028299999997
0.00023942199999998914
0.008619127000000004
-0.02011129300000003
0.03256115700000001
-0.024899693
0.011013331999999987
0.046926356999999974
0.03375824449999998
0.020590131999999983
0.007422019499999988
-0.005746093000000008
-0.029688073000000037
0.011013336999999956
0.05171474699999998
-0.058418513000000005
-0.05232418209090911
-0.04622985118181816
-0.040135520272727265
-0.03404118936363637
-0.027946858454545476
-0.021852527545454525
-0.01575819663636363
-0.009663865727272736
-0.003569534818181841
0.0025247960909091094
0.008619127000000004
-0.005746083000000013
-0.005746083000000013
0.013407526999999975
0.003830721999999953
-0.0043779687142857515
-0.012586659428571456
-0.020795350142857216
-0.02900404085714292
-0.037212731571428626
-0.04542142228571433
-0.053630113000000035
-0.022505492999999988
0.008619127000000004
-0.005746083000000013
-0.0009576729999999922
0.0038307270000000337
0.008619127000000004
0.008619127000000004
0.008619127000000004
-0.02011129300000003
-0.010534484666666677
-0.0009576763333333793
0.008619131999999974
0.018195940333333327
0.027772748666666625
0.03734955699999998
-0.04405331300000004
0.018195927
0.009816221999999986
0.0014365169999999705
-0.006943187999999989
-0.015322893000000004
-0.005746093000000008
-0.02011129300000003
0.027772726999999997
-0.0009576729999999922
-0.009337383000000032
-0.017717093000000017
-0.026096803000000002
-0.03447651300000004
0.042137956999999976
0.015003666999999998
-0.012130623000000007
-0.03926491300000001
-0.026495833000000024
-0.01372675299999998
-0.0009576729999999922
-0.010534493000000034
-0.010534493000000034
-0.012130626333333339
-0.013726759666666699
-0.015322893000000004
-0.00893835300000001
-0.002553813000000016
0.0038307269999999782
0.003351886999999998
0.002873046999999962
0.0023942069999999815
0.0019153670000000012
0.0014365270000000208
0.0009576869999999849
0.00047884700000000446
7.000000024071085e-09
-0.00047883300000001183
-0.0009576729999999922
-0.0009576729999999922
-0.0009576729999999922
-0.0009576729999999922
-0.003351877999999975
-0.005746083000000013
-0.0009576830000000425
-0.0009576729999999922
-0.017717093000000017
-0.011218547285714309
-0.0047200015714286
0.001778544142857108
0.008277089857142872
0.01477563557142858
0.02127418128571429
0.027772726999999997
-0.010534493000000034
-0.0009576830000000425
0.003830721999999953
0.008619127000000004
0.0014365219999999956
-0.005746083000000013
-0.012928688000000021
-0.02011129300000003
-0.016691004428571465
-0.0132707158571429
-0.009850427285714336
-0.006430138714285716
-0.003009850142857151
0.00041043842857141355
0.0038307269999999782
-0.0009576729999999922
-0.00814028299999997
-0.010534493000000034
-0.005746093000000008
-0.005746093000000008
0.0014365169999999705
0.008619127000000004
-0.0009576830000000425
-0.010534493000000034
-0.010969802090909142
-0.011405111181818195
-0.011840420272727303
-0.012275729363636412
-0.012711038454545465
-0.013146347545454573
-0.013581656636363626
-0.014016965727272734
-0.014452274818181843
-0.014887583909090896
-0.015322893000000004
0.013407526999999975
-0.012928693000000047
0.0038307269999999782
-0.005746093000000008
-0.005746093000000008
-0.005746093000000008
-0.005746093000000008
-0.005746093000000008
-0.0009576729999999922
0.00023942700000001427
0.0014365270000000208
0.0026336269999999717
0.0038307269999999782
0.0038307269999999782
0.0038307269999999782
-0.005746093000000008
-0.006703773000000024
-0.00766145300000004
-0.008619133000000001
-0.009576813000000017
