-0.018435199999998986
-0.02322369999999907
-0.0184356999999995
-0.013646700000000678
-0.01604120000000009
-0.0184356999999995
-0.016383414285714437
-0.014331128571427598
-0.012278842857142536
-0.010226557142857473
-0.00817427142857241
-0.006121985714285572
-0.004069700000000509
-0.004070199999999247
-0.00646419999999992
-0.009457075000000259
-0.012449950000000598
-0.01544282499999916
-0.0184356999999995
-0.0184356999999995
-0.0184356999999995
-0.013646700000000678
-0.013646700000000678
-0.013646700000000678
-0.013646700000000678
-0.016519699999999915
-0.01939270000000093
-0.022265700000000166
-0.02513870000000118
-0.028011700000000417
-0.013646700000000678
0.003112300000001511
-0.02322369999999907
-0.016839033333333475
-0.010454366666666104
-0.004069700000000509
-0.011252700000000004
-0.0184356999999995
-0.020031811111110187
-0.021627922222220874
-0.023224033333333338
-0.024820144444444026
-0.026416255555554713
-0.0280123666666654
-0.029608477777777864
-0.03120458888888855
-0.03280069999999924
-0.0184356999999995
-0.011252700000000004
-0.0184356999999995
-0.020829700000000173
-0.02322369999999907
-0.020829700000000173
-0.0184356999999995
0.015083300000000577
0.003112300000001511
-0.008858699999999331
-0.01005569999999878
-0.011252700000000004
-0.01244970000000123
-0.013646700000000678
-0.022026450000000253
-0.030406199999999828
-0.031603449999998645
-0.03280069999999924
-0.025618200000000257
-0.0184356999999995
-0.006464699999998658
0.005506300000000408
0.0007182999999990614
-0.004069700000000509
-0.0035909000000007296
-0.0031121000000009502
-0.0026332999999993945
-0.002154499999999615
-0.0016756999999998357
-0.0011969000000000563
-0.0007181000000002769
-0.0002392999999987211
0.0002395000000010583
0.0007183000000008377
-0.008858699999999331
-0.0184356999999995
-0.013646700000000678
-0.013646700000000678
-0.004069700000000509
-0.004069700000000509
-0.008858699999999331
-0.0040703666666654925
0.0007179666666665696
0.005506300000000408
-0.002474366666666228
-0.010455033333332864
-0.0184356999999995
0.0007183000000008377
-0.008858699999999331
-0.004069700000000509
-0.004069700000000509
-0.004069700000000509
-0.00885836666666684
-0.01364703333333317
-0.0184356999999995
-0.020829700000000173
-0.02322369999999907
-0.028011700000000417
-0.028011700000000417
-0.028011700000000417
-0.028011700000000417
-0.02322369999999907
-0.017238199999999537
-0.011252700000000004
-0.005267199999998695
0.0007183000000008377
0.0007183000000008377
-0.0028729500000004293
-0.00646419999999992
-0.01005544999999941
-0.013646700000000678
-0.008858699999999331
-0.008858699999999331
-0.008858699999999331
-0.008858699999999331
-0.007262366666665798
-0.005666033333334042
-0.004069700000000509
0.0007182999999990614
0.005506300000000408
-0.04237769999999941
-0.03280069999999924
-0.02960836666666644
-0.026416033333331868
-0.02322369999999907
-0.013646700000000678
-0.011252700000000004
-0.008858699999999331
-0.03280069999999924
-0.030406449999999197
-0.028012199999999154
-0.025617949999999112
-0.02322369999999907
-0.017238199999999537
-0.011252700000000004
-0.005267199999998695
0.0007183000000008377
0.01268930000000168
0.024660300000000746
-0.004070199999999247
-0.01364694999999827
-0.02322369999999907
-0.01604120000000009
-0.008858699999999331
-0.01364703333333317
-0.01843536666666523
-0.02322369999999907
-0.02322369999999907
-0.02322369999999907
-0.02322369999999907
-0.02322369999999907
-0.02322369999999907
-0.02322369999999907
-0.0184356999999995
-0.03280069999999924
-0.029807949999998584
-0.026815199999999706
-0.02382244999999905
-0.020829700000000173
-0.01783694999999952
-0.014844199999998864
-0.011851449999999986
-0.008858699999999331
-0.004069700000000509
0.003112300000001511
-0.008858699999999331
-0.016839366666665967
-0.024820033333332603
-0.03280069999999924
-0.030406199999999828
-0.028011700000000417
-0.008858699999999331
0.0007182999999990614
0.003910633333331859
0.007102966666666433
0.01029529999999923
0.005506300000000408
0.003112300000001511
0.0007183000000008377
-0.004070199999999247
-0.008858699999999331
-0.013647199999999415
-0.0184356999999995
-0.0184356999999995
-0.01604120000000009
-0.013646700000000678
-0.03280069999999924
-0.018435199999998986
-0.004069700000000509
-0.0072620333333333065
-0.01045436666666788
-0.013646700000000678
-0.004069700000000509
-0.01604070000000135
-0.028011700000000417
-0.018435199999998986
-0.008858699999999331
-0.008858699999999331
-0.008858699999999331
-0.008858699999999331
-0.0016761999999985733
0.005506300000000408
0.0023143000000001024
-0.0008777000000002033
-0.004069700000000509
-0.008858699999999331
0.0007183000000008377
-0.013646699999998901
-0.028011700000000417
-0.03998269999999948
-0.051953700000000325
-0.04596820000000079
-0.03998269999999948
-0.03399719999999995
-0.028011700000000417
-0.022026200000000884
-0.01604070000000135
-0.010055200000000042
-0.004069700000000509
-0.006463950000000551
-0.008858200000000593
-0.011252450000000636
-0.013646700000000678
0.029448300000000316
0.007102966666666433
-0.013646700000000678
0.0007183000000008377
-0.011252700000000004
-0.02322369999999907
-0.02162753333333356
-0.020031366666666273
-0.018435199999998986
-0.016839033333333475
-0.015242866666667965
-0.013646700000000678
-0.037588700000000586
0.024660300000000746
0.0007183000000008377
0.024660300000000746
-0.008858699999999331
-0.04237769999999941
-0.03184309999999968
-0.021308499999999952
-0.010773900000000225
-0.00023930000000049745
0.01029529999999923
-0.04237769999999941
-0.020031699999998764
0.0023143000000001024
0.024660300000000746
-0.06631969999999932
-0.008858699999999331
-0.028011700000000417
0.005506799999999146
0.039025300000000485
-0.00646419999999992
-0.051953700000000325
-0.04237720000000067
-0.03280069999999924
-0.03280069999999924
-0.03280069999999924
0.017477799999999988
0.06775629999999921
0.017477799999999988
-0.03280069999999924
-0.044771699999998305
-0.05674269999999915
-0.07110770000000066
-0.03758903333333308
-0.004070366666667269
0.029448300000000316
-0.0016761999999985733
-0.03280069999999924
-0.025618200000000257
-0.0184356999999995
-0.047165700000000754
-0.07589570000000023
-0.04237720000000067
-0.008858699999999331
-0.00646419999999992
-0.004069700000000509
0.0198722999999994
0.04381429999999931
0.024660633333333237
0.005506966666665392
-0.013646700000000678
-0.0184356999999995
0.034237300000000914
0.039025800000001
0.04381429999999931
0.03264129999999987
0.021468299999998663
0.01029529999999923
-0.0008777000000002033
-0.012050699999999637
-0.02322369999999907
0.034237300000000914
0.015083799999999314
-0.004069700000000509
0.015083799999999314
0.034237300000000914
-0.013646699999998901
-0.06153070000000049
-0.05195420000000084
-0.04237769999999941
-0.028011700000000417
-0.02481970000000011
-0.021627699999999805
-0.0184356999999995
-0.03280069999999924
-0.047165700000000754
-0.04477170000000008
-0.04237769999999941
-0.047165700000000754
-0.051953700000000325
-0.03599236666666705
-0.02003103333333378
-0.004069700000000509
-0.037588700000000586
-0.0328002000000005
-0.028011700000000417
-0.04237769999999941
-0.0016761999999985733
0.039025300000000485
0.0007182999999990614
-0.037588700000000586
-0.02481970000000011
-0.012050699999999637
0.0007183000000008377
-0.01604120000000009
-0.03280069999999924
-0.04956019999999839
-0.06631969999999932
0.029448300000000316
-0.047165700000000754
0.01029529999999923
-0.02322369999999907
-0.05674269999999915
-0.011252700000000004
0.034237300000000914
-0.00646419999999992
-0.047165700000000754
-0.00646419999999992
0.034237300000000914
0.010295300000001006
-0.013646700000000678
-0.037588700000000586
-0.013646700000000678
0.010295300000001006
0.034237300000000914
-0.028011700000000417
-0.021627200000001068
-0.015242699999999942
-0.008858200000000593
-0.0024737000000012443
0.003910799999999881
0.01029529999999923
-0.051953700000000325
-0.039982866666667505
-0.02801203333333291
-0.01604120000000009
-0.008858700000001107
-0.004070366666667269
0.0007179666666665696
0.005506300000000408
0.007102633333333941
0.008698966666665697
0.01029529999999923
0.034237300000000914
-0.02322369999999907
-0.0016756999999998357
0.0198722999999994
-0.004069700000000509
-0.028011700000000417
-0.015242699999999942
-0.0024737000000012443
0.01029529999999923
-0.047165700000000754
-0.03663129999999981
-0.026096900000000645
-0.015562499999999702
-0.005028100000000535
0.005506300000000408
-0.0184356999999995
0.024660300000000746
-0.00646419999999992
-0.037588700000000586
0.0007183000000008377
0.003112300000001511
0.005506300000000408
0.0007179666666665696
-0.0040703666666654925
-0.008858699999999331
-0.037588700000000586
-0.030884900000000215
-0.024181099999999844
-0.01747730000000125
-0.01077350000000088
-0.004069700000000509
-0.01604070000000135
-0.028011700000000417
-0.013646700000000678
-0.047165700000000754
0.01029529999999923
-0.00646419999999992
-0.02322369999999907
-0.004070199999999247
0.015083300000000577
-0.0016761999999985733
-0.0184356999999995
-0.0056663666666665335
0.007102966666666433
0.0198722999999994
0.008699299999999965
-0.0024737000000012443
-0.013646700000000678
0.0198722999999994
-0.008858200000000593
-0.037588700000000586
-0.028011700000000417
-0.02322369999999907
-0.0184356999999995
-0.008858699999999331
0.0007183000000008377
-0.03280069999999924
-0.02960836666666644
-0.026416033333331868
-0.02322369999999907
-0.01604120000000009
-0.008858699999999331
-0.0016761999999985733
0.005506300000000408
0.024660300000000746
0.029448300000000316
0.019871585714286155
0.010294871428571994
0.0007181571428578337
-0.008858557142858103
-0.018435271428572264
-0.028011985714286425
-0.037588700000000586
-0.018435199999998986
-0.02561786666666599
-0.03280053333333122
-0.03998319999999822
-0.03280069999999924
-0.02561819999999848
-0.0184356999999995
-0.03280069999999924
0.003112300000001511
0.039025300000000485
-0.02322369999999907
-0.011252700000000004
0.0007183000000008377
-0.018435199999998986
-0.037588700000000586
0.06296730000000039
0.003112300000001511
-0.05674269999999915
-0.04397369999999867
-0.031204699999999974
-0.0184356999999995
-0.023223950000000215
-0.028012199999999154
-0.03280044999999987
-0.037588700000000586
0.029448300000000316
-0.047165700000000754
-0.031204366666667482
-0.015243033333332434
0.0007183000000008377
-0.037588700000000586
0.0007182999999990614
0.039025300000000485
0.005506300000000408
0.007102633333333941
0.008698966666665697
0.01029529999999923
-0.004069950000001654
-0.018435200000000762
-0.03280044999999987
-0.047165700000000754
-0.032002366666667115
-0.016839033333333475
-0.0016756999999998357
-0.004069700000000509
-0.008259575000000297
-0.012449450000000084
-0.01663932499999987
-0.020829200000001435
-0.025019075000001223
-0.02920895000000101
-0.0333988250000008
-0.037588700000000586
-0.013646700000000678
-0.013646700000000678
0.024660300000000746
0.023064188888890058
0.021468077777777594
0.019871966666666907
0.01827585555555622
0.016679744444443756
0.015083633333333069
0.013487522222222381
0.011891411111109917
0.01029529999999923
-0.0016756999999998357
-0.013646699999998901
-0.020031366666666273
-0.03519469999999991
-0.005267199999998695
0.024660300000000746
0.003112300000001511
-0.0184356999999995
-0.012963128571428228
-0.007490557142856957
-0.002017985714285686
0.003454585714285585
0.008927157142856856
0.014399728571428128
0.0198722999999994
-0.004070199999999247
0.01029529999999923
-0.007262366666667575
-0.024820033333332603
-0.04237769999999941
-0.028012199999999154
-0.013646700000000678
-0.02561770000000152
-0.037588700000000586
-0.004069700000000509
-0.008858200000000593
-0.013646700000000678
-0.022026450000000253
-0.030406200000001604
-0.03878595000000118
-0.047165700000000754
-0.013646700000000678
0.005506300000000408
0.007900799999999819
0.01029529999999923
-0.018435200000000762
-0.047165700000000754
-0.037588949999999954
-0.028012199999999154
-0.01843545000000013
-0.008858699999999331
-0.03280069999999924
-0.05674269999999915
-0.0184356999999995
-0.051953700000000325
-0.026415699999999376
-0.0008777000000002033
0.024660300000000746
-0.03280069999999924
-0.004070199999999247
0.024660300000000746
0.011891300000000271
-0.0008777000000002033
-0.013646700000000678
0.029448300000000316
0.005506300000000408
-0.0184356999999995
-0.020829700000000173
-0.02322369999999907
-0.020829700000000173
-0.0184356999999995
-0.015243366666666702
-0.012051033333332128
-0.008858699999999331
-0.007661450000000514
-0.00646419999999992
-0.005266949999999326
-0.004069700000000509
-0.0027017000000011393
-0.0013336999999999932
3.4299999999376496e-05
0.0014023000000005226
0.0027702999999998923
0.004138300000001038
0.005506300000000408
-0.008858699999999331
0.024660300000000746
0.017477633333333742
0.010294966666666738
0.003112300000001511
-0.0040703666666654925
-0.011253033333332496
-0.0184356999999995
0.005506300000000408
0.029448300000000316
0.017477299999999474
0.005506300000000408
-0.006464699999998658
-0.0184356999999995
-0.0184356999999995
-0.0184356999999995
-0.008858699999999331
-0.0184356999999995
-0.004069700000000509
-0.028011700000000417
0.01029529999999923
0.017477799999999988
-0.0028729500000004293
-0.02322369999999907
-0.008858699999999331
-0.008260074999999034
-0.007661450000000514
-0.007062825000000217
-0.00646419999999992
-0.005865574999999623
-0.005266949999999326
-0.004668325000000806
-0.004069700000000509
-0.037588700000000586
-0.018435199999998986
-0.014444949999999679
-0.010454699999998596
-0.006464449999999289
-0.002474199999999982
0.0015160500000011012
0.005506300000000408
-0.02322369999999907
-0.008858200000000593
0.0007183000000008377
-0.008858699999999331
-0.0184356999999995
-0.01364703333333317
-0.00885836666666684
-0.004069700000000509
-0.008858699999999331
-0.012689299999999903
-0.016519900000000476
-0.020350499999999272
-0.024181099999999844
-0.028011700000000417
-0.013647199999999415
-0.01364703333333317
-0.013646866666666924
-0.013646700000000678
-0.03280069999999924
