-0.023702149999998312
-0.038067649999998565
-0.04046164999999924
-0.04285564999999991
-0.03327914999999848
-0.023702649999998826
-0.02250540000000001
-0.021308149999999415
-0.02011089999999882
-0.018913650000000004
-0.01651964999999933
-0.014125649999998657
0.00023935000000108175
-0.009336649999999835
-0.006942649999999162
-0.004548649999998489
0.028970350000001588
0.014604850000001335
0.00023935000000108175
-0.00933715000000035
-0.018913650000000004
-0.026096150000000762
-0.03327864999999974
-0.03519404999999942
-0.0371094499999991
-0.039024850000000555
-0.04094025000000023
-0.04285564999999991
-0.04046164999999924
-0.038067649999998565
-0.014125649999998657
-0.06679764999999982
-0.10510464999999947
-0.08595131666666589
-0.06679798333333231
-0.047644649999998734
0.007422350000000577
0.06248934999999989
0.11037335000000148
0.10797910000000144
0.1055848500000014
0.10319060000000135
0.10079635000000131
0.06907310000000066
0.037349850000001794
0.005626600000001147
-0.0260966499999995
-0.06200964999999847
-0.07398064999999932
-0.08595164999999838
-0.09313414999999914
-0.1003166499999999
-0.1003166499999999
-0.1003166499999999
-0.05722064999999965
-0.046686250000000484
-0.03615184999999954
-0.0256174499999986
-0.015083049999999432
-0.004548650000000265
0.005985750000000678
0.01652015000000162
0.027054550000000788
0.037588949999999954
0.0481233500000009
0.09121935000000114
0.11516135000000105
0.00981635000000125
-0.07637464999999999
-0.07637464999999999
-0.059615316666667084
-0.042855983333332404
-0.0260966499999995
-0.025498149999998887
-0.024899649999998275
-0.02430114999999944
-0.023702649999998826
-0.018913983333332496
-0.014125316666666166
-0.009336649999999835
-0.009336649999999835
-0.009336649999999835
0.0026343500000010067
0.014605350000000072
0.02178785000000083
0.028970350000001588
-0.023702649999998826
-0.038067649999998565
-0.05243265000000008
-0.07637464999999999
-0.06679798333333231
-0.05722131666666641
-0.047644649999998734
-0.03687064999999912
-0.0260966499999995
-0.015322649999998106
-0.004548649999998489
0.012210850000000661
0.018196100000000826
0.02418135000000099
0.00023935000000108175
-0.007741316666665554
-0.01572198333333219
-0.023702649999998826
-0.030885149999999584
-0.038067649999998565
-0.038067649999998565
-0.038067649999998565
-0.038067649999998565
-0.038067649999998565
-0.028490649999998396
-0.028490649999998396
-0.028490649999998396
-0.028490649999998396
-0.028490649999998396
-0.028490649999998396
-0.03327864999999974
-0.018913650000000004
0.007422350000000577
0.01340785000000011
0.01939335000000142
0.012210850000000661
0.005028349999999904
0.005986050000000631
0.006943749999999582
0.00790145000000031
0.00885914999999926
0.009816849999999988
0.010774550000000715
0.011732249999999667
0.012689950000000394
0.013647649999999345
0.014605350000000072
-0.05722064999999965
-0.03327914999999848
-0.018913650000000004
-0.01891414999999874
-0.011731399999998615
-0.004548649999998489
-0.005506249999998047
-0.006463849999999383
-0.007421449999998941
-0.008379050000000277
-0.009336649999999835
-0.014125649999998657
-0.009336649999999835
-0.023702649999998826
-0.01891414999999874
-0.014125649999998657
-0.011731149999999246
-0.009336649999999835
-0.018913650000000004
-0.018913650000000004
-0.018913650000000004
-0.016998250000000326
-0.015082850000000647
-0.013167449999999192
-0.011252049999999514
-0.009336649999999835
-0.021307650000000677
-0.03327864999999974
-0.023702649999998826
-0.021906899999999396
-0.02011114999999819
-0.01831539999999876
-0.01651964999999933
-0.014723899999999901
-0.012928150000000471
-0.011132399999999265
-0.009336649999999835
-0.03327864999999974
-0.05243265000000008
-0.018913649999998228
-0.022105983333331025
-0.0252983166666656
-0.028490649999998396
0.00023935000000108175
0.03854734999999998
0.02298485000000028
0.007422350000000577
-0.008140149999999124
-0.023702649999998826
-0.04046164999999924
-0.039663649999999606
-0.0388656499999982
-0.038067649999998565
-0.018913650000000004
-0.00933715000000035
0.00023935000000108175
-0.0069431499999979
-0.014125649999998657
-0.013167849999998538
-0.012210049999998418
-0.011252250000000075
-0.010294449999999955
-0.009336649999999835
0.03375835000000116
0.00981635000000125
-0.023702649999998826
-0.038067649999998565
-0.05243265000000008
-0.04285564999999991
-0.03327864999999974
-0.01412514999999992
0.005028349999999904
0.00023984999999981937
-0.004548650000000265
-0.009337149999998573
-0.014125649999998657
-0.018913650000000004
0.00023935000000108175
0.0026338500000004927
0.005028349999999904
-0.014125649999998657
0.0074223500000023535
0.028970350000001588
0.009816849999999988
-0.009336649999999835
-0.04125931666666638
-0.07318198333333292
-0.10510464999999947
-0.1505946499999986
-0.19608464999999953
-0.16256598333333194
-0.12904731666666613
-0.09552864999999855
-0.06560114999999911
-0.03567364999999967
-0.005746149999998451
0.02418135000000099
0.08403635000000165
0.07086835000000136
0.057700350000001066
-0.1003166499999999
-0.13144115000000056
-0.16256564999999945
-0.13144115000000056
-0.1003166499999999
-0.07757177499999912
-0.05482690000000012
-0.03208202499999935
-0.00933715000000035
0.013407725000000426
0.0361526000000012
0.0588974750000002
0.08164235000000097
0.031364350000000485
0.025778016666667014
0.020191683333333543
0.014605350000000072
0.04333535000000133
-0.009336649999999835
0.0026343500000010067
0.014605350000000072
-0.0009571499999996291
-0.01651964999999933
-0.03208214999999903
-0.047644649999998734
-0.04285614999999865
-0.038067649999998565
-0.03327914999999848
0.06727735000000123
0.014604850000001335
-0.038067649999998565
-0.04525014999999932
-0.05243265000000008
-0.047644149999999996
-0.04285564999999991
-0.020509983333333537
0.0018356833333346145
0.02418135000000099
-0.08595164999999838
-0.06871344999999884
-0.051475249999999306
-0.03423704999999799
-0.016998849999998455
0.00023935000000108175
-0.04285564999999991
-0.05722064999999965
-0.06816564999999919
-0.0791106500000005
-0.09005565000000004
-0.10100064999999958
-0.11194564999999912
-0.12289065000000043
-0.13383564999999997
0.03375835000000116
-0.009336649999999835
-0.09073964999999973
-0.07774264999999936
-0.06474564999999899
-0.05174864999999862
-0.038751650000000026
-0.025754649999999657
-0.012757649999999288
0.00023935000000108175
-0.001128649999998288
-0.002496649999999434
-0.0038646499999988038
-0.00523264999999995
-0.0066006499999993196
-0.007968650000000466
-0.009336649999999835
-0.05243265000000008
-0.08116264999999956
0.0074223500000023535
-0.05243265000000008
-0.06200964999999847
0.005027850000001166
-0.08595164999999838
-0.0775718999999988
-0.06919214999999923
-0.060812399999999656
-0.05243265000000008
0.00023984999999981937
0.052912350000001496
-0.023702649999998826
-0.07637464999999999
-0.06200965000000025
-0.047644649999998734
0.04333535000000133
0.030885550000000705
0.018435750000000084
0.005985950000001239
-0.006463849999999383
-0.018913650000000004
-0.03208189999999966
-0.04525014999999932
-0.05841839999999898
-0.07158664999999864
-0.023702149999998312
-0.038067649999998565
-0.04046164999999924
-0.04285564999999991
-0.07637464999999999
-0.10989365000000006
0.03375835000000116
0.01747775000000118
0.0011971500000012014
-0.015083449999998777
-0.031364049999998755
-0.047644649999998734
-0.0260966499999995
-0.004548649999998489
-0.017317649999998963
-0.030086649999999437
-0.04285564999999991
-0.05562464999999861
-0.06839364999999908
-0.08116264999999956
0.052912350000001496
-0.0021541499999990776
-0.07158664999999864
-0.014125649999998657
-0.0165198999999987
-0.01891414999999874
-0.021308399999998784
-0.023702649999998826
-0.02130831666666566
-0.018913983333332496
-0.01651964999999933
-0.014125316666666166
-0.011730983333333
-0.009336649999999835
-0.07158664999999864
0.014605350000000072
0.00981635000000125
0.00981635000000125
-0.04046164999999924
-0.04135952499999895
-0.04225739999999867
-0.04315527499999838
-0.044053149999999874
-0.04495102499999959
-0.045848899999999304
-0.04674677499999902
-0.047644649999998734
-0.03208214999999903
-0.01651964999999933
-0.028490649999998396
-0.021308149999999415
-0.018177265384615282
-0.015046380769229373
-0.01191549615384524
-0.008784611538461107
-0.005653726923075197
-0.0025228423076910644
0.0006080423076930686
0.0037389269230772015
0.006869811538463111
0.010000696153847244
0.013131580769231377
0.016262465384617286
0.01939335000000142
-0.010534149999998021
-0.04046164999999924
-0.0252983166666656
0.03854734999999998
-0.023702149999998312
-0.08595164999999838
-0.01891414999999874
-0.006144983333332021
0.006624183333334699
0.01939335000000142
0.008220350000001986
-0.002952649999999224
-0.014125649999998657
-0.023702649999998826
-0.02529864999999809
-0.026894649999999132
-0.028490649999998396
-0.018913899999997597
-0.009337149999998573
0.00023960000000045056
0.00981635000000125
0.01939310000000205
0.028969850000001074
0.0385466000000001
0.0481233500000009
-0.03327864999999974
-0.08595164999999838
-0.035673149999999154
0.014605350000000072
-0.06200964999999847
-0.031682983333331194
-0.0013563166666656912
0.028970350000001588
0.005028349999999904
-0.014125649999998657
-0.012529316666665125
-0.010932983333333368
-0.009336649999999835
-0.04046164999999924
-0.07158664999999864
0.01939335000000142
-0.035673149999999154
-0.09073964999999973
-0.06320639999999855
-0.035673149999999154
-0.008139899999999756
0.01939335000000142
-0.07637464999999999
0.03375835000000116
0.00023984999999981937
-0.03327864999999974
0.00023984999999981937
0.03375835000000116
0.028970100000000443
0.024181850000001504
0.019393600000000788
0.014605350000000072
-0.05722064999999965
-0.018913650000000004
-0.033278983333332235
-0.04764431666666624
-0.06200964999999847
-0.04969664999999779
-0.03738364999999888
-0.025070649999998196
-0.012757649999999288
-0.0004446499999986031
0.011868350000000305
0.02418135000000099
-0.035673149999999154
-0.057221150000000165
-0.038067399999999196
-0.018913650000000004
-0.004548650000000265
0.00981635000000125
0.02418135000000099
0.017797016666667886
0.011412683333333007
0.005028349999999904
-0.006942649999999162
-0.018913650000000004
-0.030884650000000846
-0.04285564999999991
-0.03327864999999974
-0.009336649999999835
-0.026096150000000762
-0.04285564999999991
-0.01412514999999992
0.014605350000000072
0.0104153500000006
0.006225350000001129
0.0020353500000016567
-0.0021546499999978153
-0.008140149999999124
-0.014125649999998657
-0.022106316666665293
-0.03008698333333193
-0.038067649999998565
-0.0460483166666652
-0.05402898333333361
-0.06200965000000025
-0.009336649999999835
-0.002952316666666732
0.0034320166666681473
0.00981635000000125
0.005027850000001166
0.00023935000000108175
-0.014125649999998657
-0.028490649999998396
-0.028490649999998396
-0.028490649999998396
-0.028490649999998396
-0.023702649999998826
-0.014125649999998657
-0.00993577499999887
-0.005745899999999082
-0.0015560249999992948
0.002633850000002269
0.006823725000002057
0.011013600000001844
0.015203475000001632
0.01939335000000142
0.00023935000000108175
-0.03088464999999907
-0.05243265000000008
-0.04955964999999907
-0.04668664999999983
-0.043813649999998816
-0.04094064999999958
-0.038067649999998565
-0.03926464999999979
-0.04046164999999924
-0.04165864999999869
-0.04285564999999991
-0.014125649999998657
-0.014125649999998657
-0.009337149999998573
-0.004548649999998489
-0.023702649999998826
