-0.0008379699999999657
-0.002633620000000003
-0.00442926999999993
-0.006224919999999967
-0.008020570000000005
-0.009816219999999931
-0.011611869999999969
-0.013407519999999895
-0.015203169999999933
-0.015203169999999933
-0.005626369999999881
-0.0032321699999999787
-0.005626369999999881
-0.0008379699999999657
-0.007222503333333297
-0.013607036666666628
-0.01999156999999996
-0.019459525555555524
-0.01892748111111109
-0.018395436666666654
-0.01786339222222222
-0.017331347777777673
-0.016799303333333238
-0.016267258888888803
-0.015735214444444368
-0.015203169999999933
-0.009217669999999956
-0.0032321699999999787
-0.010414769999999907
0.008738830000000086
-0.015203169999999933
-0.010414769999999907
-0.009882725555555472
-0.009350681111111037
-0.008818636666666602
-0.008286592222222167
-0.007754547777777621
-0.007222503333333186
-0.006690458888888751
-0.006158414444444316
-0.005626369999999881
0.00395043000000006
0.00395043000000006
-0.0008379699999998547
0.018315630000000138
-0.0008379699999999657
-0.008020570000000005
-0.015203169999999933
-0.017597369999999946
-0.01999156999999996
-0.01699881999999997
-0.014006069999999982
-0.011013319999999993
-0.008020570000000005
-0.005027819999999905
-0.0020350699999999167
0.0009576800000000718
0.00395043000000006
-0.010414769999999907
-0.008020570000000005
-0.005626369999999881
-0.005626369999999881
-0.0008379699999998547
0.00395043000000006
0.00395043000000006
0.00395043000000006
0.00395043000000006
0.00395043000000006
0.00395043000000006
0.00395043000000006
0.00395043000000006
0.00395043000000006
0.00395043000000006
0.00395043000000006
-0.0008379699999999657
-0.015203169999999933
-0.015203169999999933
-0.005626369999999881
-0.015203169999999933
-0.015203169999999933
-0.015203169999999933
-0.015203169999999933
-0.015203169999999933
-0.013607036666666628
-0.012010903333333323
-0.010414769999999907
-0.008818636666666602
-0.007222503333333297
-0.005626369999999881
-0.004030236666666576
-0.0024341033333332707
-0.0008379699999999657
0.0007581633333333393
0.0023542966666667553
0.00395043000000006
-0.005626369999999881
-0.010414769999999907
-0.0008379699999999657
0.008738830000000086
-0.0008379699999998547
-0.0008379699999999657
-0.0008379699999999657
-0.002890141428571358
-0.004942312857142861
-0.006994484285714253
-0.009046655714285645
-0.011098827142857037
-0.01315099857142854
-0.015203169999999933
-0.017597369999999835
-0.015203169999999933
-0.010414769999999907
-0.010414769999999907
-0.010414769999999907
-0.010414769999999907
-0.010414769999999907
0.00395043000000006
0.00347159000000008
0.0029927500000000995
0.002513910000000008
0.0020350700000000277
0.0015562300000000473
0.001077390000000067
0.0005985500000000865
0.0001197099999999951
-0.0003591299999999853
-0.0008379699999999657
0.00395043000000006
0.013527230000000112
-0.005626369999999881
-0.0032321699999999787
-0.0008379699999999657
-0.0013700144444444007
-0.0019020588888888357
-0.0024341033333332707
-0.0029661477777777057
-0.0034981922222221407
-0.004030236666666576
-0.004562281111111011
-0.005094325555555446
-0.005626369999999881
0.00395043000000006
-0.017597369999999835
-0.005626369999999881
0.008738830000000086
-0.0032321699999999787
-0.015203169999999933
-0.008818636666666602
-0.0024341033333332707
0.00395043000000006
0.002582315714285799
0.0012142014285715375
-0.00015391285714272396
-0.0015220271428570964
-0.002890141428571358
-0.004258255714285619
-0.005626369999999881
-0.0008379699999999657
-0.0032321699999999787
0.013527230000000112
-0.0008379699999999657
-0.0008379699999999657
-0.0008379699999999657
0.00395043000000006
0.008738830000000086
0.008206785555555651
0.007674741111111216
0.007142696666666781
0.006610652222222346
0.0060786077777778
0.005546563333333365
0.00501451888888893
0.004482474444444495
0.00395043000000006
-0.0008379699999999657
0.0015562300000000473
-0.0008379699999998547
0.0007581633333334503
0.0023542966666667553
0.00395043000000006
-0.005626369999999881
-0.0008379699999998547
0.00395043000000006
0.008738830000000086
-0.0008379699999998547
-0.010414769999999907
-0.006823469999999943
-0.0032321699999999787
0.0003591300000000963
0.00395043000000006
-0.005626369999999881
-0.0008379699999999657
-0.0008379699999999657
-0.0032321699999999787
-0.005626369999999881
-0.005626369999999881
-0.005626369999999881
-0.005626369999999881
-0.005626369999999881
-0.00494231285714275
-0.004258255714285619
-0.0035741985714284885
-0.002890141428571358
-0.002206084285714227
-0.0015220271428570964
-0.0008379699999999657
-0.0032321699999999787
-0.005626369999999881
-0.0008379699999999657
-0.005626369999999881
-0.010414769999999907
-0.008020569999999894
-0.005626369999999881
-0.008020569999999894
-0.010414769999999907
-0.007754547777777732
-0.005094325555555446
-0.0024341033333332707
0.00022611888888901532
0.0028863411111111903
0.005546563333333476
0.008206785555555651
0.010867007777777937
0.013527230000000112
-0.005626369999999881
-0.008818636666666602
0.008738830000000086
0.00395043000000006
-0.0008379699999999657
0.0015562300000000473
0.00395043000000006
-0.0008379699999998547
-0.005626369999999881
-0.004030236666666576
-0.0024341033333332707
-0.0008379699999998547
0.0007581633333334503
0.0023542966666667553
0.00395043000000006
-0.015203169999999933
0.0015562300000000473
0.0027533299999999983
0.00395043000000006
-0.008020570000000005
-0.01999156999999996
0.00395043000000006
0.0020350700000000277
0.00011971000000010612
-0.0017956499999999265
-0.003711009999999959
-0.005626369999999881
-0.007541729999999913
-0.009457089999999946
-0.011372449999999978
-0.0132878099999999
-0.015203169999999933
0.006344630000000073
-0.0008379699999999657
-0.008020569999999894
-0.007222503333333186
-0.006424436666666589
-0.005626369999999881
0.00395043000000006
0.00395043000000006
0.00395043000000006
0.0027533300000001093
0.0015562300000000473
0.0003591300000000963
-0.0008379699999998547
-0.0020350699999999167
-0.0032321699999998676
-0.00442926999999993
-0.005626369999999881
0.0023542966666668663
-0.015203169999999933
-0.008020570000000005
-0.0008379699999999657
-0.010414769999999907
-0.008818636666666602
-0.007222503333333186
-0.005626369999999881
-0.005626369999999881
-0.005626369999999881
-0.005626369999999881
-0.005626369999999881
-0.005626369999999881
-0.005626369999999881
-0.005626369999999881
-0.005626369999999881
-0.005626369999999881
-0.005626369999999881
-0.010414769999999907
0.013527230000000112
-0.01999156999999996
-0.010414769999999907
0.018315630000000138
-0.01999156999999996
-0.0032321699999999787
0.013527230000000112
0.010106944285714348
0.006686658571428694
0.0032663728571429296
-0.00015391285714272396
-0.0035741985714284885
-0.006994484285714142
-0.010414769999999907
-0.0032321699999999787
0.00395043000000006
-0.0008379699999999657
-0.010414769999999907
-0.0008379699999998547
0.008738830000000086
0.018315630000000138
0.003950430000000171
-0.010414769999999907
-0.024779969999999873
-0.021587703333333264
-0.018395436666666543
-0.015203169999999933
-0.012010903333333212
-0.008818636666666602
-0.005626369999999881
-0.0024341033333332707
0.0007581633333334503
0.00395043000000006
-0.00442926999999993
-0.01280896999999992
-0.0008379699999998547
0.0015562300000000473
-0.005626369999999881
-0.006823469999999832
-0.008020569999999894
-0.009217669999999956
-0.010414769999999907
-0.011611869999999858
-0.01280896999999992
-0.014006069999999982
-0.015203169999999933
-0.016400269999999884
-0.017597369999999946
-0.018794470000000008
-0.01999156999999996
-0.005626369999999881
-0.0008379699999999657
-0.005626369999999881
-0.0008379699999999657
-0.008020569999999894
0.013527230000000112
0.005147530000000122
-0.0032321699999999787
-0.011611869999999969
-0.01999156999999996
-0.015203169999999933
0.018315630000000138
0.0015562300000000473
-0.015203169999999933
0.0015562300000000473
0.018315630000000138
0.0015562300000000473
-0.015203169999999933
-0.0032321699999999787
0.008738830000000086
0.007142696666666781
0.005546563333333365
0.00395043000000006
0.002513910000000008
0.001077390000000067
-0.00035912999999987427
-0.0017956499999999265
-0.0032321699999999787
-0.00466868999999992
-0.006105209999999861
-0.007541729999999913
-0.008978249999999965
-0.010414769999999907
0.008738830000000086
-0.008020569999999894
-0.010414769999999907
-0.005626369999999881
-0.010414769999999907
-0.007678541428571384
-0.00494231285714275
-0.002206084285714227
0.0005301442857144067
0.0032663728571429296
0.006002601428571563
0.008738830000000086
-0.0008379699999999657
-0.0008379699999999657
-0.008020570000000005
-0.015203169999999933
0.008738830000000086
-0.0008379699999999657
-0.024779969999999873
-0.019991569999999848
-0.015203169999999933
-0.010414769999999907
-0.005626369999999881
-0.0008379699999998547
0.003950430000000171
0.008738830000000086
0.013527230000000112
-0.0008379699999998547
-0.015203169999999933
-0.0008379699999999657
-0.0223857999999999
-0.01400608499999989
-0.005626369999999881
-0.005626369999999881
-0.005626369999999881
-0.00466868999999992
-0.003711009999999959
-0.0027533299999998873
-0.0017956499999999265
-0.0008379699999999657
-0.015203169999999933
-0.008020569999999894
-0.0008379699999998547
0.006344630000000073
0.013527230000000112
-0.005626369999999881
-0.0008379699999999657
-0.015203169999999933
0.0015562300000000473
0.018315630000000138
0.009935930000000148
0.0015562300000000473
-0.006823469999999943
-0.015203169999999933
-0.0008379699999999657
-0.0008379699999999657
-0.0008379699999999657
-0.0008379699999999657
-0.0008379699999999657
-0.0008379699999999657
-0.0008379699999999657
-0.0008379699999999657
-0.0008379699999999657
-0.0008379699999999657
-0.0032321699999999787
-0.005626369999999881
0.0007581633333334503
0.008738830000000086
0.0111330300000001
0.013527230000000112
0.0015562300000000473
-0.010414769999999907
-0.009217669999999956
-0.008020569999999894
-0.006823469999999943
-0.005626369999999881
-0.00442926999999993
-0.0032321699999999787
-0.0020350699999999167
-0.0008379699999999657
0.006344630000000073
-0.010414769999999907
-0.010414769999999907
-0.010414769999999907
-0.010414769999999907
-0.005626369999999881
-0.004030236666666576
-0.0024341033333332707
-0.0008379699999999657
-0.015203169999999933
-0.014804136666666579
-0.014405103333333225
-0.014006069999999982
-0.013607036666666628
-0.013208003333333274
-0.01280896999999992
-0.012409936666666566
-0.012010903333333212
-0.011611869999999858
-0.011212836666666615
-0.01081380333333326
-0.010414769999999907
-0.005626369999999881
-0.015203169999999933
0.003950430000000171
0.0015562300000000473
-0.0008379699999999657
-0.0032321699999999787
-0.005626369999999992
-0.008020570000000005
-0.010414769999999907
-0.01280896999999992
-0.015203169999999933
-0.008020570000000005
-0.005626369999999881
-0.010414769999999907
-0.005626369999999881
-0.0008379699999999657
-0.01280896999999992
-0.024779969999999873
-0.024411631538461376
-0.02404329307692299
-0.02367495461538449
-0.023306616153846105
-0.022938277692307607
-0.02256993923076911
-0.022201600769230723
-0.021833262307692225
-0.021464923846153727
-0.02109658538461534
-0.020728246923076843
-0.020359908461538456
-0.01999156999999996
-0.005626369999999881
0.008738830000000086
-0.0008379699999999657
-0.005626369999999881
0.013527230000000112
-0.005626369999999881
-0.010414769999999907
-0.005626369999999881
0.00395043000000006
0.0027533299999999983
0.0015562300000000473
0.0003591300000000963
-0.0008379699999999657
-0.0008379699999999657
-0.0008379699999999657
-0.0008379699999999657
-0.015203169999999933
