-0.004309557999999991
-0.009097958000000017
-0.005905694666666683
-0.0027134313333333493
0.0004788319999999846
-0.0011172980000000443
-0.0027134280000000177
-0.004309558000000047
-0.009097958000000017
-0.009097958000000017
-0.009097958000000017
-0.009097958000000017
-0.009097958000000017
-0.009097958000000017
-0.009097958000000017
-0.009097958000000017
-0.009097958000000017
-0.009097958000000017
-0.009097958000000017
-0.009097958000000017
-0.009097958000000017
-0.009097958000000017
-0.009097958000000017
-0.009097958000000017
-0.009097961333333349
-0.009097964666666736
-0.009097968000000067
-0.013886378000000033
-0.0019153580000000336
-0.004309568000000041
-0.013886378000000033
-0.009097971333333343
-0.00430956466666671
0.00047884199999997934
0.002873041999999937
0.00526724199999995
0.014844041999999946
0.013973423818181785
0.013102805636363568
0.012232187454545407
0.011361569272727245
0.010490951090909029
0.009620332909090867
0.00874971472727265
0.00787909654545449
0.007008478363636328
0.006137860181818111
0.00526724199999995
0.007661441999999963
0.002873041999999937
-0.004309558000000047
-0.009097958000000017
-0.009097960000000016
-0.009097962000000015
-0.00909796400000007
-0.009097966000000068
-0.009097968000000067
-0.009097958000000017
-0.009097958000000017
-0.011492168000000025
-0.013886378000000033
-0.013886378000000033
-0.013886378000000033
-0.013886378000000033
-0.004309568000000041
0.00526724199999995
0.003671108666666645
0.0020749753333332843
0.00047884199999997934
-0.009097958000000017
-0.009097958000000017
-0.006703758000000004
-0.004309558000000047
-0.004309558000000047
-0.004309558000000047
-0.0019153580000000336
0.00047884199999997934
-0.0007182580000000272
-0.0019153580000000336
-0.00311245800000004
-0.004309558000000047
-0.004309558000000047
-0.009097964666666736
-0.01388637133333337
-0.01867477800000006
-0.009097968000000067
0.00047884199999992383
-0.00047883800000009247
-0.0014365180000000533
-0.0023941980000000695
-0.0033518780000000303
-0.004309558000000047
-0.004309558000000047
-0.009097968000000067
-0.013886378000000033
-0.013886378000000033
-0.013886378000000033
-0.013886378000000033
-0.013886378000000033
0.0004788319999999846
0.014844041999999946
0.002873041999999937
-0.0007182580000000272
-0.004309558000000047
-0.004309558000000047
-0.004309558000000047
-0.006703758000000004
-0.009097958000000017
-0.004309557999999991
0.00047884199999997934
-0.00430956466666671
-0.009097971333333343
-0.013886378000000033
-0.013886378000000033
-0.013886378000000033
-0.013886378000000033
-0.013886378000000033
0.00047884199999997934
-0.009097958000000017
0.00526724199999995
0.00526724199999995
0.00526724199999995
0.00526724199999995
-0.009097958000000017
-0.004309557999999991
0.00047884199999997934
-0.0007182580000000272
-0.0019153580000000336
-0.00311245800000004
-0.004309558000000047
0.00047884199999992383
0.00526724199999995
0.010055641999999976
0.0028730386666666607
-0.00430956466666671
-0.011492168000000025
-0.007501831333333375
-0.00351149466666667
0.00047884199999997934
-0.009097958000000017
-0.0019153580000000336
0.00526724199999995
0.002873041999999937
0.00047884199999997934
0.00047884199999997934
0.00047884199999997934
0.00047884199999997934
-0.009097958000000017
-0.005267238000000007
-0.0014365179999999977
0.0023942019999999564
0.006224921999999966
0.010055641999999976
-0.009097958000000017
-0.00718259800000004
-0.005267238000000007
-0.0033518780000000303
-0.0014365179999999977
0.00047884199999997934
-0.006703768000000054
-0.013886378000000033
-0.013886378000000033
-0.013886378000000033
-0.009097968000000067
-0.004309558000000047
-0.006703758000000004
-0.009097958000000017
-0.004309558000000047
-0.0019153580000000336
-0.00311245800000004
-0.004309557999999991
-0.005506657999999998
-0.006703758000000004
-0.01867477800000006
-0.017477676333333414
-0.016280574666666714
-0.01508347300000007
-0.01388637133333337
-0.012689269666666725
-0.01149216800000008
-0.01029506633333338
-0.009097964666666736
-0.007900863000000036
-0.006703761333333391
-0.005506659666666691
-0.004309558000000047
-0.01867477800000006
-0.006703758000000004
-0.009097958000000017
-0.009097958000000017
-0.008499408000000042
-0.00790085800000001
-0.007302308000000035
-0.006703758000000004
-0.006105208000000029
-0.005506658000000053
-0.004908108000000022
-0.004309558000000047
-0.004309558000000047
-0.016280578000000046
-0.009097958000000017
-0.004309557999999991
0.00047884199999997934
0.00047884199999997934
0.00047884199999997934
0.00526724199999995
0.00047884199999992383
-0.004309558000000047
0.00526724199999995
0.00526724199999995
0.006464341999999956
0.007661441999999963
0.00885854199999997
0.010055641999999976
-0.02346317800000003
0.00047884199999997934
-0.0011172913333333812
-0.002713424666666686
-0.004309558000000047
-0.02346317800000003
-0.006703768000000054
0.010055641999999976
-0.0019153680000000284
-0.013886378000000033
0.010055641999999976
0.004070136999999974
-0.0019153680000000284
-0.00790087300000003
-0.013886378000000033
-0.004309558000000047
-0.006703758000000004
-0.009097958000000017
-0.009097958000000017
-0.009097958000000017
-0.006969780222222222
-0.004841602444444482
-0.002713424666666686
-0.0005852468888888906
0.0015429308888888493
0.003671108666666645
0.00579928644444444
0.00792746422222218
0.010055641999999976
-0.003112468000000035
-0.016280578000000046
-0.029448688000000056
-0.04261679800000007
0.024420871999999982
-0.03782835800000006
-0.030645788000000063
0.03878607199999995
0.01484406699999996
-0.009097955500000032
-0.033039978000000025
-0.02346317800000003
-0.013886378000000033
-0.020270911333333363
-0.026655444666666694
-0.033039978000000025
0.04357446199999995
0.014844041999999946
-0.013886378000000033
-0.023463184666666692
-0.03303999133333341
-0.04261679800000007
-0.04261679800000007
-0.04740519800000009
-0.05219359800000006
-0.004309568000000041
0.04357446199999995
0.029209255333333295
0.014844048666666665
0.00047884199999997934
-0.018674773000000033
-0.03782838799999999
-0.056982003
-0.07613561800000002
-0.03703032133333334
0.0020749753333332843
0.04118027199999996
0.06332663699999996
0.08547300199999996
0.10761936699999997
0.12976573199999997
0.0076614519999999575
-0.031842883000000044
-0.07134721800000005
-0.004309563000000072
0.06272809199999996
0.011651788666666607
-0.03942451466666669
-0.09050081800000004
-0.06464344000000005
-0.038786062000000066
-0.012928684000000024
0.012928693999999963
0.03878607199999995
-0.10486605800000004
0.00526724199999995
-0.06655879800000003
-0.04501098800000003
-0.02346317800000003
-0.07613561800000002
-0.03543418800000003
0.00526724199999995
0.0020749753333332843
-0.0011172913333333812
-0.004309558000000047
-0.02346317800000003
-0.01388637133333337
-0.00430956466666671
0.00526724199999995
-0.02346317800000003
-0.0011172980000000443
0.02122858199999994
0.04357446199999995
-0.013886378000000033
0.02202665199999998
0.057939681999999965
0.026017001999999956
-0.005905678000000081
-0.03782835800000006
0.10582372199999995
0.08347783866666661
0.06113195533333329
0.03878607199999995
0.016440188666666633
-0.005905694666666683
-0.028251578000000055
0.08188170199999995
0.002873041999999937
-0.07613561800000002
0.12976573199999997
-0.033039978000000025
0.10582372199999995
-0.004309558000000047
-0.11444283800000005
0.005267246999999975
0.12497733199999997
0.03160346699999994
-0.06177039800000006
-0.024660273000000066
0.012449851999999928
0.04955997699999995
0.08667010199999994
-0.018674768000000064
-0.12401963800000004
-0.05099649050000005
0.02202665699999995
0.06392518949999995
0.10582372199999995
-0.01628056800000005
-0.13838485800000005
-0.009097968000000067
0.12018892199999995
0.05155514199999994
-0.01707863800000009
-0.08571241800000007
0.08188170199999995
0.057939684222222176
0.03399766644444441
0.010055648666666639
-0.013886369111111185
-0.0378283868888889
-0.06177040466666672
-0.08571242244444449
-0.10965444022222226
-0.13359645800000003
0.07230489199999995
-0.0019153580000000336
-0.011492163000000055
-0.021068968000000077
-0.08571241800000007
-0.03463611466666672
0.016440188666666633
0.06751649199999996
-0.018674783000000028
-0.10486605800000004
-0.01149217800000002
0.08188170199999995
0.00526724199999995
-0.07134721800000005
0.07230489199999995
-0.025857373000000017
-0.12401963800000004
-0.016280563000000026
0.09145851199999996
0.007661446999999988
-0.07613561800000002
-0.0019153630000000588
0.07230489199999995
0.025617959499999954
-0.021068973000000046
-0.06775590550000005
-0.11444283800000005
0.08188170199999995
-0.06177039800000006
0.08667010199999994
0.013247915333333304
-0.06017427133333336
-0.13359645800000003
0.09624691199999996
0.017238256999999924
-0.06177039800000006
0.010055651999999915
0.08188170199999995
-0.01628056800000005
-0.11444283800000005
-0.05219359466666673
0.010055648666666639
0.07230489199999995
0.010055646999999945
-0.05219359800000006
-0.00590569800000007
0.04038220199999992
0.08667010199999994
-0.11923123800000002
-0.075177928
-0.031124617999999993
0.012928691999999964
0.056982001999999976
0.10103531199999996
-0.056981998000000034
-0.03423708050000007
-0.011492163000000055
0.01963245866666663
0.05075708033333329
0.08188170199999995
0.06033388533333328
0.03878606866666662
0.017238251999999954
-0.10965443800000002
-0.009097963000000042
0.09145851199999996
0.02202665699999995
-0.04740519800000004
0.010055646999999945
0.06751649199999996
-0.004309563000000016
-0.07613561800000002
-0.037828388000000046
0.00047884199999997934
0.03878607199999995
0.07709330199999995
-0.04740519800000004
0.00047884199999997934
0.04836288199999997
-0.08571241800000007
-0.0019153580000000892
0.08188170199999995
0.0076614519999999575
-0.06655879800000003
-0.013886363000000013
0.03878607199999995
0.030079883818181774
0.0213736956363636
0.012667507454545424
0.003961319272727248
-0.004744868909090982
-0.013451057090909102
-0.022157245272727333
-0.030863433454545508
-0.03956962163636368
-0.04827580981818186
-0.056981998000000034
0.012449851999999928
0.08188170199999995
-0.056981998000000034
-0.016280563000000026
0.024420871999999982
-0.056981998000000034
0.06751649199999996
-0.02346317800000003
0.019632441999999972
0.019632441999999972
0.019632441999999972
0.019632441999999972
0.019632441999999972
0.019632441999999972
0.019632441999999972
-0.04740519800000004
0.024420856999999963
-0.033039978000000025
0.019632441999999972
0.00526724199999995
-0.009097958000000017
0.007661456999999983
0.024420871999999982
-0.023463173000000004
-0.07134721800000005
-0.013886378000000033
0.04357446199999995
0.008459508666666615
-0.026655444666666694
-0.06177039800000006
-0.04900132300000004
-0.03623224800000002
-0.023463173000000004
-0.010055643499999989
0.0033518859999999706
0.016759415499999986
0.030166945
0.04357447449999996
0.056982003999999975
0.07038953349999996
0.08379706299999995
0.09720459249999996
0.11061212199999995
-0.009097963000000042
-0.00670375800000006
-0.15275005800000002
-0.08571241300000004
-0.018674768000000008
0.04836287699999997
0.11540052199999995
-0.13359645800000003
0.13455413199999997
-0.12880803800000007
-0.00670375800000006
0.11540052199999995
-0.0019153580000000336
-0.11923123800000002
-0.011492163
0.09624691199999996
0.027613128666666653
-0.04102065466666671
-0.10965443800000002
-0.018674773000000033
0.07230489199999995
0.036391864499999954
0.0004788369999999542
-0.03543419050000007
-0.07134721800000005
-0.016280573000000076
0.03878607199999995
0.00047884199999997934
0.002873041999999937
0.00526724199999995
-0.004309568000000041
-0.013886378000000033
-0.007501838000000038
-0.0011172980000000443
0.00526724199999995
-0.002713431333333405
-0.010694104666666704
-0.01867477800000006
0.03878607199999995
0.026815063249999938
0.014844054499999926
0.0028730457499999695
-0.009097963000000042
-0.04261679800000007
-0.0019153630000000588
0.03878607199999995
0.002873046999999962
-0.033039978000000025
-0.023463173000000004
-0.013886368000000038
-0.004309563000000072
0.00526724199999995
-0.0019153580000000336
-0.009097958000000017
0.002873041999999937
-0.0011172913333333812
-0.005107624666666699
-0.009097958000000017
0.010055641999999976
0.00526724199999995
0.00047884199999997934
-0.004309558000000047
0.010055656999999996
0.024420871999999982
0.015801741999999952
0.007182611999999977
-0.0014365180000000533
-0.010055648000000028
-0.01867477800000006
0.010055641999999976
-0.013886378000000033
0.010055641999999976
-0.0019153680000000284
-0.013886378000000033
-0.011492168000000025
-0.009097958000000017
0.002873041999999937
0.014844041999999946
-0.02346317800000003
-0.0019153680000000284
0.019632441999999972
0.007661436999999993
-0.004309568000000041
-0.016280573000000076
-0.028251578000000055
-0.004309558000000047
-0.004309558000000047
-0.004309558000000047
-0.009097958000000017
-0.006703758000000004
-0.004309558000000047
-0.01149216800000008
-0.01867477800000006
-0.017078644666666698
-0.015482511333333393
-0.013886378000000033
0.00047884199999997934
-0.00430956466666671
-0.009097971333333343
-0.013886378000000033
-0.013886378000000033
-0.013886378000000033
-0.013886378000000033
-0.028251578000000055
-0.013886368000000038
0.00047884199999997934
0.0014365219999999956
0.0023942019999999564
0.0033518819999999727
0.0043095619999999335
0.00526724199999995
-0.0019153580000000336
-0.009097958000000017
-0.01069409800000004
-0.012290238000000009
-0.013886378000000033
-0.01149217300000005
-0.009097968000000067
-0.006703763000000029
-0.004309558000000047
0.00047884199999997934
0.010055641999999976
-0.01867477800000006
-0.006703768000000054
0.00526724199999995
0.0016759419999999858
-0.0019153580000000336
-0.005506658000000053
-0.009097958000000017
0.00526724199999995
-0.013886378000000033
-0.013646957000000015
-0.013407536000000053
-0.013168115000000036
-0.012928694000000018
-0.012689273000000001
-0.012449852000000039
-0.012210431000000022
-0.011971010000000004
-0.011731589000000042
-0.011492168000000025
-0.011252747000000007
-0.011013326000000045
-0.010773905000000028
-0.01053448400000001
-0.010295063000000049
-0.010055642000000031
-0.009816221000000014
-0.009576799999999996
-0.009337379000000035
-0.009097958000000017
-0.008140278
-0.00718259800000004
-0.006224918000000024
-0.005267238000000063
-0.004309558000000047
0.00047884199999992383
0.00526724199999995
0.0020749753333332843
-0.0011172913333333812
-0.0011172913333333256
-0.013886378000000033
0.0020749753333332843
-0.006703758000000004
-0.02346317800000003
-0.017078638000000035
-0.01069409800000004
-0.004309558000000047
-0.004309558000000047
-0.006703758000000004
-0.009097958000000017
-0.011492168000000025
-0.013886378000000033
-0.011492168000000025
-0.009097958000000017
-0.009097958000000017
-0.009097958000000017
-0.006703758000000004
-0.004309558000000047
-0.004309558000000047
-0.004309558000000047
-0.007900863000000036
-0.01149216800000008
-0.01508347300000007
-0.01867477800000006
0.00526724199999995
0.00526724199999995
0.00526724199999995
0.00526724199999995
0.003671108666666645
0.0020749753333332843
0.00047884199999997934
0.019632441999999972
0.01803630866666661
0.016440175333333307
0.014844041999999946
0.012449841999999989
