-0.001197099999999951
-0.003591299999999964
-0.001197099999999951
0.001197099999999951
0.003591299999999964
0.005985499999999977
0.001197100000000062
0.001197100000000062
0.003591300000000075
0.005985499999999977
0.005985499999999977
0.005985499999999977
0.005985499999999977
0.005985499999999977
0.005985499999999977
0.005985499999999977
0.005985499999999977
0.002793233333333367
-0.000399033333333354
-0.003591299999999964
0.015562340000000008
-0.00837969999999999
-0.003591299999999964
0.00837971999999998
0.020350740000000034
0.015562326666666682
0.01077391333333333
0.005985499999999977
0.010773900000000003
0.009576800000000052
0.00837969999999999
0.007182599999999928
0.005985499999999977
0.005985499999999977
0.005985499999999977
0.005985499999999977
0.005985499999999977
0.010773900000000003
0.001197100000000062
-0.003591299999999964
0.001197100000000062
0.00837971999999998
0.015562340000000008
0.015562340000000008
0.015562340000000008
0.0059855200000000774
-0.003591299999999964
-0.0016759399999999314
0.0002394199999999902
0.002154780000000023
0.004070139999999944
0.005985499999999977
0.005985499999999977
0.005985499999999977
0.005985499999999977
0.005985499999999977
-0.003591299999999964
0.010773900000000003
-0.017956500000000042
-0.013168100000000016
-0.00837969999999999
-0.00837969999999999
-0.00837969999999999
-0.00837969999999999
-0.007581633333333282
-0.006783566666666685
-0.005985499999999977
-0.005187433333333269
-0.004389366666666672
-0.003591299999999964
0.001197099999999951
0.005985499999999977
-0.017956500000000042
0.005985499999999977
0.005985499999999977
0.005985499999999977
0.005985499999999977
0.005985499999999977
0.005985499999999977
0.007900868000000005
0.009816236000000034
0.011731603999999951
0.01364697199999998
0.015562340000000008
0.013168120000000005
0.010773900000000003
0.010773900000000003
0.003591300000000075
-0.003591299999999964
0.001197099999999951
0.005985499999999977
0.005985499999999977
0.005985499999999977
0.00837969999999999
0.010773900000000003
0.010773900000000003
0.010773900000000003
0.010773900000000003
0.010773900000000003
0.010773900000000003
0.005985499999999977
0.010773900000000003
0.005985499999999977
0.001197100000000062
-0.003591299999999964
-0.003591299999999964
-0.00837969999999999
0.001197100000000062
0.001197100000000062
0.001197100000000062
0.001197100000000062
-0.003591299999999964
-0.004788400000000026
-0.005985499999999977
-0.007182599999999928
-0.00837969999999999
-0.005985499999999977
-0.003591299999999964
0.005985499999999977
0.001197099999999951
-0.003591299999999964
-0.00837969999999999
-0.00837969999999999
-0.00837969999999999
0.010773900000000003
0.005985499999999977
0.001197100000000062
0.001197100000000062
0.001197100000000062
0.001197100000000062
0.001197100000000062
0.001197100000000062
0.001197100000000062
0.001197100000000062
0.001197100000000062
0.001197100000000062
0.001197100000000062
0.001197100000000062
0.001197100000000062
0.001197100000000062
0.001197100000000062
0.001197100000000062
0.001197100000000062
0.001197100000000062
0.001197100000000062
-0.00837969999999999
0.001197100000000062
0.001197100000000062
0.001197100000000062
0.000399033333333354
-0.000399033333333243
-0.001197099999999951
-0.001995166666666659
-0.002793233333333256
-0.003591299999999964
0.001197099999999951
0.005985499999999977
-0.003591299999999964
-0.003591299999999964
0.010773900000000003
-0.00837969999999999
0.020350740000000034
0.003591300000000075
-0.003591299999999964
-0.003591299999999964
-0.003249271428571343
-0.0029072428571428333
-0.0025652142857142124
-0.0022231857142857026
-0.0018811571428570817
-0.0015391285714285718
-0.001197099999999951
-0.0008550714285713301
-0.0005130428571428203
-0.0001710142857141994
0.00017101428571431043
0.0005130428571429313
0.0008550714285714411
0.001197100000000062
-0.001197099999999951
-0.003591299999999964
0.001197100000000062
0.010773900000000003
0.005985499999999977
0.001197100000000062
0.00837971999999998
-0.00837969999999999
-0.013168100000000016
-0.001197099999999951
-0.004788400000000026
-0.00837969999999999
-0.0041898499999999395
0.0
0.0041898499999999395
0.00837969999999999
0.010773900000000003
0.002793233333333367
-0.00518743333333338
-0.013168100000000016
-0.00837969999999999
-0.003591299999999964
0.001197100000000062
-0.00837969999999999
0.010773900000000003
0.005985499999999977
0.001197100000000062
0.005985499999999977
0.010773900000000003
0.00837969999999999
0.005985499999999977
-0.003591300000000075
-0.013168100000000016
-0.010773900000000003
-0.00837969999999999
-0.005985499999999977
-0.003591299999999964
0.001197100000000062
0.005985499999999977
0.010773900000000003
-0.003591299999999964
0.001197099999999951
0.005985499999999977
0.002793233333333367
-0.000399033333333354
-0.003591299999999964
0.005985499999999977
-0.001197099999999951
-0.00837969999999999
-0.004788400000000026
-0.001197099999999951
0.002394200000000013
0.005985499999999977
-0.003591299999999964
0.001197100000000062
-0.00837969999999999
-0.017956500000000042
-0.0011970800000000725
0.015562340000000008
0.010773900000000003
0.00837969999999999
0.005985499999999977
0.002793233333333367
-0.000399033333333354
-0.003591299999999964
0.005985513333333414
0.015562326666666682
0.02513914000000006
0.010773920000000103
-0.003591299999999964
-0.002633620000000003
-0.0016759399999999314
-0.0007182599999999706
0.00023942000000010122
0.001197100000000062
0.001197100000000062
0.001197099999999951
-0.001197099999999951
-0.003591299999999964
0.010773920000000103
0.02513914000000006
-0.00837968
-0.04189849999999995
-0.0163603533333333
0.00917779333333335
0.03471594
-0.037110100000000035
0.003591314999999984
0.04429273
-0.005985514999999997
-0.056263759999999996
0.053869530000000054
0.005985515000000108
-0.04189849999999995
0.00837971500000001
0.05865792999999997
0.00837971500000001
-0.04189849999999995
-0.019153592499999927
0.003591314999999984
0.026336222500000006
0.04908113000000003
0.0365115775
0.023942024999999978
0.011372472500000064
-0.0011970799999999615
0.005985499999999977
0.001197099999999951
-0.003591299999999964
0.010773900000000003
-0.005985499999999977
-0.022744899999999957
-0.005187419999999943
0.01237005999999996
0.029927539999999975
0.021547830000000046
0.013168120000000005
0.004788409999999965
-0.003591299999999964
0.001197100000000062
-0.001197099999999951
-0.003591299999999964
-0.005985499999999977
-0.00837969999999999
-0.010773900000000003
-0.013168100000000016
-0.015562300000000029
-0.017956500000000042
-0.0011970800000000725
0.015562340000000008
0.010773900000000003
0.001197099999999951
-0.00837969999999999
0.010773900000000003
0.00837969999999999
0.005985499999999977
0.010773900000000003
-0.00837969999999999
0.001197100000000062
0.001197100000000062
-0.003591299999999964
0.015562340000000008
0.00917779333333335
0.0027932466666666933
-0.003591299999999964
0.005985499999999977
-0.006783566666666685
-0.019552633333333347
-0.03232170000000001
-0.014764219999999995
0.0027932600000000196
0.020350740000000034
-0.00837969999999999
-0.005643471428571467
-0.0029072428571428333
-0.00017101428571431043
0.0025652142857143234
0.005301442857142846
0.00803767142857148
0.010773900000000003
-0.027533299999999983
0.0059855200000000774
0.020350740000000034
-0.003591299999999964
-0.0007182599999999706
0.002154780000000023
0.005027820000000016
0.00790086000000001
0.010773900000000003
-0.00837969999999999
-0.003591299999999964
-0.005187433333333269
-0.006783566666666685
-0.00837969999999999
0.005985499999999977
-0.00837969999999999
-0.00837969999999999
-0.00837969999999999
0.0035913199999999534
0.015562340000000008
-0.0059854799999999875
-0.027533299999999983
-0.01316808666666669
0.0011971266666667146
0.015562340000000008
0.013510162857142904
0.01145798571428569
0.009405808571428587
0.007353631428571483
0.00530145428571438
0.0032492771428571654
0.001197100000000062
0.001197100000000062
-0.00837969999999999
0.005985499999999977
-0.001197099999999951
-0.001995166666666659
-0.002793233333333256
-0.003591299999999964
-0.004788400000000026
-0.005985499999999977
-0.007182599999999928
-0.00837969999999999
0.015562340000000008
-0.013168100000000016
-0.001197099999999951
0.010773900000000003
-0.00837969999999999
0.005985499999999977
0.004389366666666672
0.002793233333333367
0.001197100000000062
-0.005985499999999977
-0.013168100000000016
-0.004788389999999976
0.0035913199999999534
0.011971029999999994
0.020350740000000034
0.0035913199999999534
-0.013168100000000016
0.029927539999999975
0.021148799999999968
0.01237005999999996
0.0035913199999999534
-0.005187419999999943
-0.01396615999999995
-0.022744899999999957
0.020350740000000034
-0.017956500000000042
0.020350740000000034
-0.037110100000000035
0.02513914000000006
0.014365230000000007
0.0035913199999999534
-0.007182589999999989
-0.017956500000000042
0.005985519999999966
0.029927539999999975
-0.00837969999999999
0.0011971133333333883
0.010773926666666656
0.020350740000000034
0.01364697199999998
0.006943204000000036
0.00023943599999998177
-0.0064643319999999616
-0.013168100000000016
-0.0035912799999999745
-0.007182585000000019
-0.010773890000000064
-0.014365194999999997
-0.017956500000000042
0.0011971200000000515
0.005301465714285802
0.009405811428571442
0.013510157142857193
0.017614502857142833
0.021718848571428584
0.025823194285714224
0.029927539999999975
-0.022744899999999957
-0.010773900000000003
0.005985499999999977
0.001197099999999951
-0.003591300000000075
-0.00837969999999999
-0.013168100000000016
0.010773900000000003
-0.017956500000000042
-0.003591300000000075
0.010773900000000003
0.003591300000000075
-0.003591299999999964
0.001197099999999951
0.005985499999999977
0.001197099999999951
-0.003591299999999964
-0.003591299999999964
-0.003591299999999964
-0.005985499999999977
-0.00837969999999999
-0.001995166666666659
0.004389366666666672
0.010773900000000003
0.010773900000000003
0.010773900000000003
-0.003591299999999964
-0.003591299999999964
-0.003591299999999964
-0.000399033333333354
0.002793233333333367
0.005985499999999977
-0.00837969999999999
-0.001197099999999951
0.005985499999999977
0.005985499999999977
0.005985499999999977
0.005985499999999977
0.002394200000000013
-0.001197099999999951
-0.004788400000000026
-0.00837969999999999
-0.005985499999999977
-0.003591299999999964
-0.001197099999999951
0.001197100000000062
-0.003591299999999964
0.001197100000000062
0.001197100000000062
0.001197100000000062
0.001197100000000062
0.001197100000000062
0.005985499999999977
0.005985499999999977
0.005985499999999977
0.005985499999999977
0.005985499999999977
0.005985499999999977
0.005985499999999977
0.005985499999999977
0.005985499999999977
0.005985499999999977
0.005985499999999977
0.005985499999999977
