0.006783560666666688
0.0035912940000000226
-0.005985485999999984
-0.00239419099999999
0.0011971040000000044
0.004788399000000054
0.008379694000000049
0.0035912940000000226
-0.0011971059999999478
0.0011970940000000652
0.0035912940000000226
-0.0011971126666666665
-0.0059855193333333
-0.01077392599999999
0.008379694000000049
0.006783560666666688
0.005187427333333383
0.0035912940000000226
0.007182594000000042
0.010773894000000006
0.014365194000000026
0.017956494000000045
0.008379694000000049
0.003591294000000078
-0.0011971059999999478
-0.0011971059999999478
-0.0011971059999999478
0.0035912940000000226
-0.0011970960000000086
-0.005985485999999984
0.001995174000000044
0.009975834000000017
0.017956494000000045
0.0035912940000000226
0.004788394000000029
0.005985494000000036
0.007182594000000042
0.008379693999999993
0.009576794
0.010773894000000006
0.011970994000000013
0.013168094000000019
0.005985494000000036
-0.0011971059999999478
-0.0011971059999999478
0.0035912940000000226
0.008379694000000049
-0.0011971059999999478
-0.0011971059999999478
-0.0011971059999999478
-0.0011971059999999478
-0.0011971059999999478
-0.0011971059999999478
-0.0011971059999999478
-0.0011971059999999478
-0.0011971059999999478
-0.0011971059999999478
-0.0011971059999999478
-0.0011971059999999478
-0.0011971059999999478
-0.0011971059999999478
-0.010773915999999939
-0.008379715999999982
-0.003591316000000011
0.0011970940000000652
-0.0011971059999999478
-0.0011971059999999478
-0.0011971059999999478
-0.0011971059999999478
-0.0011971059999999478
-0.0011971059999999478
-0.0011971059999999478
-0.005985485999999984
0.008379694000000049
0.013168094000000019
0.0035913040000000174
-0.005985485999999984
-0.0011971059999999478
-5.999999941330714e-09
0.0011970940000000652
0.002394194000000016
0.0035912940000000226
0.004788394000000029
0.005985494000000036
0.007182594000000042
0.008379694000000049
-0.0011971109999999174
-0.010773915999999939
-0.01077392599999999
-0.008379705999999987
-0.005985485999999984
-0.0011970960000000086
0.0035912940000000226
0.0035912940000000226
-0.0011970960000000086
-0.005985485999999984
-0.005985485999999984
-0.005985485999999984
-0.005985485999999984
-0.005027809999999966
-0.0040701339999999475
-0.0031124579999999846
-0.0021547819999999662
-0.0011971059999999478
-0.0011971059999999478
0.013168094000000019
0.005985494000000036
-0.0011971059999999478
-0.005985485999999984
0.0011971040000000044
0.008379694000000049
0.005985494000000036
0.0035912940000000226
-0.0011971059999999478
-0.008379715999999926
-0.01556232599999996
-0.012689281999999968
-0.009816237999999977
-0.00694319399999993
-0.004070149999999939
-0.0011971059999999478
-0.0011971059999999478
-0.0011971059999999478
0.0011970940000000652
0.007182594000000042
0.013168094000000019
0.016360367333333348
0.019552640666666732
0.02274491400000006
-0.0011971059999999478
-0.0011971059999999478
-0.0011971059999999478
0.0011970940000000652
0.0035912940000000226
0.005985494000000036
0.008379694000000049
0.010773894000000006
0.013168094000000019
0.008379694000000049
0.008379694000000049
-0.01077392599999999
0.013168094000000019
0.005985494000000036
-0.0011971059999999478
0.003591294000000078
0.008379694000000049
0.007011578285714359
0.005643462571428615
0.00427534685714287
0.0029072311428571807
0.0015391154285714914
0.00017099971428574667
-0.001197115999999998
-0.0025652317142856873
-0.0039333474285713765
-0.005301463142857121
-0.006669578857142866
-0.008037694571428555
-0.009405810285714244
-0.01077392599999999
-0.005985485999999984
-0.006943173999999996
-0.007900862000000008
-0.008858549999999965
-0.009816237999999977
-0.01077392599999999
-0.0011970960000000086
0.0011970940000000652
0.0003990340000000203
0.013168094000000019
0.009975830666666685
0.006783567333333351
0.0035913040000000174
0.0035912940000000226
0.0011970940000000652
-0.0011971059999999478
0.003591294000000078
0.008379694000000049
0.003591294000000078
-0.0011971059999999478
0.0011970940000000652
0.0035912940000000226
0.0003990340000000203
-0.002793225999999982
-0.005985485999999984
0.008379694000000049
0.006783560666666688
0.005187427333333383
0.0035912940000000226
0.0035912940000000226
0.008379694000000049
-0.0035913159999999555
-0.01556232599999996
-0.0059855159999999685
0.0035912940000000226
0.008379693999999993
0.013168094000000019
-0.003591316000000011
-0.020350725999999986
-0.01843536600000001
-0.016520005999999976
-0.014604645999999999
-0.012689285999999966
-0.01077392599999999
-0.0011971059999999478
0.013168094000000019
-0.001197115999999998
-0.01556232599999996
-0.025139125999999956
-0.0171584526666666
-0.009177779333333302
-0.0011971059999999478
-0.003591295999999966
-0.005985485999999984
-0.020350725999999986
-0.003591316000000011
0.013168094000000019
0.02992750400000005
0.046686914000000024
0.025139099000000054
0.003591284000000028
-0.017956530999999998
-0.03950434599999997
0.013168094000000019
-0.0011971059999999478
-0.01556232599999996
0.02753331400000003
0.01316810400000007
-0.0011971059999999478
-0.0011971059999999478
-0.0011971059999999478
0.0007182540000000293
0.002633614000000062
0.004548974000000039
0.0064643340000000715
0.008379694000000049
0.003591294000000078
-0.0011971059999999478
-0.03950434599999997
0.02753331400000003
-0.029927525999999982
0.0011970940000000652
0.03232171400000006
0.027533307333333368
0.022744900666666734
0.017956494000000045
-0.0059855193333333
-0.029927532666666645
-0.05386954599999999
0.05626374400000006
0.03112462150000006
0.005985499000000061
-0.01915362349999994
-0.04429274599999994
-0.0035913159999999555
0.03711011400000003
0.03711011400000003
-0.05386954599999999
-0.015562315999999965
0.02274491400000006
0.003591294000000078
-0.01556232599999996
-0.013168126000000002
-0.01077392599999999
0.03232171400000006
0.016759404000000033
0.0011970940000000652
-0.014365215999999958
-0.029927525999999982
0.013168094000000019
0.008379694000000049
-0.010773915999999939
-0.029927525999999982
0.005985494000000036
0.04189851400000005
0.013168094000000019
-0.01556232599999996
-0.001197115999999998
0.013168094000000019
0.013168094000000019
0.013168094000000019
0.013168094000000019
-0.001197115999999998
-0.01556232599999996
-0.02992753599999992
-0.04429274599999994
-0.02753333099999994
-0.010773915999999939
0.005985499000000061
0.02274491400000006
0.0011970940000000652
-0.020350725999999986
-0.0059855159999999685
0.008379694000000049
0.013168100666666738
0.01795650733333337
0.02274491400000006
0.009975834000000072
-0.0027932459999999715
-0.01556232599999996
0.017956494000000045
-0.01077392599999999
0.008379694000000049
0.013168094000000019
0.0011970940000000652
-0.0005985509999999472
-0.0023941959999999596
-0.004189840999999972
-0.005985485999999984
-0.003591295999999966
-0.0011971059999999478
0.013168094000000019
-0.01556232599999996
-0.004788415999999962
0.005985494000000036
0.016759404000000033
0.02753331400000003
0.014764234000000043
0.001995153999999999
-0.01077392599999999
0.001197084000000015
0.013168094000000019
0.008379694000000049
0.005985494000000036
0.0035912940000000226
-0.003591316000000011
-0.01077392599999999
-0.01077392599999999
-0.01077392599999999
-0.01077392599999999
0.02274491400000006
0.003591294000000078
-0.01556232599999996
-0.007182620999999945
0.001197084000000015
0.00957678900000003
0.017956494000000045
0.008379694000000049
-0.020350725999999986
-0.010773915999999939
-0.0011971059999999478
0.003591294000000078
0.008379694000000049
0.003591294000000078
-0.0011971059999999478
0.0019951606666667177
0.005187427333333383
0.008379694000000049
0.003591289000000053
-0.001197115999999998
-0.005985520999999994
-0.01077392599999999
0.013168094000000019
0.008379694000000049
-0.01556232599999996
0.003591294000000078
0.02274491400000006
0.017272451142857193
0.011799988285714325
0.006327525428571457
0.0008550625714286442
-0.004617400285714224
-0.010089863142857092
-0.01556232599999996
0.001197084000000015
0.017956494000000045
-0.005985485999999984
-0.0011970960000000086
0.0035912940000000226
-0.0011971059999999478
-0.0011971059999999478
0.008379694000000049
-0.0035913159999999555
-0.01556232599999996
0.0035912940000000226
0.010773894000000006
0.017956494000000045
0.013168094000000019
0.008379694000000049
0.003591294000000078
-0.0011971059999999478
0.003591294000000078
0.008379694000000049
0.008379694000000049
0.013168094000000019
0.010773894000000006
0.008379694000000049
0.007781144000000018
0.007182594000000042
0.006584044000000067
0.005985494000000036
0.005386944000000005
0.004788394000000029
0.004189844000000054
0.0035912940000000226
-0.0011971059999999478
0.013168094000000019
-0.005985485999999984
0.0035912940000000226
-0.003591316000000011
-0.01077392599999999
-0.007182621
-0.003591316000000011
-1.099999996645451e-08
0.0035912940000000226
0.0019951606666667177
0.00039902733333335716
-0.0011971059999999478
-0.003591295999999966
-0.005985485999999984
0.0035913040000000174
0.013168094000000019
-0.01077392599999999
-0.0011971059999999478
-0.020350725999999986
0.008379694000000049
0.0035912940000000226
0.0011970990000000348
-0.0011970960000000086
-0.0035912909999999965
-0.005985485999999984
-0.01077392599999999
0.008379694000000049
0.010773894000000006
0.013168094000000019
0.0035913040000000174
-0.005985485999999984
-0.005985485999999984
-0.0011970960000000086
0.0035912940000000226
0.0035912940000000226
0.0035912940000000226
0.0035912940000000226
0.0035912940000000226
0.005985494000000036
0.008379694000000049
-0.0011971059999999478
0.0011970940000000652
0.0035912940000000226
0.010773894000000006
0.017956494000000045
0.011571960666666714
0.005187427333333383
-0.0011971059999999478
-0.0011971059999999478
0.013168094000000019
0.010773896499999991
0.008379699000000018
0.0059855015000000455
0.0035913040000000174
0.0011971064999999892
-0.0011970909999999835
-0.003591288499999956
-0.005985485999999984
-0.003591295999999966
-0.0011971059999999478
0.0035912940000000226
0.008379694000000049
0.013168094000000019
0.008379693999999993
0.0035912940000000226
0.008379694000000049
0.0035912940000000226
0.008379694000000049
0.009337374000000065
0.010295054000000026
0.011252734000000042
0.012210414000000003
0.013168094000000019
0.001197084000000015
-0.01077392599999999
-0.0011971059999999478
0.0035912940000000226
0.013168094000000019
0.010773892000000007
0.008379689999999995
0.005985488000000039
0.003591286000000027
0.001197084000000015
-0.001197117999999997
-0.003591320000000009
-0.005985521999999965
-0.008379723999999977
-0.01077392599999999
-0.003591316000000011
0.0035912940000000226
0.008379694000000049
-0.01077392599999999
-0.0059855193333333
-0.0011971126666666665
0.0035912940000000226
0.008379694000000049
0.0011971040000000044
-0.005985485999999984
-0.0011971059999999478
0.017956494000000045
0.0035912940000000226
0.0011970940000000652
-0.0011971059999999478
-0.00039903933333329533
0.00039902733333335716
