0.00047883400000003906
0.004309565999999987
-0.00047883400000003906
-0.000730855052631596
-0.000982876105263153
-0.0012348971578947099
-0.0014869182105263778
-0.0017389392631579348
-0.0019909603157894917
-0.0022429813684210487
-0.0024950024210526056
-0.0027470234736841626
-0.0029990445263158305
-0.0032510655789473875
-0.0035030866315789444
-0.0037551076842105013
-0.004007128736842058
-0.004259149789473615
-0.004511170842105283
-0.00476319189473684
-0.005015212947368397
-0.005267233999999954
-0.00047883400000003906
0.004309565999999987
-0.005267233999999954
-0.007661433999999967
-0.01005563399999998
0.013886366000000039
0.0019153360000000452
-0.00047883400000003906
0.013886366000000039
-0.014844093999999974
-0.016212208285714236
-0.017580322571428608
-0.01894843685714287
-0.02031655114285713
-0.021684665428571392
-0.023052779714285765
-0.024420894000000026
-0.014844063999999935
-0.005267233999999954
0.001915366000000085
-0.019632494
0.009097966000000013
-0.005267233999999954
-0.002873033999999941
-0.0046686839999999785
-0.006464334000000016
-0.008259983999999942
-0.01005563399999998
-0.014844093999999974
-0.01005563399999998
-0.01005563399999998
-0.01005563399999998
-0.01005563399999998
-0.005267233999999954
0.004309565999999987
0.001117299333333377
-0.002074967333333344
-0.005267233999999954
-0.007661433999999967
-0.01005563399999998
-0.005267233999999954
-0.003671100666666649
-0.002074967333333344
-0.00047883400000003906
-0.01005563399999998
-0.008459500666666675
-0.006863367333333259
-0.005267233999999954
0.013886366000000039
0.010694099333333318
0.007501832666666708
0.004309565999999987
0.001915365999999974
-0.00047883400000003906
-0.002873033999999941
-0.005267233999999954
-0.005267233999999954
0.009097966000000013
0.006703766
0.004309565999999987
0.0007182660000000229
-0.002873033999999941
-0.006464334000000016
-0.01005563399999998
-0.007661433999999967
-0.005267233999999954
-0.00047883400000003906
0.004309565999999987
-0.002873033999999941
-0.01005563399999998
-0.007661433999999967
-0.005267233999999954
-0.002873033999999941
-0.00047883400000003906
0.001915365999999974
0.004309565999999987
0.006703766
0.009097966000000013
0.005506666000000049
0.001915366000000085
0.004309565999999987
0.004309565999999987
-0.014844093999999974
-0.014844093999999974
-0.014844093999999974
-0.0028730790000000006
0.009097935999999973
0.021068951000000058
0.03303996600000003
-0.00047883400000003906
-0.005267233999999954
-0.01005563399999998
-0.005267233999999954
0.001915366000000085
0.009097966000000013
-0.005267263999999994
-0.019632494
-0.014844063999999935
-0.01005563399999998
-0.012449864000000033
-0.014844093999999974
-0.01324794066666668
-0.011651787333333274
-0.01005563399999998
-0.00047883400000003906
-0.00047883400000003906
-0.00047883400000003906
-0.00047883400000003906
-0.00047883400000003906
-0.00047883400000003906
-0.00047883400000003906
-0.00047883400000003906
-0.00047883400000003906
-0.005267233999999954
-0.00047883400000003906
-0.003671100666666649
-0.00686336733333337
-0.01005563399999998
-0.007661433999999967
-0.005267234000000065
-0.002873034000000052
-0.00047883400000003906
-0.00047883400000003906
-0.007661464000000007
-0.014844093999999974
-0.014844093999999974
-0.014844093999999974
-0.014844093999999974
-0.00047883400000003906
-0.00047883400000003906
-0.00047883400000003906
-0.002873033999999941
-0.005267233999999954
-0.008858548999999938
-0.012449864000000033
-0.016041179000000017
-0.019632494
-0.014844093999999974
-0.012449878999999942
-0.010055663999999909
-0.007661448999999987
-0.005267233999999954
-0.007661464000000007
-0.014844093999999974
-0.014844093999999974
-0.014844093999999974
-0.014844093999999974
-0.01005567900000004
-0.005267263999999994
-0.0004788489999999479
0.004309565999999987
-0.01005563399999998
-0.01005563399999998
-0.01005563399999998
-0.01005563399999998
-0.01005563399999998
-0.01005563399999998
-0.007661433999999967
-0.005267233999999954
-0.00047883400000003906
0.004309565999999987
0.001915365999999974
-0.00047883400000003906
0.004309565999999987
0.009097966000000013
-0.0028730639999999807
-0.014844093999999974
-0.015322933999999955
-0.015801773999999935
-0.016280614000000027
-0.016759454000000007
-0.017238293999999987
-0.01544262899999993
-0.013646963999999984
-0.011851299000000037
-0.01005563399999998
-0.007661464000000007
0.004309565999999987
-0.005267263999999994
-0.014844093999999974
-0.010055673999999959
-0.0052672540000000545
-0.00047883400000003906
-0.01005563399999998
-0.01005563399999998
-0.01005563399999998
-0.01005563399999998
-0.01005563399999998
-0.01005563399999998
-0.01005563399999998
-0.005267233999999954
-0.00047883400000003906
-0.01005563399999998
-0.00047883400000003906
0.001915365999999974
0.004309565999999987
0.001915365999999974
-0.00047883400000003906
-0.002074967333333344
-0.003671100666666649
-0.005267233999999954
-0.00453055707692307
-0.0037938801538460742
-0.00305720323076919
-0.0023205263076923055
-0.00158384938461531
-0.0008471724615384257
-0.00011049553846154136
0.000626181384615343
0.0013628583076923384
0.0020995352307692228
0.002836212153846107
0.0035728890769231025
0.004309565999999987
-0.005267234000000065
-0.00047886399999996776
-0.00047883399999992804
0.001117299333333377
0.002713432666666682
0.004309565999999987
-0.005267233999999954
-0.007661433999999967
-0.01005563399999998
0.004309565999999987
-0.0020749873333333335
-0.008459540666666654
-0.014844093999999974
-0.01005563399999998
-0.009457091499999959
-0.008858549000000049
-0.008260006500000028
-0.007661464000000007
-0.006464348999999925
-0.005267233999999954
-0.008459520666666664
-0.011651807333333264
-0.014844093999999974
0.004309535999999947
0.02346316599999998
0.016280556
0.009097946000000023
0.0019153360000000452
-0.005267274000000044
-0.012449884000000022
-0.019632494
-0.00047883400000003906
-0.024420894000000026
-0.007661433999999967
-0.013646963999999984
-0.019632494
-0.015642150666666632
-0.011651807333333375
-0.007661464000000007
-0.0036711206666666385
0.0003192226666666187
0.004309565999999987
-0.024420894000000026
-0.00047883400000003906
-0.005267233999999954
0.013886366000000039
0.011492166000000026
0.009097966000000013
0.004309565999999987
-0.00047883399999992804
-0.005267233999999954
0.018674765999999954
0.011970994000000013
0.00526722199999996
-0.001436549999999981
-0.008140322000000033
-0.014844093999999974
-0.01005567900000004
-0.005267264000000105
-0.00047885400000002853
0.004309555999999937
0.009097966000000013
-0.019632494
0.004309565999999987
-0.00047883400000003906
-0.005267233999999954
-0.01005563399999998
-0.014844063999999935
-0.019632494
-0.005267233999999954
-0.01005565399999997
-0.014844073999999985
-0.019632494
0.004309535999999947
0.028251566000000006
-0.014844093999999974
-0.017238293999999987
-0.019632494
-0.019632494
-0.01644020733333329
-0.01324792066666669
-0.01005563399999998
-0.005267234000000065
-0.00047883400000003906
-0.005267234000000065
-0.01005563399999998
-0.006464334000000016
-0.002873033999999941
0.0007182660000000229
0.004309565999999987
-0.01005566400000002
-0.024420894000000026
0.004309565999999987
-0.014844093999999974
-0.007661464000000007
-0.00047883400000003906
-0.00047883400000003906
-0.00047883400000003906
-0.005267234000000065
-0.01005563399999998
-0.00047883400000003906
0.009097966000000013
0.005107622666666645
0.0011172793333333875
-0.0028730639999999807
-0.006863407333333349
-0.010853750666666606
-0.014844093999999974
-0.00047883400000003906
-0.002873033999999941
-0.005267233999999954
-0.00047883400000003906
0.009097966000000013
-0.01005563399999998
-0.008459500666666675
-0.006863367333333259
-0.005267233999999954
-0.012449864000000033
-0.019632494
0.004309565999999987
-0.0004788489999999479
-0.005267263999999994
-0.01005567900000004
-0.014844093999999974
0.013886366000000039
-0.01005563399999998
-0.019632494
-0.017238293999999987
-0.014844093999999974
-0.012449878999999942
-0.010055663999999909
-0.007661448999999987
-0.005267233999999954
0.009097966000000013
0.007501832666666708
0.005905699333333292
0.004309565999999987
0.004309565999999987
0.004309565999999987
0.004309565999999987
-0.005267263999999994
-0.014844093999999974
-0.002873033999999941
-0.004070133999999892
-0.005267233999999954
-0.003671100666666649
-0.002074967333333344
-0.00047883400000003906
-0.01005563399999998
-0.01005563399999998
-0.01005563399999998
-0.01005563399999998
-0.007661433999999967
-0.005267234000000065
-0.002873034000000052
-0.00047883400000003906
-0.00047883400000003906
-0.00047883400000003906
-0.01005566400000002
-0.019632494
-0.01005563399999998
-0.007661433999999967
-0.005267233999999954
-0.005267233999999954
-0.005267233999999954
-0.005985496999999951
-0.0067037599999999475
-0.007422022999999944
-0.008140285999999941
-0.008858548999999938
-0.009576811999999935
-0.010295074999999931
-0.011013337999999928
-0.011731600999999925
-0.012449864000000033
-0.01316812700000003
-0.013886390000000026
-0.014604653000000023
-0.01532291600000002
-0.016041179000000017
-0.016759442000000013
-0.01747770500000001
-0.018195968000000007
-0.018914231000000004
-0.019632494
-0.011651807333333375
-0.0036711206666666385
0.004309565999999987
0.001117299333333377
-0.002074967333333344
-0.005267233999999954
-0.005267233999999954
-0.005267233999999954
-0.002873033999999941
-0.00047883400000003906
-0.01005566400000002
-0.019632494
-0.017238293999999987
-0.014844093999999974
-0.010055663999999909
-0.005267233999999954
-0.00047883400000003906
0.004309565999999987
-0.01005563399999998
-0.012449864000000033
-0.014844093999999974
-0.014844093999999974
-0.014844093999999974
-0.014844093999999974
-0.014844093999999974
-0.014844093999999974
-0.004070163999999932
0.006703766
-0.01005563399999998
-0.005267263999999994
-0.00047883400000003906
0.009097966000000013
-0.01005563399999998
-0.00047883400000003906
-0.00047883400000003906
-0.00047883400000003906
0.009097966000000013
-0.012449864000000033
-0.01005563399999998
-0.014844093999999974
-0.011971041999999987
-0.00909799
-0.006224938000000013
-0.003351886000000026
-0.00047883400000003906
-0.005267233999999954
-0.012449864000000033
-0.019632494
-0.005267233999999954
-0.014844093999999974
-0.011971041999999987
-0.00909799
-0.006224938000000013
-0.003351886000000026
-0.00047883400000003906
0.009097966000000013
0.004309565999999987
0.004309565999999987
-0.00047883400000003906
-0.005267233999999954
0.001915366000000085
0.009097966000000013
-0.00047883400000003906
-0.01005563399999998
-0.002873033999999941
0.004309565999999987
0.001915365999999974
-0.00047883400000003906
-0.002873033999999941
-0.005267233999999954
-0.007661433999999967
-0.01005563399999998
-0.005267233999999954
-0.01005563399999998
-0.005267233999999954
0.009097966000000013
0.004309565999999987
-0.00047883400000003906
-0.002873033999999941
-0.005267233999999954
