-0.01891404999999935
-0.0356735499999985
-0.02609654999999833
-0.01651954999999994
-0.017716799999998756
-0.01891404999999935
-0.020111299999999943
-0.02130854999999876
-0.030884549999999678
-0.011731549999998592
-0.014125549999999265
-0.01651954999999994
-0.019711883333332736
-0.022904216666665533
-0.02609654999999833
-0.02130854999999876
-0.01891404999999935
-0.01651954999999994
-0.021307883333333777
-0.02609621666666584
-0.030884549999999678
-0.030200549999999993
-0.02951654999999853
-0.028832549999998847
-0.028148549999999162
-0.027464549999999477
-0.026780549999998016
-0.02609654999999833
-0.011731549999998592
-0.01651954999999994
-0.01651954999999994
-0.02130854999999876
-0.030884549999999678
-0.02609654999999833
-0.02609654999999833
-0.02609654999999833
-0.02609654999999833
-0.01891404999999935
-0.011731549999998592
-0.014125799999998634
-0.016520049999998676
-0.018914299999998718
-0.02130854999999876
-0.0356735499999985
-0.029288883333332905
-0.022904216666665533
-0.01651954999999994
-0.030885049999998415
-0.030884799999999046
-0.030884549999999678
-0.030884549999999678
-0.030884549999999678
-0.030884549999999678
-0.030884549999999678
-0.030884549999999678
-0.030884549999999678
-0.030884549999999678
-0.030884549999999678
-0.030884549999999678
-0.02609654999999833
-0.021308049999998246
-0.02130814999999764
-0.021308249999998807
-0.0213083499999982
-0.021308449999999368
-0.02130854999999876
-0.02609654999999833
-0.030884549999999678
-0.030884549999999678
-0.030884549999999678
-0.0356735499999985
-0.040461549999999846
-0.03507467500000061
-0.029687799999999598
-0.024300924999998585
-0.01891404999999935
-0.02609654999999833
-0.01891404999999935
-0.011731549999998592
-0.02609654999999833
-0.028490549999999004
-0.030884549999999678
-0.02609654999999833
-0.02130854999999876
-0.030885049999998415
-0.040461549999999846
-0.03886543888888916
-0.037269327777776695
-0.03567321666666601
-0.03407710555555532
-0.03248099444444286
-0.03088488333333217
-0.029288772222221482
-0.027692661111109018
-0.02609654999999833
-0.021308049999998246
-0.016519549999998162
-0.01651954999999994
-0.019392549999999176
-0.02226555000000019
-0.025138549999999427
-0.02801155000000044
-0.030884549999999678
-0.02609654999999833
-0.030885049999998415
-0.028490549999999004
-0.027892049999998392
-0.027293549999999556
-0.026695049999998943
-0.02609654999999833
-0.01651954999999994
-0.011731549999998592
-0.01492388333333139
-0.018116216666665963
-0.02130854999999876
-0.02082964999999959
-0.02035074999999864
-0.01987184999999947
-0.01939294999999852
-0.01891404999999935
-0.018435150000000178
-0.01795624999999923
-0.017477350000000058
-0.01699844999999911
-0.01651954999999994
-0.0356735499999985
-0.0356735499999985
-0.02609654999999833
-0.040461549999999846
-0.030884549999999678
-0.0356735499999985
-0.02609654999999833
-0.028490549999999004
-0.030884549999999678
-0.03327904999999909
-0.0356735499999985
-0.03327904999999909
-0.030884549999999678
-0.027293300000000187
-0.023702050000000696
-0.02011079999999943
-0.01651954999999994
-0.02609654999999833
-0.027692549999999372
-0.029288549999998637
-0.030884549999999678
-0.040461549999999846
-0.038865549999998805
-0.03726954999999954
-0.0356735499999985
-0.02130854999999876
-0.020510383333332882
-0.019712216666665228
-0.01891404999999935
-0.01811588333333347
-0.017317716666665817
-0.01651954999999994
-0.023702549999999434
-0.01651954999999994
-0.02609654999999833
-0.0356735499999985
-0.030885049999998415
-0.02609654999999833
-0.024500549999999066
-0.022904549999998025
-0.02130854999999876
-0.028491049999999518
-0.0356735499999985
-0.03806754999999917
-0.040461549999999846
-0.03758854999999883
-0.034715549999999595
-0.03184254999999858
-0.028969549999999344
-0.02609654999999833
-0.02130854999999876
-0.02609654999999833
-0.030884549999999678
-0.028490549999999004
-0.02609654999999833
-0.02609654999999833
-0.02609654999999833
-0.0356735499999985
-0.04525054999999867
-0.040461549999999846
-0.03327904999999909
-0.02609654999999833
-0.02609654999999833
-0.02609654999999833
-0.02609654999999833
-0.02609654999999833
-0.030884549999999678
-0.024500216666666574
-0.018115883333331695
-0.011731549999998592
-0.01651988333333243
-0.021308216666664492
-0.02609654999999833
-0.02130854999999876
-0.02130854999999876
-0.02130854999999876
-0.01891404999999935
-0.01651954999999994
-0.020350349999999295
-0.024181149999998652
-0.028011949999999786
-0.03184274999999914
-0.0356735499999985
-0.03567304999999976
-0.034076883333332475
-0.032480716666666964
-0.030884549999999678
-0.028490549999999004
-0.02609654999999833
-0.028490549999999004
-0.030884549999999678
-0.02609654999999833
-0.02130854999999876
-0.02609654999999833
-0.02609654999999833
-0.02609654999999833
-0.02609654999999833
-0.02609654999999833
-0.02130854999999876
-0.02609654999999833
-0.030884549999999678
-0.02609654999999833
-0.02609654999999833
-0.02609654999999833
-0.03806754999999917
-0.050038550000000015
-0.04764454999999934
-0.04525054999999867
-0.03806754999999917
-0.030884549999999678
-0.021308049999998246
-0.011731549999998592
-0.027692883333331864
-0.043654216666665135
-0.05961554999999841
-0.07398054999999992
-0.02849055000000078
0.016999450000000138
-0.014125549999999265
-0.04525054999999867
-0.03806754999999917
-0.030884549999999678
-0.08116305000000068
-0.1314415499999999
-0.0548270500000001
0.021787450000001485
0.002633949999999885
-0.01651954999999994
-0.0005582166666666666
0.015403116666668382
0.031364450000001654
-0.02609654999999833
-0.03327904999999909
-0.040461549999999846
-0.034715549999999595
-0.028969549999999344
-0.023223549999999094
-0.017477549999998843
-0.011731549999998592
0.03375845000000055
-0.0009575499999989745
-0.0356735499999985
-0.03327904999999909
-0.030884549999999678
-0.03806719285714166
-0.045249835714285425
-0.052432478571429186
-0.05961512142857117
-0.06679776428571316
-0.07398040714285692
-0.08116305000000068
-0.08834569285714267
-0.09552833571428465
-0.10271097857142841
-0.10989362142857217
-0.11707626428571416
-0.12425890714285615
-0.1314415499999999
-0.052433049999999426
0.026575450000001055
-0.0787685499999995
0.016999450000000138
-0.14101855000000008
-0.00694254999999977
-0.08355754999999832
0.021787450000001485
-0.08834554999999966
-0.0356735499999985
-0.00933704999999918
-0.014923549999998897
-0.020510049999998614
-0.02609654999999833
-0.01651954999999994
-0.01412535000000048
-0.011731149999999246
-0.009336949999999788
-0.006942750000000331
-0.004548549999999096
-0.0021543499999996385
0.00023984999999981937
0.0026340499999992772
0.0050282500000005115
0.007422449999999969
0.012210450000001316
0.09361345000000121
-0.030884549999999678
-0.03806754999999917
0.04572945000000139
0.021188950000000872
-0.0033515499999978715
-0.027892049999998392
-0.05243254999999891
-0.10031704999999924
-0.08738834999999945
-0.07445964999999966
-0.061530949999998086
-0.04860224999999829
-0.0356735499999985
0.05051745000000096
0.007422449999999969
-0.054826549999999585
-0.05243254999999891
-0.050038550000000015
-0.0803652166666673
-0.1106918833333328
-0.14101855000000008
0.08882545000000164
0.04253745000000109
-0.003750549999999464
-0.050038550000000015
-0.023223549999999094
0.0035914500000000515
0.030406450000000973
0.05722145000000012
0.08403645000000104
-0.040461549999999846
-0.0787685499999995
-0.0859512166666665
-0.09313388333333172
-0.10031654999999873
0.036152450000001224
-0.0021545500000001994
-0.040461549999999846
-0.03248088333333321
-0.024500216666666574
-0.01651954999999994
0.06009494999999987
0.13670945000000145
0.024181950000000896
-0.08834554999999966
-0.05123554999999946
-0.014125549999999265
0.022984450000000933
0.06009445000000113
-0.01651954999999994
-0.04524995000000054
-0.07398034999999936
-0.10271074999999996
-0.13144114999999879
-0.16017154999999939
0.06488344999999995
-0.14580654999999965
-0.011731549999998592
0.007422449999999969
-0.008538883333333303
-0.024500216666666574
-0.040461549999999846
-0.004548549999999096
0.031364450000001654
-0.0356735499999985
-0.0388658833333313
-0.04205821666666587
-0.04525054999999867
-0.040462049999998584
-0.0356735499999985
-0.0356735499999985
-0.0356735499999985
-0.021308049999998246
-0.00694254999999977
-0.021308049999998246
-0.0356735499999985
-0.030885149999997807
-0.02609674999999889
-0.0213083499999982
-0.016519949999999284
-0.011731549999998592
-0.040461549999999846
-0.02609654999999833
-0.025564549999998576
-0.02503254999999882
-0.024500549999999066
-0.02396854999999931
-0.02343654999999778
-0.022904549999998025
-0.02237254999999827
-0.021840549999998515
-0.02130854999999876
-0.04525054999999867
-0.00694254999999977
-0.0332795499999996
-0.00694254999999977
-0.05961554999999841
-0.047644549999997565
-0.0356735499999985
-0.023702549999999434
-0.011731549999998592
-0.050038550000000015
-0.0356735499999985
0.007422449999999969
-0.011731049999999854
-0.030884549999999678
-0.014125549999999265
0.0026334500000011474
-0.0033520499999983855
-0.009337549999997918
-0.015323049999999228
-0.02130854999999876
-0.023702549999999434
-0.02609654999999833
-0.03806754999999917
-0.050038550000000015
-0.023702549999999434
0.0026334500000011474
-0.014125549999999265
-0.030884549999999678
-0.018913550000000612
-0.00694254999999977
-0.018913550000000612
-0.030884549999999678
-0.023702050000000696
-0.01651954999999994
-0.014125299999999896
-0.011731049999999854
-0.009336799999999812
-0.00694254999999977
-0.02130854999999876
-0.04525054999999867
-0.04285604999999926
-0.040461549999999846
-0.038865549999998805
-0.03726954999999954
-0.0356735499999985
-0.021308049999998246
-0.00694254999999977
-0.011731049999999854
-0.01651954999999994
-0.011731049999999854
-0.00694254999999977
0.00023995000000098798
0.007422449999999969
-0.030884549999999678
-0.0356735499999985
-0.034476299999997906
-0.03327904999999909
-0.03208180000000027
-0.030884549999999678
-0.03806754999999917
-0.04525054999999867
-0.0356735499999985
-0.02609654999999833
-0.028490549999999004
-0.030884549999999678
-0.02130854999999876
-0.024181549999997998
-0.02705454999999901
-0.02992754999999825
-0.03280054999999926
-0.0356735499999985
-0.040461549999999846
-0.02609654999999833
-0.002154549999998423
-0.040461549999999846
-0.023702050000000696
-0.00694254999999977
-0.00933704999999918
-0.011731549999998592
-0.019712216666665228
-0.027692883333331864
-0.0356735499999985
-0.040461549999999846
-0.038067299999999804
-0.03567304999999976
-0.03327879999999972
-0.030884549999999678
-0.030884549999999678
-0.030884549999999678
-0.030884549999999678
-0.030884549999999678
-0.030884549999999678
-0.030884549999999678
-0.030884549999999678
-0.030884549999999678
-0.030884549999999678
-0.030884549999999678
-0.030884549999999678
-0.02130854999999876
-0.02130854999999876
-0.02130854999999876
-0.014125549999999265
-0.00694254999999977
-0.009336799999999812
-0.011731049999999854
-0.014125299999999896
-0.01651954999999994
-0.01651954999999994
-0.01651954999999994
-0.01651954999999994
-0.01651954999999994
-0.011731549999998592
-0.03567321666666601
-0.028491049999999518
-0.02849055000000078
-0.030884549999999678
-0.023702050000000696
-0.01651954999999994
-0.02609654999999833
-0.028490549999999004
-0.030884549999999678
-0.02968748749999861
-0.02849042499999932
-0.02729336250000003
-0.026096299999998962
-0.024899237499997895
-0.023702174999998604
-0.022505112499999314
-0.021308049999998246
-0.021308049999998246
-0.020110924999999114
-0.01891379999999998
-0.01771667499999907
-0.01651954999999994
-0.01811588333333347
-0.019712216666665228
