0.0017412301363636806
0.0017412301363636806
0.0017412301363636806
0.00014510013636367947
-0.0014510298636363217
-0.003047159863636323
-0.007835559863636321
0.004135440136363688
0.0046142821363636954
0.0050931241363637025
0.005571966136363682
0.006050808136363689
0.006529650136363696
0.0017412301363636806
-0.0030471648636363202
-0.003047164030303001
-0.0030471631969696544
-0.0030471623636363077
-0.0030471615303029886
-0.0030471606969696696
-0.003047159863636323
-0.003047159863636323
0.016106450136363692
-0.007835559863636321
-0.0062394256969696416
-0.00464329153030299
-0.003047157363636338
-0.0014510231969696585
0.00014511096969702098
0.0017412451363636727
-0.01741235986363629
0.011318050136363694
0.009721916803030362
0.008125783469697029
0.006529650136363696
0.0017412301363636806
0.006529650136363696
0.008923850136363681
0.011318050136363694
0.004135445136363686
-0.003047159863636323
0.004135445136363686
0.011318050136363694
0.004135445136363686
-0.003047159863636323
0.0017412451363636727
0.006529650136363696
0.00014511346969703354
-0.006239423196969657
-0.01262395986363632
-0.003047159863636323
0.0017412451363636727
0.006529650136363696
0.0017412451363636727
-0.003047159863636323
-0.000652964863636335
0.0017412301363636806
0.0017412301363636806
0.0017412301363636806
-0.003047159863636323
-0.003645709863636326
-0.004244259863636329
-0.004842809863636333
-0.005441359863636336
-0.006039909863636311
-0.006638459863636315
-0.007237009863636318
-0.007835559863636321
-0.005441359863636336
-0.003047159863636323
-0.0030471648636363202
-0.003047159863636323
0.006529650136363696
0.006529650136363696
0.006529650136363696
0.002539311803030353
-0.0014510265303029624
-0.0054413648636363054
-0.0018500673636363263
0.0017412301363636806
0.000783552136363691
-0.00017412586363632632
-0.001131803863636316
-0.0020894818636363333
-0.003047159863636323
0.016106450136363692
0.011318050136363694
0.004135445136363686
-0.003047159863636323
0.006529650136363696
0.006529650136363696
0.006529650136363696
0.004135440136363688
0.0017412301363636806
-0.003047166530302986
-0.007835563196969653
-0.01262395986363632
-0.004244254863636304
0.004135450136363683
0.01251515513636367
0.020894860136363685
0.0017412301363636806
0.0009431651363636662
0.00014510013636367947
-0.000652964863636335
0.0005441326363636867
0.0017412301363636806
-0.000652964863636335
-0.003047159863636323
-0.003047159863636323
-0.003047159863636323
-0.003047159863636323
-0.003047159863636323
-0.0022490948636363084
-0.0014510298636363217
-0.000652964863636335
0.00014510013636367947
0.0009431651363636939
0.0017412301363636806
-0.0030471648636363202
-0.007835559863636321
-0.01741235986363629
0.0017412301363636806
0.0017412301363636806
0.0017412301363636806
0.0017412301363636806
0.006529650136363696
-0.0006529548636363125
0.0017412468030303663
0.004135448469697017
0.006529650136363696
0.0049335101363637
0.0033373701363636765
0.0017412301363636806
-0.007835559863636321
-0.005441359863636336
-0.003047159863636323
-0.010229759863636306
-0.01741235986363629
0.0017412301363636806
-0.000652964863636335
-0.003047159863636323
0.0005441426363636814
0.004135445136363686
0.00772674763636369
0.011318050136363694
0.011318050136363694
0.011318050136363694
0.006529650136363696
0.0017412476363636853
-0.0030471548636362977
-0.007835557363636309
-0.01262395986363632
-0.007835559863636321
-0.003047159863636323
0.0017412301363636806
0.006529650136363696
0.006529650136363696
0.006529650136363696
0.008923850136363681
0.011318050136363694
0.013712250136363707
0.016106450136363692
0.01508036299350654
0.014054275850649417
0.013028188707792265
0.012002101564935114
0.010976014422077962
0.009949927279220838
0.008923840136363687
0.007897752993506535
0.006871665850649411
0.005845578707792259
0.004819491564935108
0.003793404422077956
0.0027673172792208323
0.0017412301363636806
-0.003047159863636323
0.011318050136363694
-0.0006529548636363125
-0.0005121204518716005
-0.0003712860401068885
-0.00023045162834220423
-8.961721657749222e-05
5.121719518721979e-05
0.0001920516069519318
0.00033288601871661605
0.00047372043048132806
0.0006145548422460401
0.0007553892540107521
0.0008962236657754363
0.0010370580775401483
0.0011778924893048603
0.0013187269010695724
0.0014595613128342566
0.0016003957245989686
0.0017412301363636806
0.008923840136363687
0.016106450136363692
0.0017412301363636806
0.004135440136363688
0.006529650136363696
0.006529650136363696
0.004135440136363688
0.0017412301363636806
-0.003047159863636323
0.0017412301363636806
0.0017412301363636806
0.0017412301363636806
0.025683260136363684
-0.0030471548636362977
-0.005441359863636336
-0.0030471648636363202
-0.010229759863636306
-0.006039907363636299
-0.0018500548636362912
0.0023397976363636885
0.006529650136363696
-0.007835559863636321
-0.007835564863636318
-0.0006529573636363251
0.006529650136363696
0.003109362993506559
-0.00031092414935057766
-0.0037312112922077145
-0.007151498435064879
-0.010571785577922016
-0.013992072720779153
-0.01741235986363629
0.006529650136363696
-0.0006529548636363125
-5.440861363631422e-05
0.0005441376363636841
0.0011426838863636823
0.0017412301363636806
-0.003047159863636323
0.006529650136363696
-0.003047159863636323
-0.005441359863636336
-0.007835559863636321
-0.007835559863636321
-0.007835559863636321
-0.004643296530302987
-0.0014510331969696533
0.0017412301363636806
0.0017412301363636806
0.0033373701363636765
0.0049335101363637
0.006529650136363696
0.004135440136363688
0.0017412301363636806
-0.0030471648636363202
-0.007835559863636321
-0.004643296530302987
-0.0014510331969696533
0.0017412301363636806
0.0017412301363636806
0.00014510013636367947
-0.0014510298636363217
-0.003047159863636323
-0.003047159863636323
-0.0016790441493506059
-0.0003109284350648889
0.0010571872792208281
0.002425302993506545
0.003793418707792262
0.005161534422077979
0.006529650136363696
-0.007835559863636321
0.025683260136363684
-0.01741235986363629
-0.007835564863636318
0.0017412301363636806
0.006529640136363674
0.011318050136363694
0.006529640136363674
0.0017412301363636806
-0.024594979863636318
-0.05093118986363629
-0.019008503196969645
0.012914183469697
0.04483687013636367
0.03346441263636368
0.022091955136363667
0.010719497636363678
-0.0006529598636363099
-0.016215274863636303
-0.031777589863636296
-0.0652964098636363
-0.007835564863636318
0.04962528013636369
-0.010229764863636331
-0.07008480986363633
-0.028585313196969636
0.012914183469697
0.05441368013636369
0.025683256803030352
-0.0030471665303029583
-0.031777589863636296
-0.06050800986363633
-0.03177758736363631
-0.0030471648636363202
0.02568325763636367
0.05441368013636369
0.01929872346969702
-0.015816233196969648
-0.05093118986363629
0.04962528013636369
-0.048536999863636326
-0.006239436530302983
0.03605812680303036
0.07835569013636368
0.03206779013636368
-0.014220109863636338
-0.06050800986363633
0.04962528013636369
-0.0652964098636363
-0.024594979863636318
0.016106450136363692
0.049625275136363695
0.0831441001363637
0.004135445136363686
-0.0748732098636363
-0.010229764863636331
0.05441368013636369
0.013712245136363682
-0.026989189863636326
-0.011255862720779192
0.00447746442207797
0.020210791564935104
0.035944118707792266
0.0516774458506494
0.06741077299350653
0.0831441001363637
0.020894860136363685
-0.05093118986363629
0.013712250136363707
0.016106453469697024
0.01850065680303037
0.020894860136363685
-0.07966158986363633
-0.05631812986363635
-0.03297466986363631
-0.00963120986363633
0.01371225013636368
0.014111283469697006
0.01451031680303036
0.014909350136363686
0.015308383469697012
0.015707416803030366
0.016106450136363692
0.003536890136363685
-0.009032669863636295
-0.02160222986363633
-0.03417178986363631
0.10229771013636368
-0.07966158986363633
-0.023796893196969676
0.03206780346969704
0.0879325001363637
0.016106450136363665
0.004933513469697004
-0.006239423196969629
-0.01741235986363629
-0.04614278986363632
0.0017412451363636727
0.04962528013636369
0.025683256803030352
0.00174123346969704
-0.0222007898636363
0.04483687013636367
-0.02698917986363633
-0.0988152298636363
-0.05955032186363632
-0.02028541386363633
0.01897949413636371
0.0582444021363637
0.09750931013636369
0.04723107513636368
-0.003047159863636323
-0.014220103196969675
-0.02539304653030297
-0.03656598986363632
-0.007835564863636318
0.020894860136363685
0.030471660136363682
0.00533254263636368
-0.019806574863636323
-0.0449456923636363
-0.07008480986363633
0.006529645136363699
0.004135437636363676
0.0017412301363636806
-0.0054413648636363054
-0.01262395986363632
0.0005441476363636788
0.013712255136363677
0.026880362636363675
0.04004847013636367
-0.01741235986363629
0.025683260136363684
0.001741235136363678
-0.0222007898636363
-0.016044268435064873
-0.009887747006493447
-0.0037312255779220205
0.002425295850649406
0.008581817279220832
0.014738338707792259
0.020894860136363685
0.004135440136363688
-0.0222007898636363
-0.015018174863636297
-0.007835559863636321
-0.007493531292207756
-0.00715150272077919
-0.006809474149350597
-0.006467445577922032
-0.0061254170064934665
-0.005783388435064901
-0.005441359863636336
-0.005099331292207743
-0.004757302720779177
-0.004415274149350612
-0.004073245577922047
-0.0037312170064934536
-0.003389188435064888
-0.003047159863636323
0.0017412451363636727
-0.000652964863636335
-0.005441354863636311
0.0017412451363636727
-0.007835559863636321
-0.007835559863636321
-0.007835559863636321
-0.007835559863636321
-0.007835559863636321
-0.007835559863636321
-0.007835559863636321
-0.007835559863636321
-0.0018500573636363316
0.004135445136363686
0.010120947636363703
0.016106450136363692
-0.0222007898636363
-0.00903267486363632
0.004135440136363688
0.007726745136363705
0.011318050136363694
0.008923850136363681
0.006529650136363696
-0.01262395986363632
0.016106450136363692
-0.0006529548636362847
-0.01741235986363629
-0.007835564863636318
0.0017412301363636806
-0.003047166530302986
-0.007835563196969653
-0.01262395986363632
0.006529650136363696
0.005161534422077979
0.003793418707792262
0.002425302993506545
0.0010571872792208281
-0.0003109284350648889
-0.0016790441493506059
-0.003047159863636323
-0.003047159863636323
-0.003047159863636323
-0.004244262363636314
-0.0054413648636363054
-0.0054413648636363054
-0.003944987988636295
-0.002448611113636312
-0.0009522342386363014
0.0005441426363636814
0.002040519511363692
0.0035368963863637026
0.0050332732613636855
0.006529650136363696
-0.005441354863636311
-0.01741235986363629
-0.000652964863636335
0.0017412451363636727
-0.0006529573636363251
-0.003047159863636323
0.006529650136363696
-0.0006529548636363125
-0.007835559863636321
-0.006638459863636315
-0.005441359863636336
-0.004244259863636329
-0.003047159863636323
-0.005441359863636336
-0.007835559863636321
-0.010229759863636306
-0.01262395986363632
0.0017412301363636806
-0.000652964863636335
-0.0030471631969696544
-0.005441361530303002
-0.007835559863636321
-0.01262395986363632
-0.01741235986363629
0.006529650136363696
0.004135440136363688
0.0017412301363636806
0.006529640136363674
0.011318050136363694
0.0065296468030303645
0.001741243469697007
-0.003047159863636323
-0.003047159863636323
-0.005441359863636336
-0.007835559863636321
-0.005441359863636336
-0.003047159863636323
-0.000652964863636335
0.0017412301363636806
-0.000652964863636335
-0.003047159863636323
0.004135445136363686
0.011318050136363694
0.004135445136363686
-0.003047159863636323
0.0005441426363636814
0.004135445136363686
0.00772674763636369
0.011318050136363694
-0.003047159863636323
-0.0014510248636363243
0.0001451101363636742
0.0017412451363636727
0.0013059355909091352
0.00087062604545457
0.0004353165000000325
6.9545454950414864e-09
-0.00043530259090904244
-0.0008706121363636077
-0.0013059216818181452
-0.0017412312272726826
-0.00217654077272722
-0.0026118503181817854
-0.003047159863636323
-0.003047159863636323
0.006529640136363674
0.008445002136363677
0.010360364136363681
0.012275726136363685
0.014191088136363689
0.016106450136363692
0.004135445136363686
-0.007835559863636321
