0.0014366999999992913
0.0023943000000006265
0.0033519000000001853
-0.0014361000000011614
-0.011013099999999554
0.008140899999999007
0.003352399999998923
-0.0014361000000011614
-0.011013099999999554
-0.015801433333333392
-0.02058976666666723
-0.02537810000000107
-0.02537810000000107
-0.02537810000000107
-0.02537810000000107
-0.02537810000000107
-0.02537810000000107
-0.006225099999999983
0.0033519000000001853
-0.0014361000000011614
0.008140899999999007
-0.0014361000000011614
0.00015989999999987958
0.0017558999999991443
0.0033519000000001853
-0.0158011000000009
-0.0158011000000009
-0.0158011000000009
-0.0158011000000009
-0.0158011000000009
-0.0158011000000009
-0.0158011000000009
-0.02537810000000107
-0.0014361000000011614
0.003352399999998923
0.008140899999999007
-0.020590099999999723
-0.015801599999999638
-0.011013099999999554
-0.006225099999999983
-0.00502784999999939
-0.0038306000000005724
-0.0026333499999999788
-0.001436099999999385
0.004549400000000148
0.01053489999999968
0.016520399999999213
0.022505899999998746
0.011332899999999313
0.00015989999999987958
-0.011013099999999554
-0.0014361000000011614
-0.0014361000000011614
-0.03016709999999989
-0.025378599999999807
-0.020590099999999723
-0.013407600000000741
-0.006225099999999983
-0.006225099999999983
-0.006225099999999983
-0.006225099999999983
-0.006225099999999983
-0.006225099999999983
-0.005426933333334105
-0.004628766666666451
-0.0038306000000005724
-0.0030324333333346942
-0.0022342666666670397
-0.0014361000000011614
-0.011013099999999554
-0.006225099999999983
-0.01420576666666662
-0.022186433333333255
-0.03016709999999989
-0.011013099999999554
-0.015801599999999638
-0.017397766666666925
-0.018993933333332436
-0.020590099999999723
-0.017397766666666925
-0.014205433333332351
-0.011013099999999554
-0.006225099999999983
-0.004628766666666451
-0.0030324333333346942
-0.0014361000000011614
-0.0014361000000011614
0.012928900000000354
0.011971199999999627
0.011013500000000676
0.010055799999999948
0.009098100000000997
0.00814040000000027
0.007182699999999542
0.006225000000000591
0.005267299999999864
0.004309600000000913
0.0033519000000001853
-0.006225099999999983
-0.02537810000000107
0.008140899999999007
-0.02537810000000107
-0.0038306000000005724
0.0033519000000001853
-0.004628766666666451
-0.012609433333333087
-0.020590099999999723
-0.011013099999999554
-0.007820766666666756
-0.004628433333333959
-0.0014361000000011614
-0.007820766666666756
-0.014205433333334128
-0.020590099999999723
-0.0158011000000009
-0.0158011000000009
-0.0158011000000009
-0.0158011000000009
-0.020590099999999723
-0.011013099999999554
-0.011013099999999554
-0.011013099999999554
-0.013407100000000227
-0.0158011000000009
-0.00861860000000192
-0.0014361000000011614
0.0009581499999988807
0.003352399999998923
0.005746649999998965
0.008140899999999007
0.00431009999999965
0.0004793000000002934
-0.00335150000000084
-0.007182300000000197
-0.011013099999999554
-0.006225099999999983
-0.0038306000000005724
-0.00622472500000093
-0.008618850000001288
-0.01101297499999987
-0.013407100000000227
-0.0014361000000011614
-6.795714285878773e-05
0.0013001857142853623
0.002668328571427736
0.00403647142857011
0.0054046142857124835
0.0067727571428566335
0.008140899999999007
-0.001436099999999385
-0.011013099999999554
0.0009578999999995119
0.012928900000000354
0.01156075714285798
0.01019261428571383
0.008824471428571456
0.007456328571429083
0.006088185714286709
0.004720042857142559
0.0033519000000001853
0.0009578999999995119
-0.03495510000000124
-0.032560850000001196
-0.030166600000001154
-0.02777235000000111
-0.02537810000000107
-0.011013099999999554
0.0033519000000001853
-0.001436599999999899
-0.006225099999999983
0.012928900000000354
-0.006225099999999983
-0.001436599999999899
0.0033519000000001853
-0.0022344333333332855
-0.007820766666666756
-0.013407100000000227
-0.012928300000000448
-0.012449500000000668
-0.011970699999999113
-0.011491899999999333
-0.011013099999999554
-0.008618849999999512
-0.0062245999999994694
-0.0038303500000012036
-0.0014361000000011614
-0.011013099999999554
-0.011013099999999554
-0.015801599999999638
-0.020590099999999723
-0.008619100000000657
0.0033519000000001853
0.008140899999999007
0.0021553999999994744
-0.003830100000001835
-0.009815600000001368
-0.0158011000000009
-0.011013099999999554
-0.006225099999999983
-0.011013099999999554
-0.011970699999999113
-0.012928300000000448
-0.013885900000000007
-0.014843500000001342
-0.0158011000000009
-0.020590099999999723
-0.03016709999999989
-0.02378243333333252
-0.017397766666666925
-0.011013099999999554
-0.009097699999999875
-0.007182300000000197
-0.005266900000000518
-0.00335150000000084
-0.0014361000000011614
0.0009578999999995119
-0.0038304333333343266
-0.008618766666668165
-0.013407100000002004
-0.019392600000001536
-0.02537810000000107
-0.017397433333334433
-0.009416766666667797
-0.0014361000000011614
0.022505899999998746
0.005746399999999596
-0.011013099999999554
-0.019632299999999603
-0.028251499999999652
-0.0368706999999997
-0.04548989999999975
-0.0541090999999998
0.027293900000000093
-0.007821099999999248
-0.042936100000000366
-0.0780510999999997
0.022505899999998746
-0.006225099999999983
0.027293900000000093
0.0017558999999991443
-0.023782100000000028
-0.04932010000000098
-0.07326210000000088
-0.045489500000000405
-0.017716899999999924
0.01005569999999878
0.03782829999999926
0.06560089999999974
-0.06847409999999954
-0.07326210000000088
-0.03495510000000124
0.0033519000000001853
0.04165889999999983
-0.001436599999999899
-0.04453209999999963
-0.03974360000000132
-0.03495510000000124
-0.011013099999999554
0.012928900000000354
-0.015801599999999638
-0.04453209999999963
-0.07326259999999962
-0.10199309999999961
-0.058897100000001146
0.0033519000000001853
0.0023943000000006265
0.0014366999999992913
0.0004790999999997325
-0.00047850000000160264
-0.0014361000000011614
-0.058897100000001146
-0.020590099999999723
0.017716899999999924
-0.04213809999999896
-0.10199309999999961
-0.07326259999999962
-0.04453209999999963
-0.015801599999999638
0.012928900000000354
0.06560089999999974
0.06081290000000017
0.041659400000000346
0.022505899999998746
-0.056502600000001735
-0.13551110000000044
-0.054108599999999285
0.027293900000000093
-0.004628766666666451
-0.036551433333332994
-0.06847409999999954
-0.03495510000000124
-0.019905814285715806
-0.004856528571428598
0.010192757142856834
0.025242042857142266
0.0402913285714277
0.055340614285714906
0.07038990000000034
0.07038989999999856
0.07038989999999856
0.03447689999999781
-0.0014361000000011614
-0.037349100000000135
-0.07326210000000088
0.012928900000000354
0.03687090000000026
-0.11156910000000053
0.06560089999999974
-0.07326210000000088
-0.02537810000000107
0.022505900000000523
0.07038990000000034
0.017716899999999924
-0.008619100000000657
-0.03495510000000124
-0.0038306000000005724
0.027293900000000093
-0.03495510000000124
-0.018993766666667966
-0.003032433333332918
0.012928900000000354
-0.0014361000000011614
-0.0062245999999994694
-0.011013099999999554
-0.004628600000000205
0.0017559000000009206
0.00814040000000027
0.014524899999999619
0.020909400000000744
0.027293900000000093
-0.03495510000000124
-0.018195600000002088
-0.0014361000000011614
-0.006224600000001246
-0.01101310000000133
-0.015801599999999638
-0.020590099999999723
-0.025378599999999807
-0.03016709999999989
-0.0158011000000009
-0.02537810000000107
-0.0014361000000011614
-0.001436099999999385
-0.00023909999999993659
0.0009578999999995119
0.0021549000000007368
0.0033519000000001853
-0.02537810000000107
0.022505899999998746
0.005267699999999209
-0.011970500000000328
-0.02920870000000164
-0.04644690000000118
-0.06368510000000072
-0.020590099999999723
-0.006225099999999983
-0.02537810000000107
0.0009578999999995119
0.027293900000000093
0.021907025000000857
0.016520149999999845
0.011133274999998832
0.005746399999999596
0.00035952500000036025
-0.005027350000000652
-0.010414225000001665
-0.0158011000000009
0.0017562333333334124
0.01931356666666595
0.03687090000000026
-0.006225099999999983
-0.03016709999999989
0.0033519000000001853
-0.020590099999999723
-0.017107645454546017
-0.013625190909090534
-0.010142736363636828
-0.006660281818181346
-0.00317782727272764
0.00030462727272784207
0.003787081818181548
0.00726953636363703
0.010751990909090736
0.014234445454546218
0.017716899999999924
-0.0158011000000009
-0.0158011000000009
-0.01819560000000031
-0.006225099999999983
-0.003830100000001835
0.017716899999999924
0.005746399999999596
0.00035952500000036025
-0.005027350000000652
-0.010414225000001665
-0.0158011000000009
-0.020590099999999723
-0.0158011000000009
-0.007820433333334265
0.00016023333333237133
0.008140899999999007
-0.03016709999999989
-0.020590099999999723
-0.011013099999999554
-0.011013099999999554
-0.011013099999999554
-0.008619100000000657
-0.006225099999999983
-0.005540957142857295
-0.004856814285714606
-0.004172671428571917
-0.003488528571429228
-0.002804385714286539
-0.0021202428571438503
-0.0014361000000011614
0.008140899999999007
0.0033519000000001853
0.005746399999999596
0.008140899999999007
-0.02537810000000107
-0.02537810000000107
-0.02537810000000107
-0.023782100000000028
-0.022186100000000764
-0.020590099999999723
-0.001436599999999899
0.017716899999999924
0.010534400000000943
0.0033519000000001853
0.004549024999999318
0.0057461500000002275
0.00694327499999936
0.008140399999998493
-0.011013099999999554
-0.022984100000000396
-0.03495510000000124
-0.032561100000000565
-0.03016709999999989
-0.02777260000000048
-0.02537810000000107
-0.015801433333333392
-0.006224766666667492
0.0033519000000001853
0.0041500666666660635
0.004948233333333718
0.005746399999999596
0.0065445666666654745
0.007342733333333129
0.008140899999999007
0.022505899999998746
0.008140899999999007
0.012928900000000354
-0.03016709999999989
-0.022186433333333255
-0.01420576666666662
-0.006225099999999983
-0.03016709999999989
-0.020590099999999723
-0.019632299999999603
-0.018674499999999483
-0.01771670000000114
-0.01675890000000102
-0.0158011000000009
-0.0062245999999994694
-0.006224849999998838
-0.006225099999999983
0.0009578999999995119
0.008140899999999007
0.005746399999999596
0.0033519000000001853
0.0021549000000007368
0.0009578999999995119
-0.00023910000000171294
-0.0014361000000011614
0.008140899999999007
0.012928900000000354
0.004948233333333718
-0.003032433333332918
-0.011013099999999554
-0.03016709999999989
-0.02777260000000048
-0.02537810000000107
-0.02537810000000107
-0.02537810000000107
-0.020589600000000985
-0.0158011000000009
-0.013407100000000227
-0.011013099999999554
-0.0062245999999994694
-0.0014361000000011614
0.0009578999999995119
0.0033519000000001853
0.0057461500000002275
0.00814040000000027
0.010534650000000312
0.012928900000000354
0.0033519000000001853
-0.011013099999999554
-0.015801433333333392
-0.02058976666666723
-0.02537810000000107
