-0.005027830000000011
-0.012210440000000017
-0.007422030000000024
-0.002633620000000003
-0.009816225000000012
-0.01699883000000002
-0.009816225000000012
-0.002633620000000003
-0.002633620000000003
-0.002633620000000003
-0.002633620000000003
-0.002633620000000003
-0.005027820000000016
-0.007422020000000001
-0.006224919999999995
-0.005027820000000016
-0.0038307200000000097
-0.002633620000000003
-0.012210440000000017
-0.002633620000000003
-0.0002394199999999902
0.002154779999999995
0.0005586458333333155
-0.0010374883333333362
-0.0026336225000000157
-0.0042297566666666675
-0.005825890833333347
-0.007422024999999999
-0.009018159166666678
-0.010614293333333358
-0.01221042750000001
-0.013806561666666689
-0.015402695833333369
-0.01699883000000002
-0.007422024999999999
0.002154779999999995
-0.0002394199999999902
-0.002633620000000003
-0.005027820000000016
-0.007422020000000001
-0.007422020000000001
-0.007422020000000001
-0.005027820000000016
-0.002633620000000003
-0.007422030000000024
-0.012210440000000017
-0.016998835000000018
-0.02178723000000002
-0.012210425000000025
-0.002633620000000003
0.004548985000000005
0.011731589999999986
0.0021547849999999924
-0.007422020000000001
-0.002633620000000003
0.002154779999999995
-0.005027830000000011
-0.012210440000000017
-0.012210440000000017
-0.012210440000000017
-0.006224932500000002
-0.00023942500000001532
-0.009816230000000009
-0.00023941500000002058
-0.007422030000000024
-0.008379712000000011
-0.009337394000000027
-0.010295076000000014
-0.01125275800000003
-0.012210440000000017
0.002154779999999995
-0.002633620000000003
-0.001265505
0.00010261000000000298
0.001470725000000006
0.0028388399999999814
0.0042069549999999845
0.0055750699999999875
0.006943184999999991
-0.007422030000000024
-0.006357940000000034
-0.005293850000000017
-0.004229760000000027
-0.0031656700000000093
-0.0021015800000000195
-0.001037490000000002
2.6599999999987745e-05
0.0010906900000000053
0.002154779999999995
-0.012210440000000017
-0.01699883000000002
-0.005027830000000011
-0.002633620000000003
-0.002633620000000003
-0.002633620000000003
-0.007422020000000001
-0.00023941500000002058
0.006943189999999988
0.0021547849999999924
-0.002633620000000003
-0.005027820000000016
-0.007422020000000001
-0.012210440000000017
-0.0026336250000000283
0.006943189999999988
0.006943189999999988
0.006943189999999988
0.006943189999999988
0.006943189999999988
0.006943189999999988
0.006943189999999988
0.0005586466666666623
-0.005825896666666691
-0.012210440000000017
-0.012210440000000017
-0.012210440000000017
-0.009816230000000009
-0.007422020000000001
-0.012210440000000017
-0.005027830000000011
0.002154779999999995
0.0033518824999999863
0.004548985000000005
0.005746087499999997
0.006943189999999988
0.004548985000000005
0.002154779999999995
0.006943189999999988
0.002154779999999995
0.002154779999999995
0.002154779999999995
0.002154779999999995
-0.007422020000000001
-0.002633620000000003
0.002154779999999995
0.002154779999999995
0.002154779999999995
-0.0002394199999999902
-0.002633620000000003
-0.002633620000000003
-0.002633620000000003
-0.002633620000000003
-0.002633620000000003
-0.01699883000000002
-0.012210440000000017
-0.0026336250000000283
0.006943189999999988
0.00489101714285714
0.002838844285714265
0.0007866714285714171
-0.0012655014285714306
-0.0033176742857142782
-0.005369847142857154
-0.007422020000000001
-0.002633620000000003
-0.0038307200000000097
-0.005027820000000016
-0.006224919999999995
-0.007422020000000001
-0.007422020000000001
0.006943189999999988
0.004548985000000005
0.002154779999999995
-0.002633620000000003
-0.007422020000000001
-0.002633620000000003
0.002154779999999995
0.002154779999999995
0.002154779999999995
-0.0002394199999999902
-0.002633620000000003
-0.0042297566666666675
-0.005825893333333332
-0.007422030000000024
-0.009018166666666688
-0.010614303333333353
-0.012210440000000017
0.011731589999999986
-0.012210425000000025
-0.0002394175000000054
0.011731589999999986
-0.002633620000000003
-0.01699883000000002
-0.007422024999999999
0.002154779999999995
0.002154779999999995
0.002154779999999995
0.002154779999999995
0.002154779999999995
0.002154779999999995
0.002154779999999995
0.002154779999999995
0.002154779999999995
0.002154779999999995
0.011731589999999986
0.009337390000000001
0.006943189999999988
-0.005027820000000016
-0.01699883000000002
-0.02178723000000002
-0.012210423333333359
-0.0026336166666666716
0.006943189999999988
0.004548985000000005
0.002154779999999995
-0.0002394199999999902
-0.002633620000000003
-0.002633620000000003
-0.002633620000000003
-0.0034316866666666557
-0.004229753333333336
-0.005027820000000016
-0.005825886666666669
-0.006623953333333321
-0.007422020000000001
-0.007422020000000001
0.009337390000000001
0.003351884999999999
-0.002633620000000003
-0.002633620000000003
-0.0035912999999999917
-0.004548980000000008
-0.0055066599999999966
-0.006464340000000013
-0.007422020000000001
0.002154779999999995
-0.0026336250000000283
-0.007422030000000024
-0.009816235000000006
-0.012210440000000017
-0.009217685000000003
-0.006224930000000017
-0.003232175000000004
-0.0002394199999999902
0.0021547833333333266
0.004548986666666671
0.006943189999999988
0.006943189999999988
0.006943189999999988
0.006943189999999988
0.006943189999999988
0.006943189999999988
-0.007422030000000024
0.002154779999999995
-0.0010374866666666704
-0.004229753333333336
-0.007422020000000001
-0.012210440000000017
-0.012210440000000017
-0.012210440000000017
-0.012210440000000017
-0.012210440000000017
-0.0074220333333333555
-0.0026336266666666663
0.002154779999999995
0.005347049999999992
0.00853931999999999
0.011731589999999986
-0.007422020000000001
-0.002633620000000003
-0.006224921250000015
-0.0098162225
-0.013407523749999983
-0.016998824999999995
0.00454898749999999
0.026096799999999976
-0.019393030000000006
-0.06488285999999999
-0.04253698
-0.02019109999999999
0.002154779999999995
-0.0014365250000000218
-0.005027830000000011
-0.008619135
-0.012210440000000017
0.011731589999999986
-0.007422020000000001
0.050038819999999984
0.002154779999999995
-0.045729259999999994
0.023702589999999996
0.09313443999999999
0.030885205
-0.03136402999999999
0.014923866666666674
0.061211763333333336
0.10749965999999998
0.09169792839999999
0.07589619679999998
0.060094465199999975
0.04429273359999997
0.028491001999999988
-0.08403648000000002
0.10271124999999999
0.009337384999999976
-0.08403648000000002
-0.00023942000000001795
0.08355763999999999
0.00454897999999998
-0.07445968000000003
-0.0445321575
-0.014604635000000032
0.015322887499999993
0.04525040999999999
0.01292868749999998
-0.019393035000000003
-0.051714757499999986
-0.08403648000000002
0.011731589999999986
-0.028969844999999994
-0.06967128
-0.009816230000000037
-0.020590130000000012
-0.03136402999999999
-0.028969829999999974
-0.026575630000000017
-0.028969829999999974
-0.03136402999999999
-0.007422020000000001
0.016519989999999984
0.003351877499999989
-0.009816235000000006
-0.022984347500000002
-0.03615246
0.006943179999999993
0.050038819999999984
-0.03136402999999999
0.06440401999999998
0.009337380000000006
-0.045729259999999994
0.016519985000000015
0.07876923
-0.00023942500000001532
-0.07924808
0.00454897999999998
0.08834603999999999
0.05578489599999997
0.023223751999999986
-0.009337392
-0.04189853600000004
-0.07445968000000003
0.08355763999999999
0.05801948666666665
0.032481333333333334
0.006943179999999993
-0.01859497333333332
-0.04413312666666669
-0.06967128
0.05482721999999998
-0.0026336250000000283
-0.02178723000000002
-0.01699882666666669
-0.012210423333333331
-0.007422020000000001
0.006943189999999988
-0.0074220266666666646
-0.021787243333333345
-0.03615246
0.04525040999999999
-0.05530605999999999
-0.02019109999999999
0.014923860000000011
0.050038819999999984
-0.05530605999999999
-0.01699883000000002
0.021308399999999977
-0.007422030000000024
-0.03615246
0.002154779999999995
0.004548982499999993
0.006943184999999991
0.009337387499999988
0.011731589999999986
-0.007422020000000029
-0.026575630000000017
0.011731589999999986
-0.03136402999999999
0.0021547900000000175
0.035673609999999994
0.011731586666666655
-0.012210436666666658
-0.03615246
0.004548975000000011
0.04525040999999999
0.006943189999999988
-0.03136402999999999
-0.024181426666666672
-0.01699882333333333
-0.009816219999999987
-0.0026336166666666716
0.004548986666666643
0.011731589999999986
-0.02178723000000002
-0.01460462500000001
-0.007422020000000029
-0.00023941500000002058
0.006943189999999988
-0.012210440000000017
-0.01699883000000002
-0.007422020000000001
-0.02178723000000002
-0.007422020000000001
-0.01699883000000002
-0.0062249225000000075
0.004548984999999978
0.015322892499999963
0.026096799999999976
-0.026575630000000017
-0.020989160000000007
-0.015402690000000024
-0.009816220000000014
-0.004229750000000004
0.001356719999999978
0.006943189999999988
-0.03615246
-0.002633620000000003
-0.01699883000000002
-0.014604628750000015
-0.01221042750000001
-0.009816226250000004
-0.007422024999999999
-0.005027823750000021
-0.0026336225000000157
-0.00023942125000001035
0.002154779999999995
-0.002633620000000003
-0.007422020000000001
0.002154779999999995
0.006943189999999988
-0.026575630000000017
0.006943189999999988
-0.012210440000000017
-0.012210440000000017
-0.012210440000000017
0.011731589999999986
0.0021547833333333266
-0.007422023333333361
-0.01699883000000002
-0.010614293333333358
-0.0042297566666666675
0.002154779999999995
-0.0014365250000000218
-0.005027830000000011
-0.003830725000000007
-0.002633620000000003
-0.002633620000000003
-0.002633620000000003
-0.004229753333333336
-0.005825886666666669
-0.007422020000000001
0.011731589999999986
0.0021547849999999924
-0.007422020000000001
-0.006224919999999995
-0.005027820000000016
-0.0038307200000000097
-0.002633620000000003
0.002154779999999995
-0.0002394199999999902
-0.002633620000000003
-0.005027820000000016
-0.007422020000000001
-0.007422020000000001
-0.007422020000000001
-0.007422020000000001
-0.007422020000000001
-0.007422020000000001
-0.0010374833333333389
0.005347053333333324
0.011731589999999986
0.0021547849999999924
-0.007422020000000001
-0.007422020000000001
-0.007422020000000001
-0.007422020000000001
-0.007422020000000001
-0.007422020000000001
-0.00023941500000002058
0.006943189999999988
-0.012210440000000017
0.006943189999999988
0.006943189999999988
0.006943189999999988
0.006943189999999988
0.006943189999999988
0.006943189999999988
0.002154779999999995
0.006943189999999988
0.003750918333333325
0.0005586466666666623
-0.0026336250000000283
-0.005825896666666691
-0.009018168333333354
-0.012210440000000017
-0.0002394199999999902
-0.007422020000000001
-0.002633620000000003
-0.0002394199999999902
0.002154779999999995
-0.0002394199999999902
-0.002633620000000003
-0.0002394199999999902
0.002154779999999995
-0.0002394199999999902
-0.002633620000000003
-0.005027820000000016
-0.007422020000000001
-0.007422020000000001
-0.007422020000000001
-0.007422020000000001
-0.0026336250000000283
0.006943189999999988
0.004548985000000005
0.002154779999999995
0.002154779999999995
0.002154779999999995
0.0037509166666666593
0.005347053333333324
0.006943189999999988
0.0029528533333333107
-0.0010374833333333389
-0.005027820000000016
-0.010614290000000026
-0.01620076000000001
-0.02178723000000002
-0.01460462500000001
