0.002154779999999995
0.002154779999999995
0.002154779999999995
0.002154779999999995
0.002154779999999995
0.002154779999999995
0.002154779999999995
0.002154779999999995
0.002154779999999995
-0.0026336250000000283
-0.007422030000000024
0.006943189999999988
-0.002633620000000003
-0.002633620000000003
-0.01699883000000002
-0.007422023333333361
0.0021547833333333266
0.011731589999999986
0.0021547849999999924
-0.007422020000000001
-0.005825886666666669
-0.004229753333333336
-0.002633620000000003
-0.007422030000000024
-0.012210440000000017
-0.007422020000000001
-0.005027820000000016
-0.002633620000000003
-0.007422020000000001
-0.009816230000000009
-0.012210440000000017
-0.009816235000000006
-0.007422030000000024
-0.0050278250000000135
-0.002633620000000003
-0.012210440000000017
-0.010614300000000021
-0.009018159999999997
-0.007422020000000001
0.006943189999999988
-0.002633620000000003
-0.0010374866666666704
0.0005586466666666623
0.002154779999999995
-0.012210440000000017
-0.007422030000000024
-0.002633620000000003
-0.007422030000000024
-0.012210440000000017
-0.0074220333333333555
-0.0026336266666666663
0.002154779999999995
0.002154779999999995
0.002154779999999995
0.002154779999999995
-0.005027830000000011
-0.012210440000000017
-0.014604635000000032
-0.01699883000000002
-0.01699883000000002
-0.01699883000000002
-0.014604635000000032
-0.012210440000000017
-0.005027830000000011
0.002154779999999995
0.0007182579999999994
-0.0007182639999999962
-0.0021547860000000196
-0.0035913080000000153
-0.005027830000000011
-0.0064643520000000065
-0.007900874000000002
-0.009337396000000026
-0.010773918000000021
-0.012210440000000017
-0.009018166666666688
-0.005825893333333332
-0.002633620000000003
-0.004229753333333336
-0.005825886666666669
-0.007422020000000001
-0.005825886666666669
-0.004229753333333336
-0.002633620000000003
-0.002633620000000003
-0.002633620000000003
-0.002633620000000003
-0.002633620000000003
-0.002633620000000003
-0.002633620000000003
-0.002633620000000003
-0.002633620000000003
-0.01699883000000002
-0.009816225000000012
-0.002633620000000003
-0.002633620000000003
-0.002633620000000003
0.00023942199999998914
0.0031124639999999815
0.0059855060000000015
0.008858547999999994
0.011731589999999986
-0.014604635000000032
-0.007422030000000024
-0.0074220333333333555
-0.0002394199999999902
-0.0026336233333333348
-0.005027826666666679
-0.007422030000000024
-0.008619132500000015
-0.009816235000000006
-0.011013337500000026
-0.012210440000000017
-0.007422020000000001
0.0021547849999999924
0.0011971040000000044
0.00023942299999998862
-0.0007182579999999994
-0.0016759390000000152
-0.002633620000000003
-0.014604635000000032
-0.01340753750000001
-0.012210440000000017
-0.005027830000000011
0.002154779999999995
0.002154779999999995
0.002154779999999995
0.002154779999999995
0.002154779999999995
-0.0008379712500000136
-0.0038307224999999945
-0.006823473750000003
-0.009816225000000012
-0.005626371250000012
-0.0014365175000000119
0.002753336249999988
0.006943189999999988
-0.012210440000000017
-0.012210440000000017
-0.0074220333333333555
-0.0026336266666666663
0.002154779999999995
0.002154779999999995
0.0033518824999999863
0.004548985000000005
0.005746087499999997
0.006943189999999988
0.0031124639999999815
-0.000718262000000025
-0.004548988000000004
-0.00837971400000001
-0.012210440000000017
0.004548985000000005
-0.012210440000000017
-0.012210440000000017
-0.009816230000000009
-0.007422020000000001
-0.02178723000000002
-0.013806560000000023
-0.00582589
0.002154779999999995
-0.005027830000000011
-0.012210440000000017
-0.01699883000000002
-0.013407527500000016
-0.009816225000000012
-0.0062249225000000075
-0.002633620000000003
-0.0018355533333333507
-0.0010374866666666704
-0.0002394199999999902
0.0005586466666666623
0.0013567133333333148
0.002154779999999995
-0.007422030000000024
-0.006823477500000008
-0.00622492500000002
-0.005626372500000032
-0.005027820000000016
-0.002633620000000003
-0.007422020000000001
-0.006623952777777775
-0.005825885555555549
-0.005027818333333323
-0.004229751111111124
-0.003431683888888898
-0.0026336166666666716
-0.0018355494444444453
-0.001037482222222219
-0.00023941500000002058
0.0005586522222222057
0.001356719444444432
0.002154786666666658
0.0029528538888888844
0.0037509211111111107
0.004548988333333337
0.0053470555555555355
0.006145122777777762
0.006943189999999988
-0.007422020000000029
-0.0038307200000000097
-0.0002394199999999902
-0.01699883000000002
-0.01699883000000002
0.006943189999999988
-0.002633620000000003
0.006943189999999988
0.002154779999999995
0.0021547849999999924
0.011731589999999986
0.009337390000000001
0.006943189999999988
0.0021547849999999924
-0.002633620000000003
-0.002633620000000003
-0.002633620000000003
-0.002633620000000003
-0.0002394199999999902
0.002154779999999995
-0.007422020000000001
-0.004229753333333336
-0.0010374866666666704
0.002154779999999995
-0.002633620000000003
-0.007422020000000001
0.002154779999999995
0.0009576799999999885
-0.0002394199999999902
-0.0014365199999999967
-0.002633620000000003
0.002154779999999995
-0.007422020000000001
-0.0055066599999999966
-0.0035912999999999917
-0.0016759400000000146
0.0002394199999999902
0.002154779999999995
-0.002633620000000003
-0.002633620000000003
-0.012210440000000017
0.0021547749999999977
0.016519989999999984
0.009337384999999976
0.002154779999999995
0.0037509166666666593
0.005347053333333324
0.006943189999999988
0.0031124639999999815
-0.000718262000000025
-0.004548988000000004
-0.00837971400000001
-0.012210440000000017
-0.007422020000000001
-0.007422020000000001
-0.012210440000000017
-0.002633620000000003
-0.007422030000000024
-0.012210440000000017
-0.007422030000000024
-0.002633620000000003
-0.009816225000000012
-0.01699883000000002
-0.009816225000000012
-0.002633620000000003
0.0009576825000000011
0.004548985000000005
0.008140287499999982
0.011731589999999986
0.008140287499999982
0.004548985000000005
0.0009576825000000011
-0.002633620000000003
0.006943184999999991
0.016519989999999984
-0.009816235000000006
-0.03615246
0.07398083
-0.021787240000000013
-0.038546650000000016
-0.05530605999999999
-0.028171773333333316
-0.0010374866666666704
0.026096799999999976
0.013327723333333319
0.0005586466666666623
-0.012210429999999994
-0.009018161666666663
-0.00582589333333336
-0.0026336250000000283
0.016519989999999984
0.03567360499999997
0.05482721999999998
0.016519994999999982
-0.02178723000000002
0.03088520499999997
0.08355763999999999
0.024500673333333306
-0.03455629333333338
-0.09361326000000003
-0.021787220000000024
0.050038819999999984
0.03184288599999999
0.01364695199999999
-0.004548982000000035
-0.02274491600000003
-0.04094085000000003
-0.05530605999999999
-0.045729252499999984
-0.03615244500000003
-0.026575637500000027
-0.01699883000000002
0.011731589999999986
-0.03615246
-0.013407539999999996
0.009337380000000006
0.03208229999999998
0.05482721999999998
0.0021547799999999673
-0.05051766000000002
0.09792284999999998
-0.06967128
-0.02657564750000002
0.016519984999999987
0.059615617499999995
0.10271124999999999
0.014125789999999971
-0.07445968000000003
-0.007422030000000024
0.05961561999999998
0.03280055999999998
0.005985499999999977
-0.020829560000000025
-0.047644620000000026
-0.07445968000000003
-0.0345563166666667
0.005347046666666633
0.04525040999999999
-0.045729259999999994
0.006943189999999988
-0.01699883000000002
-0.026575630000000017
-0.01460462500000001
-0.002633620000000003
-0.02418144
-0.045729259999999994
-0.03854665416666664
-0.03136404833333334
-0.024181442499999983
-0.016998836666666656
-0.009816230833333328
-0.0026336250000000005
0.004548980833333327
0.011731586666666655
0.018914192499999982
0.026096798333333338
0.03327940416666664
0.04046200999999999
-0.06488285999999999
0.06440401999999998
-0.06967128
0.08355763999999999
-0.005027830000000011
-0.08882488
0.06440401999999998
0.03687069999999998
0.009337380000000006
-0.018195939999999994
-0.045729259999999994
0.050038819999999984
-0.03615246
-0.007422030000000024
0.021308399999999977
-0.00023941500000002058
-0.02178723000000002
0.002154779999999995
-0.002633620000000003
-0.007422020000000001
-0.005825886666666669
-0.004229753333333336
-0.002633620000000003
-0.0010374866666666704
0.0005586466666666623
0.002154779999999995
-0.0002394199999999902
-0.002633620000000003
-0.002633620000000003
-0.004229753333333336
-0.005825886666666669
-0.007422020000000001
-0.007422020000000001
0.002154779999999995
0.002154779999999995
0.002154779999999995
-0.0010374866666666704
-0.004229753333333336
-0.007422020000000001
-0.007422020000000001
-0.007422020000000001
-0.007422020000000001
-0.007422020000000001
-0.007422020000000001
-0.009816230000000009
-0.012210440000000017
0.016519989999999984
0.004548985000000005
-0.007422020000000001
0.002154779999999995
-0.012210425000000025
-0.026575630000000017
-0.009816220000000014
0.006943189999999988
-0.0026336250000000283
-0.012210440000000017
-0.010614303333333353
-0.009018166666666688
-0.007422030000000024
-0.005825893333333332
-0.0042297566666666675
-0.002633620000000003
-0.007422020000000001
0.011731589999999986
-0.002633620000000003
-0.002633620000000003
-0.005027820000000016
-0.007422020000000001
-0.005027820000000016
-0.002633620000000003
-0.002633620000000003
-0.002633620000000003
-0.002633620000000003
-0.004229753333333336
-0.005825886666666669
-0.007422020000000001
-0.009018159999999997
-0.010614300000000021
-0.012210440000000017
-0.012210440000000017
0.026096799999999976
-0.01699883000000002
-0.01221042750000001
-0.007422024999999999
-0.0026336225000000157
0.002154779999999995
-0.002633620000000003
-0.007422020000000001
-0.0040017328571428645
-0.0005814457142857277
0.002838841428571409
0.006259128571428574
0.00967941571428571
0.013099702857142848
0.016519989999999984
-0.007422020000000001
-0.007422020000000001
-0.007422020000000001
-0.002633620000000003
0.011731589999999986
-0.002633620000000003
0.002154779999999995
-0.002633620000000003
-0.007422020000000001
-0.005027820000000016
-0.002633620000000003
-0.002633620000000003
-0.002633620000000003
-0.0014365199999999967
-0.0002394199999999902
0.0009576799999999885
0.002154779999999995
-0.005027830000000011
-0.004229759999999999
-0.003431690000000015
-0.002633620000000003
-0.012210440000000017
-0.009816230000000009
-0.007422020000000001
-0.007954066666666676
-0.00848611333333335
-0.009018159999999997
-0.009550206666666672
-0.010082253333333346
-0.010614300000000021
-0.011146346666666668
-0.011678393333333342
-0.012210440000000017
-0.005027830000000011
0.002154779999999995
-0.012210440000000017
-0.012210440000000017
-0.005027820000000016
-0.0030326516666666914
-0.0010374833333333389
0.0009576849999999859
0.0029528533333333107
0.004948021666666663
0.006943189999999988
0.003351884999999999
-0.00023942000000001795
-0.002633620000000003
0.002154779999999995
-0.007422020000000001
-0.007422020000000001
-0.007422020000000001
-0.007422020000000001
-0.007422020000000001
-0.0098162225
-0.012210425000000025
-0.014604627500000023
-0.01699883000000002
-0.00023941500000002058
0.002154779999999995
-0.012210440000000017
-0.012210440000000017
-0.012210440000000017
-0.012210440000000017
-0.012210440000000017
-0.012210440000000017
-0.01011551187500001
-0.008020583750000004
