-0.028251899999998997
-0.03304039999999908
-0.03304039999999908
-0.03304039999999908
-0.03304039999999908
-0.03304039999999908
-0.03064589999999967
-0.02825140000000026
-0.03304039999999908
-0.023463399999998913
-0.03064589999999967
-0.03782840000000043
-0.03304039999999908
-0.035434399999999755
-0.03782840000000043
-0.02825140000000026
-0.01867440000000009
-0.016759199999999197
-0.01484400000000008
-0.012928799999999185
-0.011013600000000068
-0.009098399999999174
-0.01867440000000009
-0.004309400000000352
-0.010294899999999885
-0.016280400000001194
-0.022265900000000727
-0.02825140000000026
-0.01867440000000009
-0.019871650000000685
-0.021068899999999502
-0.02226614999999832
-0.023463399999998913
-0.01867440000000009
-0.01867440000000009
-0.01935854285714278
-0.02004268571428547
-0.020726828571428157
-0.021410971428570846
-0.022095114285713535
-0.022779257142856224
-0.023463399999998913
-0.023463399999998913
-0.02825140000000026
-0.016280400000001194
-0.009098399999999174
-0.013886399999998744
-0.013886399999998744
-0.013886399999998744
-0.025857399999999586
-0.03782840000000043
-0.03144373333333306
-0.025059066666667462
-0.01867440000000009
-0.016280399999999418
-0.013886399999998744
-0.01867440000000009
-0.020270733333333624
-0.02186706666666538
-0.023463399999998913
-0.025857399999999586
-0.02825140000000026
-0.02825140000000026
-0.02825140000000026
-0.02825140000000026
-0.01867489999999883
-0.009098399999999174
-0.009098399999999174
-0.009098399999999174
-0.009098399999999174
-0.009098399999999174
-0.009098399999999174
-0.009098399999999174
-0.009098399999999174
-0.009098399999999174
-0.009098399999999174
-0.009098399999999174
-0.00909789999999866
-0.035434399999999755
-0.03782840000000043
-0.033039900000000344
-0.02825140000000026
-0.03304039999999908
-0.033724399999998766
-0.03440840000000023
-0.03509239999999991
-0.0357763999999996
-0.03646039999999928
-0.037144400000000743
-0.03782840000000043
-0.009098399999999174
-0.01867440000000009
-0.028251899999998997
-0.025059399999999954
-0.021866899999999134
-0.01867440000000009
-0.02825140000000026
-0.03064589999999967
-0.03304039999999908
-0.021069400000000016
-0.009098399999999174
-0.01229039999999948
-0.015482399999999785
-0.01867440000000009
-0.01867440000000009
-0.01867440000000009
-0.02825140000000026
-0.025857399999999586
-0.023463399999998913
-0.025059399999999954
-0.02665539999999922
-0.02825140000000026
-0.023463399999998913
-0.021068899999999502
-0.01867440000000009
-0.025857399999999586
-0.03304039999999908
-0.03144406666666555
-0.029847733333333792
-0.02825140000000026
-0.023463399999998913
-0.025857399999999586
-0.02825140000000026
-0.02825140000000026
-0.02825140000000026
-0.023462900000000175
-0.01867440000000009
-0.016280399999999418
-0.013886399999998744
-0.011492399999999847
-0.009098399999999174
-0.01229039999999948
-0.015482399999999785
-0.01867440000000009
-0.02346306666666642
-0.02825173333333275
-0.03304039999999908
-0.01867440000000009
-0.02825140000000026
-0.03782840000000043
-0.023463399999998913
-0.021068899999999502
-0.01867440000000009
-0.01867440000000009
-0.01867440000000009
-0.023462900000000175
-0.02825140000000026
-0.021068899999999502
-0.013886399999998744
-0.01867489999999883
-0.023463399999998913
-0.028251899999998997
-0.03304039999999908
-0.021069400000000016
-0.009098399999999174
-0.011492399999999847
-0.013886399999998744
-0.021068899999999502
-0.02825140000000026
-0.02968800000000016
-0.031124600000000058
-0.03256119999999996
-0.033997799999999856
-0.035434399999999755
-0.02825140000000026
-0.03064589999999967
-0.03304039999999908
-0.02984790000000004
-0.02665539999999922
-0.023462900000000175
-0.02346306666666642
-0.023463233333332667
-0.023463399999998913
-0.01867489999999883
-0.013886399999998744
-0.01867489999999883
-0.023463399999998913
-0.013886399999998744
-0.01707873333333154
-0.020271066666666115
-0.023463399999998913
-0.025857399999999586
-0.02825140000000026
-0.02825140000000026
-0.02825140000000026
-0.02825140000000026
-0.02825140000000026
-0.02825140000000026
-0.0330397333333341
-0.03782806666666616
-0.0426164
-0.02825140000000026
-0.021068899999999502
-0.004309400000000352
-0.009097900000000436
-0.013886399999998744
-0.01867489999999883
-0.023463399999998913
-0.03144406666666555
-0.039424733333332185
-0.04740539999999882
-0.05219373333333266
-0.0569820666666665
-0.061770400000000336
-0.1479613999999998
-0.21499889999999944
-0.2820363999999991
-0.08331789999999906
0.11540060000000096
0.04596860000000014
-0.023463399999998913
-0.01628089999999993
-0.009098399999999174
0.11540060000000096
0.13694809999999968
0.15849560000000018
0.05315093333333287
-0.05219373333333266
-0.15753839999999997
0.07230460000000072
0.12018860000000053
0.16807260000000035
0.17764960000000052
0.1872266000000007
-0.006703899999999763
-0.2006344000000002
-0.0474054000000006
0.1058236000000008
0.11779460000000164
0.1297656000000007
0.05674260000000153
-0.016280399999999418
-0.08930340000000037
-0.16232639999999954
-0.12401939999999989
-0.09255282857142788
-0.06108625714285765
-0.029619685714285637
0.0018468857142863726
0.03331345714285838
0.06478002857142862
0.09624660000000063
0.06272760000000055
-0.2533063999999996
-0.011492399999999847
-0.05698239999999899
-0.2030283999999991
-0.34907439999999923
-0.13599039999999896
0.07709359999999954
0.0515552666666661
0.026016933333334435
0.0004786000000009949
-0.03782840000000043
-0.1742979000000009
-0.3107673999999996
-0.11444289999999846
0.08188160000000089
0.04836260000000081
0.014843600000000734
0.029209100000000987
0.04357460000000124
-0.12162539999999922
-0.2868253999999997
-0.1312023999999994
0.024420600000000903
0.04357426666666697
0.06272793333333482
0.08188160000000089
0.0746991000000019
0.06751660000000115
-0.1048663999999988
-0.13599089999999947
-0.16711540000000014
-0.033039900000000344
0.10103560000000122
0.06272810000000106
0.024420600000000903
0.043574100000000726
0.06272760000000055
-0.08331839999999957
-0.2293643999999997
-0.1870668999999996
-0.1447693999999995
-0.1024718999999994
-0.060174399999999295
-0.017876899999999196
0.024420600000000903
-0.061770400000000336
-0.033039900000000344
-0.004309649999999721
0.024420600000000903
-0.035434399999999755
-0.09528940000000041
-0.01867489999999883
0.05793960000000098
-0.0043093999999985755
-0.0665583999999999
-0.056023999999998964
-0.0454895999999998
-0.034955199999998854
-0.024420799999999687
-0.013886399999998744
-0.030645899999997894
-0.04740539999999882
0.024420600000000903
-0.01867440000000009
-0.05219340000000017
-0.04740490000000008
-0.0426164
-0.02825140000000026
-0.013886399999998744
0.00766160000000049
0.029209599999999725
0.011971199999999627
-0.0052672000000004715
-0.022505599999998793
-0.03974399999999889
-0.05698239999999899
-0.023463399999998913
-0.023463399999998913
-0.0043098999999990895
0.014843600000000734
-0.03304039999999908
-0.03304039999999908
-0.03144406666666555
-0.029847733333333792
-0.02825140000000026
-0.013886399999998744
-0.03543439999999798
-0.05698239999999899
-0.04836319999999894
-0.03974399999999889
-0.031124799999998842
-0.022505599999998793
-0.013886399999998744
-0.01707873333333154
-0.020271066666666115
-0.023463399999998913
-0.013886399999998744
-0.006703899999999763
0.0004786000000009949
0.010055600000001164
-0.016280399999999418
-0.0426164
-0.036232066666666896
-0.029847733333332016
-0.023463399999998913
-0.020271066666666115
-0.01707873333333154
-0.013886399999998744
-0.013886399999998744
-0.016280399999999418
-0.01867440000000009
-0.022864399999999563
-0.027054399999999035
-0.031244399999998507
-0.03543439999999798
-0.027054399999999035
-0.01867440000000009
-0.023462900000000175
-0.02825140000000026
-0.033039900000000344
-0.03782840000000043
-0.009098399999999174
-0.005267599999999817
-0.0014367999999986836
0.0023940000000006734
0.006224800000001807
0.010055600000001164
-0.004309400000000352
-0.01867440000000009
-0.025857399999999586
-0.03304006666666659
-0.04022273333333182
-0.04740539999999882
-0.04740539999999882
-0.028251899999998997
-0.009098399999999174
-0.013886399999998744
-0.01867440000000009
-0.02186673333333289
-0.025059066666667462
-0.02825140000000026
-0.025059066666667462
-0.02186673333333289
-0.01867440000000009
-0.021068899999999502
-0.023463399999998913
-0.013886399999998744
-0.01867440000000009
-0.023462900000000175
-0.02825140000000026
-0.025857399999999586
-0.023463399999998913
-0.021068899999999502
-0.01867440000000009
-0.023462900000000175
-0.02825140000000026
-0.02825140000000026
-0.02825140000000026
-0.02665539999999922
-0.025059399999999954
-0.023463399999998913
-0.009098399999999174
-0.021069400000000016
-0.03304039999999908
-0.021069400000000016
-0.009098399999999174
-0.013886399999998744
-0.01867440000000009
-0.016280399999999418
-0.013886399999998744
-0.023463399999998913
-0.03304039999999908
-0.03304039999999908
-0.03304039999999908
-0.03304039999999908
-0.025857399999999586
-0.01867440000000009
-0.023463399999998913
-0.028251899999998997
-0.03304039999999908
-0.03304039999999908
-0.03304039999999908
-0.021069400000000016
-0.009098399999999174
-0.009098399999999174
-0.009098399999999174
-0.013886399999998744
-0.01867440000000009
-0.020270733333333624
-0.02186706666666538
-0.023463399999998913
-0.023463399999998913
-0.023463399999998913
-0.01867440000000009
-0.01867440000000009
-0.01867440000000009
-0.025857399999999586
-0.03304039999999908
-0.025857399999999586
-0.01867440000000009
-0.01867440000000009
-0.01867440000000009
-0.016280399999999418
-0.013886399999998744
-0.016280399999999418
-0.01867440000000009
-0.01867440000000009
-0.01867440000000009
-0.013886399999998744
-0.009098399999999174
-0.01628089999999993
-0.023463399999998913
-0.023463399999998913
-0.023463399999998913
-0.01867489999999883
-0.013886399999998744
-0.023463399999998913
-0.03304039999999908
-0.023463399999998913
-0.013886399999998744
-0.025857399999999586
-0.03782840000000043
-0.03144373333333306
-0.025059066666667462
-0.01867440000000009
-0.013886399999998744
-0.011492399999999847
-0.009098399999999174
-0.011492399999999847
-0.013886399999998744
-0.01867489999999883
-0.023463399999998913
-0.03064589999999967
-0.03782840000000043
-0.035434399999999755
-0.03304039999999908
-0.028251899999998997
-0.023463399999998913
-0.027054649999998404
-0.03064589999999967
-0.03423715000000094
-0.03782840000000043
-0.03463606666666763
-0.03144373333333306
-0.02825140000000026
-0.03304039999999908
-0.01867440000000009
-0.03304039999999908
-0.02825140000000026
-0.025059066666667462
-0.02186673333333289
-0.01867440000000009
-0.018674483333333214
-0.018674566666666337
-0.01867464999999946
-0.018674733333332583
-0.018674816666665706
-0.01867489999999883
