-0.0011970960000000086
-0.008379695999999992
-0.005985506000000029
-0.0035912960000000216
0.0011971039999999489
0.005985503999999975
0.008379703999999988
0.010773904
0.013168103999999958
0.015562303999999971
0.012689263999999978
0.009816223999999985
0.006943183999999991
0.004070143999999998
0.0011971040000000044
0.008379703999999988
0.015562303999999971
0.005985503999999975
0.0011971039999999489
-0.0035912960000000216
-0.0011970960000000086
0.0011971040000000044
0.0027932373333333094
0.00438937066666667
0.005985503999999975
0.008858543999999968
0.011731583999999962
0.01460462400000001
0.017477664000000004
0.020350703999999997
0.014365203999999965
0.008379703999999988
-0.013168116000000007
-0.008379706000000042
-0.0035912960000000216
-0.005985495999999979
-0.008379695999999992
0.0011971040000000044
-0.005985506000000029
-0.013168116000000007
-0.008379711999999984
-0.0035913080000000153
0.0011970960000000086
0.005985499999999977
0.010773904
0.011252743999999981
0.011731584000000017
0.012210423999999998
0.012689264000000033
0.013168104000000014
0.004788404000000024
-0.0035912960000000216
-0.003591295999999966
0.010773904
0.010773904
0.010773904
0.010773904
0.010773904
0.010175354000000025
0.009576803999999994
0.008978253999999963
0.008379703999999988
0.007781154000000012
0.007182603999999981
0.00658405399999995
0.005985503999999975
0.002394204000000011
-0.0011970960000000086
0.010773904
0.025139134000000007
0.017956519000000004
0.010773904
0.005985503999999975
0.0011971040000000044
0.0011971040000000044
0.0011971040000000044
0.0011971040000000044
0.0011971040000000044
0.0011971040000000044
0.0011971040000000044
0.0011971040000000044
-0.0035912960000000216
-0.0035912960000000216
0.005985503999999975
0.0011971040000000044
-0.0035912960000000216
0.0011971039999999489
0.005985503999999975
0.013168104000000014
0.020350703999999997
0.012370037333333306
0.00438937066666667
-0.0035912960000000216
-0.002793229333333369
-0.001995162666666661
-0.0011970960000000086
-0.0003990293333333561
0.0003990373333333519
0.0011971040000000044
-0.0035912960000000216
0.0011971040000000044
-0.0035912960000000216
0.0011971039999999489
0.005985503999999975
0.005985503999999975
0.005985503999999975
0.005985503999999975
0.001197099999999951
-0.0035913040000000174
-0.008379708000000041
-0.01316811200000001
-0.017956516000000033
-0.008379706000000042
0.0011971040000000044
0.0035913040000000174
0.005985503999999975
0.008379703999999988
0.010773904
0.003591303999999962
-0.013168116000000007
0.0011971040000000044
0.0011971040000000044
0.0011971040000000044
0.0011971040000000044
-0.0008550702857142989
-0.0029072445714285466
-0.00495941885714285
-0.007011593142857153
-0.009063767428571456
-0.011115941714285704
-0.013168116000000007
0.010773904
-0.008379695999999992
-0.0035912960000000216
0.0011971040000000044
0.005985503999999975
-0.003591295999999966
-0.003591295999999966
-0.0035912960000000216
-0.0035912960000000216
-0.0035912960000000216
-0.0035912960000000216
-0.0035912960000000216
-0.0035912960000000216
-0.0035912960000000216
0.005985503999999975
0.0027932373333333094
-0.0003990293333333561
-0.0035912960000000216
-0.008379695999999992
0.013168104000000014
0.007182604000000037
0.0011971040000000044
0.0011971040000000044
0.0011971040000000044
0.003933332571428583
0.006669561142857161
0.00940578971428574
0.012142018285714262
0.01487824685714284
0.01761447542857142
0.020350703999999997
0.016930418285714288
0.01351013257142858
0.01008984685714287
0.0066695611428571056
0.0032492754285713965
-0.00017101028571431254
-0.0035912960000000216
-0.008379695999999992
0.005985503999999975
0.010773904
0.005985503999999975
0.004788403999999968
0.003591303999999962
0.002394204000000011
0.0011971040000000044
3.999999997894577e-09
-0.0011970960000000086
-0.002394196000000015
-0.0035912960000000216
-0.0035912960000000216
-0.0035912960000000216
0.010773904
0.003591303999999962
-0.0035912960000000216
0.005985503999999975
0.003591303999999962
0.0011971040000000044
0.001995170666666657
0.0027932373333333094
0.003591303999999962
0.00438937066666667
0.005187437333333322
0.005985503999999975
0.005985503999999975
3.999999997894577e-09
-0.005985495999999979
0.005985503999999975
-0.0011970960000000086
-0.008379695999999992
-0.0011970960000000086
0.005985503999999975
0.005985503999999975
0.005985503999999975
0.005985503999999975
0.0050278239999999585
0.004070143999999998
0.0031124639999999815
0.0021547840000000207
0.0011971040000000044
0.0011971040000000044
-0.0035913026666666847
-0.008379709333333318
-0.013168116000000007
-0.003591295999999966
-0.004548975999999982
-0.005506655999999999
-0.0064643359999999594
-0.007422015999999976
-0.008379695999999992
-0.005985495999999979
-0.0035912960000000216
-0.005985499333333366
-0.00837970266666671
-0.010773906000000055
-0.013168109333333344
-0.015562312666666689
-0.017956516000000033
-0.010773906000000055
-0.0035912960000000216
0.0011971040000000044
-0.013168116000000007
-0.0011971060000000033
0.010773904
-0.0011971060000000033
-0.013168116000000007
-0.011571975999999984
-0.009975836000000016
-0.008379695999999992
-0.0011970960000000086
0.00598550400000003
0.013168104000000014
0.011971004000000007
0.010773904
0.005985503999999975
0.0011971040000000044
-0.0011970960000000086
-0.0035912960000000216
-0.0011970960000000086
0.0011971040000000044
0.003591303999999962
0.005985503999999975
0.010773904
0.015562303999999971
0.015562303999999971
0.015562303999999971
0.012370037333333306
0.00917777066666664
0.005985503999999975
0.00651754844444441
0.007049592888888845
0.00758163733333328
0.00811368177777777
0.008645726222222205
0.00917777066666664
-0.05626373600000001
0.0011971040000000044
0.05865794399999999
-0.013168106000000013
-0.08499415600000004
-0.00598550100000006
0.07302315399999998
0.03631207066666664
-0.0003990126666666982
-0.03711009600000004
-0.0035912810000000572
0.029927533999999978
0.03152366400000001
0.03311979400000001
0.03471592400000001
-0.017956516000000033
-0.07062895600000002
-0.014764246000000036
0.041100464
0.09696517399999999
0.07302315566666664
0.04908113733333333
0.025139118999999988
0.0011971006666666728
-0.022744917666666642
-0.04668693600000001
0.04908114399999999
0.03631206566666664
0.02354298733333332
0.01077390899999997
-0.04189851600000005
-0.03411736350000005
-0.026336211000000054
-0.018555058500000055
-0.010773906000000055
-0.0029927535000000005
0.004788398999999999
0.012569551499999998
0.020350703999999997
-0.016360369333333347
0.004788411499999978
0.025937192333333303
0.047085973166666656
0.06823475399999998
-0.010773896000000005
-0.0027932251666666907
0.005187445666666679
0.013168116499999993
0.021148787333333308
0.029129458166666677
0.03711012899999999
0.020350713999999992
-0.027533321
-0.07541735599999999
-0.06584054933333333
-0.05626374266666667
-0.04668693600000001
-0.03711012933333335
-0.027533322666666693
-0.017956516000000033
-0.008379706000000042
-0.00598550100000006
-0.0035912960000000216
-0.020350696000000057
-0.03711009600000004
0.022744933999999994
0.08259996399999997
0.05626374524999997
0.029927526499999968
0.003591307749999939
-0.022744911000000034
-0.008379702000000044
0.0059855069999999455
0.020350715999999935
0.03471592499999998
0.04908113399999997
-0.025139110999999992
-0.09935935600000001
0.09696517399999999
-0.05147533600000004
-0.01077390100000003
0.029927533999999978
-0.008379701000000017
-0.04668693600000001
0.0011971040000000044
0.04908114399999999
0.020350723999999987
-0.008379695999999992
-0.009576801000000024
-0.010773906
-0.011971010999999976
-0.013168116000000007
-0.016360382666666673
-0.01955264933333334
-0.022744916000000004
-0.008379706000000042
0.005985503999999975
-0.08978255600000001
-0.025139110999999992
0.039504333999999974
0.009177777333333303
-0.021148779333333367
-0.05147533600000004
-0.020350716000000046
0.010773904
-0.09457095600000004
-0.08020574850000006
-0.06584054100000003
-0.0514753335
-0.03711012600000002
-0.022744918500000044
-0.008379711000000012
0.00598549650000002
0.020350703999999997
-0.01955262933333335
-0.013487319666666664
-0.007422009999999979
-0.0013567003333333494
0.004708609333333336
0.01077391900000002
0.005985503999999975
0.04429272399999998
0.01915360899999996
-0.005985506000000029
-0.03112462100000002
-0.05626373600000001
-0.021547803500000018
0.013168128999999973
0.0442927473333333
0.07541736566666665
0.10654198399999998
-0.065840536
-0.008379695999999992
0.04908114399999999
-0.0011970960000000086
-0.05147533600000004
0.008379708999999957
0.06823475399999998
0.04788403649999998
0.027533319
0.0071826014999999965
-0.013168116000000007
-0.0035912960000000216
-0.0007182560000000282
0.002154783999999965
0.005027824000000014
0.007900864000000007
0.010773904
-0.04668693600000001
0.06344635399999998
-0.04189853600000004
0.015562308999999996
0.07302315399999998
-0.022744916000000004
0.04429272399999998
0.030885196000000004
0.017477668000000002
0.00407014
-0.009337388000000002
-0.022744916000000004
0.034715933999999976
0.018754583999999963
0.002793233999999978
-0.013168116000000007
0.005985503999999975
-0.0035912960000000216
0.010773904
0.005985503999999975
0.0011971040000000044
-0.0035912960000000216
-0.005985495999999979
-0.008379695999999992
-0.004548975999999982
-0.0007182559999999727
0.0031124639999999815
0.006943183999999991
0.010773904
0.008379703999999988
0.005985503999999975
0.0035913040000000174
0.0011971040000000044
0.010773904
-0.0019951626666667166
-0.0009310737777777911
0.0001330151111110789
0.0011971040000000044
-0.0011970960000000086
-0.0035912960000000216
-0.004548976000000038
-0.005506655999999999
-0.006464336000000015
-0.007422015999999976
-0.008379695999999992
0.010773904
0.007581637333333335
0.00438937066666667
0.0011971040000000044
-0.001995162666666661
-0.0051874293333333266
-0.008379695999999992
-0.0035912960000000216
-0.0035912960000000216
0.005985503999999975
0.010773904
0.015562303999999971
0.013168103999999958
0.010773904
0.008379703999999988
0.005985503999999975
0.004189853999999993
0.002394204000000011
0.0005985539999999734
-0.0011970960000000086
-0.008379695999999992
0.0011971040000000044
-0.003591295999999966
-0.008379695999999992
-0.0011970960000000086
0.005985503999999975
0.00917777066666664
0.012370037333333306
0.015562303999999971
0.011731583999999962
0.007900863999999952
0.004070143999999998
0.0002394239999999881
-0.0035912960000000216
0.003591303999999962
0.010773904
-0.013168116000000007
-0.005985506000000029
0.0011971040000000044
0.010773904
0.008379703999999988
0.005985503999999975
0.0011971039999999489
-0.0035912960000000216
-0.002793229333333369
-0.001995162666666661
-0.0011970960000000086
-0.0003990293333333561
0.0003990373333333519
0.0011971040000000044
0.015562303999999971
0.012370037333333306
0.00917777066666664
0.005985503999999975
-0.013168116000000007
-0.003591295999999966
-0.003591295999999966
-0.0035912960000000216
0.003591303999999962
0.010773904
0.008379703999999988
0.005985503999999975
0.005985503999999975
0.005985503999999975
0.005985503999999975
0.005985503999999975
0.005985503999999975
0.005985503999999975
-0.0035912960000000216
0.0011971040000000044
-0.00023941799999999125
-0.0016759399999999869
-0.003112462000000038
-0.004548984000000034
-0.005985506000000029
0.005985503999999975
0.0011971039999999489
-0.0035912960000000216
-0.005187432666666658
-0.00678356933333335
-0.008379706000000042
-0.009975842666666679
-0.011571979333333315
-0.013168116000000007
0.010773904
0.015562303999999971
-0.008379695999999992
0.0011971040000000044
0.003591303999999962
0.005985503999999975
0.003591303999999962
0.0011971040000000044
0.003591303999999962
0.005985503999999975
0.006783570666666627
0.007581637333333335
0.008379703999999988
0.00917777066666664
0.009975837333333348
0.010773904
-0.013168116000000007
0.0011971040000000044
-0.0011970960000000086
-0.0035912960000000216
0.005985503999999975
0.015562303999999971
0.010773904
0.005985503999999975
0.00545345955555554
0.004921415111111105
0.00438937066666667
