0.0023941999999999575
-0.002394200000000013
-0.0071825999999999834
0.0023942100000000077
0.011971019999999999
0.007182609999999978
0.0023941999999999575
0.0033518799999999738
0.00430955999999999
0.005267239999999951
0.006224919999999967
0.0071825999999999834
0.0023941999999999575
0.011971019999999999
-0.002394200000000013
0.0023941999999999575
0.0071825999999999834
0.009576809999999991
0.011971019999999999
0.011971019999999999
0.011971019999999999
0.007182609999999978
0.0023941999999999575
0.0023941999999999575
0.0023941999999999575
0.003591299999999964
0.0047883999999999705
0.005985499999999977
0.0071825999999999834
0.0011971000000000065
-0.004788400000000026
-0.0035913000000000195
-0.002394200000000013
-0.002394200000000013
-0.002394200000000013
0.001197104999999976
0.004788410000000021
0.00837971500000001
0.011971019999999999
0.0023941999999999575
0.0023941999999999575
0.0023941999999999575
0.0023941999999999575
0.0023941999999999575
0.0023941999999999575
0.0023941999999999575
0.0023941999999999575
0.0023941999999999575
0.0023941999999999575
0.0071825999999999834
0.0023941999999999575
-0.002394200000000013
-0.007182600000000039
-0.01197100000000001
0.0071825999999999834
-5.551115123125783e-17
-0.007182600000000039
0.0023941999999999575
0.0033518799999999738
0.00430955999999999
0.005267239999999951
0.006224919999999967
0.0071825999999999834
0.011971019999999999
-0.002394200000000013
-0.002394200000000013
-0.007182600000000039
-0.007182600000000039
-0.007182600000000039
-0.004788400000000026
-0.002394200000000013
0.0023941999999999575
0.0023941999999999575
0.0023941999999999575
0.0023941999999999575
0.0023941999999999575
0.0023941999999999575
0.0023941999999999575
0.0023941999999999575
0.011971019999999999
-0.002394200000000013
-0.002394200000000013
-0.002394200000000013
-0.009576790000000057
-0.016759380000000046
-0.012769053333333391
-0.00877872666666668
-0.004788400000000026
-0.002793233333333367
-0.000798066666666708
0.0011971000000000065
0.0031922666666666655
0.0051874333333333245
0.0071825999999999834
0.0023941999999999575
-0.002394200000000013
0.009576809999999936
0.003990339999999926
-0.001596130000000029
-0.007182600000000039
-0.004788400000000026
-0.002394200000000013
0.0071825999999999834
0.0023941999999999575
0.0023941999999999575
0.0023941999999999575
0.005586473333333286
0.00877874666666667
0.011971019999999999
0.009576815999999988
0.007182611999999977
0.004788407999999966
0.0023942039999999554
-5.551115123125783e-17
0.0023941999999999575
0.0023941999999999575
0.0023941999999999575
0.0023941999999999575
0.0023941999999999575
0.0071825999999999834
0.011971006666666673
0.016759413333333306
0.021547819999999995
0.017557483333333346
0.01356714666666664
0.009576809999999991
0.005586473333333342
0.0015961366666666366
-0.002394200000000013
0.002394200000000013
0.0047883999999999705
0.0071825999999999834
0.003591299999999964
-5.551115123125783e-17
-0.0035913000000000195
-0.007182600000000039
0.0071825999999999834
0.01675941999999997
0.01607536285714284
0.015391305714285708
0.014707248571428577
0.014023191428571391
0.01333913428571426
0.01265507714285713
0.011971019999999999
0.003990339999999981
0.004788404999999996
0.0055864699999999545
0.006384534999999969
0.0071825999999999834
-0.002394200000000013
-0.002394200000000013
-0.002394200000000013
-0.002394200000000013
-0.0039903333333333735
-0.0055864666666666785
-0.007182600000000039
-0.0055864666666666785
-0.0039903333333333735
-0.002394200000000013
-0.007182600000000039
-5.551115123125783e-17
0.0071825999999999834
0.0023941999999999575
0.0005985499999999755
-0.0011971000000000065
-0.002992750000000044
-0.004788400000000026
-0.006584050000000008
-0.008379700000000045
-0.010175350000000027
-0.01197100000000001
0.007182609999999978
0.0023941999999999575
0.007182606666666647
0.01197101333333328
0.01675941999999997
0.014065942499999984
0.011372464999999943
0.008678987499999957
0.005985509999999972
0.003292032499999986
0.0005985550000000006
-0.0020949225000000404
-0.004788400000000026
-0.002394200000000013
-0.0023942000000000685
0.0071825999999999834
0.006224919999999967
0.005267239999999951
0.00430955999999999
0.0033518799999999738
0.0023941999999999575
0.0071825999999999834
0.005472457142857101
0.0037623142857142744
0.002052171428571392
0.00034202857142856535
-0.001368114285714317
-0.0030782571428571437
-0.004788400000000026
-0.004788390000000031
0.011971019999999999
0.00718261333333331
0.002394206666666676
-0.002394200000000013
0.0007980666666666525
0.003990333333333318
0.0071825999999999834
0.00430955999999999
0.0014365199999999967
-0.0014365200000000522
-0.004309560000000046
-0.007182600000000039
0.014365209999999962
-0.007182600000000039
-5.551115123125783e-17
0.0071825999999999834
-0.008778740000000007
-0.024740080000000053
-0.040701420000000044
0.04548985
0.027932366666666653
0.010374883333333307
-0.007182600000000039
0.011971019999999999
-0.0023941800000000235
-0.016759380000000046
0.009576819999999986
0.03591301999999996
-0.031124620000000047
0.0047883999999999705
0.04070141999999999
-5.551115123125783e-17
-0.040701420000000044
-0.02793234666666672
-0.015163273333333394
-0.0023942000000000685
0.010374873333333312
0.023143946666666637
0.03591301999999996
-0.016759380000000046
0.0023941999999999575
-0.00526724400000006
-0.012928688000000021
-0.02059013200000004
-0.028251576
-0.03591302000000002
0.04548985
0.019153625000000007
-0.007182600000000039
-0.031124620000000047
0.011971019999999999
-0.0071825999999999834
-0.02633622000000002
-0.020350714166666672
-0.014365208333333324
-0.00837970250000003
-0.0023941966666666814
0.0035913091666666674
0.009576815000000016
0.031124619999999992
0.025139120000000015
0.019153619999999982
0.01316811999999995
0.007182619999999973
0.001197119999999996
-0.0047883800000000365
-0.010773880000000069
-0.016759380000000046
-0.004788400000000026
0.009576799999999996
0.016759406666666643
0.023942013333333345
0.031124619999999992
0.007182606666666647
-0.0167594066666667
-0.040701420000000044
0.03591301999999996
-0.031124620000000047
0.031124619999999992
0.0047883999999999705
-0.02154782000000005
-0.0023942000000000685
0.01675941999999997
-0.0023942000000000685
-0.02154782000000005
-0.018355550000000054
-0.015163280000000057
-0.01197101000000006
-0.008778740000000007
-0.00558647000000001
-0.002394200000000013
-0.002394200000000013
-0.004788400000000026
-0.007182600000000039
0.007182609999999978
0.021547819999999995
0.002394219999999947
-0.016759380000000046
0.011971019999999999
0.004788410000000021
-0.002394200000000013
-0.002394200000000013
-0.002394200000000013
-0.0004788400000000359
0.0014365199999999967
0.0033518799999999738
0.005267240000000006
0.0071825999999999834
0.00837970499999996
0.009576809999999936
0.01675941999999997
0.004788409999999965
-0.007182600000000039
-0.004135434545454564
-0.0010882690909091441
0.001958896363636331
0.005006061818181806
0.008053227272727226
0.011100392727272701
0.01414755818181812
0.017194723636363596
0.02024188909090907
0.02328905454545449
0.026336219999999966
0.0071825999999999834
0.0023942100000000077
0.009576809999999991
-0.002394200000000013
-0.016759380000000046
-0.007182590000000044
0.0023941999999999575
0.0047883999999999705
0.0071825999999999834
0.011971009999999949
0.01675941999999997
0.01197101333333328
0.007182606666666647
0.0023941999999999575
0.0071825999999999834
0.0007980666666666525
-0.0055864666666666785
-0.01197100000000001
0.0023941999999999575
-5.551115123125783e-17
-0.002394200000000013
0.009576809999999991
0.021547819999999995
0.011971009999999949
0.0023941999999999575
-5.551115123125783e-17
-0.002394200000000013
-0.0015961333333333605
-0.000798066666666708
-5.551115123125783e-17
0.0007980666666666525
0.001596133333333305
0.0023941999999999575
0.0071825999999999834
0.0071825999999999834
0.0071825999999999834
-0.007182600000000039
-0.007182600000000039
-0.007182600000000039
-0.007182600000000039
-0.007182600000000039
-0.004788400000000026
-0.0023942000000000685
-5.551115123125783e-17
0.0023941999999999575
0.0023941999999999575
0.0017101428571428268
0.001026085714285696
0.00034202857142856535
-0.00034202857142862086
-0.0010260857142857516
-0.0017101428571428823
-0.002394200000000013
0.0023941999999999575
0.0071825999999999834
0.0047883999999999705
0.0023941999999999575
0.009576809999999991
-0.002394200000000013
-0.002394200000000013
-0.002394200000000013
-0.002394200000000013
-0.002394200000000013
-0.0007980666666666525
0.0007980666666666525
0.0023941999999999575
0.003990333333333318
0.0055864666666666785
0.0071825999999999834
0.0023941999999999575
0.01675941999999997
-0.002394200000000013
-0.002394200000000013
-0.002394200000000013
0.0014365239999999946
0.005267248000000002
0.009097971999999954
0.012928695999999962
0.01675941999999997
0.0023941999999999575
0.011971019999999999
-0.002394200000000013
-0.000798066666666708
0.0007980666666666525
0.0023941999999999575
-0.002394200000000013
0.0023941999999999575
0.0071825999999999834
0.0071825999999999834
0.0071825999999999834
0.006384533333333331
0.005586466666666623
0.0047883999999999705
0.003990333333333318
0.00319226666666661
0.0023941999999999575
-0.004788400000000026
-0.002992750000000044
-0.0011971000000000065
0.0005985499999999755
0.0023941999999999575
0.005586473333333286
0.00877874666666667
0.011971019999999999
0.014365220000000012
0.01675941999999997
-0.002394200000000013
0.0023941999999999575
-5.551115123125783e-17
-0.002394200000000013
-5.551115123125783e-17
0.0023941999999999575
0.0023941999999999575
0.0023941999999999575
0.0023941999999999575
0.0023941999999999575
0.0023941999999999575
0.0023941999999999575
0.0071825999999999834
0.0071825999999999834
-0.004788390000000031
-0.016759380000000046
-0.007182590000000044
0.0023941999999999575
0.0023941999999999575
0.0023941999999999575
0.009576809999999936
0.01675941999999997
0.008140291999999993
-0.000478836000000038
-0.009097964000000014
-0.017717092000000045
-0.02633622000000002
-0.01963245600000002
-0.01292869200000002
-0.0062249280000000184
0.0004788359999999825
0.0071825999999999834
-0.009576790000000057
0.0023941999999999575
0.011971019999999999
0.011971019999999999
0.011971019999999999
0.010944931428571447
0.00991884285714284
0.008892754285714288
0.007866665714285681
0.006840577142857129
0.005814488571428522
0.0047883999999999705
0.0023941999999999575
0.005586473333333286
0.00877874666666667
0.011971019999999999
-0.002394200000000013
-5.551115123125783e-17
0.00043530999999996656
0.0008706199999999331
0.0013059299999999552
0.0017412399999999773
0.0021765499999999993
0.002611859999999966
0.003047169999999988
0.00348248000000001
0.003917790000000032
0.004353099999999999
0.004788410000000021
-0.002394200000000013
0.0023941999999999575
-5.551115123125783e-17
-0.002394200000000013
0.0023941999999999575
-0.0023942000000000685
-0.007182600000000039
-0.014365210000000073
