-0.00861911999999998
-0.00861911999999998
-0.00861911999999998
-0.0014365200000000522
0.005746079999999987
0.005746079999999987
0.005746079999999987
0.0009576800000000718
-0.003830719999999954
-0.0009576799999999608
0.0019153600000000326
0.004788400000000026
0.007661440000000019
0.010534480000000013
0.0009576800000000718
-0.0006384533333332332
-0.002234586666666649
-0.003830719999999954
-0.0002394199999999902
0.0033518799999999738
0.006943180000000049
0.010534480000000013
-0.01580172000000002
-0.011811386666666701
-0.007821053333333272
-0.003830719999999954
-0.007022986666666675
-0.010215253333333285
-0.013407520000000006
-0.00861911999999998
-0.007022986666666675
-0.005426853333333259
-0.003830719999999954
-0.00861911999999998
-0.013407520000000006
-0.011013319999999993
-0.00861911999999998
-0.006224919999999967
-0.003830719999999954
-0.00861911999999998
-0.003830719999999954
0.0009576799999999608
0.005746079999999987
0.002154780000000023
-0.0014365200000000522
-0.005027820000000016
-0.00861911999999998
-0.007422020000000029
-0.006224919999999967
-0.005027819999999905
-0.003830719999999954
-0.005426853333333259
-0.007022986666666675
-0.00861911999999998
0.005746079999999987
-0.00861911999999998
-0.003830719999999954
0.0009576799999999608
0.0009576799999999608
0.0009576799999999608
0.0009576799999999608
0.0009576799999999608
0.0009576799999999608
-0.003830719999999954
-0.00861911999999998
-0.003830719999999954
0.0009576799999999608
-0.003830719999999954
-0.01181138666666659
-0.019792053333333337
-0.027772719999999973
-0.00861911999999998
0.010534480000000013
0.0009576800000000718
-0.00861911999999998
-0.006224919999999967
-0.003830719999999954
-0.0014365200000000522
0.0009576799999999608
0.0033518799999999738
0.005746079999999987
-0.018195920000000032
-0.014205586666666714
-0.010215253333333396
-0.006224920000000078
-0.002234586666666649
0.0017557466666666688
0.005746079999999987
-0.00861911999999998
-0.022984319999999947
0.0009576800000000718
0.0009576799999999608
0.0003591299999999853
-0.0002394199999999902
-0.0008379699999999657
-0.0014365200000000522
-0.0020350700000000277
-0.002633620000000003
-0.0032321699999999787
-0.003830719999999954
0.0009576800000000718
-0.00861911999999998
-0.013407520000000006
-0.010414770000000018
-0.007422020000000029
-0.004429270000000041
-0.0014365200000000522
-0.013407520000000006
-0.011811386666666701
-0.010215253333333396
-0.00861911999999998
-0.007022986666666675
-0.00542685333333337
-0.003830720000000065
-0.002234586666666649
-0.0006384533333333442
0.0009576799999999608
-0.0006384533333333442
-0.003830719999999954
0.0009576799999999608
0.0005223709090909079
8.706181818174397e-05
-0.00034824727272730893
-0.0007835563636363618
-0.0012188654545454147
-0.0016541745454545786
-0.0020894836363636315
-0.0025247927272726844
-0.0029601018181817373
-0.0033954109090909013
-0.003830719999999954
-0.011013319999999882
-0.012210419999999944
-0.013407520000000006
-0.018195920000000032
0.005746079999999987
0.004149946666666682
0.0025538133333332658
0.0009576799999999608
-0.003830719999999954
-0.001778548571428562
0.0002736228571429411
0.0023257942857143332
0.004377965714285725
0.0064301371428571175
0.00848230857142862
0.010534480000000013
0.007342213333333292
0.004149946666666682
0.0009576799999999608
-0.003830719999999954
-0.003830719999999954
-0.005426853333333259
-0.007022986666666675
-0.00861911999999998
-0.006224919999999967
-0.003830719999999954
-0.005267240000000006
-0.0067037599999999475
-0.00814028
-0.009576799999999941
-0.011013319999999993
0.005746079999999987
0.0033518799999999738
0.0009576799999999608
-0.0014365200000000522
-0.003830719999999954
0.0009576799999999608
0.0009576799999999608
0.0009576799999999608
-0.006224920000000078
-0.013407520000000006
-0.011013319999999993
-0.00861911999999998
-0.003830719999999954
0.0009576799999999608
-0.006224920000000078
-0.013407520000000006
-0.011013319999999993
-0.00861911999999998
-0.00861911999999998
-0.00861911999999998
-0.00861911999999998
-0.003830719999999954
-0.003830719999999954
-0.003830719999999954
-0.003830719999999954
-0.003830719999999954
-0.003830719999999954
-0.003830719999999954
-0.0028730399999999934
-0.0019153600000000326
-0.0009576799999999608
0.0
0.0009576799999999608
-0.0014365200000000522
-0.003830719999999954
0.010534480000000013
0.0033518799999999738
-0.003830719999999954
0.0009576800000000718
0.005746079999999987
-0.0014365200000000522
-0.00861911999999998
-0.011013319999999993
-0.013407520000000006
-0.00861911999999998
-0.007661440000000019
-0.0067037599999999475
-0.005746079999999987
-0.004788399999999915
-0.003830719999999954
-0.006224919999999967
-0.00861911999999998
-0.011013319999999993
-0.013407520000000006
-0.006224920000000078
0.0009576799999999608
-0.0014365200000000522
-0.003830719999999954
0.0033518799999999738
0.010534480000000013
0.0009576800000000718
-0.00861911999999998
-0.007661440000000019
-0.0067037599999999475
-0.005746079999999987
-0.004788399999999915
-0.003830719999999954
-0.006224919999999967
-0.005426853333333259
-0.004628786666666662
-0.003830719999999954
-0.003032653333333357
-0.002234586666666649
-0.0014365200000000522
-0.0006384533333333442
-0.004628786666666662
-0.00861911999999998
-0.027772719999999973
-0.025977069999999935
-0.02418142000000001
-0.02238576999999997
-0.020590119999999934
-0.018794470000000008
-0.01699881999999997
-0.015203170000000044
-0.013407520000000006
-0.02537855
-0.03734957999999999
-0.022984349999999987
-0.00861911999999998
0.010534480000000013
0.027293879999999993
0.020111280000000065
0.01771708000000005
0.015322880000000039
0.012928680000000026
0.010534480000000013
-0.003830719999999954
-0.0014365200000000522
0.0009576799999999608
0.0009576799999999608
-0.00861911999999998
-0.018195920000000032
-0.027772719999999973
-0.022984320000000058
-0.018195920000000032
-0.027772719999999973
-0.027772719999999973
-0.027772719999999973
-0.026176586666666668
-0.024580453333333252
-0.022984319999999947
-0.023720999230769202
-0.024457678461538457
-0.0251943576923076
-0.025931036923076856
-0.02666771615384611
-0.027404395384615365
-0.02814107461538451
-0.028877753846153764
-0.02961443307692302
-0.030351112307692274
-0.031087791538461418
-0.03182447076923067
-0.03256114999999993
-0.013407520000000006
0.005746079999999987
0.0009576799999999608
0.004548979999999925
0.00814028
0.011731580000000075
0.015322880000000039
0.02489967999999998
0.02070983000000004
0.01651997999999999
0.01233012999999994
0.00814028
0.00395043000000006
-0.0002394199999999902
-0.004429270000000041
-0.00861911999999998
-0.00861911999999998
-0.006224920000000078
0.0009576799999999608
0.004149946666666682
0.007342213333333292
0.010534480000000013
-0.00861911999999998
-0.005267240000000006
-0.0019153600000000326
0.0014365200000000522
0.004788400000000026
0.00814028
0.0070429383333333595
0.005945596666666719
0.004848254999999968
0.0037509133333333278
0.0026535716666666875
0.0015562299999999363
0.00045888833333329604
-0.0006384533333333442
-0.003830719999999954
-0.005746079999999987
-0.007661440000000019
-0.009576799999999941
-0.011492159999999974
-0.013407520000000006
-0.00861911999999998
-0.0014365200000000522
0.002154780000000023
0.005746079999999987
-0.006224920000000078
-0.018195920000000032
-0.013407520000000006
-0.00861911999999998
-0.011013319999999993
-0.013407520000000006
-0.010414770000000018
-0.007422020000000029
-0.004429270000000041
-0.0014365200000000522
-0.002633620000000003
-0.003830719999999954
-0.00861911999999998
-0.013407520000000006
-0.011013319999999993
-0.00861911999999998
-0.00861911999999998
-0.00861911999999998
-0.003830719999999954
0.0009576799999999608
-0.0014365200000000522
-0.003830719999999954
-0.011013319999999993
-0.018195920000000032
-0.013407520000000006
-0.00861911999999998
-0.003830719999999954
0.0009576799999999608
0.005746079999999987
0.010534480000000013
0.005746080000000098
0.005746080000000098
0.005746079999999987
-0.0002394199999999902
-0.006224919999999967
-0.007022986666666675
-0.007821053333333272
-0.00861911999999998
-0.011013319999999993
-0.013407520000000006
-0.010534480000000013
-0.007661440000000019
-0.004788400000000026
-0.0019153600000000326
0.0009576799999999608
-0.013407520000000006
0.0009576799999999608
-0.0014365200000000522
-0.003830720000000065
-0.006224920000000078
-0.00861911999999998
-0.011013319999999993
-0.013407520000000006
0.0009576800000000718
-0.003830719999999954
-0.005746079999999987
-0.007661440000000019
-0.009576799999999941
-0.011492159999999974
-0.013407520000000006
-0.00861911999999998
-0.005027820000000016
-0.0014365200000000522
-0.0031466628571429345
-0.004856805714285706
-0.006566948571428588
-0.00827709142857147
-0.009987234285714353
-0.011697377142857124
-0.013407520000000006
0.005746079999999987
-0.006224919999999967
-0.006224919999999967
-0.006224920000000078
-0.006224920000000078
-0.006224920000000078
-0.005626369999999992
-0.005027820000000016
-0.004429270000000041
-0.003830719999999954
-0.003830719999999954
0.0009576800000000718
0.005746079999999987
-0.006224920000000078
-0.018195920000000032
-0.00861911999999998
0.0009576799999999608
-0.003830719999999954
-0.00861911999999998
-0.00861911999999998
-0.00861911999999998
-0.00861911999999998
-0.00861911999999998
-0.00861911999999998
-0.00861911999999998
-0.00542685333333337
-0.002234586666666649
0.0009576799999999608
-0.00041043428571430063
-0.001778548571428562
-0.0031466628571428235
-0.004514777142857196
-0.005882891428571457
-0.007251005714285719
-0.00861911999999998
-0.013407520000000006
-0.018195920000000032
-0.003830719999999954
-0.0014365200000000522
-0.003830720000000065
-0.006224920000000078
-0.00861911999999998
-0.011013319999999993
-0.013407520000000006
-0.003830719999999954
-0.006224919999999967
-0.00861911999999998
-0.011013319999999993
-0.013407520000000006
-0.01580172000000002
-0.018195920000000032
-0.01682780571428577
-0.01545969142857151
-0.014091577142857137
-0.012723462857142875
-0.011355348571428614
-0.009987234285714353
-0.00861911999999998
-0.007251005714285719
-0.005882891428571457
-0.004514777142857196
-0.0031466628571429345
-0.001778548571428562
-0.00041043428571430063
0.0009576799999999608
-0.006224920000000078
-0.013407520000000006
-0.010215253333333285
-0.003830719999999954
-0.0029601018181817373
-0.0020894836363636315
-0.0012188654545454147
-0.0003482472727271979
0.0005223709090909079
0.0013929890909091247
0.0022636072727272305
0.0031342254545454473
0.004004843636363664
0.00487546181818177
0.005746079999999987
0.005746079999999987
0.005746079999999987
-0.009816219999999931
-0.00861911999999998
0.010534480000000013
0.005746079999999987
0.0009576800000000718
-0.003830719999999954
-0.022984319999999947
-0.016599786666666616
-0.010215253333333285
-0.003830719999999954
0.010534480000000013
0.015322880000000039
0.020111280000000065
0.005746080000000098
-0.00861911999999998
-0.006224919999999967
