-0.011970999999999954
-0.008778733333333344
-0.005586466666666623
-0.002394200000000013
-0.002394200000000013
-0.002394200000000013
-0.002394200000000013
-0.002394200000000013
0.004788400000000026
0.011971000000000065
0.004788400000000026
-0.002394200000000013
0.002394200000000013
0.007182600000000039
0.007182600000000039
0.007182600000000039
0.008379700000000101
0.009576800000000052
0.010773900000000003
0.011971000000000065
0.008379700000000101
0.004788400000000026
0.008379700000000101
0.011971000000000065
0.0
-0.011970999999999954
-0.007182599999999928
-0.002394200000000013
0.002394200000000013
0.007182600000000039
0.009576800000000052
0.011971000000000065
0.007182600000000039
0.002394200000000013
0.002394200000000013
0.002394200000000013
0.002394200000000013
0.011971000000000065
0.01037486666666676
0.008778733333333344
0.007182600000000039
0.002394200000000013
0.007182600000000039
0.011971000000000065
0.007182600000000039
0.002394200000000013
-0.002394199999999902
-0.007182599999999928
-0.00319226666666661
0.000798066666666708
0.004788400000000026
0.008778733333333455
0.012769066666666773
0.01675940000000009
0.019153600000000104
0.021547800000000006
0.002394200000000013
0.011971000000000065
0.002394200000000013
0.011971000000000065
0.009576800000000052
0.007182600000000039
0.011971000000000065
0.011971000000000065
0.011971000000000065
0.012769066666666773
0.01356713333333337
0.014365200000000078
0.015163266666666786
0.015961333333333383
0.01675940000000009
-0.002394200000000013
0.01675940000000009
-0.002394200000000013
0.002394200000000013
0.007182600000000039
0.004788400000000026
0.002394200000000013
0.002394200000000013
0.002394200000000013
0.0
-0.002394200000000013
-0.002394200000000013
-0.002394200000000013
-0.002394200000000013
-0.002394200000000013
-0.002394200000000013
-0.002394200000000013
-0.002394200000000013
0.002394200000000013
0.007182600000000039
0.011971000000000065
0.011971000000000065
0.011971000000000065
0.010374866666666649
0.002394200000000013
0.011971000000000065
0.007182600000000039
0.002394200000000013
0.007182600000000039
0.011971000000000065
0.01675940000000009
0.002394200000000013
-0.002394199999999902
-0.007182599999999928
-0.005586466666666623
-0.003990333333333318
-0.002394200000000013
-0.005586466666666623
-0.008778733333333344
-0.011970999999999954
-0.002394199999999902
0.007182600000000039
-0.002394200000000013
0.0
0.002394200000000013
0.002394200000000013
0.002394200000000013
0.002394200000000013
0.002394200000000013
0.002394200000000013
0.002394200000000013
0.002394200000000013
0.007182600000000039
-0.011970999999999954
-0.002394199999999902
0.007182600000000039
0.01675940000000009
0.009576800000000052
0.002394200000000013
0.0
-0.002394200000000013
0.000798066666666708
0.003990333333333318
0.007182600000000039
0.002394200000000013
-0.002394200000000013
-0.002394200000000013
-0.002394200000000013
0.011970999999999954
0.026336200000000032
0.014365200000000078
0.002394200000000013
0.003990333333333318
0.005586466666666734
0.007182600000000039
-0.004788400000000026
-0.01675939999999998
-0.007182599999999928
0.002394200000000013
0.002394200000000013
0.002394200000000124
0.002394200000000124
0.004788400000000026
0.007182600000000039
0.005586466666666734
0.003990333333333318
0.002394200000000013
-0.007182599999999928
-0.01675939999999998
0.01675940000000009
0.011971000000000065
0.007182600000000039
0.005586466666666734
0.003990333333333318
0.002394200000000013
0.0033518799999999738
0.004309560000000046
0.005267240000000006
0.006224920000000078
0.007182600000000039
0.002394200000000013
-0.002394200000000013
0.002394200000000013
0.011971000000000065
0.002394200000000124
-0.007182599999999928
-0.002394199999999902
0.002394200000000013
0.007182600000000039
0.004788400000000026
0.002394200000000013
-0.000798066666666708
-0.003990333333333318
-0.007182599999999928
-0.010374866666666649
-0.01356713333333337
-0.01675939999999998
0.007182600000000039
0.005985499999999977
0.004788400000000026
0.003591300000000075
0.002394200000000013
-0.01675939999999998
-0.002394200000000013
0.007182600000000039
0.01675940000000009
0.01356713333333337
0.01037486666666676
0.007182600000000039
0.007182600000000039
0.007182600000000039
0.007182600000000039
0.002394200000000013
-0.002394199999999902
-0.007182599999999928
0.004788400000000026
0.01675940000000009
0.011971000000000065
0.007182600000000039
0.002394200000000013
0.002394200000000013
0.000798066666666708
-0.000798066666666708
-0.002394200000000013
0.011971000000000065
0.011971000000000065
0.011971000000000065
0.007182600000000039
0.009576800000000052
0.011971000000000065
0.011971000000000065
0.011971000000000065
0.007182600000000039
0.002394200000000013
0.007182600000000039
0.010773900000000003
0.014365200000000078
0.017956500000000042
0.021547800000000006
0.002394200000000013
0.004788400000000026
0.007182600000000039
0.003591300000000075
0.0
-0.003591299999999964
-0.007182599999999928
0.007182600000000039
0.01675940000000009
0.011971000000000065
0.007182600000000039
0.002394200000000013
0.007182600000000039
0.007182600000000039
0.007182600000000039
0.004788400000000026
0.002394200000000013
-0.002394200000000013
0.003990333333333318
0.01037486666666676
0.01675940000000009
0.009576800000000052
0.002394200000000013
0.005586466666666734
0.008778733333333344
0.011971000000000065
0.004788400000000026
-0.002394200000000013
0.002394200000000013
0.007182600000000039
0.0065840500000000635
0.005985499999999977
0.0053869500000000015
0.004788400000000026
0.0041898500000000505
0.003591300000000075
0.0029927499999999885
0.002394200000000013
0.021547800000000006
0.014365200000000078
0.007182600000000039
0.031124640000000037
0.019153619999999982
0.007182600000000039
0.004788400000000026
0.002394200000000013
-0.002394199999999902
-0.007182599999999928
-0.005586466666666623
-0.003990333333333318
-0.002394200000000013
-0.000798066666666708
0.000798066666666708
0.002394200000000013
-0.002394199999999902
-0.007182599999999928
0.007182600000000039
-0.02633619999999992
-0.004788399999999915
0.01675940000000009
0.007182600000000039
-0.002394199999999902
-0.011970999999999954
0.007182600000000039
0.026336200000000032
-0.007182599999999928
0.004788400000000026
0.01675940000000009
0.008778733333333455
0.000798066666666708
-0.007182599999999928
0.0
0.007182600000000039
0.007182600000000039
0.007182600000000039
0.007182600000000039
0.007182600000000039
0.007182600000000039
0.007182600000000039
-0.01675939999999998
-0.011970999999999954
-0.002394200000000013
-0.007182599999999928
-0.011970999999999954
-0.007182599999999928
-0.002394199999999902
0.002394200000000124
0.007182600000000039
0.011971000000000065
0.01675940000000009
-0.011970999999999954
-0.005985499999999977
0.0
0.031124640000000037
0.007182620000000028
-0.01675939999999998
0.004788400000000026
0.026336200000000032
0.004788400000000026
-0.01675939999999998
-0.014365199999999967
-0.011970999999999954
-0.009576799999999941
-0.007182599999999928
-0.002394200000000013
0.002394200000000013
0.0064985485714286195
0.010602897142857115
0.014707245714285722
0.018811594285714328
0.022915942857142935
0.02702029142857143
0.031124640000000037
-0.011970999999999954
2.0000000100495186e-08
0.01675940000000009
0.00814028000000011
-0.00047883999999986937
-0.00909795999999996
-0.01771707999999994
-0.02633619999999992
-0.011970990000000015
0.0023942200000000025
0.010374879999999975
0.01835554000000006
0.026336200000000032
0.002394200000000013
0.026336200000000032
0.021547800000000006
0.01675940000000009
0.002394200000000124
-0.011970999999999954
0.002394200000000124
0.01675940000000009
0.013168100000000127
0.009576800000000052
0.005985499999999977
0.002394200000000013
0.01675940000000009
-0.002394200000000013
-0.002394200000000013
-0.002394200000000013
-0.003990333333333318
-0.005586466666666623
-0.007182599999999928
0.021547800000000006
0.021547800000000006
0.021547800000000006
0.021547800000000006
0.007182600000000039
0.007182600000000039
0.007182600000000039
0.007182600000000039
0.007182600000000039
0.007182600000000039
0.011971000000000065
0.004788400000000026
-0.002394200000000013
0.011971000000000065
0.004788400000000026
-0.002394200000000013
0.007182600000000039
0.002394200000000013
-0.002394200000000013
0.0
0.002394200000000013
-0.002394200000000013
0.002394200000000013
0.007182600000000039
0.011971000000000065
0.004788400000000026
-0.002394200000000013
-0.007182599999999928
-0.011970999999999954
-0.004788400000000026
0.002394200000000013
0.007182600000000039
0.011971000000000065
0.014365200000000078
0.01675940000000009
-0.002394200000000013
0.002394200000000013
0.007182600000000039
0.005130428571428647
0.0030782571428571437
0.0010260857142857516
-0.0010260857142856405
-0.0030782571428570327
-0.005130428571428536
-0.007182599999999928
-0.003591299999999964
0.0
-0.002394200000000013
-0.002394200000000013
-0.004788400000000026
-0.007182599999999928
0.004788400000000026
0.01675940000000009
0.004788400000000026
-0.007182599999999928
-0.006747290909090875
-0.006311981818181711
-0.005876672727272658
-0.005441363636363605
-0.005006054545454552
-0.0045707454545453885
-0.004135436363636336
-0.0037001272727272827
-0.00326481818181823
-0.002829509090909066
-0.002394200000000013
-0.005586466666666623
0.004788400000000026
0.005586466666666734
0.006384533333333331
0.007182600000000039
0.0065840500000000635
0.005985499999999977
0.0053869500000000015
0.004788400000000026
0.0041898500000000505
0.003591300000000075
0.0029927499999999885
0.002394200000000013
0.000798066666666597
-0.004788400000000026
-0.001197099999999951
0.002394200000000013
0.0
-0.002394200000000013
0.002394200000000013
0.0
-0.002394200000000013
-0.000798066666666708
0.000798066666666708
0.002394200000000013
-0.007182599999999928
0.0
0.007182600000000039
0.014365200000000078
0.021547800000000006
-0.002394200000000013
0.002394200000000013
0.002394200000000013
0.002394200000000013
0.002394200000000013
0.002394200000000013
0.007182600000000039
0.011971000000000065
0.01675940000000009
0.011971000000000065
0.007182600000000039
0.002394200000000013
-0.002394200000000013
0.007182600000000039
0.007182600000000039
0.007182600000000039
0.004788400000000026
0.002394200000000013
0.011970999999999954
0.021547800000000006
0.002394200000000013
-0.01675939999999998
-0.0007980533333332707
0.015163293333333328
0.031124640000000037
-0.007182599999999928
-0.003990333333333318
-0.000798066666666597
0.002394200000000013
0.009576800000000052
0.01675940000000009
0.002394200000000013
0.002394200000000013
0.002394200000000013
0.002394200000000013
0.002394200000000013
0.009576800000000052
0.01675940000000009
