-0.0005985440000000342
-0.0011970940000000097
-0.0017956439999999851
-0.0023941940000000717
-0.002992744000000047
-0.0035912940000000226
-0.0035912940000000226
-0.0035912940000000226
-0.0035912940000000226
0.010773905999999944
0.008379705999999931
0.005985505999999918
0.0035913059999999053
0.0011971060000000033
-0.0011970940000000097
-0.0035912940000000226
-0.008379694000000049
-0.013168093999999964
-0.0035912940000000226
0.0011971060000000033
0.005985506000000029
-0.013168093999999964
-0.0035912940000000226
0.005985506000000029
-0.013168093999999964
-0.0035912940000000226
0.005985506000000029
0.008379705999999931
0.010773905999999944
-0.013168093999999964
-0.005985493999999925
0.0011971060000000033
-0.008379694000000049
-0.013168094000000075
-0.01795649399999999
-0.008379694000000049
-0.01077389399999995
-0.013168093999999964
0.0011971060000000033
0.0023942059999999543
0.0035913060000000163
0.004788406000000078
0.005985506000000029
-0.0035912940000000226
-0.005985494000000036
-0.008379694000000049
0.0035913060000000163
-0.008379694000000049
-0.0035912940000000226
0.0011971060000000033
-0.0011970940000000097
-0.0035912940000000226
-0.005506654000000055
-0.007422013999999977
-0.00933737400000001
-0.011252733999999931
-0.013168093999999964
-0.0035912940000000226
0.005985506000000029
0.0035913060000000163
0.0011971060000000033
-0.008379694000000049
-0.0011970940000000097
0.005985506000000029
0.0027932393333333083
-0.00039902733333330165
-0.0035912940000000226
-0.008379694000000049
-0.006464334000000016
-0.004548973999999983
-0.002633614000000062
-0.0007182540000000293
0.0011971060000000033
0.005985506000000029
0.010773905999999944
0.007353620285714291
0.003933334571428526
0.0005130488571428726
-0.002907236857142892
-0.0063275225714285455
-0.00974780828571431
-0.013168093999999964
-0.0011970940000000097
0.010773905999999944
0.008379705999999931
0.005985506000000029
-0.01795649399999999
0.0035913060000000163
0.025139106000000022
0.0011971060000000033
-0.008379694000000049
-0.01795649399999999
-0.01795649399999999
-0.008379694000000049
0.0035913059999999053
0.01556230599999997
0.0011971060000000033
0.0035913060000000163
0.005985506000000029
0.005985506000000029
0.0011971060000000033
0.0011971060000000033
0.0011971060000000033
-0.0011970940000000097
-0.0035912940000000226
-0.005985494000000036
-0.008379694000000049
-0.010175344000000086
-0.011970994000000013
-0.013766643999999939
-0.015562293999999977
0.0011971060000000033
0.0011971060000000033
0.0035913060000000163
0.005985506000000029
0.0035913060000000163
0.0011971060000000033
0.0011971060000000033
0.0011971060000000033
0.0011971060000000033
0.0011971060000000033
0.0011971060000000033
0.0011971060000000033
0.0011971060000000033
-0.013168093999999964
-0.01795649399999999
-0.008379694000000049
0.0011971060000000033
-0.01795649399999999
-0.013168093999999964
-0.008379694000000049
-0.0035912940000000226
-0.013168093999999964
-0.013168093999999964
-0.013168093999999964
-0.013168093999999964
-0.013168093999999964
-0.006783560666666633
-0.00039902733333330165
0.005985506000000029
6.000000052353016e-09
-0.005985493999999925
-0.005586460666666571
-0.005187427333333328
-0.004788393999999974
-0.00438936066666662
-0.003990327333333377
-0.0035912940000000226
0.0011971060000000033
-0.008379694000000049
-0.008858534000000029
-0.00933737400000001
-0.00981621399999999
-0.01029505399999997
-0.01077389399999995
-0.011252734000000042
-0.011731574000000022
-0.012210414000000003
-0.012689253999999983
-0.013168093999999964
-0.0035912940000000226
-0.008379694000000049
0.005985506000000029
0.0011971060000000033
-0.008379694000000049
-0.008379694000000049
-0.0011970940000000097
0.005985506000000029
0.005985506000000029
0.005985506000000029
0.005985506000000029
0.005985506000000029
0.005985506000000029
-0.0035912940000000226
-0.013168093999999964
0.005985506000000029
-0.0035912940000000226
-0.013168093999999964
0.005985506000000029
0.0011971060000000033
-0.0035912940000000226
-0.008379693999999938
-0.013168093999999964
0.0011971060000000033
-0.0035912940000000226
-0.008379694000000049
-0.008379694000000049
-0.008379694000000049
-0.008379694000000049
-0.008379694000000049
-0.00538694400000006
-0.0023941940000000717
0.0005985559999999168
0.0035913059999999053
0.0011971060000000033
-0.00039902733333330165
-0.0019951606666667177
-0.0035912940000000226
-0.0035912940000000226
-0.004788393999999974
-0.005985494000000036
-0.007182594000000098
-0.008379694000000049
-0.00933737400000001
-0.01029505399999997
-0.011252734000000042
-0.012210414000000003
-0.013168093999999964
0.0035913060000000163
-0.0019951606666666066
-0.007581627333333341
-0.013168093999999964
-0.013168093999999964
-0.005985493999999925
0.0011971060000000033
0.005985506000000029
0.010773905999999944
0.004389372666666613
-0.0019951606666667177
-0.008379694000000049
-0.008379694000000049
-0.008379694000000049
-0.008379694000000049
-0.013168093999999964
-0.0035912940000000226
-0.0035912940000000226
-0.0035912940000000226
-0.0017956439999999851
5.999999941330714e-09
0.0017956559999998678
0.0035913059999999053
0.004788405999999967
0.005985506000000029
0.005985506000000029
0.005985506000000029
0.0035913060000000163
0.0011971060000000033
0.0011971060000000033
0.0011971060000000033
0.0005985560000000278
6.000000052353016e-09
-0.0005985440000000342
-0.0011970940000000097
-0.0017956439999999851
-0.0023941940000000717
-0.002992744000000047
-0.0035912940000000226
-0.0019951606666667177
-0.0035912940000000226
0.0011971060000000033
0.005985506000000029
6.000000052353016e-09
-0.005985493999999925
-0.011970994000000013
-0.01795649399999999
0.005985506000000029
0.0050876810000000106
0.004189855999999992
0.003292030999999973
0.0023942059999999543
0.0014963810000000466
0.0005985560000000278
-0.0002992689999999909
-0.0011970940000000097
-0.005985494000000036
-0.00039902733333341267
0.005187439333333321
0.010773905999999944
0.0011971060000000033
0.0035913060000000163
0.005985506000000029
0.008379705999999931
0.010773905999999944
0.005985506000000029
-0.0035912940000000226
-0.004788393999999974
-0.005985493999999925
-0.0023941939999999606
0.0011971060000000033
0.0035913060000000163
0.005985506000000029
-0.0035912940000000226
-0.013168093999999964
-0.01077389399999995
-0.008379694000000049
-0.0035912940000000226
0.0011971060000000033
0.005985505999999918
0.010773905999999944
-0.013168093999999964
0.0011971060000000033
-0.0035912940000000226
-0.008379694000000049
-0.022744953999999984
-0.0051874673333333066
0.01237001933333337
0.029927506000000048
0.017956505999999983
0.005985506000000029
0.012689265999999977
0.019393026000000035
0.026096785999999983
0.03280054600000004
0.03950430599999999
-0.08020576400000001
-0.06967127500000003
-0.059136786
-0.048602297000000017
-0.03806780799999998
-0.027533319
-0.01699883000000002
-0.00646434100000004
0.004070148000000051
0.014604637000000031
0.02513912600000001
0.008379705999999931
0.002793232666666645
-0.012104026222222286
-0.027001285111111106
-0.04189854399999998
0.053869546000000046
0.022744926
-0.008379694000000049
-0.00981621399999999
-0.011252734000000042
-0.012689253999999983
-0.014125774000000035
-0.015562293999999977
0.0011971060000000033
0.03471590599999996
0.00598547599999999
-0.022744953999999984
-0.03471594899999997
-0.04668694400000001
-0.017956527333333305
0.010773889333333342
0.03950430599999999
0.005985506000000029
-0.008379723999999977
-0.022744953999999984
-0.01077392399999999
0.0011971060000000033
-0.02035071899999996
-0.04189854399999998
-0.02833140233333331
-0.014764260666666695
-0.0011971189999999687
0.012370022666666647
0.025937164333333373
0.03950430599999999
-0.008379719000000008
0.018754566000000028
0.04588885099999995
0.07302313599999999
0.03232171100000003
-0.008379714000000038
-0.049081138999999996
-0.08978256400000001
0.022744926
-0.06105214400000003
0.022744930999999968
0.10654200599999997
-0.015562304000000027
-0.13766661400000002
-0.017956553999999958
0.101753506
0.056263688499999964
0.010773871000000046
-0.03471594649999998
-0.08020576400000001
-0.0586579465
-0.03711012899999999
-0.015562311499999981
0.005985506000000029
0.05865794599999996
-0.0003990339999999648
-0.059456014
-0.11851299399999998
0.11611880600000002
-0.09935939399999999
0.06823474600000001
0.0011971060000000033
-0.013168110666666677
-0.027533327333333357
-0.04189854399999998
-0.013168113999999953
0.01556231600000002
0.044292745999999994
0.004389372666666613
-0.035514000666666656
-0.07541737399999998
0.04908114600000002
0.005985506000000029
-0.01795649399999999
-0.00039902733333330165
0.017158439333333275
0.03471590599999996
-0.02753335400000001
-0.0011971239999999383
0.025139106000000022
0.020350705999999996
0.01556230599999997
0.010773906000000055
0.005985506000000029
0.0011971060000000033
0.008379705999999931
0.01556230599999997
0.009816225999999983
0.004070145999999997
-0.00167593399999999
-0.007422013999999977
-0.013168093999999964
0.010773905999999944
0.0035913060000000163
0.007581639333333334
0.011571972666666652
0.01556230599999997
0.004389372666666613
-0.006783560666666633
-0.01795649399999999
0.01556230599999997
0.00917777266666664
0.0027932393333333083
-0.0035912940000000226
-0.013168093999999964
-0.0035912940000000226
0.005985506000000029
0.0035913060000000163
0.0011971060000000033
0.005985506000000029
0.0035913060000000163
0.0011971060000000033
0.0011971060000000033
0.0011971060000000033
0.0011971060000000033
-0.013168093999999964
-0.01077389399999995
-0.008379694000000049
-0.005985494000000036
-0.0035912940000000226
-0.0035912940000000226
-0.0035912940000000226
-0.0035912940000000226
-0.013168093999999964
-0.013168093999999964
0.0011971060000000033
0.008379705999999931
0.01556230599999997
0.0011971060000000033
0.0011971060000000033
0.0011971060000000033
0.0011971060000000033
0.0011971060000000033
0.0011971060000000033
0.005985506000000029
0.010773905999999944
-0.008379694000000049
-0.005985494000000036
-0.0035912940000000226
0.0011971060000000033
0.005985506000000029
0.010773906000000055
0.01556230599999997
0.007581639333333334
-0.00039902733333341267
-0.008379694000000049
-0.007011579714285787
-0.005643465428571415
-0.004275351142857153
-0.002907236857142892
-0.0015391225714286305
-0.00017100828571425808
0.0011971060000000033
-0.013168093999999964
0.0011971060000000033
-0.0035912940000000226
-0.013168124000000003
-0.022744953999999984
0.0011971060000000033
-0.0011970940000000097
-0.0035912940000000226
-0.005985494000000036
-0.008379694000000049
-0.01077389399999995
-0.013168093999999964
-0.015562293999999977
-0.01795649399999999
-0.01077389399999995
-0.0035912940000000226
-0.0035912940000000226
-0.0035912940000000226
-0.0011970940000000097
0.0011971060000000033
-0.008379694000000049
-0.005985494000000036
-0.0035912940000000226
0.005985506000000029
-0.005985493999999925
-0.01795649399999999
-0.008379694000000049
-0.008379694000000049
-0.008379694000000049
0.005985506000000029
0.0027932393333333083
-0.00039902733333330165
-0.0035912940000000226
-0.0011970940000000097
0.0011971060000000033
0.0035913060000000163
-0.013168093999999964
-0.008379694000000049
-0.007781143999999962
-0.007182593999999987
-0.006584044000000011
-0.005985493999999925
-0.005586460666666571
-0.005187427333333328
-0.004788393999999974
-0.00438936066666662
-0.003990327333333377
-0.0035912940000000226
-0.0035912940000000226
-0.01795649399999999
-0.006783560666666633
0.004389372666666613
0.01556230599999997
0.013168105999999957
0.010773905999999944
0.008721734571428552
0.006669563142857049
0.004617391714285657
0.0025652202857142647
0.0005130488571428726
-0.0015391225714286305
-0.0035912940000000226
0.0011971060000000033
0.005985506000000029
-0.008379694000000049
-0.013168093999999964
0.010773905999999944
0.008379705999999931
0.005985505999999918
0.0035913059999999053
0.0011971060000000033
-0.0011970940000000097
-0.0035912940000000226
-0.0011970940000000097
0.0011971060000000033
0.0011971060000000033
0.0011971060000000033
-0.0035912940000000226
-0.0035912940000000226
0.010773905999999944
0.007781155999999956
0.004788405999999967
