-0.0021547799999999118
-0.006943179999999882
-0.011731579999999908
-0.008539313333333243
-0.005347046666666577
-0.0021547799999999118
0.0026336200000000587
-0.0021547799999999118
-0.006943179999999938
-0.011731579999999908
0.0002394200000000457
0.012210420000000055
0.004229753333333419
-0.0037509133333332723
-0.011731579999999908
-0.0021547799999999118
-0.011731579999999908
-0.005347046666666577
0.0010374866666667537
0.007422020000000085
0.007422020000000085
0.0026336200000000587
-0.0021547799999999118
-0.0021547799999999118
-0.0021547799999999118
-0.0021547799999999118
-0.0029528466666665643
-0.0037509133333332723
-0.004548979999999925
-0.005347046666666577
-0.006145113333333285
-0.006943179999999938
-0.011731579999999908
0.005027820000000072
-0.011731579999999908
-0.0005586366666665565
0.01061430666666674
0.02178725000000009
0.007422020000000085
0.007422020000000085
0.007422020000000085
0.007422020000000085
0.007422020000000085
0.007422020000000085
0.007422020000000085
0.007422020000000085
0.007422020000000085
0.007422020000000085
0.007422020000000085
-0.011731579999999908
-0.006943179999999938
-0.006943179999999938
-0.011731579999999908
-0.006943179999999938
-0.006943179999999938
-0.006943179999999938
-0.006943179999999938
-0.004548979999999925
-0.0021547799999999673
0.0002394200000000457
0.0026336200000000587
0.0026336200000000587
0.0026336200000000587
0.0026336200000000587
0.0002394200000000457
-0.0021547799999999118
-0.006943179999999938
-0.0021547799999999118
0.0002394200000000457
0.0026336200000000587
-0.0021547799999999118
-0.004548979999999925
-0.006943179999999938
-0.006145113333333285
-0.005347046666666577
-0.004548979999999925
-0.0037509133333332723
-0.0029528466666665643
-0.0021547799999999118
0.0002394200000000457
0.0026336200000000587
0.0002394200000000457
-0.0021547799999999118
-0.006943179999999938
-0.0021547799999999673
0.0026336200000000587
0.0026336200000000587
-0.004548979999999925
-0.003950429999999894
-0.0033518799999999183
-0.0027533299999999428
-0.0021547799999999118
0.0026336200000000587
0.007422020000000085
-0.006943179999999938
-0.006943179999999938
-0.006943179999999882
-0.006943179999999882
-0.006943179999999882
-0.004548979999999869
-0.0021547799999999118
0.007422020000000085
0.006823470000000109
0.006224920000000078
0.005626370000000103
0.005027820000000072
0.004429270000000096
0.003830720000000065
0.0032321700000000897
0.0026336200000000587
0.002035070000000083
0.0014365200000001077
0.0008379700000000767
0.00023942000000010122
-0.0003591299999999298
-0.0009576799999999053
-0.0015562299999999363
-0.0021547799999999118
0.0010374866666667537
0.004229753333333419
0.007422020000000085
0.005027820000000072
0.0026336200000000587
-0.011731579999999908
-0.006943179999999938
-0.004548979999999925
-0.0021547799999999118
0.007422020000000085
-0.0045489899999999195
-0.016519999999999924
-0.009337389999999945
-0.0021547799999999118
-0.006943179999999938
-0.016519999999999924
-0.0021547799999999118
-0.006943179999999938
-0.006943179999999938
0.009816220000000098
-0.0021547799999999118
-0.0005586466666666068
0.0010374866666667537
0.0026336200000000587
0.01699882000000008
0.012210420000000055
0.007422020000000085
0.0026336200000000587
0.004229753333333419
0.005825886666666724
0.007422020000000085
-0.004548979999999925
-0.0009576799999999053
0.0026336200000000587
0.007422020000000085
0.012210420000000055
0.0002394200000000457
-0.011731579999999908
-0.0037509133333332723
0.004229753333333419
0.012210420000000055
0.012210420000000055
0.0002394200000000457
-0.011731579999999908
-0.011731579999999908
-0.011731579999999908
-0.006943179999999938
-0.0021547799999999118
0.0026336200000000587
-0.0021547799999999673
-0.006943179999999938
-0.0021547799999999118
-0.0037509133333332723
-0.005347046666666577
-0.006943179999999938
-0.005746079999999931
-0.004548979999999925
-0.0033518799999999183
-0.0021547799999999118
-0.0021547799999999118
-0.0021547799999999118
-0.0021547799999999118
0.0026336200000000587
-0.0021547799999999118
-0.004548979999999925
-0.006943179999999938
0.0002394200000000457
0.007422020000000085
0.005027820000000072
0.0026336200000000587
-0.0021547799999999673
-0.006943179999999938
-0.0005586466666666068
0.005825886666666724
0.012210420000000055
0.009816220000000098
0.007422020000000085
-0.006943179999999938
-0.009337379999999895
-0.011731579999999908
-0.011731579999999908
-0.011731579999999908
-0.006943179999999882
-0.0021547799999999118
0.0026336200000000587
0.007422020000000085
0.0002394200000000457
-0.006943179999999938
-0.011731589999999958
-0.016519999999999924
-0.009337389999999945
-0.0021547799999999118
0.0026336200000000587
0.007422020000000085
0.006224920000000078
0.005027820000000072
0.003830720000000065
0.0026336200000000587
-0.006943179999999938
-0.005746079999999931
-0.004548979999999925
-0.0033518799999999183
-0.0021547799999999118
0.0026336200000000587
0.0026336200000000587
0.0026336200000000587
0.0002394200000000457
-0.0021547799999999118
-0.005347046666666577
-0.008539313333333243
-0.011731579999999908
0.007422020000000085
0.0002394200000000457
-0.006943179999999938
-0.004548979999999925
-0.0021547799999999118
-0.006943179999999938
-0.004548979999999925
-0.0021547799999999118
-0.0007182599999999151
0.0007182600000000816
0.0021547800000000783
0.003591300000000075
0.005027820000000072
0.0026336200000000587
0.0010374866666667537
-0.0005586466666666068
-0.0021547799999999118
-0.0021547799999999118
-0.0021547799999999118
-0.0021547799999999118
0.0010374866666667537
0.004229753333333419
0.007422020000000085
0.009816220000000098
0.012210420000000055
0.0002394200000000457
-0.011731579999999908
-0.011731579999999908
-0.011731579999999908
-0.009337379999999895
-0.006943179999999882
-0.004548979999999925
-0.0021547799999999118
0.0002394200000000457
0.011013335000000068
0.02178725000000009
0.0074220350000001045
-0.006943179999999938
-0.006943179999999938
-0.006943179999999938
-0.005347046666666577
-0.0037509133333332723
-0.0021547799999999118
-0.0005586466666666068
0.0010374866666667537
0.0026336200000000587
0.0002394200000000457
-0.0021547799999999118
-0.0016759399999999314
-0.001197099999999951
-0.0007182599999999151
-0.00023941999999993469
0.0002394200000000457
0.007422020000000085
-0.0045489899999999195
-0.016519999999999924
-0.016519999999999924
-0.016519999999999924
-0.016519999999999924
-0.016519999999999924
-0.016519999999999924
0.01699882000000008
0.005825880000000061
-0.0053470599999999036
-0.016519999999999924
0.012210420000000055
0.04094084000000006
0.01061428666666675
-0.01971226666666659
-0.05003881999999993
-0.006943179999999938
0.060094470000000066
0.04812346000000006
0.03615245000000006
-0.035673614999999936
-0.10749967999999993
-0.08728197333333326
-0.0670642666666666
-0.046846559999999926
-0.026628853333333258
-0.0064111466666665895
0.013806560000000079
0.03402426666666672
0.05424197333333339
0.07445968000000006
-0.006943179999999938
0.007422030000000079
0.02178724000000004
0.03615245000000006
-0.054827204999999934
0.01939304250000007
0.09361329000000007
0.04477157600000006
-0.004070137999999945
-0.052911851999999926
-0.1017535659999999
-0.15059527999999994
0.02657565000000006
0.053709933333333404
0.08084421666666672
0.10797850000000006
-0.07158662999999993
0.022984335000000078
0.11755530000000006
0.09201714888888896
0.06647899777777783
0.040940846666666725
0.015402695555555623
-0.01013545555555545
-0.03567360666666658
-0.06121175777777771
-0.08674990888888884
-0.11228805999999991
0.048123455000000065
-0.07398082999999994
0.016998835000000045
0.10797850000000006
0.06548142000000007
0.022984340000000048
-0.019512739999999973
-0.06200981999999994
0.09840169000000007
0.06488287000000006
0.03136405000000006
-0.03806781499999995
-0.10749967999999993
-0.04844269666666662
0.01061428666666675
0.06967127000000006
0.06727707000000005
0.06488287000000006
-0.11707645999999994
-0.042856204999999925
0.03136405000000006
0.057700265000000056
0.08403648000000005
-0.08834603999999996
-0.04764460999999992
-0.006943179999999938
0.057700265000000084
0.12234371000000008
0.07206547250000009
0.02178723500000007
-0.028491002499999918
-0.07876923999999991
-0.052433019999999886
-0.02609679999999992
0.05051765500000008
0.12713211000000008
-0.06440401999999995
-0.05003881999999993
0.038546645000000074
0.12713211000000008
0.038546645000000074
-0.05003881999999993
-0.07158662999999993
-0.09313443999999993
-0.06653219999999993
-0.03992995999999993
-0.013327719999999932
0.013274520000000067
0.03987676000000007
0.06647900000000007
0.09308124000000007
0.11968348000000006
0.14628572000000006
-0.04525041999999996
0.02178724000000004
-0.02130839999999995
-0.06440401999999995
0.009816230000000037
0.08403648000000005
-0.035673599999999916
-0.033279399999999904
-0.030885199999999946
-0.005347046666666577
0.020191106666666736
0.04572926000000008
0.03495535000000008
0.024181440000000054
0.013407530000000056
0.0026336200000000587
-0.011731579999999908
0.006224927500000088
0.024181435000000084
0.010614290000000082
-0.002952854999999921
-0.016519999999999924
-0.011731579999999908
0.0026336200000000587
0.01699882000000008
-0.0005586533333332699
-0.018116126666666565
-0.035673599999999916
0.007422020000000085
0.006823470000000109
0.006224920000000078
0.005626370000000047
0.005027820000000072
0.003830720000000065
0.0026336200000000587
-0.004548979999999925
-0.011731579999999908
0.0074220350000001045
0.02657565000000006
0.005027825000000041
-0.016519999999999924
-0.009816235999999923
-0.0031124719999999217
0.003591292000000079
0.01029505600000008
0.01699882000000008
0.007422020000000085
0.005027820000000072
0.0026336200000000587
0.0026336200000000587
-0.011731579999999908
0.0026336200000000587
0.01699882000000008
0.0026336200000000587
-0.011731579999999908
-0.0021547799999999118
0.007422020000000085
0.006464340000000068
0.005506660000000052
0.004548980000000091
0.003591300000000075
0.0026336200000000587
0.004229753333333419
0.005825886666666724
0.007422020000000085
0.0026336200000000587
0.0002394200000000457
-0.0021547799999999118
0.012210420000000055
0.0026336200000000587
-0.006943179999999938
-0.006943179999999938
-0.006943179999999938
0.0026336200000000587
0.01221042000000011
0.0010374800000000906
-0.01013545999999993
-0.02130839999999995
-0.018914194999999967
-0.01651998999999993
-0.01412578499999989
-0.011731579999999908
0.0002394200000000457
-0.0005586466666666068
-0.0013567133333332593
-0.0021547799999999118
-0.006943179999999938
-0.0021547799999999118
0.0026336200000000587
0.007422020000000085
0.0026336200000000587
-0.0021547799999999118
-0.006943179999999938
-0.011731579999999908
-0.008140279999999944
-0.004548979999999925
-0.0009576799999999053
0.0026336200000000587
-0.011731579999999908
0.007422020000000085
-0.0021547799999999118
0.007422020000000085
0.01699882000000008
0.012210420000000055
0.007422020000000085
0.0026336200000000587
0.007422020000000085
0.006623953333333432
0.005825886666666724
0.005027820000000072
0.004229753333333419
0.003431686666666711
0.0026336200000000587
-0.011731579999999908
0.007422020000000085
-0.002154784999999937
-0.011731589999999958
-0.012263635555555485
-0.012795681111111068
-0.013327726666666595
-0.013859772222222178
-0.014391817777777705
-0.014923863333333287
-0.015455908888888814
-0.015987954444444397
-0.016519999999999924
0.01699882000000008
-0.011731579999999908
-0.0021547799999999118
0.007422020000000085
0.007422020000000085
0.012210420000000055
0.007422020000000085
0.003830720000000065
0.0002394200000000457
-0.0033518799999999183
-0.006943179999999938
-0.0021547799999999673
0.0026336200000000587
-0.0069431899999999325
-0.016519999999999924
-0.01378376857142849
-0.011047537142857056
-0.008311305714285622
-0.005575074285714243
-0.0028388428571428093
-0.00010261142857137528
0.0026336200000000587
-0.0021547799999999673
-0.006943179999999938
-0.004548979999999925
-0.0021547799999999118
-0.0021547799999999118
-0.0021547799999999118
0.005027820000000072
0.0002394200000000457
-0.006943179999999882
-0.008140279999999889
-0.009337379999999895
-0.010534479999999902
-0.011731579999999908
0.0026336200000000587
-0.0021547799999999118
-0.0009576799999999053
0.0002394200000000457
0.0014365200000000522
0.0026336200000000587
0.007422020000000085
0.0026336200000000587
-0.0021547799999999118
0.0026336200000000587
0.007422020000000085
0.005825886666666724
0.004229753333333419
0.0026336200000000587
-0.0021547799999999673
-0.006943179999999938
-0.006943179999999938
-0.006943179999999938
-0.006943179999999938
-0.006943179999999938
-0.006943179999999938
-0.006943179999999938
