-0.008379694000000049
-0.008379694000000049
0.008379705999999931
0.004389372666666613
0.00039903933333329533
-0.0035912940000000226
0.005985506000000029
0.0011971060000000033
-0.0035912940000000226
-0.0011970940000000097
0.0011971060000000033
0.0035913059999999053
0.005985505999999918
0.008379705999999931
0.010773905999999944
0.010773905999999944
0.010773905999999944
0.005985506000000029
0.0011971060000000033
-0.0035912940000000226
-0.008379694000000049
-0.013168093999999964
0.010773905999999944
0.0035913059999999053
-0.0035912940000000226
-0.013168093999999964
-0.011571960666666659
-0.009975827333333354
-0.008379694000000049
-0.006783560666666633
-0.005187427333333328
-0.0035912940000000226
-0.005187427333333328
-0.006783560666666744
-0.008379694000000049
-0.0035912940000000226
0.0011971060000000033
0.0011971060000000033
0.0035913060000000163
0.005985506000000029
-0.0035912940000000226
-0.005985494000000036
-0.008379694000000049
-0.0023941940000000717
0.0035913060000000163
-0.013168093999999964
-0.01077389399999995
-0.008379694000000049
-0.005985494000000036
-0.0035912940000000226
-0.008379694000000049
-0.01795649399999999
-0.01077389399999995
-0.0035912940000000226
0.0011971060000000033
0.0011971060000000033
0.0011971060000000033
-0.0035912940000000226
-0.008379694000000049
-0.009975827333333354
-0.011571960666666659
-0.013168093999999964
-0.009975827333333354
-0.006783560666666633
-0.0035912940000000226
0.0035913059999999053
0.010773905999999944
0.0011971060000000033
-0.013168093999999964
-0.01077389399999995
-0.008379694000000049
-0.0011970940000000097
0.005985506000000029
0.0035913060000000163
0.0011971060000000033
-0.0011970940000000097
-0.0035912940000000226
-0.005985494000000036
-0.008379694000000049
-0.013168093999999964
-0.008978243999999913
-0.004788393999999974
-0.0005985440000000342
0.0035913060000000163
0.007781156000000067
0.011971006000000006
0.016160855999999946
0.020350705999999996
0.005985506000000029
-0.0011970940000000097
-0.008379694000000049
0.010773905999999944
-0.013168124000000003
-0.007182616499999961
-0.0011971090000000295
0.004788398499999902
0.010773905999999944
0.005985505999999918
0.0011971060000000033
-0.0035912940000000226
-0.008379693999999938
-0.013168093999999964
-0.005985494000000036
0.0011971060000000033
-0.008379694000000049
-0.0035912940000000226
0.0011971060000000033
-0.0011970940000000097
-0.0035912940000000226
-0.0019951606666667177
-0.00039902733333330165
0.0011971060000000033
0.0027932393333333083
0.004389372666666724
0.005985506000000029
-0.00039902733333330165
-0.006783560666666633
-0.013168093999999964
-0.008379694000000049
-0.01077389399999995
-0.013168093999999964
0.010773905999999944
0.005985506000000029
0.0011971060000000033
-0.0011970940000000097
0.0011971060000000033
0.0035913060000000163
0.005985506000000029
0.004070145999999997
0.002154785999999964
0.00023942600000004255
-0.00167593399999999
-0.0035912940000000226
-0.01795649399999999
-0.0035912940000000226
-0.0007182540000000293
0.002154785999999964
0.0050278259999999575
0.007900865999999951
0.010773905999999944
0.0011971060000000033
0.0011971060000000033
0.0035913060000000163
0.005985506000000029
0.008379705999999931
0.010773905999999944
-0.0011970940000000097
-0.013168093999999964
-0.008379694000000049
-0.005985494000000036
-0.0035912940000000226
-0.013168093999999964
-0.013168093999999964
0.0011971060000000033
0.01556230599999997
0.005985506000000029
-0.0035912940000000226
0.0011971060000000033
0.005985506000000029
0.005386956000000054
0.004788406000000078
0.004189855999999992
0.0035913060000000163
0.0023942059999999543
0.0011971060000000033
-0.005187427333333328
-0.011571960666666659
-0.01795649399999999
-0.0035912940000000226
0.0011971060000000033
0.005985506000000029
0.005985506000000029
0.005985506000000029
0.006783572666666737
0.007581639333333334
0.008379705999999931
0.00917777266666664
0.009975839333333347
0.010773905999999944
-0.008379694000000049
-0.007695636857142918
-0.007011579714285787
-0.0063275225714286565
-0.005643465428571415
-0.004959408285714284
-0.004275351142857153
-0.0035912940000000226
-0.025139153999999997
-0.0035912940000000226
-0.0011970940000000097
-0.0015961273333333637
-0.0019951606666667177
-0.0023941940000000717
-0.0027932273333333146
-0.0031922606666666686
-0.0035912940000000226
-0.008379694000000049
-0.0011970940000000097
0.00718260599999998
0.01556230599999997
0.004389372666666613
-0.006783560666666633
-0.01795649399999999
0.01556230599999997
0.0035913059999999053
-0.008379694000000049
0.0035913059999999053
0.01556230599999997
0.010773905999999944
0.005985506000000029
0.0011971060000000033
-0.0035912940000000226
-0.008379694000000049
-0.013168093999999964
-0.01795649399999999
0.00917777266666664
0.004655394888888886
0.00013301711111113335
-0.004389360666666731
-0.008911738444444484
-0.013434116222222237
-0.01795649399999999
-0.0011970940000000097
0.005985506000000029
-0.0019951606666666066
-0.009975827333333354
-0.01795649399999999
-0.014536208285714225
-0.011115922571428571
-0.007695636857142807
-0.004275351142857153
-0.0008550654285713888
0.0025652202857142647
0.005985506000000029
0.004389372666666724
-0.008379694000000049
0.013168105999999957
0.03471590599999996
0.0011970759999999636
-0.032321754000000036
-0.013168134000000054
0.00598548600000004
0.025139106000000022
0.010773891000000035
-0.0035913240000000624
-0.01795653900000005
-0.032321754000000036
-0.015562319000000047
-0.010474640875000052
-0.005386962750000057
-0.0002992846250000625
0.004788393499999932
0.009876071625000038
0.014963749750000033
0.020051427875000027
0.025139106000000022
-0.04668694400000001
0.0011970759999999636
0.004788383499999993
0.008379691000000022
0.01197099849999994
0.01556230599999997
0.004389372666666613
-0.006783560666666633
-0.01795649399999999
-0.013168094000000075
-0.008379694000000049
-0.005985494000000036
-0.008379694000000049
0.0011971060000000033
-0.005985493999999925
-0.013168093999999964
-0.0035912940000000226
0.005985506000000029
0.01556230599999997
0.012569555999999982
0.009576805999999993
0.006584056000000005
0.0035913059999999053
0.0005985559999999168
-0.0023941940000000717
-0.00538694400000006
-0.008379694000000049
-0.0035912940000000226
0.0011971060000000033
0.004389372666666724
-0.0014631162222221716
-0.007315605111111068
-0.013168093999999964
0.020350705999999996
0.011731574000000022
0.0031124420000000486
-0.005506690000000036
-0.01412582200000001
-0.022744953999999984
0.010773905999999944
-0.008379694000000049
-0.013168093999999964
0.005985506000000029
0.025139106000000022
0.013966172666666665
0.0027932393333333083
-0.008379694000000049
0.01556230599999997
0.007581639333333334
-0.00039902733333341267
-0.008379694000000049
0.0011971060000000033
0.0011971060000000033
0.0011971060000000033
0.0035913060000000163
0.005985506000000029
0.004655394888888886
0.0033252837777778543
0.0019951726666667113
0.0006650615555555683
-0.0006650495555554636
-0.0019951606666666066
-0.0033252717777777496
-0.004655382888888782
-0.005985493999999925
-0.008379714000000038
-0.001995174000000044
0.00438936599999995
0.010773905999999944
-0.013168093999999964
-0.005985493999999925
0.0011971060000000033
-0.002154780000000023
-0.005506666000000049
-0.008858551999999964
-0.01221043799999999
-0.015562324000000016
-0.01675940900000006
-0.01795649399999999
-0.014764227333333269
-0.011571960666666659
-0.008379694000000049
-0.005187427333333328
-0.0019951606666666066
0.0011971060000000033
-0.0035912940000000226
-0.0011970940000000097
-0.00039902733333330165
0.00039903933333329533
0.0011971060000000033
0.0019951726666667113
0.0027932393333333083
0.0035913060000000163
-0.0011970940000000097
0.0023942059999999543
0.005985506000000029
-0.0011970940000000097
-0.008379694000000049
0.010773905999999944
0.011971006000000006
0.013168105999999957
0.014365205999999908
0.01556230599999997
0.010773905999999944
0.007900865999999951
0.0050278259999999575
0.002154785999999964
-0.0007182540000000293
-0.0035912940000000226
-0.005985494000000036
-0.008379694000000049
-0.01077389399999995
-0.013168093999999964
-0.015562293999999977
-0.01795649399999999
-0.013168094000000075
-0.008379694000000049
-0.007695636857142918
-0.007011579714285787
-0.0063275225714286565
-0.005643465428571415
-0.004959408285714284
-0.004275351142857153
-0.0035912940000000226
-0.005985494000000036
-0.008379694000000049
0.0011971060000000033
-0.0035912940000000226
0.0011971060000000033
-0.008379694000000049
-0.01795649399999999
-0.007182594000000098
0.0035913059999999053
0.014365205999999908
0.025139106000000022
0.018435345999999964
0.011731586000000016
0.0050278259999999575
-0.00167593399999999
-0.008379694000000049
0.005985506000000029
0.005985506000000029
0.005985506000000029
0.005985506000000029
0.005985506000000029
0.005985506000000029
0.005985506000000029
-0.008379694000000049
-0.01077389399999995
-0.011970993999999902
-0.013168093999999964
-0.013966160666666672
-0.014764227333333269
-0.015562293999999977
-0.016360360666666685
-0.01715842733333328
-0.01795649399999999
-0.01795649399999999
0.0011971060000000033
-0.0035912940000000226
0.010773905999999944
0.0011971060000000033
-0.008379694000000049
-0.01795649399999999
-0.009975827333333354
-0.0019951606666666066
0.005985506000000029
-0.008379694000000049
-0.005187427333333328
-0.0019951606666667177
0.0011971060000000033
-0.0011970940000000097
-0.0035912940000000226
-0.005985494000000036
-0.008379694000000049
0.0035913060000000163
0.0011971060000000033
0.004389372666666613
0.007581639333333334
0.010773905999999944
0.005985506000000029
0.0011971060000000033
0.0011971060000000033
6.000000052353016e-09
-0.0011970940000000097
-0.0023941940000000717
-0.0035912940000000226
-0.0011970940000000097
0.0011971060000000033
0.0035913060000000163
-0.0035912940000000226
-0.005985494000000036
-0.008379694000000049
-0.0035912940000000226
0.0011971060000000033
0.005985506000000029
0.0011971060000000033
-0.0035912940000000226
-0.0035912940000000226
-0.0035912940000000226
-0.0035912940000000226
-0.00039902733333330165
0.0027932393333333083
0.005985506000000029
0.005985506000000029
0.005985506000000029
0.005985506000000029
-0.0035912940000000226
0.0011971060000000033
-0.005985493999999925
-0.013168093999999964
0.0011971060000000033
-0.0011970940000000097
-0.0035912940000000226
-0.005985494000000036
-0.008379694000000049
-0.008379694000000049
-0.008379694000000049
-0.008379694000000049
-0.0035912940000000226
0.010773905999999944
0.005985505999999918
0.0011971060000000033
-0.0035912940000000226
-0.006464334000000016
-0.00933737400000001
-0.012210414000000003
-0.015083453999999996
-0.01795649399999999
0.0011971060000000033
-0.008379694000000049
0.0011971060000000033
0.0011971060000000033
-0.0011970940000000097
-0.0035912940000000226
-0.005985494000000036
-0.008379694000000049
-0.008379694000000049
-0.008379694000000049
-0.005985494000000036
-0.0035912940000000226
-0.004389360666666731
-0.005187427333333328
-0.005985494000000036
-0.006783560666666744
