-0.0021547799999999118
-0.0037509133333332723
-0.005347046666666577
-0.006943179999999938
-0.0021547799999999118
-0.0033518799999999183
-0.004548979999999925
-0.005746079999999931
-0.006943179999999938
0.0002394200000000457
0.007422020000000085
0.0026336200000000587
0.0026336200000000587
0.0026336200000000587
0.0026336200000000587
0.0026336200000000587
0.0026336200000000587
0.0026336200000000587
0.0026336200000000587
0.0002394200000000457
-0.0021547799999999118
-0.006943179999999938
-0.006943179999999938
-0.006943179999999938
-0.011731579999999908
-0.0021547799999999118
0.007422020000000085
-0.0021547799999999118
0.0026336200000000587
0.007422020000000085
0.005027820000000072
0.0026336200000000587
0.00023942000000010122
-0.0021547799999999118
-0.004548979999999925
-0.006943179999999882
-0.009337379999999895
-0.011731579999999908
-0.0021547799999999673
-0.006943179999999938
-0.0033518799999999183
0.0002394200000000457
0.012210420000000055
0.009474191428571477
0.0067379628571428984
0.00400173428571432
0.0012655057142857973
-0.001470722857142781
-0.004206951428571359
-0.006943179999999938
-0.011731579999999908
-0.011731579999999908
-0.011731579999999908
0.0026336200000000587
0.0026336200000000587
-0.02130839999999995
0.0026336200000000587
0.0026336200000000587
0.0016759400000000424
0.0007182600000000816
-0.00023941999999993469
-0.0011970999999998955
-0.0021547799999999118
-0.004548979999999925
-0.006943179999999938
0.005027820000000072
0.01699882000000008
0.01221042000000011
0.007422020000000085
-0.0021547799999999118
-0.0021547799999999118
-0.0021547799999999118
0.01699882000000008
0.007422020000000085
-0.0021547799999999118
-0.0021547799999999118
-0.0021547799999999118
-0.0021547799999999118
-0.0021547799999999118
-0.0021547799999999118
-0.0029528466666665643
-0.0037509133333332723
-0.004548979999999925
-0.006943179999999938
0.0002394200000000457
-0.0027533299999999428
-0.005746079999999931
-0.00873882999999992
-0.011731579999999908
-0.0021547799999999118
-0.0007182599999999151
0.0007182600000000816
0.0021547800000000783
0.003591300000000075
0.005027820000000072
0.0026336200000000587
-0.0021547799999999118
-0.0021547799999999118
-0.0037509133333332723
-0.005347046666666577
-0.006943179999999938
0.007422020000000085
0.005825886666666724
0.004229753333333419
0.0026336200000000587
0.0002394200000000457
-0.0021547799999999673
-0.004548979999999925
-0.006943179999999938
0.0026336200000000587
0.0026336200000000587
0.0026336200000000587
0.0026336200000000587
0.0026336200000000587
-0.0021547799999999673
-0.006943179999999938
-0.006943179999999938
-0.006943179999999938
-0.008539316666666574
-0.010135453333333266
-0.011731589999999958
-0.013327726666666595
-0.014923863333333232
-0.016519999999999924
-0.013327726666666595
-0.010135453333333266
-0.006943179999999938
-0.0033518799999999183
0.0002394200000000457
0.003830720000000065
0.007422020000000085
0.009816220000000098
0.012210420000000055
0.005027820000000072
-0.0021547799999999118
0.007422020000000085
0.007422020000000085
0.007422020000000085
0.0026336200000000587
-0.0021547799999999673
-0.006943179999999938
0.0026336200000000587
0.0026336200000000587
0.0026336200000000587
0.0026336200000000587
0.0026336200000000587
0.0026336200000000587
-0.0021547799999999118
0.0002394200000000457
-0.016519999999999924
-0.0021547799999999118
-0.003112459999999928
-0.004070139999999944
-0.005027819999999905
-0.0059854999999999214
-0.006943179999999938
-0.0021547799999999673
0.0026336200000000587
0.007422020000000085
-0.0021547799999999118
0.012210420000000055
0.005027820000000072
-0.0021547799999999118
-0.0013567133333332593
-0.0005586466666666068
0.0002394200000000457
-0.0033518799999999183
-0.006943179999999938
-0.0059854999999999214
-0.005027819999999905
-0.004070139999999944
-0.003112459999999928
-0.0021547799999999118
-0.02130839999999995
-0.006943179999999938
-0.02130839999999995
-0.021009124999999962
-0.020709849999999974
-0.02041057499999993
-0.020111299999999943
-0.019812024999999955
-0.019512749999999912
-0.019213474999999924
-0.018914199999999937
-0.01861492499999995
-0.01831564999999996
-0.018016374999999918
-0.01771709999999993
-0.017417824999999942
-0.0171185499999999
-0.01681927499999991
-0.016519999999999924
0.0002394200000000457
0.002633620000000114
-0.0069431899999999325
-0.004548979999999925
-0.010534489999999896
-0.016519999999999924
-0.009337389999999945
-0.0021547799999999118
-0.004548979999999925
-0.006943179999999938
-0.0037509133333332723
-0.0005586466666666068
0.0026336200000000587
0.00400173428571432
0.005369848571428637
0.0067379628571428984
0.008106077142857215
0.009474191428571477
0.010842305714285794
0.012210420000000055
-0.004548979999999925
0.0026336200000000587
-0.011731579999999908
-0.005347046666666577
0.0010374866666667537
0.007422020000000085
-0.0021547799999999118
-0.011731579999999908
-0.010135446666666603
-0.008539313333333243
-0.006943179999999938
-0.004548979999999925
-0.0021547799999999118
0.0002394200000000457
0.0026336200000000587
0.005027820000000072
-0.0021547799999999118
0.0026336200000000587
0.0026336200000000587
0.0026336200000000587
0.0010374866666667537
-0.0005586466666666068
-0.0021547799999999118
0.0026336200000000587
0.007422020000000085
0.007422020000000085
0.007422020000000085
0.007422020000000085
0.007422020000000085
0.007422020000000085
0.007422020000000085
0.007422020000000085
0.007422020000000085
0.007422020000000085
0.004229753333333419
0.0010374866666667537
-0.0021547799999999118
0.007422020000000085
-0.0021547799999999118
0.0010374866666667537
0.004229753333333419
0.007422020000000085
-0.0021547799999999118
-0.006943179999999938
-0.005347046666666577
-0.0037509133333332723
-0.0021547799999999118
0.0026336200000000587
0.012210420000000055
0.009816220000000098
0.007422020000000085
-0.0037509199999999354
-0.0149238599999999
-0.02609679999999992
0.005027825000000041
0.03615245000000006
-0.006943184999999963
-0.05003881999999993
-0.013327723333333263
0.0233833733333334
0.060094470000000066
-0.04525041999999996
0.009816225000000067
0.06488287000000006
-0.00454898499999995
-0.07398083999999994
0.0002394200000000457
0.07445968000000006
-0.08355763999999993
-0.0021547799999999673
0.07924808000000005
0.06381878000000005
0.04838948000000007
0.03296018000000006
0.017530880000000082
0.0021015800000000473
-0.013327719999999932
-0.028757019999999966
-0.044186319999999946
-0.059615619999999925
0.007422030000000079
0.07445968000000006
-0.06440401999999995
-0.03726973999999994
-0.01013545999999993
0.01699882000000008
-0.006943179999999938
-0.006943179999999938
0.02178725000000009
-0.04525041999999996
0.04572926000000008
-0.06440401999999995
-0.010135449999999935
0.04413312000000008
0.09840169000000007
0.050517660000000075
0.0026336300000000534
-0.04764460499999995
-0.09792283999999996
0.019393040000000028
0.13670892000000007
-0.0021547799999999673
-0.14101847999999995
0.0002394200000000457
0.14149732000000007
0.10387415142857148
0.06625098285714293
0.02862781428571437
-0.008995354285714241
-0.0466185228571428
-0.08424169142857135
-0.12186485999999991
-0.016519984999999904
0.08882489000000007
-0.10271123999999993
0.08403648000000005
-0.059615619999999925
0.04572926000000008
0.005027830000000066
-0.035673599999999916
-0.03044988636363627
-0.025226172727272622
-0.02000245909090903
-0.014778745454545383
-0.009555031818181736
-0.004331318181818089
0.0008923954545455581
0.00611610909090915
0.011339822727272797
0.016563536363636444
0.02178725000000009
0.013806573333333405
0.005825896666666774
-0.0021547799999999118
0.005027820000000072
0.012210420000000055
0.005027820000000072
-0.0021547799999999118
0.007422020000000085
0.006623953333333432
0.005825886666666724
0.005027820000000072
0.004229753333333419
0.003431686666666711
0.0026336200000000587
0.01699882000000008
0.007422020000000085
0.007422030000000079
0.002633625000000084
-0.05243302749999995
-0.10749967999999993
0.10797850000000006
0.01221043000000005
-0.08355763999999993
0.04094084000000006
0.007422020000000085
-0.02609679999999992
-0.009337389999999945
0.007422020000000085
0.016998835000000045
0.02657565000000006
-0.054827219999999954
0.06967127000000006
0.005027825000000041
-0.059615619999999925
-0.013327719999999932
0.03296018000000006
0.07924808000000005
0.03774858000000006
-0.0037509199999999354
-0.04525041999999996
0.050517660000000075
0.027772750000000068
0.005027840000000061
-0.017717069999999946
-0.04046197999999995
0.005027830000000066
0.007422031818181907
0.009816233636363692
0.012210435454545532
0.014604637272727317
0.016998839090909157
0.019393040909090997
0.021787242727272782
0.024181444545454622
0.026575646363636407
0.028969848181818247
0.03136405000000006
0.005027825000000041
-0.0033518774999999335
-0.011731579999999908
0.03136405000000006
-0.035673599999999916
-0.03040635799999991
-0.025139115999999906
-0.0198718739999999
-0.014604631999999895
-0.009337389999999945
-0.004070147999999885
0.0011970940000000652
0.0064643360000000705
0.011731578000000076
0.01699882000000008
0.00023942500000007083
-0.0037509133333332723
0.007422020000000085
0.005027820000000072
0.0026336200000000587
0.00023942000000010122
-0.0021547799999999118
-0.0021547799999999118
0.009816235000000118
0.02178725000000009
0.0026336200000000587
0.005825886666666724
0.00901815333333339
0.012210420000000055
0.005027820000000072
-0.0021547799999999118
-0.004548979999999925
-0.006943179999999938
-0.005347046666666577
-0.0037509133333332723
-0.0021547799999999118
-0.00023941999999993469
0.001675940000000098
0.003591300000000075
0.005506660000000108
0.007422020000000085
0.0002394200000000457
0.011013335000000068
0.02178725000000009
-0.016519999999999924
-0.0021547899999999065
0.012210420000000055
-0.0021547899999999065
-0.016519999999999924
-0.0053470599999999036
0.005825880000000061
0.01699882000000008
0.012210418000000056
0.007422016000000087
0.002633614000000062
-0.0021547879999999076
-0.0069431899999999325
-0.0021547899999999065
-0.006943184999999907
-0.011731579999999908
0.0002394200000000457
0.012210420000000055
0.0002394200000000457
-0.011731579999999908
0.0002394200000000457
0.012210420000000055
0.008379700000000045
0.004548980000000036
0.0007182600000000816
-0.003112459999999928
-0.006943179999999938
-0.006943179999999938
-0.006943179999999938
-0.006943179999999938
-0.006943179999999938
-0.0005586466666666068
-0.006145113333333285
-0.011731579999999908
-0.0021547799999999118
0.007422020000000085
-0.0021547799999999118
-0.011731579999999908
-0.005027813999999908
0.0016759520000000916
0.008379718000000091
0.015083484000000091
0.02178725000000009
0.002633625000000084
-0.016519999999999924
-0.0021547799999999118
0.0002394200000000457
0.0026336200000000587
-0.0021547799999999673
-0.006943179999999938
0.0002394200000000457
0.007422020000000085
0.0026336200000000587
-0.0021547799999999118
0.0026336200000000587
0.007422020000000085
0.01221042000000011
0.01699882000000008
0.008619115000000066
0.00023941000000010648
-0.008140294999999909
-0.016519999999999924
0.0002394200000000457
-0.0021547799999999118
0.0002394200000000457
0.0026336200000000587
0.0002394200000000457
-0.0021547799999999118
-0.009337389999999945
-0.016519999999999924
-0.0069431899999999325
0.0026336200000000587
-0.0021547799999999118
-0.006943179999999938
-0.011731579999999908
-0.009337379999999895
-0.006943179999999938
-0.004548979999999925
0.0014365200000001077
0.007422020000000085
0.0026336200000000587
-0.0021547799999999118
-0.0033518799999999183
