0.020350721999999988
0.01915362199999998
0.017956521999999975
0.017956521999999975
0.008379701999999989
-0.0059854980000000335
-0.001197098000000063
0.003591301999999963
0.00119710199999995
-0.0011970980000000075
-0.0011970980000000075
-0.0011970980000000075
0.008379711999999984
0.017956521999999975
0.015562322000000017
0.013168122000000004
0.008379715333333315
0.0035913086666666816
-0.0011970980000000075
0.005985512000000026
0.013168122000000004
0.005985512000000026
-0.0011970980000000075
0.003591301999999963
0.008379711999999984
0.013168122000000004
0.010773911999999997
0.008379701999999989
0.010773911999999997
0.013168122000000004
0.013168122000000004
0.013168122000000004
0.013168122000000004
0.013168122000000004
0.013168122000000004
0.013168122000000004
-0.0011970980000000075
-0.004389364666666673
-0.0075816313333333385
-0.010773898000000004
-0.0011970980000000075
0.008379701999999989
0.005985501999999976
0.003591301999999963
0.003591301999999963
0.003591301999999963
-0.0011970980000000075
-0.0011970980000000075
-0.0011970980000000075
-0.0011970980000000075
-0.0011970980000000075
-0.0011970980000000075
-0.0011970980000000075
0.0011971044999999902
0.003591306999999988
0.005985509499999986
0.008379711999999984
-0.0011970980000000075
0.00119710199999995
0.003591301999999963
-0.005985488000000039
-0.01556227800000004
-0.01396614688888892
-0.012370015777777799
-0.010773884666666678
-0.009177753555555557
-0.007581622444444491
-0.00598549133333337
-0.004389360222222249
-0.0027932291111111285
-0.0011970980000000075
0.017956521999999975
-0.0059854980000000335
0.008379701999999989
0.003591301999999963
0.004026611090909071
0.004461920181818124
0.004897229272727233
0.005332538363636341
0.0057678474545454494
0.006203156545454502
0.006638465636363611
0.007073774727272719
0.007509083818181828
0.00794439290909088
0.008379701999999989
0.008379701999999989
0.008379701999999989
0.010773911999999997
-0.0011970980000000075
0.017956521999999975
-0.0011970980000000075
0.00039903533333329744
0.001995168666666658
0.003591301999999963
0.008379701999999989
-0.0059854980000000335
0.003591301999999963
-0.0035912980000000205
-0.010773898000000004
-0.0035912929999999954
0.003591312000000013
0.010773916999999966
0.017956521999999975
0.003591301999999963
0.003591301999999963
0.003591301999999963
0.003591301999999963
0.008379711999999984
0.013168122000000004
0.008379701999999989
0.005187435333333323
0.001995168666666658
-0.0011970980000000075
-0.0059854980000000335
-0.0035912980000000205
-0.001197098000000063
0.00119710199999995
0.003591301999999963
-0.0011970980000000075
0.003591301999999963
0.008379701999999989
0.005187435333333323
0.001995168666666658
-0.0011970980000000075
0.008379701999999989
0.006783568666666684
0.005187435333333323
0.003591301999999963
0.001995168666666658
0.00039903533333335295
-0.0011970980000000075
-0.010773898000000004
-0.005985497999999978
-0.0011970980000000075
0.003591301999999963
0.008379701999999989
0.010773911999999941
0.008379701999999989
0.007182601999999982
0.005985501999999976
0.004788401999999969
0.003591301999999963
0.003591301999999963
-0.0011970980000000075
-0.0059854980000000335
-0.0035912980000000205
-0.0011970980000000075
0.00039903533333329744
0.001995168666666658
0.003591301999999963
0.0016759419999999858
-0.00023941800000004676
-0.002154778000000024
-0.004070138000000056
-0.0059854980000000335
-0.010773898000000004
0.008379701999999989
0.003591301999999963
-0.002793224666666705
-0.009177751333333373
-0.01556227800000004
0.005985512000000026
0.005506669999999991
0.005027828000000012
0.004548985999999977
0.004070143999999998
0.003591301999999963
-0.0011970980000000075
-0.0059854980000000335
-0.010773898000000004
-0.0035912980000000205
-0.0011970980000000075
0.0007182619999999695
0.002633622000000002
0.004548981999999979
0.006464342000000012
0.008379701999999989
0.013168122000000004
0.011039942000000025
0.00891176199999999
0.00678358200000001
0.004655401999999975
0.0025272219999999956
0.0003990419999999606
-0.001729138000000019
-0.003857318000000054
-0.0059854980000000335
0.010773911999999997
0.003591301999999963
0.003591301999999963
0.00119710199999995
-0.0011970980000000075
-0.0011970980000000075
-0.0011970980000000075
0.008379708666666652
0.01795651533333331
0.02753332199999997
0.022744916999999976
0.01795651199999998
0.013168106999999984
0.008379701999999989
0.015562311999999967
0.013766659499999945
0.011971006999999978
0.010175354500000011
0.008379701999999989
-0.0011970980000000075
-0.0059854980000000335
0.00119710199999995
0.008379701999999989
0.00119710199999995
-0.0059854980000000335
0.00119710199999995
0.008379701999999989
0.005985501999999976
0.003591301999999963
0.0011971020000000054
-0.0011970980000000075
1.9999999989472883e-09
0.00119710199999995
0.0023942019999999564
0.003591301999999963
-0.001197098000000063
-0.0059854980000000335
-0.0035912980000000205
-0.0011970980000000075
0.00119710199999995
0.003591301999999963
0.005985501999999976
0.008379701999999989
0.008379701999999989
0.013168122000000004
-0.0011970980000000075
0.00119710199999995
0.003591301999999963
0.013168122000000004
0.013168122000000004
0.013168122000000004
0.008379701999999989
0.010773906999999971
0.013168111999999954
0.015562316999999992
0.017956521999999975
0.003591301999999963
0.0049594191428571355
0.0063275362857142525
0.007695653428571425
0.009063770571428542
0.010431887714285715
0.011800004857142832
0.013168122000000004
0.013168122000000004
0.003591312000000013
-0.01556227800000004
-0.0011970980000000075
0.0035913086666666816
0.008379715333333315
0.013168122000000004
-0.001197078000000018
-0.01556227800000004
0.0011971219999999394
0.017956521999999975
0.017956521999999975
0.017956521999999975
0.010773911999999941
0.003591301999999963
0.008379708666666652
0.013168115333333286
0.017956521999999975
0.008379701999999989
-0.008379708000000041
-0.025139118000000016
0.005985501999999976
0.03711012199999997
0.00119710199999995
-0.03471591800000001
0.008379701999999989
-0.0011970980000000075
-0.010773898000000004
-0.005453451333333359
-0.00013300466666665844
0.0051874419999999866
0.010507888666666632
0.015828335333333332
0.021148781999999977
0.026469228666666622
0.03178967533333332
0.03711012199999997
-0.04429271800000001
0.07541736199999999
-0.010773908000000054
0.05626375199999997
0.010773916999999966
-0.03471591800000001
-0.017956507999999982
-0.0011970980000000075
-0.020350707999999995
-0.03950431800000004
0.02274492699999997
0.08499417199999998
-0.008379693000000021
-0.10175355800000002
-0.05506662550000002
-0.008379693000000021
0.03830723949999998
0.08499417199999998
0.008379701999999989
0.008379701999999989
0.008379701999999989
0.027533326999999996
0.046686952000000004
0.015562336999999982
-0.01556227800000004
-0.023542958000000058
-0.03152363800000002
-0.03950431800000004
-0.004389364666666673
0.030725588666666637
0.06584054199999997
-0.087388358
-0.015562303
0.05626375199999997
-0.0011970980000000075
0.00119710199999995
0.003591301999999963
-0.0035912980000000205
-0.010773898000000004
0.005985512000000026
0.022744922
0.016759417
0.010773911999999997
0.0047884069999999945
-0.0011970980000000075
0.010773911999999997
0.022744922
0.01987187800000001
0.016998834000000018
0.014125789999999971
0.01125274599999998
0.008379701999999989
-0.0011970980000000075
-0.001197098000000063
-0.0059854980000000335
0.00119710199999995
0.008379701999999989
0.00119710199999995
-0.0059854980000000335
0.00119710199999995
0.008379701999999989
0.003591301999999963
-0.0011970980000000075
-0.0059854980000000335
-0.0011970980000000075
0.00119710199999995
0.003591301999999963
-0.005985488000000039
-0.01556227800000004
-0.008379678000000057
-0.001197078000000018
0.005985521999999965
0.013168121999999949
0.020350721999999988
0.02753332199999997
-0.025139118000000016
-0.010773904666666667
0.003591308666666626
0.017956521999999975
0.00957681199999999
0.00119710199999995
-0.005985504666666697
-0.013168111333333399
-0.020350718000000045
-0.0011970980000000075
-0.0011970980000000075
-0.0011970980000000075
0.008379711999999984
0.017956521999999975
0.013168111999999954
0.008379701999999989
0.011971006999999978
0.015562311999999967
0.01915361700000001
0.022744922
0.008379711999999984
-0.0059854980000000335
-0.0059854980000000335
-0.0059854980000000335
-0.0059854980000000335
0.013168122000000004
0.0011971120000000002
-0.010773898000000004
0.013168122000000004
0.005985512000000026
-0.0011970980000000075
0.001995168666666658
0.005187435333333323
0.008379701999999989
0.003591301999999963
-0.0011970980000000075
-0.005985497999999978
-0.010773898000000004
-0.0059854980000000335
-0.0059854980000000335
-0.0059854980000000335
-0.0059854980000000335
0.003591301999999963
0.0023942019999999564
0.00119710199999995
1.9999999989472883e-09
-0.0011970980000000075
-0.0035912980000000205
-0.0059854980000000335
-0.0035912980000000205
-0.0011970980000000075
0.003591301999999963
0.008379701999999989
-0.0011970980000000075
-0.0059854980000000335
0.013168122000000004
0.008379717000000009
0.003591312000000013
-0.001197093000000038
-0.0059854980000000335
-0.0017956455000000537
0.0023942069999999815
0.006584059499999961
0.010773911999999941
0.022744922
0.003591301999999963
0.004788401999999969
0.005985501999999976
0.007182601999999982
0.008379701999999989
-0.0011970980000000075
0.003591301999999963
0.008379701999999989
0.022744922
0.013168122000000004
0.013168122000000004
0.013168122000000004
0.005985512000000026
-0.0011970980000000075
-0.0011970980000000075
-0.0011970980000000075
-0.0035912980000000205
-0.005985497999999978
-0.008379697999999991
-0.010773898000000004
0.008379701999999989
-0.0011970980000000075
-0.010773898000000004
0.001995175333333321
0.014764248666666646
0.02753332199999997
-0.0011970980000000075
-0.0059854980000000335
-0.002793231333333368
0.00039903533333329744
0.003591301999999963
0.003591301999999963
0.003591301999999963
0.003591301999999963
0.00119710199999995
-0.001197098000000063
-0.0035912980000000205
-0.0059854980000000335
-0.0035912980000000205
-0.001197098000000063
0.00119710199999995
0.003591301999999963
-0.010773898000000004
-0.009816217999999988
-0.008858538000000027
-0.00790085800000001
-0.006943177999999994
-0.005985497999999978
-0.005027818000000017
-0.004070138000000001
-0.0031124579999999846
-0.002154778000000024
-0.0011970980000000075
-0.0011970980000000075
0.022744922
0.008379711999999984
0.003591312000000013
0.008379701999999989
-0.0059854980000000335
-0.0011970980000000075
0.00039903533333329744
0.001995168666666658
0.003591301999999963
0.008379711999999984
0.013168122000000004
0.008379701999999989
0.006464342000000012
0.004548981999999979
0.002633622000000002
0.0007182619999999695
-0.0011970980000000075
0.003591301999999963
