0.004389368666666615
0.004389368666666615
0.004389368666666615
-0.0027932313333333125
-0.009975831333333351
-0.012370061333333404
-0.014764291333333346
-0.012028054190476256
-0.009291817047619055
-0.006555579904761966
-0.003819342761904765
-0.001083105619047675
0.0016531315238095257
0.004389368666666615
-0.0027932313333333125
-0.009975831333333351
-0.00039903133333341056
0.009177768666666641
0.004389368666666615
0.009177768666666641
0.013966168666666667
0.006783568666666628
-0.00039903133333341056
-0.00039903133333341056
-0.00039903133333341056
-0.00039903133333341056
0.0027932353333333104
0.00598550199999992
0.009177768666666641
0.007262408666666609
0.005347048666666576
0.0034316886666666546
0.001516328666666622
-0.00039903133333341056
-0.0027932313333333125
-0.0063845313333333875
-0.009975831333333351
-0.0075816313333333385
-0.0051874313333333255
-0.0035912980000000205
-0.0019951646666667155
-0.00039903133333341056
0.0011971020000000054
0.0027932353333333104
0.004389368666666615
0.004389368666666615
0.004389368666666615
0.009177768666666641
0.013966168666666667
0.006783568666666628
-0.00039903133333341056
-0.0027932313333333125
-0.0051874313333333255
-0.0051874313333333255
-0.0051874313333333255
-0.004229751333333365
-0.003272071333333404
-0.002314391333333332
-0.0013567113333333713
-0.00039903133333341056
-0.0051874313333333255
0.004389368666666615
0.004389368666666615
0.0011971020000000054
-0.0019951646666667155
-0.0051874313333333255
-0.00039903133333341056
0.004389368666666615
0.009177768666666641
0.004389368666666615
-0.00039903133333341056
0.006783568666666628
0.013966168666666667
0.007581635333333336
0.0011971020000000054
-0.0051874313333333255
-0.0019951646666667155
0.0011971020000000054
0.004389368666666615
-0.00039903133333341056
-0.0051874313333333255
-0.0027932313333333125
-0.00039903133333341056
0.004389368666666615
0.009177768666666641
0.006783568666666628
0.004389368666666615
-0.00039903133333341056
-0.0051874313333333255
-0.0027932313333333125
-0.00039903133333341056
0.0019951686666666024
0.004389368666666615
0.004389368666666615
-0.0051874313333333255
-0.0051874313333333255
-0.0051874313333333255
-0.0027932313333333125
-0.00039903133333341056
-0.007581661333333378
-0.014764291333333346
-0.013168154666666654
-0.011572017999999962
-0.00997588133333338
-0.008379744666666689
-0.0067836079999999965
-0.0051874713333333045
-0.0035913346666667234
-0.0019951980000000313
-0.00039906133333333926
0.0011970753333333528
0.002793212000000045
0.004389348666666626
0.005985485333333318
0.00758162200000001
0.009177758666666702
0.010773895333333283
0.012370031999999975
0.013966168666666667
0.010773901999999946
0.007581635333333336
0.004389368666666615
0.0019951686666666024
-0.00039903133333341056
-0.00039903133333341056
-0.00039903133333341056
-0.0051874313333333255
0.004389368666666615
-0.0019951646666667155
0.004389368666666615
-0.007581661333333378
-0.019552691333333372
0.006783568666666628
0.00379081866666664
0.0007980686666666514
-0.002194681333333337
-0.0051874313333333255
-0.00039903133333341056
-0.0051874313333333255
-0.008379718000000036
-0.011572004666666635
-0.014764291333333346
-0.013567176333333375
-0.012370061333333404
-0.005187451333333426
0.001995158666666663
0.009177768666666641
0.0019951686666667134
-0.0051874313333333255
-0.0075816313333333385
-0.009975831333333351
-0.0075816313333333385
-0.0051874313333333255
-0.00039903133333341056
0.004389368666666615
0.009177768666666641
0.010374868666666592
0.011571968666666654
0.012769068666666716
0.013966168666666667
-0.00039903133333341056
-0.0019951646666667155
-0.0035912980000000205
-0.0051874313333333255
0.004389368666666615
0.009177768666666641
0.013966168666666667
0.009177768666666641
0.004389368666666615
0.004389368666666615
0.0019951686666666024
-0.00039903133333341056
-0.005187451333333426
-0.00997587133333333
-0.014764291333333346
-0.0051874313333333255
0.0019951686666667134
0.009177768666666641
0.008379701999999933
0.007581635333333336
0.006783568666666628
0.00598550199999992
0.005187435333333323
0.004389368666666615
-0.00039903133333341056
-0.0051874313333333255
-0.0051874313333333255
0.0019951686666667134
0.009177768666666641
0.009177768666666641
0.009177768666666641
0.00798066866666669
0.006783568666666628
0.005586468666666566
0.004389368666666615
0.004389368666666615
0.0027932353333333104
0.0011971019999998944
-0.00039903133333341056
-0.0051874313333333255
0.006783568666666628
0.018754568666666582
0.009177768666666641
-0.00039903133333341056
-0.014764261333333417
-0.029129491333333424
-0.019552676333333463
-0.009975861333333391
-0.0003990463333333194
0.009177768666666641
-0.014764291333333346
-0.0027932613333333522
0.009177768666666641
0.004389368666666615
0.004389368666666615
0.004389368666666615
0.0019951686666666024
-0.00039903133333341056
-0.0019951646666667155
-0.0035912980000000205
-0.0051874313333333255
0.018754568666666582
0.015163268666666618
0.011571968666666543
0.00798066866666658
0.004389368666666615
0.0007980686666666514
-0.0027932313333333125
-0.0063845313333333875
-0.009975831333333351
0.006783568666666628
0.023542968666666608
-0.007581661333333378
-0.033917881333333344
0.013966168666666667
-0.019552691333333372
-0.0019952046666666945
0.015562281999999983
0.03311976866666666
0.02450064866666668
0.0158815286666667
0.007262408666666609
-0.0013567113333333713
-0.009975831333333351
-0.0051874313333333255
0.0019951686666667134
0.004389368666666726
0.006783568666666628
0.009177768666666641
0.009177768666666641
0.011571968666666654
0.013966168666666667
0.004389368666666615
-0.0051874313333333255
-0.0015961313333333615
0.0019951686666667134
0.005586468666666677
0.009177768666666641
0.00849371152380951
0.00780965438095238
0.007125597238095249
0.0064415400952380075
0.005757482952380877
0.005073425809523746
0.004389368666666615
0.018754568666666582
0.0019951686666667134
-0.00039903133333341056
-0.014764291333333346
-0.0027932613333333522
0.009177768666666641
0.009177768666666641
0.009177768666666641
0.009177768666666641
0.009177768666666641
0.009177768666666641
0.009177768666666641
0.009177768666666641
0.009177768666666641
-0.009975831333333351
-0.00039903133333341056
-0.009975831333333351
-0.0067835646666667415
-0.0035912980000000205
-0.00039903133333341056
-0.00039903133333341056
-0.00039903133333341056
-0.00039903133333341056
-0.002314391333333443
-0.004229751333333365
-0.006145111333333397
-0.008060471333333319
-0.009975831333333351
-0.014764291333333346
-0.00039903133333341056
-0.00039903133333341056
-0.0010830884761905413
-0.001767145619047672
-0.0024512027619048027
-0.0031352599047619334
-0.003819317047619064
-0.004503374190476195
-0.0051874313333333255
0.013966168666666667
0.0019951686666667134
0.002593718666666689
0.0031922686666666644
0.00379081866666664
0.004389368666666615
0.013966168666666667
-0.0051874313333333255
0.0027932353333333104
0.010773901999999946
0.018754568666666582
0.004389368666666615
0.009177768666666641
-0.00039903133333341056
-0.0051874313333334365
-0.009975831333333351
-0.00792365990476196
-0.005871488476190456
-0.003819317047619064
-0.001767145619047672
0.00028502580952372014
0.0023371972380952233
0.004389368666666615
0.0019951686666666024
0.0027932353333333104
0.0035913019999999074
0.004389368666666615
0.006783568666666628
-0.00359131800000001
-0.01396620466666676
-0.024341091333333398
-0.005187461333333365
0.013966168666666667
0.006783568666666628
-0.00039903133333341056
-0.0027932313333334235
-0.0051874313333334365
-0.0075816313333333385
-0.009975831333333351
-0.00039903133333341056
-0.0011970980000001186
-0.0019951646666667155
-0.0027932313333333125
-0.0035912980000000205
-0.0043893646666667285
-0.0051874313333333255
-0.00039903133333341056
-0.005187451333333426
-0.003591311333333458
-0.0019951713333333787
-0.00039903133333341056
0.0011971019999998944
0.0027932353333333104
0.004389368666666615
0.00598550199999992
0.007581635333333336
0.009177768666666641
0.012370035333333251
0.015562301999999972
0.018754568666666582
-0.0075816313333333385
-0.0051874313333333255
0.009177768666666641
0.023542968666666608
0.015562301999999972
0.007581635333333225
-0.00039903133333341056
-0.00039903133333341056
-0.00039903133333341056
-0.00039903133333341056
-0.00039903133333341056
-0.00039903133333341056
-0.00039903133333341056
0.011571968666666543
0.023542968666666608
-0.00039903133333341056
-0.00039903133333341056
-0.00039903133333341056
-0.00039903133333341056
0.0006650575555554594
0.0017291464444443294
0.0027932353333333104
0.0038573242222221804
0.00492141311111105
0.00598550199999992
0.007049590888888901
0.008113679777777771
0.009177768666666641
-0.009975831333333351
0.006783568666666628
-0.00039903133333341056
-0.0027932613333333522
0.0007980536666666316
0.004389368666666615
-0.009975831333333351
0.009177768666666641
0.009177768666666641
0.009177768666666641
0.017158435333333277
0.025139102000000024
0.03311976866666666
0.029015425809523765
0.02491108295238098
0.020806740095238085
0.01670239723809519
0.012598054380952295
0.00849371152380951
0.004389368666666615
0.0019951686666667134
-0.00039903133333341056
0.0019951686666666024
0.004389368666666615
0.0029160102051281056
0.0014426517435897068
-3.0706717948802975e-05
-0.0015040651794872018
-0.0029774236410257116
-0.00445078210256411
-0.00592414056410262
-0.007397499025641019
-0.008870857487179529
-0.010344215948717927
-0.011817574410256437
-0.013290932871794836
-0.014764291333333346
-0.01284891933333332
-0.010933547333333293
-0.009018175333333378
-0.007102803333333352
-0.0051874313333333255
-0.0051874313333333255
0.007581635333333336
0.012370035333333362
-0.0075816313333333385
-0.008379698000000046
-0.009177764666666643
-0.009975831333333351
0.004389368666666615
0.011571968666666543
0.018754568666666582
0.015761818666666594
0.012769068666666605
0.009776318666666617
0.006783568666666517
0.003790818666666529
0.0007980686666665404
-0.002194681333333448
-0.0051874313333334365
0.004389368666666615
-0.0051874313333333255
0.0007980686666666514
0.006783568666666628
0.012769068666666605
0.018754568666666582
0.0067835536666666085
-0.005187461333333365
-0.00359131800000001
-0.001995174666666766
-0.00039903133333341056
0.004389368666666615
0.009177768666666641
0.006783568666666628
0.004389368666666615
0.004389368666666615
0.004389368666666615
0.006783568666666628
0.009177768666666641
0.00598550199999992
0.0027932353333333104
-0.00039903133333341056
-0.00039903133333341056
0.004389368666666615
0.009177768666666641
0.009177768666666641
0.009177768666666641
0.009177768666666641
0.008645724222222206
0.008113679777777771
0.007581635333333336
0.007049590888888901
0.006517546444444355
0.00598550199999992
0.005453457555555485
0.00492141311111105
0.004389368666666615
0.004389368666666615
0.004389368666666615
0.004389368666666615
0.004389368666666615
0.009177768666666641
-0.009975831333333351
-0.008060471333333319
-0.006145111333333397
-0.004229751333333365
-0.002314391333333443
-0.00039903133333341056
0.006783568666666628
0.010773901999999946
