-0.0165199885
-0.021308398499999992
-0.016519993499999996
-0.0117315885
-0.014125788500000014
-0.0165199885
-0.0165199885
-0.0165199885
-0.0117315885
-0.006943188500000003
-0.004548986000000005
-0.0021547834999999793
0.00023941900000001848
0.0026336215000000163
-0.0117315885
-0.010773908500000012
-0.009816228499999996
-0.008858548500000007
-0.007900868499999991
-0.006943188500000003
-0.006943188500000003
-0.0117315885
-0.0117315885
-0.013327721833333334
-0.014923855166666666
-0.0165199885
-0.0117315885
-0.012928688500000007
-0.014125788500000014
-0.015322888499999993
-0.0165199885
-0.0117315885
0.0026336215000000163
-0.004548983499999992
-0.0117315885
-0.0117315885
-0.0117315885
-0.016519993499999996
-0.021308398499999992
-0.009337388499999988
0.0026336215000000163
-0.0117315885
-0.02609679849999999
-0.018116125166666663
-0.010135451833333309
-0.002154778499999982
-0.003351881000000001
-0.004548983499999992
-0.005746085999999984
-0.006943188500000003
-0.0117315885
-0.015322891000000005
-0.01891419350000001
-0.022505495999999986
-0.02609679849999999
-0.02609679849999999
-0.02609679849999999
-0.023702598500000005
-0.021308398499999992
-0.01891419350000001
-0.0165199885
0.0074220215000000145
-0.006943188499999975
-0.021308398499999992
-0.0117315885
-0.006943185166666671
-0.0021547818333333135
0.0026336215000000163
-0.0117315885
-0.009337388499999988
-0.006943188500000003
-0.0165199885
-0.014923855166666666
-0.013327721833333334
-0.0117315885
-0.01891419350000001
-0.02609679849999999
-0.022904528499999993
-0.019712258499999996
-0.0165199885
-0.0165199885
-0.014923855166666666
-0.013327721833333334
-0.0117315885
-0.006943188500000003
-0.0117315885
-0.009816226499999997
-0.007900864499999993
-0.0059855024999999895
-0.004070140499999986
-0.002154778499999982
-0.006943188500000003
-0.0165199885
-0.0117315885
-0.0117315885
-0.0117315885
-0.0117315885
-0.0117315885
-0.014125788500000014
-0.0165199885
-0.01891419350000001
-0.021308398499999992
-0.021308398499999992
-0.0117315885
-0.006943183500000005
-0.002154778499999982
-0.00933738349999999
-0.0165199885
-0.0117315885
-0.006943188500000003
-0.008539321833333335
-0.010135455166666668
-0.0117315885
0.0026336215000000163
0.0002394198333333375
-0.0021547818333333135
-0.004548983499999992
-0.006943185166666671
-0.009337386833333322
-0.0117315885
-0.006943183500000005
-0.006943188500000003
-0.014125793499999983
-0.021308398499999992
-0.01891419350000001
-0.0165199885
-0.017204047071428558
-0.017888105642857144
-0.018572164214285702
-0.01925622278571429
-0.019940281357142847
-0.020624339928571434
-0.021308398499999992
-0.0165199885
-0.006943188500000003
0.0074220215000000145
-0.0021547834999999793
-0.0117315885
-0.014125788500000014
-0.0165199885
-0.0117315885
-0.006943188500000003
-0.008738838500000012
-0.010534488499999994
-0.012330138500000004
-0.014125788500000014
-0.013327721833333334
-0.012529655166666681
-0.0117315885
-0.0117315885
-0.0117315885
-0.0117315885
-0.0117315885
-0.0117315885
-0.0117315885
-0.004548983499999992
0.0026336215000000163
-0.005347051833333311
-0.013327725166666665
-0.021308398499999992
-0.021308398499999992
-0.021308398499999992
-0.021308398499999992
-0.021308393499999995
-0.02130839516666666
-0.021308396833333326
-0.021308398499999992
0.0074220215000000145
-0.006943188499999975
-0.021308398499999992
-0.02609679849999999
-0.02130839516666666
-0.01651999183333333
-0.0117315885
-0.006943183500000005
-0.002154778499999982
-0.0009576784999999755
0.00023942150000000328
0.0014365215000000098
0.0026336215000000163
-0.006943188500000003
-0.002154778499999982
-0.0117315885
-0.021308398499999992
-0.01891419350000001
-0.0165199885
-0.021308393499999995
-0.02609679849999999
-0.014125788499999986
-0.002154778499999982
-0.0117315885
-0.012689269166666656
-0.013646949833333338
-0.014604630499999993
-0.015562311166666676
-0.01651999183333333
-0.017477672499999986
-0.018435353166666668
-0.019393033833333323
-0.020350714500000006
-0.02130839516666666
-0.022266075833333315
-0.023223756499999998
-0.024181437166666653
-0.025139117833333335
-0.02609679849999999
-0.016519993499999996
-0.004548983499999992
-0.0117315885
-0.012928688500000007
-0.014125788500000014
-0.015322888499999993
-0.0165199885
-0.01891419350000001
-0.021308398499999992
-0.006943188500000003
-0.00933738349999999
-0.0117315885
-0.01651999183333333
-0.02130839516666666
-0.02609679849999999
-0.015322891000000005
-0.004548983499999992
-0.005746085999999984
-0.006943188500000003
-0.010534491000000007
-0.014125793499999983
-0.017717095999999988
-0.021308398499999992
-0.002154778499999982
-0.00933738349999999
-0.0165199885
-0.0117315885
-0.0117315885
-0.0117315885
-0.010773908500000012
-0.009816228499999996
-0.008858548500000007
-0.007900868499999991
-0.006943188500000003
-0.006943188500000003
0.0026336215000000163
0.004229754833333349
0.005825888166666682
0.0074220215000000145
-0.006943188499999975
-0.021308398499999992
-0.03567360849999998
-0.02609679849999999
-0.0165199885
-0.0165199885
-0.0165199885
-0.0165199885
-0.014125788500000014
-0.0117315885
-0.030885203500000014
-0.002154778499999982
-0.006943181833333312
-0.011731585166666642
-0.01651998849999997
-0.02130839183333333
-0.02609679516666666
-0.03088519849999999
-0.0117315885
-0.006943188500000003
-0.023702598500000005
-0.04046200849999998
-0.0165199885
-0.004548983499999992
0.0074220215000000145
-0.03088519849999999
-0.01891419350000001
-0.006943188500000003
-0.0037509185000000056
-0.0005586484999999808
0.0026336215000000163
-0.008140285999999997
-0.01891419349999998
-0.029688100999999967
-0.04046200849999998
0.007422026500000012
-0.008539318499999976
-0.02450066349999999
-0.04046200849999998
-0.0117315885
-0.009337388499999988
-0.006943188500000003
-0.01891419350000001
-0.03088519849999999
-0.006943183500000005
0.016998831500000006
-0.006943183500000005
-0.03088519849999999
-0.028012156499999996
-0.025139114500000004
-0.022266072499999984
-0.01939303049999999
-0.0165199885
-0.015322888499999993
-0.014125788499999986
-0.010773906499999986
-0.007422024499999985
-0.004070142499999985
-0.0007182604999999842
0.0026336215000000163
-0.04046200849999998
-0.006943188499999975
0.026575631500000002
-0.021308398499999992
-0.021308398499999992
-0.021308398499999992
-0.021308398499999992
-0.021308398499999992
0.026575631500000002
-0.04525040849999998
-0.04046200537499997
-0.03567360224999999
-0.030885199124999985
-0.026096795999999978
-0.021308392875
-0.01651998974999999
-0.011731586625000012
-0.006943183500000005
-0.03088519849999999
0.012210431500000007
-0.04046200849999998
-0.03008713516666664
-0.019712261833333328
-0.009337388499999988
0.001037484833333352
0.011412358166666692
0.021787231500000004
-0.03088519849999999
-0.01651998849999997
-0.0165199885
-0.01891419350000001
-0.021308398499999992
-0.01891419350000001
-0.0165199885
-0.019712258499999996
-0.022904528499999993
-0.02609679849999999
-0.018435352500000002
-0.010773906499999986
-0.003112460499999997
0.004548985500000019
0.012210431500000007
-0.002154778499999982
-0.0117315885
-0.00933738349999999
-0.003351881000000001
0.0026336215000000163
0.005027821500000029
0.0074220215000000145
0.0026336181666666847
-0.002154785166666673
-0.006943188500000003
-0.014125793499999983
-0.021308398499999992
-0.018116128499999995
-0.014923858499999998
-0.0117315885
-0.008539318499999976
-0.005347048499999979
-0.002154778499999982
-0.00454898099999998
-0.006943183500000005
-0.009337386000000003
-0.0117315885
-0.006943188500000003
-0.006943188500000003
-0.006943188500000003
-0.006943188500000003
-0.006943183500000005
-0.016519993499999996
-0.0117315885
-0.014923858499999998
-0.018116128499999995
-0.021308398499999992
-0.016519993499999996
-0.0117315885
-0.0117315885
-0.013327721833333334
-0.014923855166666666
-0.0165199885
-0.021308393499999995
-0.02609679849999999
-0.026495831833333316
-0.02689486516666667
-0.027293898499999997
-0.027692931833333323
-0.02809196516666665
-0.028490998499999975
-0.02889003183333333
-0.029289065166666656
-0.029688098499999982
-0.030087131833333336
-0.030486165166666662
-0.03088519849999999
-0.006943188500000003
-0.016519993499999996
-0.016519993499999996
-0.016519993499999996
-0.002154778499999982
-0.014125788499999986
-0.02609679849999999
-0.01891419350000001
-0.0117315885
-0.010135455166666668
-0.008539321833333335
-0.006943188500000003
-0.0117315885
-0.013327721833333334
-0.014923855166666666
-0.0165199885
-0.0165199885
-0.014125788500000014
-0.0117315885
-0.014125788500000014
-0.0165199885
-0.014125788500000014
-0.0117315885
-0.021308393499999995
-0.03088519849999999
-0.026894863499999977
-0.022904528499999993
-0.01891419350000001
-0.014923858499999998
-0.010933523499999986
-0.006943188500000003
-0.014125790999999999
-0.021308393499999995
-0.011731585999999988
-0.002154778499999982
-0.006943188500000003
-0.021308398499999992
-0.018914195999999994
-0.016519993499999996
-0.014125790999999999
-0.0117315885
-0.006943188500000003
-0.004548986000000005
-0.0021547834999999793
0.00023941900000001848
0.0026336215000000163
-0.0165199885
-0.015921438499999996
-0.015322888499999993
-0.01472433849999999
-0.014125788500000014
-0.01352723850000001
-0.012928688500000007
-0.012330138500000004
-0.0117315885
-0.021308398499999992
-0.0117315885
-0.006943188500000003
-0.01891419350000001
-0.018116125166666663
-0.017318056833333345
-0.0165199885
-0.011731585999999988
-0.006943183500000005
-0.0021547809999999945
0.0026336215000000163
-0.02609679849999999
-0.0117315885
-0.006943188500000003
-0.006943188500000003
-0.006943188500000003
-0.006943188500000003
-0.006943188500000003
-0.006943188500000003
-0.006943188500000003
-0.0165199885
-0.006943188500000003
-0.009935939750000011
-0.012928690999999992
-0.01592144225
-0.01891419350000001
-0.02190694474999999
-0.024899696
-0.02789244724999998
-0.03088519849999999
-0.006943188500000003
-0.002154778499999982
-0.0117315885
-0.006943188500000003
-0.016519993499999996
-0.02609679849999999
-0.02130839516666666
-0.01651999183333333
-0.0117315885
-0.006943188500000003
-0.006943188500000003
-0.011731591833333332
-0.016519995166666662
-0.021308398499999992
-0.006943188500000003
-0.006943188500000003
-0.006943188500000003
