-0.025218924666666753
-0.020430514666666733
-0.015642114666666762
-0.010853714666666736
-0.008938354666666759
-0.0070229946666667264
-0.005107634666666749
-0.0031922746666667168
-0.0012769146666667397
-0.013247914666666749
-0.01025516466666676
-0.007262414666666772
-0.004269664666666728
-0.0012769146666667397
-0.008459514666666723
-0.015642114666666707
-0.018834381333333372
-0.022026648000000038
-0.025218914666666703
-0.023622781333333398
-0.022026648000000038
-0.020430514666666677
-0.018834381333333372
-0.017238248000000067
-0.015642114666666707
-0.015642114666666707
-0.015642114666666707
-0.013247914666666749
-0.015642114666666707
-0.013247914666666749
-0.010853714666666736
-0.014045981333333402
-0.017238248000000067
-0.020430514666666733
-0.015642114666666762
-0.010853714666666736
-0.010853714666666736
-0.010853714666666736
-0.010853714666666736
-0.010853714666666736
-0.00606531466666671
-0.0012769146666667397
-0.010853714666666736
-0.020430514666666733
-0.020430514666666733
-0.020430514666666733
-0.019746457523809602
-0.019062400380952416
-0.018378343238095285
-0.017694286095238154
-0.017010228952381024
-0.016326171809523837
-0.015642114666666707
-0.015642114666666762
-0.015642114666666762
-0.025218914666666703
-0.025218914666666703
-0.01803631466666672
-0.014045981333333402
-0.010055648000000028
-0.00606531466666671
-0.012449848000000041
-0.018834381333333372
-0.025218914666666703
-0.02282471466666669
-0.020430514666666733
-0.030007324666666724
-0.039584134666666715
-0.030007324666666724
-0.020430514666666733
-0.015642114666666707
-0.025218914666666703
-0.020430514666666677
-0.015642114666666707
-0.015003661333333362
-0.014365208000000018
-0.01372675466666673
-0.013088301333333385
-0.012449848000000041
-0.011811394666666697
-0.011172941333333353
-0.010534488000000064
-0.00989603466666672
-0.009257581333333376
-0.008619128000000031
-0.007980674666666687
-0.0073422213333333985
-0.006703768000000054
-0.00606531466666671
-0.020430514666666733
-0.015642114666666762
-0.025218914666666703
-0.025218914666666703
-0.02282471466666669
-0.025218914666666703
-0.025218914666666703
-0.02841118800000003
-0.031603461333333416
-0.034795734666666744
-0.031603461333333416
-0.02841118800000003
-0.025218914666666703
-0.020430514666666733
-0.02282471466666669
-0.025218914666666703
-0.010853714666666736
-0.013247914666666749
-0.015642114666666707
-0.014045981333333402
-0.012449848000000041
-0.010853714666666736
-0.01803631466666672
-0.025218914666666703
-0.01803631466666672
-0.010853714666666736
-0.010853714666666736
-0.013247914666666749
-0.015642114666666707
-0.01803631466666672
-0.020430514666666733
-0.015642114666666762
-0.010853714666666736
-0.010853714666666736
-0.010853714666666736
-0.010853714666666736
-0.010853714666666736
-0.010853714666666736
-0.010853714666666736
-0.039584134666666715
-0.00606531466666671
-0.020430514666666733
-0.020430514666666733
-0.020430514666666733
-0.017238248000000067
-0.014045981333333402
-0.010853714666666736
-0.020430514666666733
-0.0012769146666667397
-0.00606531466666671
-0.010853714666666736
-0.015642114666666707
-0.012769074666666713
-0.00989603466666672
-0.0070229946666667264
-0.004149954666666733
-0.0012769146666667397
-0.015642114666666707
-0.010853714666666736
-0.013247914666666749
-0.015642114666666707
-0.025218914666666703
-0.020430514666666677
-0.015642114666666707
-0.02282472466666674
-0.03000733466666672
-0.022026661333333364
-0.014045988000000065
-0.00606531466666671
-0.020430524666666727
-0.034795734666666744
-0.031603461333333416
-0.02841118800000003
-0.025218914666666703
-0.024021814666666697
-0.02282471466666669
-0.02162761466666674
-0.020430514666666733
-0.02521892133333342
-0.030007328000000055
-0.034795734666666744
-0.025218924666666753
-0.015642114666666707
-0.018036324666666714
-0.010853714666666736
-0.014045981333333402
-0.017238248000000067
-0.020430514666666733
-0.017238248000000067
-0.014045981333333402
-0.010853714666666736
-0.010853714666666736
-0.010853714666666736
-0.015642114666666762
-0.020430514666666733
-0.01803631466666672
-0.015642114666666707
-0.025218914666666703
-0.025218914666666703
-0.025218914666666703
-0.025218914666666703
-0.025218914666666703
-0.025218914666666703
-0.025218914666666703
-0.025218914666666703
-0.025218914666666703
-0.025218914666666703
-0.025218914666666703
-0.025218914666666703
-0.025218914666666703
-0.025218914666666703
-0.0220266546666667
-0.02282472466666674
-0.025218914666666703
-0.020430514666666677
-0.015642114666666707
-0.025218924666666753
-0.034795734666666744
-0.02282472466666674
-0.010853714666666736
-0.010853714666666736
-0.010853714666666736
-0.008459514666666723
-0.00606531466666671
-0.010853714666666736
-0.015642114666666707
-0.013247914666666749
-0.010853714666666736
-0.014045981333333402
-0.017238248000000067
-0.020430514666666733
-0.03000733466666672
-0.02282472466666674
-0.015642114666666707
-0.020430521333333396
-0.02521892800000003
-0.03000733466666672
-0.023622794666666724
-0.01723825466666673
-0.010853714666666736
-0.015642114666666707
-0.020430514666666677
-0.025218914666666703
-0.015642114666666707
-0.015642114666666707
-0.015642114666666707
-0.010853714666666736
-0.00606531466666671
-0.010853714666666736
-0.015642114666666707
-0.012769074666666713
-0.00989603466666672
-0.0070229946666667264
-0.004149954666666733
-0.0012769146666667397
-0.005267248000000058
-0.009257581333333376
-0.013247914666666749
-0.017238248000000067
-0.021228581333333385
-0.025218914666666703
-0.010853709666666711
-0.015642114666666707
-0.014844048000000054
-0.014045981333333402
-0.013247914666666749
-0.010853714666666736
-0.025218914666666703
-0.013247914666666749
-0.0012769146666667397
-0.013247914666666749
-0.025218914666666703
-0.02282471466666669
-0.020430514666666733
-0.02282471466666669
-0.025218914666666703
-0.025218914666666703
-0.025218914666666703
-0.025218914666666703
-0.025218914666666703
-0.02761312466666671
-0.03000733466666672
-0.020430524666666727
-0.010853714666666736
-0.015642114666666707
-0.020430514666666733
-0.025218914666666703
-0.015642114666666707
-0.014045981333333402
-0.012449848000000041
-0.010853714666666736
-0.015642114666666762
-0.020430514666666733
-0.025218914666666703
-0.030007324666666724
-0.034795734666666744
-0.025218924666666753
-0.015642114666666707
-0.01803631466666672
-0.020430514666666733
-0.01803631466666672
-0.015642114666666707
-0.01803631800000005
-0.020430521333333396
-0.02282472466666674
-0.02521892800000003
-0.027613131333333374
-0.03000733466666672
-0.010853714666666736
-0.039584134666666715
-0.0036711046666667024
0.03224192533333328
0.024261255333333287
0.01628058533333329
0.008299915333333296
-0.022824699666666726
-0.05394931466666675
-0.03718990716666676
-0.020430499666666768
-0.003671092166666723
0.013088315333333267
0.05618393533333327
-0.06831455466666675
0.0035114853333332863
-0.010853714666666736
-0.025218914666666703
0.027453520333333287
0.08012595533333328
-0.0060653096666667405
-0.0922565746666667
-0.03479572966666672
0.022665115333333263
0.011492171999999912
0.00031922866666661553
-0.010853714666666736
0.009896035333333275
0.03064578533333326
0.05139553533333327
-0.14014059466666673
-0.06991068133333339
0.0003192319999999471
0.07054914533333326
-0.07310295466666672
-0.05299166266666672
-0.032880370666666714
-0.012769078666666711
0.007342213333333292
0.027453505333333267
-0.0419783296666667
-0.08746817466666673
-0.06991069466666672
-0.05235321466666676
-0.034795734666666744
-0.050757074666666735
-0.06671841466666673
-0.08267975466666672
-0.008459504666666728
-0.012449841333333378
-0.016440178000000083
-0.020430514666666733
-0.024420851333333382
-0.028411188000000087
-0.03240152466666674
-0.036391861333333386
-0.04038219800000009
-0.04437253466666674
0.008299915333333296
0.0035114853333332863
-0.039584134666666715
0.01787670533333327
-0.004469174666666742
-0.026815054666666727
-0.04916093466666671
0.013088315333333267
-0.015642114666666707
0.015482510333333255
0.04660713533333327
-0.02761311966666674
-0.10183337466666675
-0.025218919666666728
0.05139553533333327
0.022665111999999932
-0.006065311333333434
-0.034795734666666744
0.022665115333333263
-0.025218928000000085
-0.07310297133333338
-0.12098701466666673
0.05618393533333327
0.043255246333333275
0.03032655733333328
0.01739786833333329
0.004469179333333295
-0.008459509666666754
-0.021388198666666747
-0.03431688766666674
-0.04724557666666673
-0.060174265666666726
-0.07310295466666672
-0.008459514666666723
-0.02761312466666671
-0.021228588000000048
-0.014844051333333386
-0.008459514666666723
-0.03838703466666671
-0.06831455466666675
-0.013247914666666749
0.04181872533333328
-0.06352615466666672
-0.03000733466666672
0.0035114853333332863
-0.013247924666666688
-0.03000733466666672
-0.0156421246666667
-0.0012769146666667397
-0.008459519666666748
-0.0156421246666667
-0.02282472966666671
-0.03000733466666672
-0.020430524666666727
-0.010853714666666736
-0.0012769146666667397
-0.015642114666666707
-0.0144450146666667
-0.013247914666666749
-0.012050814666666743
-0.010853714666666736
-0.00606531466666671
-0.007661448000000071
-0.009257581333333376
-0.010853714666666736
-0.025218914666666703
-0.015642114666666707
-0.01803631466666672
-0.020430514666666677
-0.02282471466666669
-0.025218914666666703
-0.020430514666666733
-0.010853714666666736
-0.010853714666666736
-0.010853714666666736
-0.020430524666666727
-0.03000733466666672
-0.024021829666666716
-0.018036324666666714
-0.012050819666666712
-0.00606531466666671
-0.03000733466666672
-0.020430514666666733
-0.02162761466666674
-0.02282471466666669
-0.024021814666666697
-0.025218914666666703
-0.015642114666666707
-0.015642114666666707
-0.015642114666666707
-0.020430514666666677
-0.025218914666666703
-0.024686870222222268
-0.024154825777777833
-0.023622781333333398
-0.023090736888888963
-0.022558692444444473
-0.022026648000000038
-0.021494603555555603
-0.020962559111111168
-0.020430514666666733
-0.010853714666666736
-0.020430524666666727
-0.03000733466666672
-0.010853714666666736
-0.010853714666666736
-0.015642114666666707
-0.03000733466666672
-0.0012769146666667397
-0.010853714666666736
-0.020430514666666733
-0.015642114666666707
-0.015642114666666707
-0.016839214666666713
-0.01803631466666672
-0.019233414666666726
-0.020430514666666733
-0.015642114666666707
-0.010853714666666736
-0.00606531466666671
-0.010853714666666736
-0.015642114666666707
-0.010853714666666736
-0.00606531466666671
-0.013247914666666749
-0.020430514666666733
0.0035114853333332863
0.0028274281904761556
0.0021433710476189693
0.0014593139047618386
0.0007752567619047079
9.119961904757723e-05
-0.000592857523809609
-0.0012769146666667397
-0.004469181333333405
-0.007661448000000071
-0.010853714666666736
-0.03000733466666672
-0.013247924666666688
0.0035114853333332863
-0.003671114666666697
-0.010853714666666736
-0.013247914666666749
-0.015642114666666707
-0.008459514666666723
-0.0012769146666667397
-0.010853714666666736
-0.015642114666666707
-0.018515158666666698
-0.02138820266666669
-0.024261246666666736
-0.027134290666666727
-0.03000733466666672
-0.00606531466666671
-0.015642114666666707
-0.02282471466666669
-0.020430514666666677
-0.034795734666666744
-0.02641602966666673
-0.018036324666666714
-0.009656619666666755
-0.0012769146666667397
-0.007262414666666717
-0.013247914666666749
-0.019233414666666726
-0.025218914666666703
-0.015642114666666707
-0.01803631466666672
-0.018834381333333372
-0.01963244800000008
-0.020430514666666733
-0.025218914666666703
-0.025218914666666703
-0.025218914666666703
-0.025218914666666703
-0.025218914666666703
-0.03000733466666672
-0.015642114666666707
-0.0012768996666667198
0.013088315333333267
-0.010853709666666767
-0.034795734666666744
-0.03359863466666674
-0.03240153466666673
-0.031204434666666725
-0.03000733466666672
-0.02681506133333339
-0.02362278800000006
-0.020430514666666733
-0.015642114666666707
-0.009257581333333376
-0.0028730480000000447
0.0035114853333332863
-0.025218914666666703
-0.024021814666666697
-0.02282471466666669
-0.02162761466666674
-0.020430514666666733
-0.03000733466666672
-0.034795734666666744
-0.031603461333333416
