-0.0071027933333333015
-0.011891193333333328
-0.008698926666666607
-0.0055066599999999966
-0.0023143933333332756
-0.0023143933333332756
-0.011891193333333328
-0.02146799333333327
-0.019871859999999963
-0.01827572666666666
-0.016679593333333353
-0.0023143933333332756
0.012050806666666691
0.012050806666666691
0.012050806666666691
0.012050806666666691
0.012050806666666691
0.007262406666666665
0.007262406666666665
0.007262406666666665
0.004868206666666652
0.0024740066666666394
0.0024740066666666394
0.0024740066666666394
0.0024740066666666394
0.0024740066666666394
0.004070139999999944
0.00566627333333336
0.007262406666666665
-0.0023143933333332756
-0.0023143933333332756
-0.0023143933333332756
-0.0023143933333332756
0.007262406666666665
0.012050806666666691
0.012050806666666691
0.0024740066666667504
-0.0071027933333333015
-0.0047085933333332886
-0.0023143933333332756
7.980666666662639e-05
0.0024740066666666394
0.007262406666666665
-0.0023143933333332756
-0.011891193333333328
-0.0047085933333334
0.0024740066666666394
-0.0023143933333332756
-0.0071027933333333015
-0.0007182599999999706
0.00566627333333336
0.012050806666666691
0.009656606666666678
0.007262406666666665
7.980666666662639e-05
-0.0071027933333333015
-0.008299893333333253
-0.009496993333333315
-0.010694093333333377
-0.011891193333333328
-0.0071027933333333015
-0.0071027933333333015
-0.008698926666666607
-0.010295060000000023
-0.011891193333333328
-0.0071027933333333015
-0.011891193333333328
-0.016679593333333353
-0.0071027933333333015
-0.0071027933333333015
-0.0071027933333333015
-0.0071027933333333015
-0.011891193333333328
-0.016679593333333242
-0.02146799333333327
-0.0071027933333333015
-0.011891193333333328
-0.010694093333333377
-0.009496993333333315
-0.008299893333333253
-0.0071027933333333015
0.0024740066666666394
-0.0023143933333332756
-0.0032720733333332364
-0.004229753333333308
-0.005187433333333269
-0.006145113333333341
-0.0071027933333333015
-0.011891193333333328
-0.0047085933333334
0.0024740066666666394
7.980666666662639e-05
-0.0023143933333332756
-0.0071027933333333015
-0.011891193333333328
-0.0071027933333333015
-0.0023143933333332756
-0.0071027933333333015
-0.004490938787878762
-0.0018790842424242227
0.0007327703030303168
0.003344624848484856
0.005956479393939396
0.008568333939394046
0.011180188484848586
0.013792043030303125
0.016403897575757664
0.019015752121212204
0.021627606666666743
0.016839206666666717
0.012050806666666691
0.007262406666666665
0.0024740066666666394
0.016839206666666717
0.007262406666666776
-0.0023143933333332756
-0.0007182599999999706
0.0008778733333333344
0.0024740066666666394
0.009656606666666678
0.016839206666666717
0.009656606666666678
0.0024740066666666394
0.0024740066666666394
0.0024740066666667504
0.016839206666666717
0.0024740066666667504
0.0032720733333333474
0.004070140000000055
0.004868206666666652
-0.0011172933333333246
-0.0071027933333333015
-0.01428539333333323
-0.0035114933333332266
0.007262406666666665
0.009656606666666678
0.012050806666666691
0.00786095666666664
0.0036711066666667014
-0.0005187433333332381
-0.0047085933333332886
0.0012769066666666884
0.007262406666666665
0.0024740066666666394
-0.0023143933333332756
-0.0071027933333333015
-0.011891193333333328
-0.009496993333333315
-0.0071027933333333015
-0.0071027933333333015
-0.0071027933333333015
-0.009496993333333315
-0.011891193333333328
-0.0023143933333332756
0.007262406666666665
0.0024740066666667504
-0.0023143933333332756
-0.004229753333333308
-0.006145113333333341
-0.008060473333333262
-0.009975833333333295
-0.011891193333333328
-0.010827104444444458
-0.009763015555555588
-0.008698926666666607
-0.0076348377777777365
-0.0065707488888888665
-0.0055066599999999966
-0.0044425711111110155
-0.0033784822222221456
-0.0023143933333332756
7.980666666662639e-05
0.0024740066666666394
-0.011891193333333328
-0.011891193333333328
0.007262406666666665
7.980666666662639e-05
-0.0071027933333333015
0.0024740066666666394
0.0024740066666666394
-0.0023143933333332756
-0.0071027933333333015
-0.0071027933333333015
-0.0071027933333333015
-0.0071027933333333015
-0.0071027933333333015
-0.0071027933333333015
-0.0071027933333333015
-0.0071027933333333015
-0.0071027933333333015
-0.0071027933333333015
-0.0035114933333333376
7.980666666662639e-05
0.0036711066666667014
0.007262406666666665
0.004868206666666652
0.0024740066666666394
0.0036711066666667014
0.004868206666666652
0.006065306666666603
0.007262406666666665
0.007262406666666665
-0.0023143933333332756
-0.011891193333333328
-0.011891193333333328
-0.011891193333333328
0.004868206666666652
-0.0023143933333332756
-0.0023143933333332756
-0.0023143933333332756
-0.0023143933333332756
0.007262406666666665
0.0024740066666667504
-0.0023143933333332756
-0.0023143933333332756
-0.0023143933333332756
-0.0023143933333332756
-0.0023143933333332756
-0.0023143933333332756
-0.0023143933333332756
-0.0023143933333332756
-0.0023143933333332756
-0.0023143933333332756
-0.0023143933333332756
-0.0023143933333332756
-0.016679593333333353
-0.0023143933333332756
0.012050806666666691
0.007262406666666665
0.0024740066666666394
-0.0071027933333333015
-0.0071027933333333015
-0.0071027933333333015
-0.0071027933333333015
-0.004110043333333313
-0.0011172933333333246
0.0018754566666666639
0.004868206666666652
0.004389366666666672
0.003910526666666692
0.0034316866666666
0.0029528466666666198
0.0024740066666666394
0.012050806666666691
0.007262406666666665
0.0024740066666666394
0.0036711066666667014
0.004868206666666652
0.006065306666666603
0.007262406666666665
-0.0023143933333332756
-0.0023143933333332756
-0.0007182599999999706
0.0008778733333333344
0.0024740066666666394
0.007262406666666665
0.012050806666666691
0.0024740066666666394
0.0024740066666666394
0.0024740066666666394
0.0024740066666666394
0.003072556666666615
0.0036711066666667014
0.004269656666666677
0.004868206666666652
-0.0011172933333333246
-0.0071027933333333015
-0.006145113333333341
-0.005187433333333269
-0.004229753333333308
-0.0032720733333333474
-0.0023143933333332756
-0.0013567133333333148
-0.000399033333333354
0.0005586466666667178
0.0015163266666666786
0.0024740066666666394
0.003431686666666711
0.004389366666666672
0.005347046666666633
0.0063047266666667046
0.007262406666666665
7.980666666662639e-05
-0.0047085933333334
-0.0011172933333333246
0.0024740066666666394
7.980666666662639e-05
0.0024740066666666394
-0.0007182599999999706
-0.003910526666666692
-0.0071027933333333015
0.007262406666666665
-0.0047085933333332886
0.012050806666666691
0.004868206666666652
-0.0023143933333332756
-0.005307143333333264
-0.008299893333333253
-0.011292643333333241
-0.01428539333333323
-0.015482493333333291
-0.016679593333333353
-0.0071027933333333015
0.0024740066666666394
0.012050806666666691
0.0034316746666667175
-0.005187457333333256
-0.013806589333333341
-0.022425721333333315
-0.03104485333333329
0.016839206666666717
-0.0023143933333332756
-0.02146799333333327
0.009656626666666668
-0.00869893333333338
-0.027054493333333318
-0.04541005333333337
7.979666666668717e-05
0.04556964666666674
0.02833138666666668
0.01109312666666673
-0.00614513333333333
-0.02338339333333328
-0.04062165333333334
0.01923340666666673
-0.05498684333333331
-0.003910526666666692
0.047165789999999985
0.09824210666666666
-0.06935204333333334
-0.06137137250000002
-0.05339070166666665
-0.04541003083333328
-0.03742935999999997
-0.029448689166666653
-0.02146801833333334
-0.013487347500000024
-0.00550667666666671
0.0024739941666666043
0.01045466500000003
0.018435335833333344
0.026416006666666658
0.0024740066666666394
0.014444991666666684
-0.06935204333333334
0.01923338166666666
0.031204406666666684
-0.0023143933333332756
7.980666666662639e-05
0.0024740066666666394
0.012050806666666691
0.021627606666666632
0.031204406666666684
0.015642091666666746
7.977666666669769e-05
-0.015482538333333351
-0.03104485333333329
0.004868196666666713
0.040781246666666715
-0.035833253333333315
0.050358046666666656
0.038729060952380934
0.02710007523809521
0.01547108952380949
0.003842103809523878
-0.007786881904761844
-0.019415867619047567
-0.03104485333333329
0.016839206666666717
0.0128488733333334
0.008858540000000081
0.004868206666666652
0.0008778733333333344
-0.0031124599999999836
-0.0071027933333333015
-0.0063047266666665935
-0.0055066599999999966
-0.0047085933333332886
-0.0039105266666665806
-0.0031124599999999836
-0.0023143933333332756
-0.0047085933333332886
-0.0011172933333333246
0.0024740066666666394
-0.0071027933333333015
-0.0023143933333332756
0.0024740066666667504
0.007262406666666665
0.012050806666666691
0.0012768916666666685
-0.009497023333333243
-0.020270938333333266
-0.03104485333333329
7.980666666662639e-05
-0.0023143933333333866
-0.0047085933333332886
-0.0071027933333333015
-0.011891193333333328
-0.02146799333333327
-0.009496993333333315
-0.009496993333333315
-0.0071027933333333015
-0.0023143933333332756
0.0024740066666666394
0.004868206666666652
0.007262406666666665
-0.003910526666666692
-0.015083459999999937
-0.026256393333333294
-0.0023143933333332756
-0.0047085933333332886
-0.0071027933333333015
-0.0047085933333332886
-0.0023143933333332756
0.012050806666666691
0.00566627333333336
-0.0007182599999999706
-0.0071027933333333015
-0.0023143933333332756
0.0024740066666666394
0.009656606666666678
0.016839206666666717
0.016839206666666717
0.016839206666666717
-0.0023143933333332756
-0.0023143933333332756
-0.0023143933333332756
0.0024740066666667504
0.007262406666666665
0.0024740066666666394
-0.0023143933333332756
-0.0071027933333333015
-0.009496993333333315
-0.011891193333333328
0.007262406666666665
0.00566627333333336
0.004070139999999944
0.0024740066666666394
0.009656606666666678
0.016839206666666717
0.009656606666666678
0.0024740066666666394
-0.0007182599999999706
-0.003910526666666692
-0.0071027933333333015
-0.0023143933333332756
0.0024740066666667504
0.007262406666666665
0.007262406666666665
0.007262406666666665
0.007262406666666665
0.007262406666666665
0.007262406666666665
-0.0023143933333332756
-0.0023143933333332756
-0.0023143933333332756
-0.0023143933333332756
-0.0023143933333332756
-0.0023143933333332756
0.009656606666666678
0.021627606666666743
0.007262406666666665
-0.0023143933333332756
7.980666666662639e-05
-0.0035114933333333376
-0.0071027933333333015
-0.0071027933333333015
-0.0071027933333333015
7.980666666662639e-05
0.007262406666666665
-0.0023143933333332756
-0.011891193333333328
-0.0023143933333332756
0.007262406666666665
0.008459506666666727
0.009656606666666678
0.01085370666666663
0.012050806666666691
-0.0047085933333332886
0.0036711066666667014
0.012050806666666691
0.014445006666666704
0.016839206666666717
7.980666666662639e-05
-0.016679593333333353
-0.013487326666666744
-0.010295060000000023
-0.0071027933333333015
-0.003910526666666692
-0.0007182600000000816
0.0024740066666666394
0.0024740066666667504
7.980666666673741e-05
-0.0023143933333332756
-0.0047085933333332886
-0.0071027933333333015
0.009656606666666678
0.00566627333333336
0.0016759400000000424
-0.0023143933333332756
0.016839206666666717
0.012050806666666691
0.007262406666666776
0.0024740066666667504
-0.0023143933333332756
0.007262406666666665
0.0024740066666667504
-0.0023143933333332756
0.0024740066666666394
0.004868206666666652
0.007262406666666665
0.007262406666666665
0.007262406666666665
0.0024740066666667504
-0.0023143933333332756
7.980666666662639e-05
0.0024740066666666394
7.980666666662639e-05
-0.0023143933333332756
-0.002793233333333256
-0.0032720733333332364
-0.0037509133333333278
-0.004229753333333308
-0.0047085933333332886
-0.005187433333333269
-0.005666273333333249
-0.006145113333333341
-0.006623953333333321
-0.0071027933333333015
-0.0071027933333333015
-0.011891193333333328
-0.0047085933333332886
-0.0071027933333333015
-0.009496993333333315
-0.011891193333333328
-0.011172933333333357
-0.010454673333333386
-0.009736413333333305
