-7.979999999818688e-05
-0.024021799999998095
-0.012050799999999029
-7.979999999818688e-05
-0.0012767999999976354
-0.0024737999999988602
-0.003670800000000085
-0.004867799999999534
-0.012050300000000291
-0.019232799999999273
-0.01763679999999823
-0.016040799999998967
-0.014444799999997926
-0.012050799999999029
-0.009656799999998356
-0.016839299999999113
-0.024021799999998095
0.009497200000001982
0.0031125333333346106
-0.0032721333333309843
-0.009656799999998356
0.009497200000001982
0.009497200000001982
0.009497200000001982
0.0047087000000018975
-7.979999999818688e-05
-0.004868299999998271
-0.009656799999998356
-0.014444799999997926
-0.017637133333330723
-0.020829466666665297
-0.024021799999998095
-0.020829466666665297
-0.0176371333333325
-0.014444799999997926
-0.011252466666665129
-0.008060133333332331
-0.004867799999999534
-0.0032717999999984926
-0.001675799999999228
-7.979999999818688e-05
-7.979999999818688e-05
-7.979999999818688e-05
-7.979999999818688e-05
-7.979999999818688e-05
-0.001675799999999228
-0.0032717999999984926
-0.004867799999999534
0.004709200000000635
0.002314700000001224
-7.979999999818688e-05
0.002314700000001224
0.004709200000000635
0.004709200000000635
-0.0024737999999988602
-0.009656799999998356
-0.007262299999998945
-0.004867799999999534
-0.012050300000000291
-0.019232799999999273
-0.009656799999998356
-0.007262299999998945
-0.004867799999999534
-0.012050300000000291
-0.019232799999999273
-0.014444549999998557
-0.009656299999997842
-0.004868049999998902
-7.979999999818688e-05
-0.004070133333332393
-0.008060466666664823
-0.012050799999999029
-0.007262299999998945
-0.004868299999998271
-0.0036711749999991383
-0.002474049999998229
-0.0012769249999973198
-7.979999999818688e-05
-0.0024737999999988602
-0.004867799999999534
-0.009656799999998356
-7.979999999818688e-05
-7.979999999818688e-05
-7.979999999818688e-05
-0.009656299999997842
-0.019232799999999273
-0.011252133333332637
-0.003271466666666001
0.004709200000000635
0.0008784000000012782
-0.002952399999998079
-0.006783199999999212
-0.010613999999998569
-0.014444799999997926
-0.019232799999999273
-0.019232799999999273
-0.014444799999997926
-7.979999999818688e-05
-0.0024737999999988602
-0.004867799999999534
-0.006464133333333066
-0.008060466666664823
-0.009656799999998356
-7.979999999818688e-05
-7.979999999818688e-05
-7.979999999818688e-05
-7.979999999818688e-05
-7.979999999818688e-05
0.007102700000002571
0.014285200000001552
-7.979999999818688e-05
-0.014444799999997926
-0.012050799999999029
-0.009656799999998356
-0.008060466666664823
-0.006464133333333066
-0.004867799999999534
-7.979999999818688e-05
-0.0024737999999988602
-0.004867799999999534
-0.0032717999999984926
-0.001675799999999228
-7.979999999818688e-05
0.014285200000001552
0.008539200000001301
0.0027932000000010504
-0.002952799999997424
-0.008698799999997675
-0.014444799999997926
-0.004867799999999534
-7.929999999944926e-05
0.004709200000000635
-0.014444799999997926
0.009497200000001982
0.011891200000002655
0.014285200000001552
0.004708700000000121
-0.004867799999999534
-0.006235942857141907
-0.007604085714284281
-0.008972228571426655
-0.010340371428570805
-0.011708514285713179
-0.013076657142855552
-0.014444799999997926
-0.009656299999997842
-0.004867799999999534
-0.009656299999997842
-0.014444799999997926
-0.014444799999997926
-0.004867799999997757
0.004709200000000635
0.006305200000001676
0.00790120000000094
0.009497200000001982
0.004709200000000635
-0.0024737999999988602
-0.009656799999998356
-0.012050799999999029
-0.014444799999997926
-0.014444799999997926
-0.012050799999999029
-0.009656799999998356
-0.009656299999997842
-0.00692008571428282
-0.004183871428569574
-0.0014476571428545526
0.0012885571428586928
0.004024771428573715
0.00676098571428696
0.009497200000001982
0.004708866666668143
0.003112755555557456
0.0015166444444449922
-7.946666666569513e-05
-0.0016755777777763825
-0.0032716888888888462
-0.004867799999999534
-0.006065049999998351
-0.007262299999998945
-0.008459549999999538
-0.009656799999998356
-0.019232799999999273
0.004708700000000121
0.009497200000000205
0.004708866666666367
-7.946666666569513e-05
-0.004867799999999534
-0.004867799999999534
-0.004867799999999534
-0.004867799999999534
-0.004867799999999534
-0.004867799999999534
-0.004867799999999534
0.009497200000001982
-7.979999999818688e-05
-0.012050799999999029
-0.012529599999998808
-0.013008399999998588
-0.013487199999998367
-0.013965999999998147
-0.014444799999997926
-0.004867799999999534
0.009497200000001982
-7.946666666569513e-05
-0.009656133333331596
-0.019232799999999273
-0.004867799999999534
-0.0016754666666667362
0.0015168666666678376
0.004709200000000635
-7.929999999944926e-05
-0.004867799999999534
-0.019232799999999273
-0.014444799999997926
-0.009656799999998356
-0.014444799999997926
-0.011252466666665129
-0.008060133333332331
-0.004867799999999534
-0.0016754666666667362
0.0015168666666678376
0.004709200000000635
-0.004867799999999534
0.014285200000001552
0.011093200000001247
0.00790120000000094
0.004709200000000635
-0.009656799999998356
-0.004868133333332025
-7.946666666569513e-05
0.004709200000000635
-7.929999999944926e-05
-0.004867799999999534
-0.007262299999998945
-0.009656799999998356
-0.012050799999999029
-0.014444799999997926
-0.0168387999999986
-0.019232799999999273
-0.0168387999999986
-0.014444799999997926
-0.004867799999997757
0.004709200000000635
0.0031128666666671023
0.001516533333335346
-7.979999999818688e-05
-7.979999999818688e-05
-0.019232799999999273
-0.014444799999997926
-0.009656799999998356
-0.009656799999998356
-0.009656799999998356
-0.008972657142855667
-0.008288514285712978
-0.007604371428570289
-0.0069202285714276
-0.006236085714284911
-0.0055519428571422225
-0.004867799999999534
-0.012050799999999029
-0.009656799999998356
-0.002473966666665106
0.004708866666668143
0.011891700000001393
0.015482950000000884
0.019074200000000374
0.02565820000000052
0.032242200000000665
0.03882620000000081
0.045410200000000955
0.0519942000000011
0.058578200000001246
0.06516220000000139
0.07174620000000154
-0.0024737999999988602
-0.07669379999999926
-0.008060133333330555
-0.024021799999998095
0.009497200000001982
0.04301620000000206
0.03518065454545649
0.027345109090910924
0.019509563636365357
0.01167401818181979
0.0038384727272742225
-0.003997072727271345
-0.011832618181816912
-0.01966816363636248
-0.027503709090908046
-0.03533925454545361
-0.04317479999999918
-0.047963799999998
0.028650700000001805
-0.009656466666665864
-0.05035763333333243
-0.091058799999999
0.10526520000000161
0.03343920000000189
-0.03838679999999961
-0.004867799999999534
0.028651200000000543
-0.004867799999999534
-0.038386799999997834
-0.07190579999999791
0.004709200000000635
0.011093533333333738
0.017477866666668618
0.02386220000000172
0.02386220000000172
0.02386220000000172
0.02386220000000172
0.02386220000000172
0.02386220000000172
0.02386220000000172
0.02386220000000172
0.04780420000000163
-0.10542479999999799
-0.0168387999999986
0.006704200000001492
0.030247200000001584
0.053790200000001676
0.07733320000000177
0.10087620000000186
0.12441920000000195
0.0047092000000024115
-0.1150007999999989
0.028651200000000543
-0.091058799999999
0.0813232000000017
-0.004867799999999534
0.01428570000000029
0.03343920000000189
0.0047087000000018975
-0.024021799999998095
0.004709200000000635
0.015482950000000884
0.026256700000001132
0.03703045000000138
0.04780420000000163
0.009497200000000205
-0.02880979999999944
0.004709200000000635
-0.02242513333333207
-0.04955946666666655
-0.07669379999999926
0.028651200000000543
-0.02880979999999944
-0.008060133333332331
0.01268953333333478
0.03343920000000189
-0.03838679999999961
-0.028810000000000002
-0.019233199999998618
-0.00965639999999901
-7.959999999762601e-05
0.009497200000001982
-7.979999999818688e-05
-0.009656799999998356
0.019074200000000374
-7.979999999818688e-05
-7.979999999818688e-05
-7.979999999818688e-05
0.000604271428573
0.0012883428571441868
0.0019724142857153737
0.002656485714288337
0.0033405571428595238
0.004024628571430711
0.0047087000000018975
0.005392771428573084
0.006076842857144271
0.006760914285715458
0.007444985714288421
0.008129057142859608
0.008813128571430795
0.009497200000001982
0.00710295000000194
0.0047087000000018975
0.0023144500000018553
-7.979999999818688e-05
-7.979999999818688e-05
-7.979999999818688e-05
0.009497200000001982
0.00790120000000094
0.006305200000001676
0.004709200000000635
-0.004867799999997757
-0.014444799999997926
-0.004867799999997757
0.004709200000000635
0.0031128666666671023
0.001516533333335346
-7.979999999818688e-05
-0.0024737999999988602
-0.004867799999999534
-7.946666666569513e-05
0.004708866666668143
0.009497200000001982
-0.007262299999998945
-0.014444799999997926
-0.014444799999997926
0.0047087000000018975
0.007102700000002571
0.002314700000001224
0.001516533333335346
0.0007183666666676913
-7.979999999818688e-05
-0.009656799999998356
-0.03359879999999826
-0.031204299999998852
-0.02880979999999944
-0.014444799999997926
-7.979999999818688e-05
-0.0019951999999978653
-0.003910599999997544
-0.005825999999998999
-0.007741399999998677
-0.009656799999998356
-7.979999999818688e-05
0.003511450000001304
0.007102700000002571
0.010693950000002062
0.014285200000001552
0.014285200000001552
0.014285200000001552
0.014285200000001552
0.009497200000001982
-7.979999999818688e-05
-0.007262299999998945
-0.014444799999997926
-0.016838800000000376
-0.00845930000000017
-7.979999999818688e-05
-0.0024737999999988602
-0.004867799999999534
-0.014444799999997926
-0.024021799999998095
-0.0176371333333325
-0.011252466666665129
-0.004867799999999534
-0.004867799999999534
-0.009656299999997842
-0.014444799999997926
-0.009656299999997842
-0.004867799999999534
-0.004867799999999534
-0.0032717999999984926
-0.001675799999999228
-7.979999999818688e-05
-0.008060466666664823
-0.01604113333333146
-0.024021799999998095
-0.014444799999997926
-0.011252466666665129
-0.008060133333332331
-0.004867799999999534
-0.007740799999998771
-0.010613799999999785
-0.013486799999999022
-0.016359800000000035
-0.019232799999999273
0.002314700000001224
0.004709200000000635
-7.946666666569513e-05
-0.004868133333332025
-0.009656799999998356
-0.01125279999999762
-0.012848799999998661
-0.014444799999997926
-0.004867799999999534
-0.006464133333333066
-0.008060466666664823
-0.009656799999998356
-0.02880979999999944
-0.021627299999998684
-0.014444799999997926
-0.024021799999998095
-0.012050799999999029
-7.979999999818688e-05
-7.979999999818688e-05
-7.979999999818688e-05
-7.979999999818688e-05
-7.979999999818688e-05
-7.979999999818688e-05
-7.979999999818688e-05
-7.979999999818688e-05
-7.979999999818688e-05
-7.979999999818688e-05
-7.979999999818688e-05
-7.979999999818688e-05
-7.979999999818688e-05
-7.979999999818688e-05
-7.979999999818688e-05
-7.979999999818688e-05
-0.007262299999998945
-0.016839299999999113
-0.009656799999998356
-0.009656799999998356
-0.004868133333332025
-7.946666666569513e-05
0.004709200000000635
0.006305200000001676
0.00790120000000094
0.009497200000001982
