-0.0246599000000014
-0.016679233333334764
-0.008698566666668128
-0.0007179000000014923
-0.0246599000000014
-0.010294900000001661
-0.009496900000002029
-0.00869890000000062
-0.007900900000000988
-0.0039105666666667815
7.976666666564824e-05
0.004070099999999854
-0.010294900000001661
-0.015083399999999969
-0.019871900000000053
-0.018674900000000605
-0.017477900000001156
-0.01628089999999993
-0.015083900000000483
-0.015083900000000483
-0.005506900000000314
0.004070099999999854
0.004070099999999854
0.004070099999999854
0.013647099999998247
0.006464599999999265
-0.0007179000000014923
-0.010294899999999885
-0.019871900000000053
-0.019871900000000053
-0.019871900000000053
-0.016998900000000816
-0.014125899999999803
-0.011252900000000565
-0.008379899999999552
-0.005506900000000314
-0.0007179000000014923
-0.005506900000000314
-0.01029515000000103
-0.015083399999999969
-0.019871650000000685
-0.0246599000000014
-0.0246599000000014
-0.03423690000000157
-0.029448400000001484
-0.0246599000000014
-0.0007179000000014923
-0.0007179000000014923
-0.0007179000000014923
-0.0007179000000014923
-0.0007179000000014923
-0.0007179000000014923
-0.0007179000000014923
-0.0007179000000014923
-0.0007179000000014923
-0.0007179000000014923
-0.0007179000000014923
-0.0007179000000014923
-0.019871900000000053
-0.015083900000000483
-0.0246599000000014
-0.015083900000000483
-0.007900900000000988
-0.0007179000000014923
-0.0007179000000014923
-0.0007179000000014923
-0.0035911000000012905
-0.006464300000001089
-0.009337500000000887
-0.012210700000000685
-0.015083900000000483
-0.0007179000000014923
-0.0031124000000009033
-0.005506900000000314
-0.007900900000000988
-0.010294900000001661
0.008858099999999425
-0.0007185666666664758
-0.010295233333334153
-0.019871900000000053
-0.005506900000000314
-0.010295400000000399
-0.015083900000000483
-0.005506900000000314
0.004070099999998078
0.013647099999998247
0.007262433333332652
0.0008777666666652806
-0.005506900000000314
-0.0039105666666667815
-0.002314233333335025
-0.0007179000000014923
0.004070099999999854
-0.005506900000000314
-0.015083900000000483
-0.0007179000000014923
-0.0007179000000014923
-0.0007179000000014923
-0.010294900000001661
-0.007900900000000988
-0.005506900000000314
-0.006703899999999763
-0.007900900000000988
-0.009696650000000417
-0.011492399999999847
-0.013288150000001053
-0.015083900000000483
-0.005506900000000314
0.013647099999998247
0.005666433333331611
-0.002314233333335025
-0.010294900000001661
-0.01747740000000242
-0.0246599000000014
-0.010294900000001661
-0.011663042857144035
-0.013031185714286408
-0.014399328571428782
-0.015767471428572932
-0.017135614285715306
-0.01850375714285768
-0.019871900000000053
-0.015083900000000483
0.004070099999999854
-0.0007181500000008612
-0.005506400000001577
0.004070099999999854
-0.0039105666666667815
-0.011891233333333417
-0.019871900000000053
-0.005506900000000314
-0.007422299999999993
-0.009337699999999671
-0.011253100000001126
-0.013168500000000805
-0.015083900000000483
-0.010294900000001661
0.008858099999999425
0.005266849999999934
0.0016756000000004434
-0.0019156500000008236
-0.005506900000000314
-0.009098149999999805
-0.012689400000001072
-0.016280650000000563
-0.019871900000000053
-0.005506900000000314
-0.019871900000000053
-0.015083900000000483
-0.010294900000001661
-0.007102566666668864
-0.00391023333333429
-0.0007179000000014923
-0.015083900000000483
-0.010294900000001661
-0.0031124000000009033
0.004070099999999854
-0.0007179000000014923
-0.0015160666666673706
-0.002314233333335025
-0.0031124000000009033
-0.0039105666666667815
-0.004708733333334436
-0.005506900000000314
0.004070099999999854
-0.010294900000001661
-0.019871900000000053
-0.018914300000000495
-0.017956700000000936
-0.0169990999999996
-0.016041500000000042
-0.015083900000000483
-0.019871900000000053
-0.015083900000000483
-0.01268965000000044
-0.010295400000000399
-0.007901150000000356
-0.005506900000000314
-0.005506400000001577
0.001676099999999181
0.004070299999998639
0.006464499999998097
0.008858699999999331
0.011252899999998789
0.013647099999998247
-0.010294900000001661
-0.009496900000002029
-0.00869890000000062
-0.007900900000000988
-0.007102900000001355
-0.006304899999999947
-0.005506900000000314
-0.015083900000000483
-0.010294900000001661
-0.005506900000000314
-0.005506900000000314
-0.006190899999999999
-0.00687490000000146
-0.007558900000001145
-0.00824290000000083
-0.008926900000000515
-0.009610900000001976
-0.010294900000001661
-0.0246599000000014
-0.005506900000000314
0.004070099999999854
0.008858099999999425
-0.0007179000000014923
-0.005506900000000314
-0.011492399999999847
-0.017477900000001156
-0.02346340000000069
-0.029448900000000222
-0.02226640000000124
-0.015083900000000483
-0.005506900000000314
-0.0039105666666667815
-0.002314233333335025
-0.0007179000000014923
-0.005506900000000314
-0.00071840000000023
0.004070099999999854
-0.010294900000001661
-0.015083399999999969
-0.019871900000000053
-0.005506900000000314
-0.017477900000001156
-0.029448900000000222
-0.029448900000000222
-0.029448900000000222
-0.022266150000000096
-0.015083399999999969
-0.007900650000001619
-0.0007179000000014923
-0.0031121500000015345
-0.005506400000001577
-0.007900650000001619
-0.010294900000001661
-0.03423690000000157
-0.025857150000001994
-0.01747740000000242
-0.009097650000001067
-0.0007179000000014923
-0.005506900000000314
-0.0007179000000014923
-0.005506400000001577
-0.010294900000001661
-0.012689400000001072
-0.015083900000000483
-0.017477900000001156
-0.019871900000000053
-0.015083900000000483
-0.018675149999999974
-0.02226640000000124
-0.02585765000000073
-0.029448900000000222
-0.018674900000000605
-0.007900900000000988
-0.007302400000000375
-0.006703899999999763
-0.006105400000000927
-0.005506900000000314
-0.005506900000000314
-0.0007179000000014923
-0.007102566666667087
-0.013487233333334459
-0.019871900000000053
-0.018674900000000605
-0.017477900000001156
-0.01628089999999993
-0.015083900000000483
-0.0246599000000014
-0.01747740000000242
-0.010294900000001661
-0.010294900000001661
-0.010294900000001661
-0.011492150000000478
-0.012689400000001072
-0.013886650000001666
-0.015083900000000483
0.004070099999999854
-0.013487233333334459
-0.031044566666666995
-0.04860190000000131
-0.019871900000000053
-0.005506900000000314
0.008858099999999425
-0.03423690000000157
0.001676099999999181
0.03758909999999993
0.004070099999999854
-0.029448900000000222
-0.024660400000000138
-0.019871900000000053
0.023223599999999678
0.06631909999999941
0.006464100000000528
-0.05339090000000013
-0.02306423333333285
0.007262433333332652
0.03758909999999993
-0.03423690000000157
-0.03663140000000098
-0.03902590000000039
-0.007900900000000988
0.023224099999998415
-0.022265900000002503
-0.06775590000000165
0.06631909999999941
0.0359927666666664
0.005666433333331611
-0.0246599000000014
-0.007900900000000988
0.008858099999999425
0.008858099999999425
0.008858099999999425
0.008858099999999425
-0.013886650000001666
-0.03663140000000098
-0.059376150000000294
-0.08212090000000138
-0.06296740000000156
-0.04381390000000174
-0.024660400000000138
-0.005506900000000314
0.013646599999999509
0.03280009999999933
-0.0629679000000003
0.06631909999999941
-0.015083900000000483
0.004070099999999854
-0.005506900000000314
-0.03902590000000039
-0.0007179000000014923
-0.006703400000001025
-0.012688900000002334
-0.018674400000001867
-0.0246599000000014
-0.01987156666666756
-0.0150832333333355
-0.010294900000001661
-0.04381390000000174
-0.015083900000000483
0.013647099999998247
0.006464599999999265
-0.0007179000000014923
0.002474349999998182
0.005666599999999633
0.008858849999999308
0.012051099999998982
0.015243349999998657
0.01843559999999833
0.021627849999999782
0.024820099999999456
0.02801234999999913
0.031204600000000582
0.034396850000000256
0.03758909999999993
0.006464599999999265
-0.0246599000000014
-0.005506400000001577
-0.04381390000000174
-0.0246599000000014
0.008858099999999425
-0.0007179000000014923
-0.0007179000000014923
-0.00071840000000023
-0.0016761000000009574
-0.0026337999999999084
-0.003591500000000636
-0.004549199999999587
-0.005506900000000314
0.0016756000000004434
0.008858099999999425
-0.012689400000001072
-0.01348756666666695
-0.014285733333334605
-0.015083900000000483
-0.012689400000001072
-0.010294900000001661
-0.00869890000000062
-0.007102900000001355
-0.005506900000000314
-0.015083900000000483
-0.010295400000000399
-0.005506900000000314
0.004070099999999854
0.006464100000000528
0.008858099999999425
0.0016756000000004434
-0.005506900000000314
-0.00071840000000023
0.004070099999999854
-0.00071840000000023
-0.005506900000000314
-0.015083399999999969
-0.0246599000000014
-0.0246599000000014
-0.0246599000000014
-0.0246599000000014
-0.019871900000000053
-0.017956500000000375
-0.016041100000000696
-0.014125700000001018
-0.01221030000000134
-0.010294900000001661
-0.012689400000001072
-0.015083900000000483
-0.007900900000000988
-0.0007179000000014923
0.004070099999999854
0.006464100000000528
0.008858099999999425
0.004070099999999854
0.0024739333333325675
0.0008777666666670569
-0.00071840000000023
-0.002314566666667517
-0.003910733333333027
-0.005506900000000314
-0.00923112222222322
-0.01295534444444435
-0.016679566666667256
-0.019871900000000053
-0.029448900000000222
-0.015083399999999969
-0.0007179000000014923
-0.005506400000001577
-0.010294900000001661
-0.010294900000001661
-0.010294900000001661
-0.010294900000001661
-0.010294900000001661
-0.0246599000000014
-0.020403566666667317
-0.01614723333333501
-0.011890900000000926
-0.0076345666666686185
-0.003378233333334535
0.0008780999999977723
0.005134433333331856
0.009390766666664163
0.013647099999998247
-0.0007179000000014923
-0.010295400000000399
-0.010294900000001661
-0.019871900000000053
-0.031044899999999487
-0.0422179000000007
-0.05339090000000013
-0.010294900000001661
0.008858099999999425
0.005666099999999119
0.0024740999999988134
-0.0007179000000014923
0.023224099999998415
0.008858099999999425
-0.005506900000000314
-0.019871900000000053
-0.017477900000001156
-0.015083900000000483
-0.017477900000001156
-0.019871900000000053
-0.018674900000000605
-0.017477900000001156
-0.01628089999999993
-0.015083900000000483
-0.01827590000000079
-0.021467900000001094
-0.0246599000000014
-0.010294900000001661
-0.0007179000000014923
-0.010294900000001661
-0.005506566666667823
-0.0007182333333339841
0.004070099999999854
0.004070099999999854
-0.007900900000000988
-0.019871900000000053
-0.018674900000000605
-0.017477900000001156
-0.01628089999999993
-0.015083900000000483
0.008858099999999425
-0.029448900000000222
-0.02825164999999963
-0.02705440000000081
-0.025857150000001994
-0.0246599000000014
-0.005506900000000314
-0.010294900000001661
-0.010294900000001661
-0.010294900000001661
-0.007900900000000988
-0.005506900000000314
-0.0019156500000008236
0.0016756000000004434
0.005266849999999934
0.008858099999999425
0.004070099999999854
0.004070099999999854
