0.01532288000000015
0.010534480000000124
0.013726746666666734
0.016919013333333455
0.020111280000000065
0.020111280000000065
0.020111280000000065
0.020111280000000065
0.020111280000000065
0.015322880000000039
0.010534480000000124
0.005746080000000098
0.008938346666666819
0.012130613333333429
0.01532288000000015
0.012928680000000137
0.010534480000000124
0.029688080000000117
0.022505480000000078
0.01532288000000015
0.00814028000000011
0.0009576800000000718
-0.00023941999999987917
-0.0014365199999998302
0.0009576800000001828
0.003351880000000085
0.005746080000000098
0.00814028000000011
0.010534480000000124
0.02489968000000009
0.010534480000000124
-0.003830719999999843
0.010534480000000124
0.02489968000000009
0.022505480000000078
0.020111280000000065
0.01771708000000005
0.01532288000000015
0.012928680000000137
0.010534480000000124
0.005746080000000098
0.010534480000000124
0.01532288000000015
0.014524813333333442
0.013726746666666845
0.012928680000000137
0.012130613333333429
0.011332546666666832
0.010534480000000124
0.010534480000000124
0.005746080000000098
0.0009576800000000718
0.007342213333333403
0.013726746666666734
0.020111280000000065
0.0165199800000001
0.012928680000000026
0.006943180000000049
0.0009576800000000718
0.004149946666666682
0.007342213333333403
0.010534480000000124
0.013726746666666734
0.016919013333333344
0.020111280000000065
0.01771708000000005
0.005746080000000098
0.012928680000000026
0.020111280000000065
0.0206433244444445
0.021175368888888935
0.02170741333333337
0.022239457777777805
0.02277150222222235
0.023303546666666786
0.02383559111111122
0.024367635555555656
0.02489968000000009
-0.01819597999999989
0.020111280000000065
0.020111280000000065
0.020111280000000065
0.012928680000000137
0.012130613333333429
0.011332546666666832
0.010534480000000124
0.01532288000000015
0.020111280000000065
0.02489968000000009
0.02489968000000009
0.02489968000000009
0.02489968000000009
0.02489968000000009
0.02489968000000009
0.02489968000000009
0.02489968000000009
0.020111280000000065
0.01532288000000015
0.010534480000000124
0.010534480000000124
0.01771708000000005
0.02489968000000009
0.01532288000000015
0.010534480000000124
0.020111280000000065
0.0009576800000000718
0.003351880000000085
0.005746080000000098
0.00814028000000011
0.010534480000000124
0.020111280000000065
0.01851514666666676
0.016919013333333455
0.01532288000000015
0.01532288000000015
0.01532288000000015
0.01771708000000005
0.020111280000000065
0.019153600000000104
0.018195920000000143
0.01723824000000007
0.01628056000000011
0.01532288000000015
0.01532288000000015
0.01532288000000015
0.005746080000000098
0.005746080000000098
0.01532288000000015
0.01532288000000015
0.01532288000000015
0.01532288000000015
0.01532288000000015
0.01532288000000015
0.01532288000000015
0.01532288000000015
0.01532288000000015
0.01532288000000015
0.01532288000000015
0.01532288000000015
0.020111280000000065
0.01532288000000015
0.01532288000000015
0.010534480000000124
0.005746080000000098
0.010534480000000124
0.010534480000000124
0.010534480000000124
0.012928680000000137
0.01532288000000015
0.0009576800000000718
0.0028730400000001044
0.004788400000000026
0.0067037600000000586
0.008619120000000091
0.010534480000000124
0.012449840000000045
0.014365200000000078
0.01628056000000011
0.018195920000000032
0.020111280000000065
0.010534480000000124
0.010534480000000124
0.005746080000000098
0.008938346666666819
0.012130613333333429
0.01532288000000015
-0.003830719999999843
0.020111280000000065
0.020111280000000065
0.020111280000000065
0.020111280000000065
0.020111280000000065
0.010534480000000124
0.012449840000000156
0.014365200000000078
0.01628056000000011
0.018195920000000032
0.020111280000000065
0.0165199800000001
0.012928680000000026
0.0009576800000000718
0.01532288000000015
0.010534480000000124
0.005746080000000098
0.002553813333333488
-0.0006384533333332332
-0.003830719999999843
-0.0006384533333332332
0.002553813333333488
0.005746080000000098
0.005746080000000098
0.00814028000000011
0.010534480000000124
0.012928680000000137
0.006943180000000049
0.0009576800000000718
0.005746080000000098
0.010534480000000124
0.01532288000000015
0.013726746666666845
0.012130613333333429
0.010534480000000124
0.008938346666666819
0.007342213333333403
0.005746080000000098
0.005746080000000098
0.020111280000000065
0.020111280000000065
0.020111280000000065
0.020111280000000065
0.020111280000000065
0.020111280000000065
0.012928680000000137
0.020111280000000065
0.00814028000000011
-0.003830719999999843
0.003351880000000196
0.010534480000000124
0.012928680000000137
0.01532288000000015
0.01771708000000005
0.020111280000000065
0.01771708000000005
0.01532288000000015
0.012928680000000137
0.010534480000000124
0.020111280000000065
0.01851514666666676
0.016919013333333455
0.01532288000000015
0.01532288000000015
0.01851514666666676
0.02170741333333348
0.02489968000000009
0.022505480000000078
0.020111280000000176
0.017717080000000163
0.01532288000000015
0.020111280000000065
0.012928680000000026
0.005746080000000098
0.020111280000000065
0.020111280000000065
0.020111280000000065
0.022505480000000078
0.02489968000000009
0.022505480000000078
0.020111280000000176
0.017717080000000163
0.01532288000000015
0.011731580000000075
0.00814028000000011
0.004548980000000147
0.0009576800000000718
-0.003830719999999954
-0.008619119999999869
0.005746080000000098
0.01532288000000015
0.01532288000000015
0.01532288000000015
-0.003830719999999843
0.00814028000000011
0.020111280000000065
0.022505480000000078
0.02489968000000009
0.022505480000000078
0.020111280000000065
0.022505480000000078
0.02489968000000009
0.01771708000000005
0.010534480000000124
0.008938346666666819
0.007342213333333403
0.005746080000000098
0.010534480000000124
0.01532288000000015
0.0009576800000000718
0.005746080000000098
0.010534480000000124
0.01771708000000005
0.02489968000000009
0.01771708000000005
0.010534480000000124
0.008938346666666819
0.007342213333333403
0.005746080000000098
0.005746080000000098
0.005746080000000098
0.005746080000000098
0.005746080000000098
0.006943180000000049
0.00814028000000011
0.009337380000000173
0.010534480000000124
0.04884168000000011
-0.008619119999999869
0.029688080000000117
0.012928680000000137
-0.003830719999999843
0.0009576800000001828
0.005746080000000098
0.010534480000000124
0.01532288000000015
0.0009576800000000718
-0.003830734999999863
-0.008619149999999909
-0.013407564999999955
-0.01819597999999989
0.020111270000000125
0.02849098250000015
0.036870695000000064
0.04525040750000009
0.053630120000000114
-0.046926369999999884
-0.03435680749999992
-0.021787244999999955
-0.00921768249999988
0.003351880000000085
-0.01699884499999993
-0.03734956999999989
0.06799532000000008
0.044053306666666736
0.020111293333333502
-0.003830719999999843
0.053630120000000114
0.022505500000000178
-0.008619119999999869
-0.010215273333333164
-0.011811426666666569
-0.013407579999999863
-0.008619169999999898
-0.003830759999999822
0.0009576500000001431
0.005746060000000108
0.010534470000000185
0.01532288000000015
0.03447650000000013
0.010534480000000124
0.021308390000000066
0.03208230000000012
0.04285621000000017
0.053630120000000114
0.0009576800000000718
-0.013407579999999863
-0.002234626666666517
0.008938326666666718
0.020111280000000065
0.008938326666666718
-0.002234626666666517
-0.013407579999999863
0.053630120000000114
0.038067810000000146
0.022505500000000178
0.006943190000000099
-0.008619119999999869
0.012928680000000137
0.03447648000000014
0.01532286000000016
-0.003830759999999933
-0.022984379999999915
0.02489968000000009
0.010534480000000124
0.01532288000000015
0.016919013333333455
0.01851514666666687
0.020111280000000176
0.016919013333333455
0.013726746666666845
0.010534480000000124
0.011332546666666832
0.012130613333333429
0.012928680000000137
0.01532288000000015
0.017717080000000163
0.020111280000000065
0.022505480000000078
0.02489968000000009
0.012928680000000026
0.014125780000000088
0.01532288000000015
0.01771708000000005
0.020111280000000065
0.0165199800000001
0.012928680000000026
0.009337380000000062
0.005746080000000098
0.005746080000000098
0.00814028000000011
0.010534480000000124
0.010534480000000124
0.010534480000000124
0.009337380000000173
0.00814028000000011
0.006943180000000049
0.005746080000000098
0.004548980000000147
0.003351880000000085
0.002154780000000023
0.0009576800000000718
0.005746080000000098
0.020111280000000065
0.01532288000000015
0.010534480000000124
0.010534480000000124
0.0111330300000001
0.011731580000000075
0.012330130000000161
0.012928680000000137
0.014125780000000088
0.01532288000000015
0.0165199800000001
0.01771708000000005
0.018914180000000114
0.020111280000000065
-0.003830719999999843
0.022505480000000078
0.010534480000000124
0.012130613333333429
0.013726746666666845
0.01532288000000015
-0.015801744999999867
-0.046926369999999884
0.06799532000000008
0.03208230000000012
-0.003830719999999843
-0.008619149999999798
-0.013407579999999863
0.017717050000000123
0.04884168000000011
-0.003830719999999843
-0.003830719999999843
-0.003830719999999843
-0.003830719999999843
-0.0028730399999998824
-0.0019153599999999216
-0.0009576799999998498
1.1102230246251565e-16
0.0009576800000000718
0.0009576800000000718
0.020111280000000065
0.02489968000000009
0.0009576800000000718
0.00814028000000011
0.01532288000000015
0.010534480000000124
0.005746080000000098
0.003830720000000065
0.0019153600000001436
1.1102230246251565e-16
-0.0019153599999998105
-0.003830719999999843
0.020111280000000065
0.01532288000000015
0.010534480000000124
-0.013407579999999863
-0.005426893333333238
0.0025537933333334983
0.010534480000000124
0.005746080000000098
-0.008619119999999869
0.003351880000000196
0.01532288000000015
0.00814028000000011
0.0009576800000000718
0.006943180000000049
0.012928680000000026
0.018914180000000114
0.02489968000000009
0.020111280000000176
0.01532288000000015
0.029688080000000117
-0.003830719999999843
0.003351880000000196
0.010534480000000124
0.012130613333333429
0.013726746666666845
0.01532288000000015
0.0009576800000000718
0.005746080000000098
0.010534480000000124
0.03447648000000014
0.028730400000000156
0.02298432000000017
0.01723824000000007
0.011492160000000085
0.005746080000000098
0.03447648000000014
0.029688080000000117
0.02489968000000009
0.020111280000000065
0.0009576800000000718
-0.0014365199999998302
-0.003830719999999843
0.02489968000000009
0.020111280000000176
0.01532288000000015
0.012928680000000137
0.010534480000000124
0.009576800000000163
0.008619120000000091
0.00766144000000013
0.0067037600000000586
0.005746080000000098
0.00814028000000011
0.004548980000000147
0.0009576800000000718
-0.0014365199999998302
-0.003830719999999843
0.020111280000000065
0.020111280000000065
0.020111280000000065
0.020111280000000065
0.02170741333333337
0.023303546666666786
0.02489968000000009
0.020111280000000065
0.01532288000000015
0.010534480000000124
0.005746080000000098
0.012130613333333429
0.01851514666666676
0.02489968000000009
0.020111280000000176
0.01532288000000015
0.016120946666666858
0.016919013333333455
0.01771708000000005
0.01851514666666676
0.019313213333333468
0.020111280000000065
0.012928680000000026
0.010534480000000013
0.00814028
0.005746080000000098
0.003351880000000085
0.0009576800000000718
0.010534480000000124
0.010534480000000124
0.010534480000000124
0.010534480000000124
0.010534480000000124
