-0.002633620000000003
-0.0055066599999999966
-0.0047085933333332886
-0.003910526666666692
-0.0031124599999999836
-0.0023143933333332756
-0.0015163266666666786
-0.0007182599999999706
-0.012689259999999924
-0.010295060000000023
0.004070140000000055
0.011252739999999983
0.018435340000000022
0.008858540000000081
-0.0007182599999999706
0.004070140000000055
0.00885853999999997
0.013646939999999996
0.010055640000000032
0.006464339999999957
0.0028730399999999934
-0.0007182599999999706
-0.0019153599999999216
-0.0031124599999999836
-0.004309560000000046
-0.0055066599999999966
-0.0007182599999999706
-0.007900859999999899
0.004070140000000055
0.004070140000000055
0.004070140000000055
0.0008778733333334454
-0.0023143933333332756
-0.0055066599999999966
-0.008698926666666607
-0.011891193333333216
-0.015083459999999937
-0.0031124599999999836
-0.0055066599999999966
-0.00790086000000001
-0.010295060000000023
-0.015083460000000048
-0.019871859999999963
-0.010295060000000023
-0.0055066599999999966
-0.0007182599999999706
-0.0007182599999999706
-0.0007182599999999706
-0.0007182599999999706
-0.0007182599999999706
-0.015083459999999937
-0.010295060000000023
-0.0055066599999999966
-0.0007182599999999706
-0.0007182599999999706
-0.0007182599999999706
-0.0007182599999999706
-0.007900859999999899
-0.015083459999999937
-0.0055066599999999966
-0.0055066599999999966
-0.0055066599999999966
-0.0055066599999999966
-0.0055066599999999966
-0.0055066599999999966
-0.0055066599999999966
-0.0023143933333332756
0.0008778733333333344
0.004070140000000055
-0.0007182599999999706
-0.0055066599999999966
0.004070140000000055
0.028012140000000074
0.016839206666666717
0.00566627333333336
-0.0055066599999999966
-0.0007182599999999706
-0.0031124599999999836
-0.0055066599999999966
0.004070140000000055
0.0016759400000000424
-0.0007182599999999706
-0.0031124599999999836
-0.0055066599999999966
0.00885853999999997
0.007661440000000019
0.006464339999999957
0.005267240000000006
0.004070140000000055
-0.00790086000000001
-0.003910526666666692
7.980666666673741e-05
0.004070140000000055
0.004070140000000055
0.0016759400000000424
-0.0007182599999999706
-0.0031124599999999836
-0.0055066599999999966
-0.0019153600000000326
0.0016759399999999314
0.005267240000000006
0.00885853999999997
0.00885853999999997
0.00885853999999997
0.00885853999999997
-0.0055066599999999966
-0.0007182599999999706
0.004070140000000055
0.0016759399999999314
-0.010295060000000023
-0.008698926666666718
-0.0071027933333333015
-0.0055066599999999966
-0.007900869999999949
-0.010295080000000012
-0.012689289999999964
-0.013487346666666622
-0.01428540333333328
-0.015083459999999937
-0.0039105266666665806
0.007262406666666665
0.018435340000000022
0.006464339999999957
-0.0055066599999999966
0.004070140000000055
0.004070140000000055
0.004070140000000055
-0.015083459999999937
-0.010295059999999912
-0.0055066599999999966
-0.0007182599999999706
0.0016759400000000424
0.004070140000000055
0.006464339999999957
0.00885853999999997
-0.015083459999999937
-0.012210419999999944
-0.00933737999999995
-0.006464339999999957
-0.003591299999999964
-0.0007182599999999706
0.004070140000000055
-0.0055066599999999966
-0.0067037599999999475
-0.00790086000000001
-0.009097960000000072
-0.010295060000000023
-0.003910526666666692
0.0024740066666666394
0.00885853999999997
-0.0007182599999999706
-0.010295060000000023
-0.010295060000000023
-0.010295060000000023
-0.0007182599999999706
0.00885853999999997
0.011252739999999983
0.013646939999999996
-0.0055066599999999966
-0.0031124599999999836
-0.0007182599999999706
0.0016759400000000424
0.004070140000000055
0.004070140000000055
0.004070140000000055
0.004070140000000055
0.004070140000000055
0.004070140000000055
0.004070140000000055
0.004070140000000055
0.004070140000000055
0.004070140000000055
0.004070140000000055
0.004070140000000055
0.004070140000000055
0.004070140000000055
0.004070140000000055
0.004070140000000055
0.004070140000000055
0.004070140000000055
0.004070140000000055
-0.0055066599999999966
-0.015083459999999937
-0.010295060000000023
-0.0055066599999999966
-0.019871859999999963
-0.0007182599999999706
0.004070140000000055
-0.0055066599999999966
-0.015083459999999937
-0.0007182599999999706
-0.0031124599999999836
0.0016759400000000424
-0.0055066599999999966
-0.004908110000000021
-0.004309560000000046
-0.003711009999999959
-0.0031124599999999836
-0.002513910000000008
-0.0019153599999999216
-0.001316809999999946
-0.0007182599999999706
-0.010295060000000023
0.004070140000000055
0.008858540000000081
-0.019871859999999963
-0.015083460000000048
-0.010295060000000023
-0.008698926666666718
-0.0071027933333333015
-0.0055066599999999966
-0.010295060000000023
0.0008778733333333344
0.012050806666666691
0.023223740000000048
-0.015083459999999937
-0.008698926666666607
-0.0023143933333332756
0.004070140000000055
-0.015083459999999937
-0.01747767499999997
-0.019871889999999892
-0.022266104999999925
-0.024660319999999958
-0.010295060000000023
-0.0055066599999999966
-0.0055066599999999966
-0.0055066599999999966
-0.0055066599999999966
-0.0055066599999999966
-0.0055066599999999966
-0.0055066599999999966
-0.0055066599999999966
-0.0055066599999999966
0.00885853999999997
0.007262406666666665
0.00566627333333336
0.004070140000000055
0.0024740066666667504
0.0008778733333333344
-0.0007182599999999706
0.00885853999999997
-0.0007182599999999706
-0.010295060000000023
0.00885853999999997
0.012050806666666691
0.015243073333333301
0.018435340000000022
0.006464339999999957
-0.0055066599999999966
-0.0031124599999999836
-0.0007182599999999706
0.0016759400000000424
0.004070140000000055
0.002274490000000018
0.0004788399999999804
-0.001316809999999946
-0.0031124599999999836
-0.0055066599999999966
-0.0031124599999999836
-0.0007182599999999706
-0.0019153599999999216
-0.0031124599999999836
-0.004309560000000046
-0.0055066599999999966
-0.0055066599999999966
-0.0055066599999999966
-0.0055066599999999966
-0.015083459999999937
-0.015083459999999937
-0.015083459999999937
-0.007900859999999899
-0.0007182599999999706
-0.007900859999999899
-0.015083459999999937
-0.010295059999999912
-0.0055066599999999966
-0.0007182599999999706
-0.0007182599999999706
-0.0007182599999999706
-0.0007182599999999706
-0.0007182599999999706
-0.0007182599999999706
-0.0007182599999999706
-0.0007182599999999706
-0.015083459999999937
-0.0007182599999999706
0.013646939999999996
-0.0055066599999999966
0.0016759399999999314
0.00885853999999997
0.0016759399999999314
-0.0055066599999999966
-0.0023143933333332756
0.0008778733333333344
0.004070140000000055
0.0013339114285715326
-0.0014023171428571013
-0.004138545714285624
-0.006874774285714258
-0.00961100285714278
-0.012347231428571415
-0.015083459999999937
-0.013886359999999875
-0.012689259999999924
0.013646940000000107
-0.019871884999999923
-0.05339071000000001
0.00885853999999997
-0.0007182599999999706
-0.010295060000000023
-0.0047085933333332886
0.0008778733333333344
0.006464339999999957
0.012050806666666691
0.017637273333333425
0.023223740000000048
-0.010295060000000023
0.013646939999999996
0.009457082499999991
0.0052672250000000975
0.0010773675000000926
-0.0031124899999999123
-0.0055066599999999966
0.00885853999999997
-0.012689289999999964
-0.03423712000000001
-0.012689289999999964
0.00885853999999997
0.00885853999999997
0.00885853999999997
0.00885853999999997
0.007490425714285709
0.0061223114285714475
0.004754197142857186
0.0033860828571428137
0.0020179685714285522
0.0006498542857142908
-0.0007182599999999706
-0.0031124599999999836
0.004070140000000055
0.005134228888888925
0.006198317777777795
0.007262406666666665
0.008326495555555535
0.009390584444444516
0.010454673333333386
0.011518762222222256
0.012582851111111126
0.013646939999999996
0.008858540000000081
0.004070140000000055
-0.019871859999999963
-0.010295089999999951
0.023223740000000048
0.0016759399999999314
-0.013487343333333346
-0.028650626666666623
-0.043813909999999956
-0.0055066599999999966
-0.015083480000000038
-0.02466029999999997
-0.03423712000000001
-0.029448711250000037
-0.024660302500000064
-0.01987189374999998
-0.015083485000000008
-0.002314409999999989
0.01045466500000003
0.023223740000000048
-0.024660319999999958
-0.018275766666666637
-0.011891213333333317
-0.0055066599999999966
-0.00790086000000001
-0.010295060000000023
0.004070140000000055
0.018435340000000022
0.006464339999999957
-0.0055066599999999966
-0.0055066599999999966
0.0008778733333333344
0.007262406666666665
0.013646939999999996
0.0016759399999999314
-0.010295060000000023
0.023223740000000048
-0.029448719999999984
-0.018275766666666637
-0.007102813333333291
0.004070140000000055
-0.0055066599999999966
-0.0019153600000000326
0.0016759399999999314
0.005267240000000006
0.00885853999999997
0.0024740066666666394
-0.003910526666666692
-0.010295060000000023
-0.019871859999999963
-0.0055066599999999966
0.004070140000000055
0.00566627333333336
0.007262406666666665
0.00885853999999997
-0.0055066599999999966
-0.00790086000000001
-0.010295060000000023
-0.0055066599999999966
-0.0007182599999999706
0.004070140000000055
-0.0019153599999999216
-0.007900859999999899
-0.013886359999999986
-0.019871859999999963
-0.0055066599999999966
-0.015083459999999937
-0.012347231428571415
-0.00961100285714278
-0.006874774285714258
-0.004138545714285624
-0.0014023171428571013
0.0013339114285715326
0.004070140000000055
0.004070140000000055
-0.0031124599999999836
-0.0067037599999999475
-0.010295060000000023
-0.009097960000000072
-0.00790086000000001
-0.0067037599999999475
-0.0055066599999999966
0.004070140000000055
0.0008778733333333344
-0.0023143933333332756
-0.0055066599999999966
-0.00790086000000001
-0.010295060000000023
-0.0055066599999999966
-0.0007182599999999706
0.004070140000000055
-0.0007182599999999706
0.004070140000000055
0.00885853999999997
0.005985499999999977
0.0031124599999999836
0.0002394199999999902
-0.002633620000000003
-0.0055066599999999966
-0.0007182599999999706
0.004070139999999944
0.00885853999999997
-0.00790086000000001
-0.0007182599999999706
-0.003910526666666692
-0.0071027933333333015
-0.010295060000000023
-0.00790086000000001
-0.0055066599999999966
0.004070140000000055
0.0031124600000000946
0.002154780000000023
0.001197100000000062
0.0002394199999999902
-0.0007182599999999706
-0.015083459999999937
-0.015083459999999937
-0.015083459999999937
-0.0055066599999999966
-0.015083459999999937
-0.0031124599999999836
0.00885853999999997
0.00566627333333336
0.0024740066666666394
-0.0007182599999999706
-0.0055066599999999966
-0.0023143933333332756
0.0008778733333333344
0.004070140000000055
-0.0031124599999999836
-0.010295060000000023
0.00885853999999997
0.007753524615384588
0.006648509230769206
0.005543493846153824
0.004438478461538442
0.00333346307692306
0.002228447692307678
0.0011234323076922959
1.8416923076913783e-05
-0.0010865984615384683
-0.0021916138461538504
-0.0032966292307692324
-0.0044016446153846145
-0.0055066599999999966
-0.0007182599999999706
-0.012689289999999964
-0.0055066599999999966
-0.004309560000000046
-0.0031124599999999836
-0.0019153599999999216
-0.0007182599999999706
-0.024660319999999958
-0.0055066599999999966
0.004070140000000055
0.00566627333333336
0.007262406666666665
0.008858540000000081
0.010454673333333386
0.012050806666666691
0.013646939999999996
0.006464339999999957
-0.0007182599999999706
-0.0023143933333332756
-0.003910526666666692
-0.0055066599999999966
0.0016759399999999314
0.004070140000000055
-0.0007182599999999706
-0.003910526666666692
-0.0071027933333333015
-0.010295060000000023
-0.010295060000000023
-0.010295060000000023
-0.010295060000000023
0.004070140000000055
0.006464339999999957
0.00885853999999997
0.004070140000000055
-0.0023143933333332756
-0.008698926666666607
-0.015083459999999937
0.004070140000000055
0.006464339999999957
0.00885853999999997
0.011252739999999983
0.013646939999999996
0.00885853999999997
0.007262406666666665
0.00566627333333336
0.004070140000000055
-0.0055066599999999966
0.004070140000000055
0.013646939999999996
0.010454673333333275
0.007262406666666665
0.004070140000000055
0.0008778733333333344
-0.0023143933333333866
-0.0055066599999999966
-0.0071027933333333015
-0.008698926666666718
-0.010295060000000023
-0.00790086000000001
-0.0055066599999999966
0.00885853999999997
-0.0007182599999999706
-0.010295060000000023
0.00885853999999997
-0.010295060000000023
-0.009382983809523848
