-0.030358340000002926
-0.030358340000002926
-0.030358340000002926
-0.03514734000000175
-0.03227414000000195
-0.02940094000000215
-0.026527740000002353
-0.023654540000002555
-0.020781340000002757
-0.01599334000000141
-0.005219340000001793
0.005554659999997824
0.0019631599999989646
-0.0016283400000016712
-0.013599340000002513
-0.02557034000000158
-0.023974006666668046
-0.02237767333333629
-0.020781340000002757
-0.03275234000000182
-0.044723340000002665
-0.02557034000000158
-0.02557034000000158
-0.02557034000000158
-0.02557034000000158
-0.021739540000002222
-0.017908740000002865
-0.014077940000001732
-0.010247140000002375
-0.006416340000003018
-0.020781340000002757
-0.01838734000000386
-0.020781673333337025
-0.023176006666668414
-0.02557034000000158
-0.018387840000002598
-0.01120534000000184
-0.01479659000000133
-0.018387840000002598
-0.02197909000000209
-0.02557034000000158
-0.020781340000002757
-0.019823740000003198
-0.018866140000001863
-0.017908540000002304
-0.016950940000002745
-0.01599334000000141
-0.015035740000001852
-0.014078140000002293
-0.013120540000002734
-0.012162940000001399
-0.01120534000000184
-0.01599334000000141
-0.018387340000002084
0.0031606599999971507
-0.006416340000003018
-0.00881059000000306
-0.011204840000001326
-0.013599090000001368
-0.01599334000000141
-0.0016283400000016712
-0.011204840000001326
-0.00881059000000306
-0.006416340000003018
0.0007661599999977398
0.007948659999998497
-0.020781340000002757
-0.020781340000002757
-0.020781340000002757
-0.014397006666669654
-0.008012673333334774
-0.0016283400000016712
-0.0016283400000016712
-0.0016283400000016712
-0.0016283400000016712
-0.0016283400000016712
-0.02557034000000158
-0.0236549400000019
-0.021739540000002222
-0.019824140000000767
-0.01790874000000109
-0.01599334000000141
-0.011204840000001326
-0.006416340000001242
-0.008468482857145077
-0.010520625714287135
-0.01257276857143097
-0.014624911428573029
-0.016677054285716864
-0.018729197142858922
-0.020781340000002757
-0.014795840000003224
-0.008810340000003691
-0.01599334000000141
-0.011204840000001326
-0.01120534000000184
-0.008810840000002429
-0.006416340000003018
-0.00801267333333655
-0.009609006666668307
-0.01120534000000184
-0.01599334000000141
-0.020781840000001495
-0.02557034000000158
-0.02237800666666878
-0.019185673333335984
-0.01599334000000141
-0.012801006666668613
-0.009608673333335815
-0.006416340000003018
-0.006416340000003018
-0.01120534000000184
-0.01599334000000141
-0.013599340000002513
-0.01120534000000184
-0.013120540000002734
-0.015035740000001852
-0.016950940000002745
-0.018866140000001863
-0.020781340000002757
-0.02557034000000158
-0.006416340000003018
-0.00689524000000219
-0.007374140000003138
-0.00785304000000231
-0.008331940000003257
-0.008810840000002429
-0.0092897400000016
-0.009768640000002549
-0.01024754000000172
-0.010726440000002668
-0.01120534000000184
-0.01599334000000141
-0.020781340000002757
-0.017190340000002635
-0.013599340000002513
-0.018387840000002598
-0.013598840000003776
-0.009408965000003988
-0.005219090000004201
-0.0010292150000026368
0.0031606599999971507
-3.184000000189258e-05
-0.0032243400000027123
-0.006416840000001756
-0.0016283400000016712
0.003160159999998413
0.007948659999998497
0.007948659999998497
0.007948659999998497
-0.01599334000000141
-0.01599334000000141
-0.02557034000000158
-0.026527940000001138
-0.027485540000002473
-0.028443140000002032
-0.029400740000003367
-0.030358340000002926
-0.044723340000002665
-0.02556984000000284
-0.006416340000003018
-0.006416340000003018
-0.0052192566666704465
-0.004022173333336099
-0.002825090000001751
-0.0016280066666691795
-0.00043092333333660804
0.0007661599999977398
-0.01120534000000184
-0.01120534000000184
-0.01679167333333531
-0.02237800666666878
-0.027964340000002252
-0.017190340000002635
-0.006416340000003018
-0.00801267333333655
-0.009609006666668307
-0.01120534000000184
-0.020781340000002757
-0.01599334000000141
-0.01120534000000184
-0.008810840000002429
-0.006416340000003018
0.0031601599999966368
0.012736659999998068
0.0015639933333311262
-0.009608673333335815
-0.020781340000002757
-0.011204840000001326
-0.0016283400000016712
-0.0016283400000016712
-0.01599334000000141
-0.030358340000002926
-0.02556984000000284
-0.020781340000002757
-0.018387340000002084
-0.01599334000000141
-0.012162540000002053
-0.008331740000002696
-0.004500940000001563
-0.0006701400000022062
0.0031606599999971507
-0.030358340000002926
-0.01120534000000184
-0.010008215000002707
-0.008811090000001798
-0.0076139650000008885
-0.006416840000001756
-0.006416740000002363
-0.006416640000002971
-0.0064165400000018025
-0.00641644000000241
-0.006416340000003018
-0.006416340000003018
-0.030358340000002926
-0.02716600666667013
-0.023973673333335555
-0.020781340000002757
-0.030358340000002926
-0.025569940000002234
-0.020781540000003318
-0.015993140000002626
-0.01120474000000371
-0.006416340000003018
-0.0004308400000034851
0.005554659999997824
-0.020781340000002757
-0.019185340000001716
-0.01758934000000245
-0.01599334000000141
-0.0016283400000016712
-0.011204840000001326
-0.020781340000002757
-0.01599334000000141
-0.01120534000000184
-0.018387840000002598
-0.02557034000000158
-0.02716634000000262
-0.028762340000001885
-0.030358340000002926
-0.02556984000000284
-0.020781340000002757
-0.0387380900000025
-0.056694840000002245
-0.033551006666668215
-0.010407173333335962
0.012736659999998068
0.007948659999996721
0.0031606599999971507
0.05583265999999831
0.025505993333331034
-0.004820673333334469
-0.03514734000000175
-0.023176340000002682
-0.01120534000000184
0.0007656599999990021
0.012736659999998068
-0.020782090000000863
-0.05430084000000157
-0.04871425666666873
-0.04312767333333589
-0.037541090000001276
-0.031954506666668436
-0.026367923333335597
-0.020781340000002757
-0.01120534000000184
-0.013599340000002513
0.007948659999998497
-0.003224340000000936
-0.014397340000002146
-0.02557034000000158
-0.03674334000000101
-0.04791634000000222
-0.059089340000001656
0.022313659999998237
-0.006416340000003018
0.0012450599999969114
0.00890645999999684
0.016567859999998547
0.024229259999998476
0.031890659999998405
-0.020781340000002757
-0.059089340000001656
-0.01599334000000141
-0.059089340000001656
0.041467659999998574
0.01912165999999793
-0.003224340000000936
-0.02557034000000158
0.003160159999998413
0.031890659999998405
0.010342826666665417
-0.011205006666667572
-0.03275284000000056
-0.01240209000000192
0.007948659999998497
-0.004022340000002345
-0.01599334000000141
0.005554659999997824
0.02710265999999706
0.0031606599999971507
-0.020781340000002757
-0.013119940000002828
-0.005458540000002898
0.002202859999997031
0.00986425999999696
0.01752565999999689
-0.020781340000002757
-0.039935340000003094
-0.020781840000001495
-0.0016283400000016712
-0.0016283400000016712
-0.0016283400000016712
0.01752565999999689
0.0063526599999974565
-0.004820340000001977
-0.01599334000000141
-0.059089340000001656
-0.044724006666669425
-0.030358673333335418
-0.01599334000000141
-0.0016280066666691795
0.012737326666663051
0.02710265999999706
-0.03514734000000175
-0.039935340000003094
-0.03195467333333646
-0.023974006666668046
-0.01599334000000141
-0.020781340000002757
-0.0016278400000029336
0.01752565999999689
0.012737326666663051
0.00794899333333099
0.0031606599999971507
-0.01120534000000184
-0.010008090000003023
-0.008810840000002429
-0.007613590000001835
-0.006416340000003018
-0.01599334000000141
-0.023175840000002168
-0.030358340000002926
-0.030358340000002926
-0.030358340000002926
-0.030358340000002926
-0.020781840000001495
-0.01120534000000184
-0.02557034000000158
-0.0247721733333357
-0.023974006666668046
-0.023175840000002168
-0.019823940000001983
-0.016472040000001797
-0.013120140000003389
-0.009768240000003203
-0.006416340000003018
-0.006416340000003018
-0.006416340000003018
-0.006416340000003018
-0.006416340000003018
0.007948659999998497
-0.006416340000003018
-0.01599334000000141
-0.02557034000000158
-0.02557034000000158
-0.030358840000001663
-0.03514734000000175
-0.03131654000000239
-0.027485740000001257
-0.0236549400000019
-0.019824140000000767
-0.01599334000000141
-0.01599334000000141
-0.006416340000003018
-0.02557034000000158
-0.013599340000002513
-0.0016283400000016712
-0.004022340000002345
-0.006416340000003018
-0.011204840000001326
-0.01599334000000141
-0.011204840000001326
-0.006416340000003018
0.0007661599999977398
0.007948659999998497
0.003160326666664659
-0.0016280066666691795
-0.006416340000003018
-0.013598840000003776
-0.020781340000002757
-0.006416340000003018
-0.013598840000003776
-0.020781340000002757
-0.019823740000003198
-0.018866140000001863
-0.017908540000002304
-0.016950940000002745
-0.01599334000000141
-0.015035740000001852
-0.014078140000002293
-0.013120540000002734
-0.012162940000001399
-0.01120534000000184
-0.01120534000000184
-0.0016283400000016712
-0.01599334000000141
0.0031606599999971507
-0.018387340000002084
-0.044723340000002665
-0.041132090000003174
-0.03754084000000191
-0.033949590000002416
-0.030358340000002926
-0.023175840000002168
-0.01599334000000141
-0.01599334000000141
-0.01599334000000141
-0.01599334000000141
-0.013599090000001368
-0.011204840000001326
-0.00881059000000306
-0.006416340000003018
-0.013598840000003776
-0.020781340000002757
-0.013598840000003776
-0.006416340000003018
-0.006416340000003018
-0.006416340000003018
-0.01599334000000141
-0.018387340000002084
-0.020781340000002757
-0.023175840000002168
-0.02557034000000158
-0.030358340000002926
-0.01599334000000141
-0.014397340000002146
-0.012801340000001105
-0.01120534000000184
-0.0016283400000016712
-0.004022340000002345
-0.006416340000003018
-0.011204840000001326
-0.01599334000000141
0.007948659999998497
0.0007660349999980554
-0.00641659000000061
-0.013599215000001053
-0.020781840000001495
-0.023974006666668046
-0.027166173333336374
-0.030358340000002926
-0.028762340000001885
-0.02716634000000262
-0.02557034000000158
-0.02636834000000121
-0.02716634000000262
-0.027964340000002252
-0.028762340000001885
-0.029560340000003293
-0.030358340000002926
-0.02557034000000158
-0.006416340000001242
0.007948659999998497
-0.0016283400000016712
-0.000830173333335793
-3.200666666813845e-05
0.0007661599999977398
0.001564326666663618
0.0023624933333312725
0.0031606599999971507
-0.011204840000001326
-0.014397006666667878
-0.017589173333336205
-0.020781340000002757
-0.020781340000002757
-0.020781340000002757
-0.020781340000002757
-0.020781340000002757
-0.020781340000002757
-0.020781340000002757
-0.020781340000002757
-0.020781340000002757
-0.01120534000000184
-0.012511249090911392
-0.013817158181819167
-0.015123067272728719
-0.01642897636363827
-0.017734885454547822
-0.019040794545455597
-0.02034670363636515
-0.0216526127272747
-0.022958521818184252
-0.024264430909092027
-0.02557034000000158
-0.006416340000003018
-0.0016283400000016712
-0.004022340000002345
-0.0016283400000016712
-0.027964340000002252
-0.011205006666667572
