-0.013168424999998152
-0.013766924999998764
-0.014365424999999377
-0.011372674999998722
-0.008379924999998067
-0.005387174999999189
-0.0023944249999985345
-0.026336424999998442
-0.021548424999998872
-0.026336424999998442
-0.03112442499999979
-0.03112442499999979
-0.03112442499999979
-0.028730424999999116
-0.026336424999998442
-0.031124799999998842
-0.03591317499999924
-0.04070154999999964
-0.04548992500000004
-0.033519175000000345
-0.021548424999998872
-0.021548424999998872
-0.021548424999998872
-0.021548424999998872
-0.021548424999998872
-0.021548424999998872
-0.021548424999998872
-0.021548424999998872
-0.021548424999998872
-0.021548424999998872
-0.021548424999998872
-0.033519424999999714
-0.04549042499999878
-0.05027875833333262
-0.05506709166666468
-0.05985542499999852
-0.05267292499999776
-0.04549042499999878
-0.044293174999998186
-0.04309592499999937
-0.032721091666665814
-0.02234625833333226
-0.011971424999998703
-0.015163674999998378
-0.018355924999998052
-0.021548174999997727
-0.024740424999999178
-0.027932674999998852
-0.031124924999998527
-0.03591342499999861
-0.031124924999998527
-0.026336424999998442
-0.050278425000000126
-0.03591342499999861
-0.031124924999998527
-0.026336424999998442
-0.026336424999998442
-0.026336424999998442
-0.026336424999998442
-0.021548424999998872
-0.023942424999999545
-0.026336424999998442
-0.023942424999999545
-0.021548424999998872
-0.01915417499999883
-0.016759924999998788
-0.014365674999998745
-0.011971424999998703
-0.009577174999998661
-0.007182924999998619
-0.004788674999998577
-0.0023944249999985345
-0.031124924999998527
-0.03591292499999987
-0.031124674999999158
-0.026336424999998442
-0.028730424999999116
-0.03112442499999979
-0.03112442499999979
-0.03112442499999979
-0.03112442499999979
-0.026336424999998442
-0.02952875833333124
-0.032721091666665814
-0.03591342499999861
-0.032721091666665814
-0.02952875833333124
-0.026336424999998442
-0.031124924999998527
-0.03591342499999861
-0.03591342499999861
-0.03591342499999861
-0.040701924999998695
-0.04549042499999878
-0.04249754999999844
-0.0395046749999981
-0.03651179999999954
-0.0335189249999992
-0.027932424999999483
-0.022345924999999767
-0.01675942500000005
-0.01675942500000005
-0.01675942500000005
-0.01675942500000005
-0.01675942500000005
-0.026336424999998442
-0.0335189249999992
-0.04070142499999996
-0.03750909166666716
-0.034316758333332587
-0.03112442499999979
-0.026336424999998442
-0.024740424999999178
-0.023144424999998137
-0.021548424999998872
-0.020351175000000055
-0.01915392499999946
-0.017956674999998867
-0.01675942500000005
-0.03591342499999861
-0.01675942500000005
-0.026336424999998442
-0.026336424999998442
-0.026336424999998442
-0.02825182499999812
-0.0301672249999978
-0.032082624999999254
-0.03399802499999893
-0.03591342499999861
-0.021548424999998872
-0.026336424999998442
-0.021548424999998872
-0.02274542499999832
-0.023942424999999545
-0.025139424999998994
-0.026336424999998442
-0.021548424999998872
-0.007182424999999881
-0.011970924999999966
-0.01675942500000005
-0.026336424999998442
-0.03591342499999861
-0.03566137236841982
-0.03540931973684103
-0.035157267105262235
-0.034905214473683444
-0.03465316184210465
-0.03440110921052586
-0.03414905657894707
-0.033897003947368276
-0.033644951315789484
-0.033392898684208916
-0.033140846052630124
-0.03288879342105133
-0.03263674078947254
-0.03238468815789375
-0.03213263552631496
-0.031880582894736165
-0.03162853026315737
-0.03137647763157858
-0.03112442499999979
-0.023941925000000808
-0.01675942500000005
-0.028730424999999116
-0.031124924999998527
-0.021547924999998358
-0.01915392499999946
-0.02952875833333124
-0.031763291666665694
-0.03399782499999837
-0.036232358333332826
-0.038466891666665504
-0.04070142499999996
-0.03112442499999979
-0.021547924999998358
-0.018355758333331806
-0.015163591666665255
-0.011971424999998703
-0.009576924999999292
-0.007182424999999881
-0.011970924999999966
-0.01675942500000005
-0.019951758333332847
-0.023144091666665645
-0.026336424999998442
-0.026336424999998442
-0.026336424999998442
-0.026336424999998442
-0.04070142499999996
-0.021548424999998872
-0.02314453611110956
-0.024740647222220247
-0.02633675833333271
-0.027932869444443398
-0.029528980555554085
-0.031125091666664773
-0.032721202777777236
-0.034317313888887924
-0.03591342499999861
-0.028730424999999116
-0.021547924999998358
-0.026336424999998442
-0.024740258333332932
-0.023144091666665645
-0.021547924999998358
-0.019951758333332847
-0.018355591666667337
-0.01675942500000005
-0.021548424999998872
-0.033519424999999714
-0.021548424999998872
-0.026336424999998442
-0.03112442499999979
-0.03016682500000023
-0.029209224999998895
-0.028251624999999336
-0.027294024999998
-0.026336424999998442
-0.021548424999998872
-0.01915392499999946
-0.01675942500000005
-0.0023944249999985345
-0.005586758333331332
-0.008779091666665906
-0.011971424999998703
-0.0151637583333315
-0.018356091666666075
-0.021548424999998872
-0.021548424999998872
-0.01675942500000005
-0.043095424999998855
-0.04349459166666492
-0.043893758333332755
-0.04429292499999882
-0.04469209166666488
-0.04509125833333272
-0.04549042499999878
-0.0335189249999992
-0.027533674999999036
-0.021548424999998872
-0.007182424999999881
-0.018355424999999315
-0.029528425000000524
-0.04070142499999996
-0.03431692499999883
-0.027932424999999483
-0.021547924999998358
-0.025139299999997533
-0.028730674999998485
-0.032322049999999436
-0.03591342499999861
-0.03591332499999922
-0.03591322499999983
-0.03591312499999866
-0.035913024999999266
-0.03591292499999987
-0.0335189249999992
-0.03232167500000038
-0.03112442499999979
-0.03591292499999987
-0.04070142499999996
-0.07900892499999834
-0.1173164249999985
-0.07469952499999799
-0.032082624999999254
0.010534275000001259
0.053151174999999995
0.09576807500000051
0.10175332500000067
0.10773857500000084
0.026336075000001458
-0.0550664249999997
0.12689257500000117
0.07661407500000017
0.026335575000000944
0.031124075000001028
0.03591257500000111
0.10534457500000194
0.174776575000001
0.18914157500000073
0.20350657500000047
0.18609421136363657
0.16868184772727268
0.15126948409091057
0.13385712045454667
0.11644475681818278
0.09903239318181889
0.081620029545455
0.0642076659090911
0.04679530227272899
0.029382938636365097
0.011970575000001205
0.22984307499999979
0.14844007500000167
0.09097932500000105
0.15442544999999974
0.2178715750000002
0.1843529083333344
0.1508342416666668
0.117315575000001
0.007182574999999858
0.12928657500000007
0.2513905750000003
0.20350657500000047
0.15562257500000065
0.09457057500000055
0.03351857500000044
-0.027533424999999667
-0.08858542499999977
0.12689257500000117
-0.03112442499999979
-0.045489758333333796
-0.05985509166666603
-0.07422042500000003
0.16041157500000125
0.10135457500000022
0.042297575000000975
-0.01675942500000005
-0.12449842500000052
-0.23223742499999922
0.05985457500000102
-0.07661492499999945
-0.2130844249999999
-0.15083492499999984
-0.08858542499999977
-0.01675942500000005
-0.030098567857143266
-0.04343771071428648
-0.05677685357142792
-0.07011599642857114
-0.08345513928571435
-0.09679428214285757
-0.11013342499999901
-0.12347256785714222
-0.13681171071428544
-0.15015085357142866
-0.16348999642857187
-0.1768291392857133
-0.19016828214285653
-0.20350742499999974
-0.0023944249999985345
-0.06943242499999869
-0.04549042499999878
-0.01675942500000005
-0.08858542499999977
-0.04070142499999996
-0.04549042499999878
-0.038307424999999284
-0.021548424999998872
-0.023942424999999545
-0.026336424999998442
-0.028730424999999116
-0.03112442499999979
-0.03112442499999979
-0.03112442499999979
-0.03112442499999979
-0.007182424999999881
-0.013567091666665476
-0.019951758333332847
-0.026336424999998442
-0.03112442499999979
-0.0335189249999992
-0.03591342499999861
-0.03591342499999861
-0.031125091666664773
-0.02633675833333271
-0.021548424999998872
-0.011971424999998703
-0.03112442499999979
-0.027533299999999983
-0.023942175000000177
-0.020351049999998594
-0.016759924999998788
-0.03112442499999979
-0.027932424999999483
-0.024740424999999178
-0.021548424999998872
-0.021548424999998872
-0.021548424999998872
-0.021548424999998872
-0.021548424999998872
-0.021548424999998872
-0.021548424999998872
-0.02952875833333124
-0.030326591666666403
-0.03112442499999979
-0.028251424999998775
-0.025378424999999538
-0.0225054250000003
-0.019632424999999287
-0.016759424999998274
-0.013886424999999036
-0.011013424999999799
-0.008140424999998785
-0.005267424999997772
-0.0023944249999985345
-0.021547924999998358
-0.026336424999998442
-0.031124924999998527
-0.03591342499999861
-0.037110424999999836
-0.038307424999999284
-0.03950442499999873
-0.04070142499999996
-0.04070142499999996
-0.04070142499999996
-0.0335189249999992
-0.026336424999998442
-0.026336424999998442
-0.026336424999998442
-0.026336424999998442
-0.011971424999998703
-0.016759824999999395
-0.02154822499999831
-0.026336624999999003
-0.03112502499999792
-0.03591342499999861
-0.031124924999998527
-0.026336424999998442
-0.023941925000000808
-0.030526050000000637
-0.03711017500000047
-0.0436943000000003
-0.050278425000000126
-0.03112442499999979
-0.0550664249999997
-0.049320424999999446
-0.043574424999999195
-0.037828424999998944
-0.03208242499999869
-0.026336424999998442
-0.023144091666665645
-0.019951758333332847
-0.016759424999998274
-0.013567091666665476
-0.010374758333332679
-0.007182424999999881
-0.007980758333332005
-0.008779091666665906
-0.00957742499999803
-0.04070142499999996
-0.03112442499999979
-0.03591292499999987
-0.04070142499999996
-0.04549042499999878
-0.0550664249999997
-0.0509621392857138
-0.04685785357142791
-0.042753567857142016
-0.03864928214285612
-0.03454499642857023
-0.030440710714284336
-0.026336424999998442
-0.028730674999998485
-0.031124924999998527
-0.03351917499999857
-0.03591342499999861
-0.038307424999999284
-0.04070142499999996
-0.033519424999999714
0.007182574999999858
-0.01915392499999946
-0.04549042499999878
-0.026336424999998442
-0.02553842499999881
-0.024740424999999178
-0.023942424999999545
-0.023144424999998137
-0.022346424999998504
-0.021548424999998872
-0.02633675833333271
-0.031125091666664773
-0.03591342499999861
-0.03112442499999979
-0.031124924999998527
-0.021548424999998872
-0.023942424999999545
-0.026336424999998442
-0.02663573749999948
-0.02693504999999874
-0.027234362499998
-0.027533674999999036
-0.027832987500000073
-0.028132299999999333
-0.028431612499998593
-0.02873092499999963
-0.03591342499999861
-0.03591342499999861
-0.03591342499999861
-0.04788442499999768
-0.04429292499999882
-0.04070142499999996
-0.04070142499999996
-0.04070142499999996
-0.04070142499999996
-0.04070142499999996
-0.04070142499999996
-0.04070142499999996
-0.04070142499999996
-0.04070142499999996
-0.021547924999998358
