-0.033177139285713864
-0.03044085357142734
-0.027704567857142592
-0.02496828214285607
-0.02223199642857132
-0.019495710714284797
-0.01675942500000005
-0.011971424999998703
-0.004788424999999208
-0.016759924999998788
-0.01915417499999883
-0.021548424999998872
-0.02274542499999832
-0.023942424999999545
-0.025139424999998994
-0.026336424999998442
-0.01915392499999946
-0.011971424999998703
-0.014365591666665622
-0.01675975833333254
-0.01915392499999946
-0.021548091666664604
-0.023942258333331523
-0.026336424999998442
-0.026336424999998442
-0.007182424999999881
-0.011971424999998703
-0.011971424999998703
-0.011971424999998703
0.016759575000000027
0.010374908333334432
0.00399024166666706
-0.0023944249999985345
0.002393575000001036
-0.0047889249999979455
-0.011971424999998703
-0.01915392499999946
-0.026336424999998442
-0.03591342499999861
-0.032721091666665814
-0.02952875833333124
-0.026336424999998442
-0.023144091666665645
-0.019951758333332847
-0.016759424999998274
-0.013567091666665476
-0.010374758333332679
-0.007182424999999881
-0.009576924999999292
-0.007182424999999881
-0.007182424999999881
-0.011971091666666211
-0.01675975833333254
-0.021548424999998872
-0.021548424999998872
-0.011971424999998703
-0.0023944249999985345
-0.0039904249999995756
-0.00558642499999884
-0.007182424999999881
-0.002394091666666043
0.0023942416666660193
0.007182574999999858
-0.002394425000000311
-0.011971424999998703
-0.0151637583333315
-0.018356091666666075
-0.021548424999998872
-0.021548424999998872
-0.004788424999999208
-0.0033520249999998697
-0.0019156249999987551
-0.0004792249999994169
0.0009571750000016976
0.002393575000001036
-0.0007984249999992699
-0.0039904249999995756
-0.007182424999999881
-0.010773925000000517
-0.014365424999999377
-0.01675942500000005
-0.01915392499999946
-0.021548424999998872
-0.0023944249999985345
-0.0023944249999985345
-0.0023944249999985345
-0.0023944249999985345
-0.0023944249999985345
-0.011971424999998703
-0.01356759166666599
-0.0151637583333315
-0.016759924999998788
-0.018356091666666075
-0.019952258333331585
-0.021548424999998872
-0.021548424999998872
-0.01995209166666534
-0.018355758333333583
-0.01675942500000005
0.002393575000001036
0.0007975750000017712
-0.0007984249999992699
-0.0023944249999985345
-0.014365424999999377
-0.026336424999998442
-0.007182424999999881
-0.009234710714284944
-0.011286996428571783
-0.013339282142856845
-0.015391567857141908
-0.01744385357142697
-0.01949613928571381
-0.021548424999998872
-0.007182424999999881
-0.011971424999998703
-0.011971424999998703
-0.011971424999998703
-0.011971424999998703
-0.014365674999998745
-0.016759924999998788
-0.01915417499999883
-0.021548424999998872
-0.01675942500000005
-0.01675942500000005
-0.01675942500000005
-0.01675942500000005
-0.021548424999998872
-0.01675942500000005
-0.01675942500000005
-0.010375091666666947
-0.003990758333332067
0.002393575000001036
0.002393575000001036
0.002393575000001036
-0.003591924999998497
-0.00957742499999803
-0.015562924999999339
-0.021548424999998872
-0.011971424999998703
-0.026336424999998442
-0.028730424999999116
-0.03112442499999979
-0.019153425000000723
-0.007182424999999881
-0.0076177886363630876
-0.008053152272726294
-0.008488515909091277
-0.008923879545454483
-0.009359243181817689
-0.009794606818180895
-0.010229970454544102
-0.010665334090907308
-0.01110069772727229
-0.011536061363635497
-0.011971424999998703
0.007182574999999858
-0.007182424999999881
-0.007182424999999881
-0.021548424999998872
-0.021548424999998872
-0.026336424999998442
-0.01675942500000005
-0.007182924999998619
-0.0007984249999992699
0.0055860750000018555
0.011970575000001205
0.007182241666667366
0.0023939083333335276
-0.002394425000000311
-0.007182758333332373
-0.011971091666666211
-0.01675942500000005
-0.011971424999998703
-0.01675942500000005
-0.021547924999998358
-0.026336424999998442
-0.023144091666665645
-0.019951758333332847
-0.016759424999998274
-0.013567091666665476
-0.010374758333332679
-0.007182424999999881
-0.007182424999999881
-0.007182424999999881
0.007182574999999858
0.007661374999999637
0.008140174999999417
0.008618975000000972
0.009097775000000752
0.009576575000000531
0.01005537500000031
0.01053417500000009
0.011012975000001646
0.011491775000001425
0.011970575000001205
0.0023940749999997735
-0.023941925000000808
-0.021547924999998358
-0.021548174999997727
-0.021548424999998872
-0.01915417499999883
-0.016759924999998788
-0.014365674999998745
-0.011971424999998703
-0.007182424999999881
-0.0039904249999995756
-0.0007984249999992699
0.002393575000001036
-4.249999996375209e-07
-0.002394425000000311
-0.004788424999999208
-0.007182424999999881
-0.021548424999998872
-0.011971424999998703
-0.03112442499999979
-0.028730424999999116
-0.026336424999998442
-0.026336424999998442
-0.026336424999998442
-0.026336424999998442
-0.026336424999998442
-0.021548091666664604
-0.01675975833333254
-0.011971424999998703
-0.011971424999998703
-0.0023944249999985345
-0.0023944249999985345
-0.0023944249999985345
-0.0023944249999985345
-0.007182424999999881
-0.021548424999998872
-0.016759924999998788
-0.011971424999998703
-0.011971424999998703
-0.011971424999998703
-0.011971424999998703
-0.015562674999998194
-0.01915392499999946
-0.02274517499999895
-0.026336424999998442
-0.007182424999999881
-0.01675942500000005
-0.013168174999998783
-0.009576924999999292
-0.005985674999999802
-0.0023944249999985345
-0.0023944249999985345
-4.2499999786116405e-07
0.002393575000001036
-0.0047889249999979455
-0.011971424999998703
-0.01915392499999946
-0.026336424999998442
-0.01915392499999946
-0.011971424999998703
-0.011971424999998703
-0.011971424999998703
-0.011971424999998703
-0.011971424999998703
-0.011971424999998703
-0.011971424999998703
-0.011971424999998703
-0.014365424999999377
-0.011971424999998703
-0.010056024999999025
-0.008140624999999346
-0.0062252249999978915
-0.004309824999998213
-0.0023944249999985345
-0.011971424999998703
-0.0023944249999985345
-0.001197424999999086
-4.2499999786116405e-07
0.0011965750000015873
0.002393575000001036
-0.0023944249999985345
-0.03591342499999861
-0.05985542499999852
-0.08379742499999843
-0.038307424999999284
0.007182574999999858
0.023942074999999008
0.040701574999999934
-0.002394091666666043
-0.045489758333333796
-0.08858542499999977
-0.10295042499999951
-0.02394192499999903
0.05506657500000145
-0.03591292499999987
-0.12689242499999942
-0.12449842500000052
-0.12210442499999985
-0.01915392499999946
0.08379657500000093
-0.189142425
-0.18754609166666647
-0.18594975833333294
-0.1843534249999994
-0.13551182500000003
-0.08667022499999888
-0.037828624999999505
0.011012975000001646
0.05985457500000102
-0.2130844249999999
-0.12689242499999942
0.03591257500000111
-0.022505824999999646
-0.08092422499999863
-0.1393426249999994
-0.19776102499999837
-0.25617942499999913
0.00239407500000155
-0.13886367499999785
-0.28012142499999904
-0.23798362499999826
-0.19584582499999925
-0.15370802499999847
-0.11157022499999947
-0.06943242499999869
0.040701574999999934
-0.2609684249999997
-0.03112442499999979
-0.012928624999998917
0.005267175000000179
0.023462975000001052
0.04165877500000015
0.05985457500000102
-0.24660242499999896
0.055066075000000936
-0.029528758333333016
-0.11412359166666519
-0.19871842499999914
-0.10454675833333305
-0.01037509166666517
0.08379657500000093
0.06943157500000119
0.05506657500000145
-0.016759424999998274
-0.08858542499999977
0.040701574999999934
0.002393575000001036
-0.032721091666665814
-0.06783575833333266
-0.10295042499999951
-0.07805082500000005
-0.0531512249999988
-0.028251624999999336
-0.0033520249999980933
0.021547575000001373
-0.021548424999998872
-0.03591342499999861
-0.011971424999998703
0.011970575000001205
0.03591257500000111
-0.011971424999998703
-0.04070142499999996
0.040701574999999934
0.014365075000000616
-0.011971424999998703
-0.0335189249999992
-0.0550664249999997
-0.004788424999999208
0.04548957500000128
0.03591282500000048
0.026336075000001458
0.016759325000000658
0.007182574999999858
-0.0023941749999991657
-0.011970924999999966
-0.02154767499999899
-0.03112442499999979
0.026335575000000944
-0.01915392499999946
0.010773824999999349
0.040701574999999934
7.500000087645731e-08
-0.04070142499999996
-0.002394425000000311
0.03591257500000111
0.028730075000000355
0.021547575000001373
0.007182325000000489
-0.007182924999998619
-0.021548174999997727
-0.03591342499999861
0.016759575000000027
0.011971074999999942
0.007182574999999858
0.00239407500000155
-0.0023944249999985345
-0.014365424999999377
-0.00598592499999917
0.002393575000001036
-0.0023946749999996797
-0.007182925000000395
-0.011971174999999334
-0.01675942500000005
0.03591257500000111
0.027532825000001537
0.019153075000000186
0.010773325000000611
0.002393575000001036
-0.026336424999998442
-4.2499999786116405e-07
0.026335575000000944
-0.04070142499999996
-0.04070142499999996
-0.011970924999999966
0.016759575000000027
-0.004788424999999208
-0.026336424999998442
-0.026336424999998442
-0.026336424999998442
-0.01915392499999946
-0.011971424999998703
-0.0047889249999979455
0.002393575000001036
-0.03112442499999979
-0.021548424999998872
-0.00957742499999803
0.002393575000001036
0.002393575000001036
0.002393575000001036
-0.008779091666665906
-0.019951758333332847
-0.03112442499999979
-0.007182424999999881
-0.014365424999999377
-0.021548424999998872
-0.031124924999998527
-0.04070142499999996
-0.027932424999999483
-0.015163424999999009
-0.0023944249999985345
-0.021548424999998872
-0.0151637583333315
-0.008779091666665906
-0.0023944249999985345
-0.0015964249999989022
-0.0007984249999992699
-4.2499999786116405e-07
0.0007975750000017712
0.0015955750000014035
0.002393575000001036
-0.026336424999998442
-0.009576924999999292
-0.007182424999999881
-0.009576674999999923
-0.011970924999999966
-0.014365175000000008
-0.01675942500000005
-0.01915392499999946
-0.021548424999998872
-0.020351175000000055
-0.01915392499999946
-0.017956674999998867
-0.01675942500000005
-0.007182424999999881
-0.014365424999999377
-0.007182424999999881
-0.0007980916666667781
0.005586241666668101
0.011970575000001205
0.007182200000000805
0.0023938250000004047
-0.002394549999998219
-0.007182924999998619
-0.011971299999999019
-0.016759674999997642
-0.021548049999998042
-0.026336424999998442
-0.031124924999998527
-0.03591342499999861
-0.02873092499999963
-0.023942424999999545
-0.025618324999999942
-0.02729422500000034
-0.02897012499999896
-0.030646024999999355
-0.03232192499999975
-0.03399782500000015
-0.035673725000000545
-0.037349624999999165
-0.03902552499999956
-0.04070142499999996
-0.014365424999999377
-0.023942424999999545
-0.02154809166666638
-0.019153758333333215
-0.01675942500000005
-0.03591342499999861
-0.03687102499999817
-0.037828624999999505
-0.038786224999999064
-0.0397438250000004
-0.04070142499999996
-0.04070142499999996
-0.035913024999999266
-0.03112462500000035
-0.026336224999999658
-0.021547825000000742
-0.01675942500000005
-0.04070142499999996
-0.03112442499999979
-0.030525924999999177
-0.029927424999998564
-0.029328924999999728
-0.028730424999999116
-0.028131924999998503
-0.027533424999999667
-0.026934924999999055
-0.026336424999998442
-0.021548424999998872
-0.021547924999998358
-0.03112442499999979
