-0.024753380555555538
-0.026615491666666102
-0.028477602777776667
-0.03033971388888901
-0.03220182499999957
-0.028610324999998937
-0.025018825000000078
-0.021826824999999772
-0.018634824999999466
-0.01544282499999916
-0.02023082499999873
-0.034595825000000247
-0.030765224999999674
-0.0269346249999991
-0.023104025000000306
-0.019273424999999733
-0.01544282499999916
-0.01544282499999916
-0.034595825000000247
-0.025018825000000078
-0.018634491666666975
-0.012250158333332095
-0.005865824999998992
-0.003471324999999581
-0.00107682500000017
-0.004907624999999527
-0.008738424999998884
-0.012569225000000017
-0.016400024999999374
-0.02023082499999873
-0.0298078249999989
-0.02621657499999941
-0.02262532499999992
-0.01903407499999865
-0.01544282499999916
-0.02023082499999873
-0.01544282499999916
-0.02262532499999992
-0.0298078249999989
-0.02023082499999873
-0.010653825000000339
-0.029807325000000162
-0.048960824999999986
-0.036989824999999144
-0.025018825000000078
-0.025018825000000078
-0.025018825000000078
-0.023422825000000813
-0.021826824999999772
-0.02023082499999873
-0.018634824999999466
-0.0170388250000002
-0.01544282499999916
-0.015442491666666669
-0.01065415833333283
-0.005865824999998992
-0.011611824999999243
-0.017357824999999494
-0.023103824999999745
-0.028849824999999996
-0.034595825000000247
-0.0298078249999989
-0.01544282499999916
-0.017038908333333325
-0.018634991666665712
-0.0202310749999981
-0.021827158333332264
-0.023423241666666428
-0.025019324999998815
-0.02023082499999873
-0.025018825000000078
-0.005865824999998992
-0.003471324999999581
-0.00107682500000017
-0.008259824999999665
-0.01544282499999916
-0.010654324999999076
-0.005865824999998992
-0.01065415833333283
-0.015442491666664893
-0.02023082499999873
-0.023223574999999386
-0.02621632500000004
-0.02920907499999892
-0.03220182499999957
-0.028610324999998937
-0.025018825000000078
-0.02023082499999873
-0.022624824999999404
-0.025018825000000078
-0.025018825000000078
-0.025018825000000078
-0.017836325000001096
-0.010653825000000339
-0.009969825000000654
-0.009285824999999193
-0.008601824999999508
-0.007917824999999823
-0.007233825000000138
-0.006549824999998677
-0.005865824999998992
-0.017038491666665934
-0.023423158333333305
-0.0298078249999989
-0.025019324999998815
-0.02023082499999873
-0.022624824999999404
-0.025018825000000078
-0.03220182499999957
-0.03938482499999907
-0.03220182499999957
-0.025018825000000078
-0.021826824999999772
-0.018634824999999466
-0.01544282499999916
-0.00107682500000017
-0.0042691583333329675
-0.007461491666665765
-0.010653824999998562
-0.013846158333333136
-0.017038491666665934
-0.02023082499999873
0.013288174999999569
-0.01544282499999916
-0.01663982499999861
-0.017836824999999834
-0.019033824999999283
-0.02023082499999873
-0.034595825000000247
-0.03503118863636345
-0.03546655227272666
-0.03590191590909164
-0.03633727954545485
-0.036772643181818054
-0.03720800681818126
-0.03764337045454447
-0.03807873409090767
-0.038514097727272656
-0.03894946136363586
-0.03938482499999907
-0.010653825000000339
-0.015442324999998647
-0.021826824999999772
-0.00107682500000017
-0.0031291107142852326
-0.0051813964285720715
-0.007233682142857134
-0.009285967857142197
-0.01133825357142726
-0.013390539285714098
-0.01544282499999916
-0.019033824999999283
-0.022624824999999404
-0.025018825000000078
-0.025018825000000078
-0.0298078249999989
-0.02741332499999949
-0.025018825000000078
-0.025018825000000078
-0.025018825000000078
-0.01544282499999916
-0.01544282499999916
-0.01544282499999916
-0.01544282499999916
-0.01544282499999916
-0.01544282499999916
-0.005865824999998992
-0.008259824999999665
-0.010653825000000339
-0.029807325000000162
-0.048960824999999986
-0.03938482499999907
-0.037788491666665536
-0.03619215833333378
-0.034595825000000247
-0.0298078249999989
-0.017836824999999834
-0.005865824999998992
-0.006321824999998782
-0.006777825000000348
-0.007233825000000138
-0.007689824999999928
-0.008145824999999718
-0.008601825000001284
-0.009057825000001074
-0.010653825000000339
-0.02023082499999873
-0.02023082499999873
-0.02023082499999873
-0.015442324999998647
-0.010653825000000339
-0.01304832499999975
-0.01544282499999916
-0.02262532499999992
-0.0298078249999989
-0.02714760277777728
-0.024487380555553884
-0.021827158333332264
-0.019166936111110644
-0.016506713888887248
-0.013846491666665628
-0.011186269444444008
-0.008526047222220612
-0.005865824999998992
-0.017038491666665934
-0.034595825000000247
-0.010653825000000339
-0.01304832499999975
-0.01544282499999916
-0.018634824999999466
-0.021826824999999772
-0.025018825000000078
-0.026615047222222188
-0.028211269444444298
-0.029807491666666408
-0.03140371388888852
-0.03299993611111063
-0.03459615833333274
-0.03619238055555485
-0.03778860277777696
-0.03938482499999907
-0.0298078249999989
-0.02023082499999873
-0.012250158333332095
-0.011451991666666217
-0.010653825000000339
-0.017836325000001096
-0.025018825000000078
-0.034595825000000247
-0.03140349166666745
-0.028211158333332875
-0.025018825000000078
-0.025018825000000078
-0.024220825000000445
-0.023422824999999037
-0.022624824999999404
-0.021826824999999772
-0.021028824999998363
-0.02023082499999873
-0.010653825000000339
-0.02023082499999873
-0.02741332499999949
-0.034595825000000247
-0.029807325000000162
-0.025018825000000078
-0.024334825000000393
-0.02365082499999893
-0.022966824999999247
-0.022282824999999562
-0.021598824999999877
-0.020914824999998416
-0.02023082499999873
-0.013846158333333136
-0.015974380555555
-0.018102602777776866
-0.02023082499999873
-0.021826991666666018
-0.02342315833333153
-0.025019324999998815
-0.026615491666666102
-0.028211658333331613
-0.0298078249999989
-0.025018825000000078
-0.022624824999999404
-0.020230825000000507
-0.017836824999999834
-0.025018825000000078
-0.03339857499999965
-0.04177832499999923
-0.05015807500000058
-0.058537825000000154
-0.1255758250000003
-0.11599882500000014
-0.10642182499999997
-0.0968448249999998
-0.15430582499999979
-0.01544282499999916
-0.017238449999998906
-0.01903407499999865
-0.020829699999998397
-0.02262532499999992
-0.024420949999999664
-0.02621657499999941
-0.028012199999999154
-0.0298078249999989
0.010893675000001934
0.022522675000001158
0.03415167500000216
0.04578067500000138
0.057409675000000604
0.06903867499999983
0.08066767500000083
0.09229667500000005
0.29101517500000007
0.228765675
0.22158309166666612
0.21440050833333402
0.20721792500000014
0.20003534166666626
0.19285275833333415
0.18567017500000027
0.22238150833333314
0.19471511944444408
0.16704873055555503
0.13938234166666774
0.11171595277777868
0.08404956388888962
0.05638317500000056
0.08351784166666754
0.012490008333333691
-0.058537825000000154
-0.07290307499999926
-0.08726832500000015
-0.10163357500000103
-0.11599882500000014
0.1569401750000008
0.0563836749999993
-0.044172825000000415
-0.0729028249999999
-0.22852582500000018
-0.38414882500000047
-0.1974013250000013
-0.010653825000000339
-0.07290332500000041
-0.13515282500000048
-0.11599882500000014
-0.25725657499999954
-0.39851432499999895
-0.28119844999999977
-0.1638825749999988
-0.04656669999999963
0.07074917499999955
-0.07769182499999872
0.0037111750000011767
0.08511417500000107
-0.1686710749999989
-0.42245632499999886
-0.09205682500000023
-0.09923932499999921
-0.10642182499999997
-0.02023082499999873
0.06596017500000073
-0.19261332499999995
-0.45118682499999885
-0.3434478249999984
-0.23570882499999968
-0.1279698249999992
-0.02023082499999873
-0.029807682142855896
-0.03938453928571306
-0.048961396428570225
-0.05853825357142739
-0.06811511071428455
-0.07769196785714172
-0.08726882499999888
-0.08726857499999952
-0.03299999166666545
0.021268591666666836
0.0755371750000009
-0.13994082500000005
-0.3554188249999992
0.07074917499999955
0.06436459166666708
0.05798000833333283
0.05159542500000036
0.04521084166666611
0.03882625833333364
0.03244167500000117
0.02605709166666692
0.01967250833333445
0.0132879250000002
0.006903341666667728
0.00051875833333348
-0.005865824999998992
-0.026615324999999856
-0.04736482500000072
-0.03699032499999966
0.0037109250000000316
-0.017836762499999992
-0.039384450000000015
-0.06093213750000004
-0.08247982500000006
-0.08631062499999942
-0.09014142500000055
-0.09397222499999991
-0.09780302500000104
-0.1016338250000004
0.058777674999999974
-0.2021898249999996
-0.03938482499999907
-0.07529782499999982
-0.11121082499999879
-0.0010774916666651535
0.10905584166666671
0.21918917500000035
0.006105175000000074
-0.2069788250000002
-0.17058692500000028
-0.13419502500000036
-0.09780312499999866
-0.06141122499999874
-0.025019324999998815
0.14736317500000062
-0.2309208250000001
-0.1016338250000004
0.027653175000001085
-0.044172825000000415
-0.11599882500000014
-0.001077325000000684
0.11384417500000055
0.09063886730769255
0.06743355961538455
0.044228251923076556
0.021022944230770335
-0.002182363461537662
-0.02538767115384566
-0.048592978846153656
-0.07179828653846165
-0.09500359423076965
-0.11820890192307587
-0.14141420961538387
-0.16461951730769186
-0.18782482499999986
-0.030605491666667817
0.0047753972222217556
0.04015628611111133
0.0755371750000009
-0.0968448249999998
-0.06492215833333326
-0.032999491666666714
-0.00107682500000017
-0.0729028249999999
-0.05215315833333278
-0.03140349166666745
-0.010653825000000339
0.006105675000000588
0.022865174999999738
-0.034595825000000247
-0.04177832499999923
-0.048960824999999986
-0.036989824999999144
-0.025018825000000078
0.0013171750000005034
0.027653175000001085
0.011372575000001106
-0.004908024999998872
-0.02118862499999885
-0.03746922499999883
-0.05374982499999881
-0.034595825000000247
-0.02023082499999873
-0.014644324999999014
-0.009057824999999298
-0.003471324999999581
-0.004668575000000175
-0.005865824999998992
-0.004269491666665459
-0.002673158333333703
-0.00107682500000017
0.022865174999999738
0.01382039722222217
0.004775619444444601
-0.0042691583333329675
-0.013313936111110536
-0.02235871388888988
-0.03140349166666745
-0.04044826944444502
-0.049493047222222586
-0.058537825000000154
-0.00107682500000017
-0.010653825000000339
-0.015442325000000423
-0.02023082499999873
-0.025019324999998815
-0.0298078249999989
-0.025018825000000078
-0.022624824999999404
-0.02023082499999873
-0.009057824999999298
0.0021151750000001357
0.013288174999999569
0.0037111749999994004
-0.005865824999998992
-0.02023082499999873
-0.03220182499999957
-0.044172825000000415
-0.010653825000000339
-0.007461491666667541
-0.0042691583333329675
-0.00107682500000017
-0.02023082499999873
-0.03938482499999907
-0.03579332500000021
-0.03220182499999957
-0.028610324999998937
-0.025018825000000078
-0.019033325000000545
-0.013047825000001012
-0.007062324999999703
-0.00107682500000017
-0.007461491666667541
-0.013846158333333136
-0.02023082499999873
-0.026615491666666102
-0.033000158333333474
-0.03938482499999907
-0.008738624999999445
-0.007781024999999886
-0.006823424999998551
-0.005865824999998992
-0.005865824999998992
-0.005865824999998992
-0.005865824999998992
-0.005865824999998992
-0.005865824999998992
-0.017836824999999834
-0.0298078249999989
-0.03140382499999994
-0.032999824999999205
-0.034595825000000247
-0.013846158333333136
-0.011186047222221163
-0.008525936111110965
-0.005865824999998992
-0.01304832499999975
-0.02023082499999873
-0.019033824999999283
-0.017836824999999834
-0.01663982499999861
-0.01544282499999916
-0.010653825000000339
-0.025018825000000078
-0.029807325000000162
-0.034595825000000247
-0.017836325000001096
-0.00107682500000017
-0.010653825000000339
-0.015442324999998647
-0.02023082499999873
-0.018634824999999466
-0.017038824999998425
-0.01544282499999916
-0.01544282499999916
-0.01544282499999916
-0.01544282499999916
-0.01544282499999916
-0.01544282499999916
-0.01544282499999916
-0.005865824999998992
-0.006823424999998551
-0.007781024999999886
-0.008738624999999445
-0.00969622500000078
-0.010653825000000339
-0.01544282499999916
-0.0298078249999989
-0.02023082499999873
-0.025019324999998815
-0.0298078249999989
-0.02900965833333302
-0.028211491666665367
-0.02741332499999949
-0.02661515833333361
-0.025816991666665956
-0.025018825000000078
0.0013171750000005034
-0.007461491666665765
-0.01624015833333381
-0.025018825000000078
-0.025018825000000078
-0.02214582500000084
-0.019272824999999827
-0.01639982500000059
-0.013526824999999576
-0.010653825000000339
-0.00107682500000017
-0.010653825000000339
-0.02023082499999873
-0.0298078249999989
-0.0330001583333317
-0.03619249166666627
-0.03938482499999907
-0.025019324999998815
-0.010653825000000339
-0.017836824999999834
-0.01544282499999916
-0.03220182499999957
-0.048960824999999986
-0.005865824999998992
-0.009457074999998483
-0.01304832499999975
-0.01663957499999924
-0.02023082499999873
-0.019273224999999172
-0.018315624999999613
-0.01735802499999828
-0.01640042499999872
-0.01544282499999916
-0.005865824999998992
-0.01544282499999916
-0.0298078249999989
