0.005027819999999905
-0.004548980000000036
-0.014125780000000088
-0.007741246666666757
-0.0013567133333334258
0.005027819999999905
0.0031124599999998726
0.001197099999999951
-0.0007182600000000816
-0.002633620000000003
-0.004548980000000036
0.002633619999999892
0.00023941999999987917
0.00023941999999987917
0.002633619999999892
0.005027819999999905
-0.002154780000000134
-0.009337380000000062
-0.005506660000000108
-0.0016759400000000424
0.0021547799999999118
0.005985499999999977
0.009816219999999931
0.009816219999999931
-0.004548980000000036
-0.009337380000000062
-0.002154780000000134
0.005027819999999905
0.002633619999999892
0.00023941999999987917
0.007422019999999918
0.014604619999999957
0.005027819999999905
-0.004548980000000036
-0.014125780000000088
-0.010534480000000124
-0.00694318000000016
-0.003351880000000085
0.00023941999999987917
0.00023941999999987917
-0.009337380000000062
-0.018914180000000114
-0.018914180000000114
-0.018914180000000114
-0.018914180000000114
-0.018914180000000114
0.005027819999999905
0.014604619999999957
0.0002394199999999902
-0.014125780000000088
0.0002394199999999902
0.014604619999999957
0.013407519999999895
0.012210419999999944
0.011013319999999993
0.009816219999999931
0.008619119999999869
0.007422019999999918
0.006224919999999967
0.005027819999999905
-0.009337380000000062
0.002633619999999892
0.014604619999999957
0.00023941999999987917
0.009816219999999931
-0.018914180000000114
-0.004548980000000036
0.00023941999999987917
-0.0009576800000000718
-0.002154780000000134
-0.003351880000000085
-0.004548980000000036
0.00023941999999987917
-0.004548980000000036
-0.006943180000000049
-0.009337380000000062
0.00023941999999987917
0.005027819999999905
0.009816219999999931
0.014604619999999957
0.014604619999999957
0.014604619999999957
0.005027820000000016
-0.004548980000000036
-0.003351880000000085
-0.002154780000000134
-0.0009576800000000718
0.00023941999999987917
-0.004548980000000036
0.005027820000000016
0.014604619999999957
0.011412353333333236
0.008220086666666626
0.005027819999999905
0.004628786666666551
0.004229753333333197
0.003830719999999843
0.0034316866666666
0.003032653333333246
0.002633619999999892
0.002234586666666538
0.0018355533333331842
0.0014365199999999412
0.0010374866666665872
0.0006384533333332332
0.00023941999999987917
0.003830719999999843
0.007422019999999918
0.0014365199999999412
-0.004548980000000036
-0.004548980000000036
0.005027819999999905
-0.004548980000000036
0.005027819999999905
-0.009337380000000062
-0.014125780000000088
0.005027819999999905
-0.018914180000000114
-0.013168100000000127
-0.00742202000000014
-0.0016759400000000424
0.004070139999999944
0.009816219999999931
-0.014125780000000088
-0.015721913333333393
-0.01731804666666681
-0.018914180000000114
0.009816219999999931
0.002633619999999892
0.0014365199999999412
0.00023941999999987917
-0.002154780000000134
-0.004548980000000036
-0.004548980000000036
-0.004548980000000036
-0.004548980000000036
-0.004548980000000036
-0.004548980000000036
-0.004548980000000036
-0.014125780000000088
0.005027819999999905
0.005027819999999905
0.005027819999999905
-0.004548980000000036
-0.002154780000000134
0.00023941999999987917
-0.004548980000000036
-0.0013567133333334258
0.0018355533333332952
0.005027819999999905
-0.02370258000000003
-0.014125780000000088
-0.004548980000000036
0.005027819999999905
0.005027819999999905
0.005027819999999905
0.007422019999999918
0.009816219999999931
0.007422019999999918
0.005027819999999905
-0.004548980000000036
0.0002394199999999902
0.005027819999999905
-0.002154780000000134
-0.009337380000000062
-0.004548980000000036
0.00023941999999987917
-0.0009576800000000718
-0.002154780000000134
-0.003351880000000085
-0.004548980000000036
0.002633619999999892
0.009816219999999931
0.007422019999999918
0.005027819999999905
0.002633619999999892
0.00023941999999987917
0.009816219999999931
0.007422019999999918
0.005027819999999905
-0.004548980000000036
-0.004548980000000036
-0.004548980000000036
-0.004548980000000036
-0.004548980000000036
-0.004548980000000036
-0.004548980000000036
-0.006943180000000049
-0.009337380000000062
0.005027819999999905
-0.018914180000000114
-0.0165199800000001
-0.014125780000000088
-0.011731580000000075
-0.009337380000000062
0.007422019999999918
0.0014365199999999412
-0.004548980000000036
0.00023941999999987917
0.005027819999999905
0.009816219999999931
0.014604619999999957
0.009018153333333334
0.0034316866666666
-0.002154780000000134
-0.007741246666666757
-0.01332771333333338
-0.018914180000000114
0.00023941999999987917
-0.002154780000000134
0.014604619999999957
0.008220086666666626
0.0018355533333332952
-0.004548980000000036
-0.004548980000000036
-0.004548980000000036
-0.004548980000000036
-0.004548980000000036
-0.004548980000000036
-0.004548980000000036
-0.004548980000000036
-0.004548980000000036
-0.004548980000000036
-0.006943180000000049
-0.0003591300000000963
0.006224919999999967
0.01280897000000003
0.019393019999999983
0.0002394199999999902
0.005027819999999905
0.002633619999999892
0.0002394199999999902
-0.002154780000000023
-0.004548980000000036
0.0002394199999999902
0.005027819999999905
0.009816219999999931
-0.004548980000000036
-0.018914180000000114
-0.012529646666666783
-0.006145113333333452
0.00023941999999987917
-0.004548980000000036
-0.003864922857142905
-0.0031808657142857744
-0.0024968085714286437
-0.001812751428571513
-0.0011286942857143822
-0.00044463714285725153
0.00023941999999987917
0.005027820000000016
0.003431686666666711
0.0018355533333332952
0.0002394199999999902
0.009816219999999931
-0.004548980000000036
-0.018914180000000114
-0.01233012500000008
-0.0057460700000000475
0.0008379849999998745
0.007422039999999908
0.01400609499999994
0.020590149999999863
0.027174204999999896
0.03375825999999993
-0.02370258000000003
-0.01651997999999999
-0.009337380000000062
-0.002154780000000134
0.005027819999999905
-0.002154780000000134
0.024181419999999898
0.01651997999999988
0.00885853999999986
0.001197099999999951
-0.006464340000000068
-0.014125780000000088
0.009816219999999931
0.0034316866666666
-0.014125780000000088
0.0002394199999999902
0.014604619999999957
0.00861911999999998
0.002633619999999892
-0.003351880000000085
-0.009337380000000062
-0.0013567133333334258
0.006623953333333321
0.014604619999999957
0.0026336049999999833
-0.009337410000000101
-0.021308425000000075
-0.03327944000000005
0.002633609999999953
0.006823462499999988
0.011013315000000024
0.015203167499999948
0.019393019999999983
-0.004548980000000036
-0.007741246666666646
-0.010933513333333367
-0.014125780000000088
-0.017318046666666698
-0.020510313333333308
-0.02370258000000003
0.024181419999999898
0.008220086666666626
-0.007741246666666757
-0.02370258000000003
0.014604619999999846
-0.018914180000000114
0.03375825999999993
0.005027839999999895
-0.02370258000000003
-0.004548980000000036
0.014604619999999957
0.01580172000000002
0.01699881999999997
0.01819591999999992
0.019393019999999983
-0.004548980000000036
0.0002394199999999902
0.005027820000000016
0.009816219999999931
0.014604619999999957
0.00981621399999999
0.0050278079999999115
0.00023940199999994416
-0.004549004000000134
-0.009337410000000101
-0.004548980000000036
0.038546659999999955
0.021787249999999925
0.005027839999999895
-0.011731570000000024
-0.028490980000000055
0.00023941999999987917
0.009816219999999931
0.005027819999999905
0.0002394199999999902
-0.004548980000000036
-0.009337380000000062
-0.014125780000000088
-0.018914180000000114
-0.02370258000000003
-0.028490980000000055
0.007422019999999918
-0.002154780000000134
-0.015322880000000039
-0.028490980000000055
-0.014125780000000088
0.0002394199999999902
0.014604619999999957
0.005027819999999905
0.002899642222222165
0.0007714644444443142
-0.0013567133333334258
-0.003484891111111166
-0.005613068888889017
-0.007741246666666757
-0.009869424444444497
-0.011997602222222348
-0.014125780000000088
0.009816219999999931
0.005027819999999905
-0.009337380000000062
-0.009337380000000062
-0.009337380000000062
-0.009337380000000062
-0.014125780000000088
-0.011731580000000075
-0.009337380000000062
-0.00395043000000006
0.0014365199999999412
0.006823469999999943
0.012210419999999944
-0.003351880000000085
-0.018914180000000114
0.024181419999999898
0.01699881999999997
0.009816219999999931
0.002633619999999892
-0.004548980000000036
-0.006943180000000049
-0.009337380000000062
-0.006464340000000068
-0.003591300000000075
-0.0007182600000000816
0.0021547799999999118
0.005027819999999905
-0.004548980000000036
-0.002154780000000023
0.00023941999999987917
0.002633619999999892
0.0002394199999999902
0.0002394199999999902
0.00023941999999987917
0.00023941999999987917
-0.018914180000000114
-0.010135440000000107
-0.0013567000000000995
0.007422039999999908
0.016200779999999915
0.024979519999999922
0.03375825999999993
0.013008513333333305
-0.0077412333333334304
-0.028490980000000055
0.01699881999999997
-0.01771710500000001
-0.05243303000000005
0.028969819999999924
0.016200753333333262
0.0034316866666666
-0.009337380000000062
-0.014125780000000088
0.007422019999999918
0.028969819999999924
0.008220066666666637
-0.012529686666666762
-0.03327944000000005
-0.014125820000000067
0.005027799999999916
0.024181419999999898
-0.014125780000000088
-0.01771708000000005
-0.021308380000000016
-0.02489968000000009
-0.028490980000000055
0.0002394199999999902
0.014604619999999957
0.008220086666666626
0.0018355533333332952
-0.004548980000000036
-0.005027820000000016
-0.0055066599999999966
-0.005985500000000088
-0.006464340000000068
-0.006943180000000049
-0.007422020000000029
-0.00790086000000001
-0.008379700000000101
-0.008858540000000081
-0.009337380000000062
0.009816219999999931
0.00023941999999987917
-0.004548980000000036
0.00023941999999987917
-0.009337380000000062
0.0002394199999999902
0.009816219999999931
0.002633619999999892
-0.004548980000000036
0.002633619999999892
0.009816219999999931
0.008220086666666626
0.00662395333333321
0.005027819999999905
0.002633619999999892
0.0002394199999999902
-0.002154780000000023
-0.004548980000000036
-0.004548980000000036
-0.003351880000000085
-0.002154780000000023
-0.0009576800000000718
0.0002394199999999902
0.0014365199999999412
0.002633619999999892
0.003830719999999954
0.005027819999999905
0.006224919999999967
0.007422019999999918
0.00861911999999998
0.009816219999999931
-0.009337380000000062
-0.0013567133333334258
0.005027820000000016
0.0014365199999999412
-0.002154780000000023
-0.005746079999999987
-0.009337380000000062
-0.005746080000000098
-0.002154780000000134
0.0014365199999999412
0.005027819999999905
-0.002154780000000134
-0.009337380000000062
0.024181419999999898
0.007422019999999918
0.011412353333333236
0.015402686666666665
0.019393019999999983
0.013646939999999996
0.00790086000000001
0.0021547799999999118
-0.003591300000000075
-0.009337380000000062
-0.008379700000000101
-0.007422020000000029
-0.006464340000000068
-0.0055066599999999966
-0.004548980000000036
-0.014125780000000088
0.00023941999999987917
0.00023941999999987917
0.00023941999999987917
0.00023941999999987917
0.00023941999999987917
0.00023941999999987917
0.00023941999999987917
0.00023941999999987917
0.005027819999999905
-0.006943180000000049
0.00023941999999987917
0.00023941999999987917
0.007422019999999918
0.014604619999999957
0.008220086666666626
0.0018355533333332952
-0.004548980000000036
0.009816219999999931
0.003830719999999954
