0.0034316866666666
0.00023941999999987917
0.003830719999999843
0.007422019999999918
0.011013319999999993
0.014604619999999957
0.009816219999999931
0.009816219999999931
0.005027819999999905
0.00023941999999987917
-0.002154780000000134
-0.004548980000000036
-0.006943180000000049
-0.009337380000000062
-0.009337380000000062
-0.009337380000000062
-0.009337380000000062
-0.009337380000000062
-0.009337380000000062
-0.009337380000000062
-0.009337380000000062
-0.009337380000000062
-0.004548980000000036
0.00023941999999987917
0.014604619999999957
0.00023941999999987917
0.005027819999999905
0.005027819999999905
0.005027819999999905
0.005027819999999905
0.005027819999999905
0.005027819999999905
0.005027819999999905
-0.004548980000000036
0.005027819999999905
0.008220086666666626
0.011412353333333236
0.014604619999999957
0.005027819999999905
0.005027819999999905
-0.0013567133333334258
-0.007741246666666757
-0.014125780000000088
-0.004548980000000036
-0.004548980000000036
-0.004548980000000036
-0.004548980000000036
-0.004548980000000036
-0.004548980000000036
-0.006943180000000049
-0.009337380000000062
-0.004548980000000036
0.00023941999999987917
0.005027819999999905
-0.009337380000000062
-0.007741246666666757
-0.006145113333333341
-0.004548980000000036
-0.002154780000000134
0.00023941999999987917
-0.009337380000000062
-0.002154780000000134
0.005027819999999905
-0.00694318000000016
-0.018914180000000114
-0.004548980000000036
0.009816219999999931
0.0063959342857141666
0.002975648571428513
-0.00044463714285725153
-0.003864922857142905
-0.00728520857142867
-0.010705494285714323
-0.014125780000000088
-0.002154780000000134
0.009816219999999931
0.005027819999999905
-0.009337380000000062
-0.004548980000000036
0.00023941999999987917
-0.009337380000000062
-0.004548980000000036
0.00023941999999987917
-0.0007182600000000816
-0.0016759400000000424
-0.002633620000000114
-0.003591300000000075
-0.004548980000000036
0.0002394199999999902
0.005027819999999905
-0.004548980000000036
0.014604619999999957
0.005027819999999905
0.005027819999999905
0.005027819999999905
0.005027819999999905
0.003830719999999843
0.002633619999999892
0.0014365199999999412
0.00023941999999987917
0.014604619999999957
0.010773900000000003
0.006943179999999938
0.0031124599999999836
-0.0007182600000000816
-0.004548980000000036
-0.009337380000000062
-0.014125780000000088
-0.004548980000000036
0.005027819999999905
0.004070139999999944
0.0031124599999998726
0.0021547799999999118
0.00119709999999984
0.00023941999999987917
-0.002154780000000134
-0.004548980000000036
-0.006943180000000049
-0.009337380000000062
0.0002394199999999902
0.009816219999999931
0.007422019999999918
0.005027819999999905
0.0002394199999999902
-0.004548980000000036
-0.004548980000000036
-0.004548980000000036
0.002633619999999892
0.009816219999999931
0.024181419999999898
0.014604619999999846
0.005027819999999905
-0.002154780000000134
-0.009337380000000062
-0.009337380000000062
0.0002394199999999902
0.009816219999999931
0.002633619999999892
-0.004548980000000036
-0.002154780000000134
0.00023941999999987917
0.0002394199999999902
0.0002394199999999902
0.0018355533333332952
0.0034316866666666
0.005027819999999905
0.004592510909090852
0.004157201818181688
0.0037218927272726354
0.0032865836363635825
0.0028512745454544186
0.0024159654545453657
0.001980656363636202
0.0015453472727271489
0.001110038181818096
0.0006747290909089321
0.00023941999999987917
0.00023941999999987917
0.009816219999999931
0.005027819999999905
0.005027819999999905
-0.004548980000000036
0.009816219999999931
-0.004548980000000036
0.00023941999999987917
0.024181419999999898
0.014604619999999957
0.005027819999999905
-0.004548980000000036
0.0002394199999999902
0.005027819999999905
0.005027819999999905
0.005027819999999905
0.0018355533333332952
-0.0013567133333334258
-0.004548980000000036
-0.014125780000000088
-0.00694318000000016
0.00023941999999987917
-0.004548980000000036
-0.003351880000000085
-0.002154780000000134
-0.0009576800000000718
0.00023941999999987917
0.019393019999999983
0.017796886666666678
0.016200753333333262
0.014604619999999957
-0.004548980000000036
-0.014125780000000088
-0.011731580000000075
-0.009337380000000062
-0.006943180000000049
-0.004548980000000036
-0.002154780000000134
0.00023941999999987917
0.002633619999999892
0.005027819999999905
0.005027819999999905
0.005027819999999905
-0.004548980000000036
-0.004548980000000036
-0.004548980000000036
-0.004548980000000036
-0.004548980000000036
-0.004548980000000036
-0.004548980000000036
-0.009337380000000062
0.009816219999999931
-0.004548980000000036
-0.002154780000000134
0.00023941999999987917
0.00023941999999987917
0.00023941999999987917
-0.002154780000000134
-0.004548980000000036
-0.002952846666666731
-0.0013567133333334258
0.00023941999999987917
-0.002154780000000134
-0.004548980000000036
-0.004548980000000036
-0.004548980000000036
-0.004548980000000036
-0.004548980000000036
-0.004548980000000036
-0.014125780000000088
-0.002154780000000134
-0.0017557466666667798
-0.0013567133333334258
-0.0009576800000001828
-0.0005586466666668288
-0.00015961333333347483
0.00023941999999987917
-0.014125780000000088
0.00023941999999987917
-0.028490980000000055
-0.023170535555555594
-0.017850091111111133
-0.012529646666666672
-0.007209202222222211
-0.0018887577777778608
0.0034316866666666
0.008752131111111061
0.014072575555555522
0.019393019999999983
0.00023941999999987917
0.04333505999999998
0.005027809999999966
-0.03327944000000005
0.038546659999999955
-0.04764464000000013
0.028969819999999924
-0.0428562400000001
0.005027819999999905
0.002633619999999892
0.00023941999999987917
-0.002154780000000134
-0.004548980000000036
-0.006943180000000049
-0.009337380000000062
-0.011731580000000075
-0.014125780000000088
-0.014125780000000088
-0.014125780000000088
0.024181419999999898
-0.018914180000000114
0.04333505999999998
-0.04764464000000013
0.048123459999999896
0.028012161999999896
0.007900863999999896
-0.012210434000000103
-0.0323217320000001
-0.05243303000000005
-0.02968810750000006
-0.006943185000000018
0.015801737499999913
0.038546659999999955
0.01779691333333333
-0.0029528333333334045
-0.02370258000000003
-0.015721913333333393
-0.007741246666666757
0.00023941999999987917
0.0002394199999999902
0.0002394199999999902
0.038546659999999955
-0.018914210000000042
0.009816219999999931
0.0031124599999999836
-0.003591300000000075
-0.010295060000000023
-0.01699882000000008
-0.02370258000000003
0.028969819999999924
-0.009337380000000062
0.014604619999999957
0.00885853999999997
0.0031124599999999836
-0.002633620000000114
-0.008379700000000101
-0.014125780000000088
0.019393019999999983
0.01580172000000002
0.012210419999999944
0.00861911999999998
0.005027820000000016
0.0014365199999999412
-0.002154780000000023
-0.005746080000000098
-0.009337380000000062
0.009816219999999931
0.019393019999999983
0.008220086666666626
-0.002952846666666731
0.019393019999999983
-0.004548980000000036
-0.028490980000000055
0.019393019999999983
-0.009337380000000062
-0.002952846666666731
0.0034316866666666
0.009816219999999931
-0.004548980000000036
-0.006943180000000049
-0.009337380000000062
-0.004548980000000036
0.00023941999999987917
-0.002154780000000134
-0.004548980000000036
-0.0013567133333334258
0.0018355533333332952
0.005027819999999905
-0.009337380000000062
-0.005917094285714297
-0.0024968085714286437
0.0009234771428571209
0.0043437628571427744
0.007764048571428539
0.011184334285714193
0.014604619999999957
0.005027819999999905
-0.011731580000000075
-0.028490980000000055
-0.0077412333333334304
0.013008513333333305
0.03375825999999993
0.02418145199999988
0.014604643999999944
0.005027835999999897
-0.00454897200000004
-0.014125780000000088
0.014604619999999957
0.009816219999999931
0.006224919999999967
0.002633619999999892
-0.0009576800000000718
-0.004548980000000036
-0.006943180000000049
0.005027819999999905
0.0018355533333332952
-0.0013567133333334258
-0.004548980000000036
-0.006943180000000049
-0.009337380000000062
-0.004548980000000036
0.00023941999999987917
0.005027819999999905
-0.009337380000000062
0.009816219999999931
0.011412353333333236
0.013008486666666652
0.014604619999999957
0.008220086666666626
0.0018355533333332952
-0.004548980000000036
-0.018914180000000114
0.00023941999999987917
-0.0013567133333334258
-0.002952846666666731
-0.004548980000000036
-0.004229753333333419
-0.003910526666666692
-0.003591300000000075
-0.0032720733333333474
-0.002952846666666731
-0.002633620000000114
-0.0023143933333333866
-0.00199516666666677
-0.0016759400000000424
-0.0013567133333334258
-0.0010374866666668092
-0.0007182600000000816
-0.000399033333333465
-7.980666666673741e-05
0.00023941999999987917
0.019393019999999983
0.010614276666666589
0.0018355333333333057
-0.0069432099999999775
-0.01572195333333337
-0.024500696666666766
-0.03327944000000005
0.019393019999999983
-0.004548980000000036
0.0002394199999999902
-0.02370258000000003
0.024181419999999898
-0.014125780000000088
0.014604619999999957
-0.004548980000000036
0.014604619999999957
-0.002154780000000134
0.019393019999999983
-0.014125780000000088
-0.01233013000000005
-0.010534480000000124
-0.008738830000000086
-0.00694318000000016
-0.005147530000000122
-0.003351880000000085
-0.0015562300000001583
0.00023941999999987917
0.009816219999999931
0.005027819999999905
-0.004548980000000036
-0.014125780000000088
0.005027819999999905
0.0002394199999999902
-0.004548980000000036
-0.0013567133333334258
0.0018355533333332952
0.005027819999999905
-0.002154780000000134
-0.009337380000000062
-0.002154780000000134
0.005027819999999905
0.0010374866666665872
-0.002952846666666731
-0.00694318000000016
-0.010933513333333478
-0.014923846666666796
-0.018914180000000114
0.009816219999999931
0.0002394199999999902
0.019393019999999983
0.014604619999999957
0.009816219999999931
0.005027819999999905
0.00023941999999987917
0.00023941999999987917
0.00023941999999987917
0.00023941999999987917
0.00023941999999987917
-0.009337380000000062
0.009816219999999931
0.009816219999999931
0.005027819999999905
0.00023941999999987917
-0.0013567133333334258
-0.002952846666666731
-0.004548980000000036
-0.002952846666666731
-0.0013567133333333148
0.0002394199999999902
0.0002394199999999902
0.0002394199999999902
0.0002394199999999902
0.0002394199999999902
0.0002394199999999902
0.00023941999999987917
0.00023941999999987917
0.00023941999999987917
0.00023941999999987917
0.00023941999999987917
0.009816219999999931
-0.002154780000000134
-0.0009576800000001828
0.00023941999999987917
0.009816219999999931
0.007422019999999918
0.005027819999999905
0.002633619999999892
0.00023941999999987917
-0.014125780000000088
-0.004548980000000036
-0.004548980000000036
-0.002952846666666731
-0.0013567133333334258
0.00023941999999987917
0.002633619999999892
0.005027819999999905
0.005027819999999905
0.005027819999999905
0.005027819999999905
0.005027819999999905
0.0034316866666666
0.0018355533333331842
0.00023941999999987917
0.002633619999999892
