-0.003591299999999964
-0.005985499999999977
-0.00837969999999999
-0.004788400000000026
-0.001197100000000062
0.002394200000000013
0.005985499999999977
0.015562300000000029
0.014764233333333321
0.013966166666666724
0.013168100000000016
0.012370033333333308
0.011571966666666711
0.010773900000000003
0.005985499999999977
-0.00837969999999999
0.001197099999999951
0.00837969999999999
0.015562300000000029
0.005985499999999977
0.005985499999999977
0.005985499999999977
0.005985499999999977
0.005985499999999977
0.003591299999999964
0.001197099999999951
-0.003591299999999964
0.001197100000000062
0.005985499999999977
0.013168100000000016
0.020350700000000055
0.015562300000000029
0.010773900000000003
0.007581633333333282
0.004389366666666672
0.001197099999999951
0.002793233333333256
0.004389366666666672
0.005985499999999977
0.00837969999999999
0.010773900000000003
0.013168100000000016
0.015562300000000029
0.005985499999999977
-0.005985500000000088
0.007182600000000039
0.020350700000000055
0.01875456666666675
0.017158433333333334
0.015562300000000029
0.010773900000000003
0.009177766666666698
0.007581633333333282
0.005985499999999977
0.004389366666666672
0.002793233333333256
0.001197099999999951
0.00837969999999999
0.015562300000000029
0.012370033333333308
0.009177766666666698
0.005985499999999977
0.005985499999999977
0.001197100000000062
-0.003591299999999964
0.003591299999999964
0.010773900000000003
0.010773900000000003
0.010773900000000003
0.00837969999999999
0.005985499999999977
0.003591299999999964
0.001197099999999951
0.005985499999999977
0.00837969999999999
0.010773900000000003
-0.003591299999999964
0.010773900000000003
0.015562300000000029
0.020350700000000055
0.013168100000000016
0.005985499999999977
0.001197099999999951
-0.003591299999999964
-0.00837969999999999
-0.007422020000000029
-0.006464339999999957
-0.0055066599999999966
-0.004548979999999925
-0.003591299999999964
0.0
0.003591299999999964
0.010773900000000003
0.009709811111111133
0.008645722222222263
0.007581633333333282
0.006517544444444412
0.005453455555555542
0.004389366666666672
0.003325277777777691
0.002261188888888821
0.001197099999999951
0.013168100000000016
0.02513909999999997
0.013168100000000016
0.001197099999999951
0.001197099999999951
0.001197099999999951
0.001197099999999951
0.001197099999999951
0.00837969999999999
0.015562300000000029
0.005985500000000088
-0.003591299999999964
-0.003591299999999964
0.005985499999999977
0.013168100000000016
0.020350700000000055
0.01651997999999999
0.012689260000000036
0.00885853999999997
0.005027820000000016
0.001197099999999951
-0.00837969999999999
-0.003591299999999964
0.001197099999999951
-0.001197100000000062
-0.003591299999999964
-0.003591299999999964
0.005985499999999977
0.010773900000000003
0.015562300000000029
0.010773900000000003
0.005985499999999977
0.006943179999999938
0.00790086000000001
0.00885853999999997
0.009816220000000042
0.010773900000000003
0.001197099999999951
0.020350700000000055
0.013168100000000016
0.005985499999999977
0.015562300000000029
0.012370033333333308
0.009177766666666698
0.005985499999999977
0.001197099999999951
0.003591299999999964
0.005985499999999977
0.003591299999999964
0.001197099999999951
0.000399033333333354
-0.000399033333333354
-0.001197100000000062
-0.001995166666666659
-0.002793233333333256
-0.003591299999999964
-0.003591299999999964
-0.00837969999999999
0.010773900000000003
-0.00837969999999999
-0.001197100000000062
0.005985499999999977
0.003591299999999964
0.001197099999999951
0.001197099999999951
0.001197099999999951
0.002394200000000013
0.003591299999999964
0.004788399999999915
0.005985499999999977
0.003591299999999964
0.001197099999999951
-0.00837969999999999
-0.001995166666666659
0.004389366666666672
0.010773900000000003
0.007581633333333282
0.004389366666666672
0.001197099999999951
-0.003591299999999964
0.003591299999999964
0.010773900000000003
0.010089842857142872
0.009405785714285742
0.00872172857142861
0.008037671428571369
0.007353614285714238
0.006669557142857108
0.005985499999999977
0.005301442857142846
0.0046173857142857155
0.003933328571428585
0.003249271428571343
0.0025652142857142124
0.0018811571428570817
0.001197099999999951
0.005985499999999977
0.010773900000000003
0.005985499999999977
0.010773900000000003
-0.003591299999999964
-0.001197100000000062
0.001197099999999951
0.010773900000000003
-0.003591299999999964
-0.003591299999999964
0.010773900000000003
0.007581633333333282
0.004389366666666672
0.001197099999999951
0.005985499999999977
0.005985499999999977
0.005985499999999977
0.005586466666666623
0.005187433333333269
0.004788399999999915
0.004389366666666672
0.003990333333333318
0.003591299999999964
0.00319226666666661
0.002793233333333256
0.002394200000000013
0.001995166666666659
0.001596133333333305
0.001197099999999951
0.010773900000000003
-0.013168100000000016
0.005985499999999977
0.001197099999999951
0.010773900000000003
0.001197099999999951
0.015562300000000029
-0.003591299999999964
-0.003591299999999964
-0.003591299999999964
-0.003591299999999964
-0.003591299999999964
0.005985499999999977
0.00837969999999999
0.010773900000000003
0.00837969999999999
0.005985499999999977
-0.003591299999999964
-0.013168100000000016
0.010773900000000003
0.007581633333333282
0.004389366666666672
0.001197099999999951
0.015562300000000029
0.013434122222222289
0.011305944444444438
0.009177766666666698
0.007049588888888958
0.004921411111111107
0.002793233333333367
0.000665055555555627
-0.001463122222222224
-0.003591299999999964
-0.005985499999999977
-0.00837969999999999
-0.003591299999999964
0.020350700000000055
0.022744900000000068
0.02513909999999997
-0.027533299999999983
-0.013168100000000016
0.001197100000000062
0.015562300000000029
0.029927499999999996
0.027054460000000002
0.02418142000000001
0.021308380000000016
0.018435340000000022
0.015562300000000029
0.005985499999999977
0.03471594
-0.03711016
-0.0035913300000000037
0.029927499999999996
0.029927499999999996
0.010773900000000003
-0.00837969999999999
-0.007182600000000039
-0.005985499999999977
-0.004788399999999915
-0.003591299999999964
-0.010773900000000003
-0.002394200000000013
0.005985499999999977
0.008539316000000019
0.01109313199999995
0.013646947999999992
0.016200764000000034
0.018754579999999965
0.021308396000000007
0.02386221200000005
0.02641602799999998
0.028969844000000022
0.031523660000000064
0.034077475999999995
0.03663129200000004
0.03918510800000008
0.04173892400000001
0.04429274000000005
0.012370043333333358
-0.019552653333333336
-0.051475349999999975
0.02513909999999997
0.005985499999999977
0.005985496666666701
-0.00837969999999999
0.053869539999999994
0.0035912900000000247
-0.046686960000000055
-0.003591299999999964
-0.003591299999999964
-0.003591299999999964
-0.003591299999999964
-0.003591299999999964
-0.003591299999999964
0.04429274000000005
-0.05626375
-0.0011971050000000316
0.053869539999999994
-0.05626375
-0.0059855049999999466
0.04429274000000005
0.022744919999999946
0.001197099999999951
-0.00837969999999999
-0.017956500000000042
-0.027533299999999983
0.029927499999999996
0.010773900000000003
-0.00837969999999999
-0.027533299999999983
0.010773900000000003
0.010773900000000003
0.010773900000000003
0.010773900000000003
-0.022744899999999957
-0.00837969999999999
0.005985499999999977
0.010374870000000036
0.014764239999999984
0.019153609999999932
0.02354297999999999
0.02793235000000005
0.03232172
0.036711089999999946
0.041100460000000005
0.045489830000000064
0.04987920000000001
0.05426856999999996
0.05865794000000002
-0.07541735
0.02513911999999996
-0.013168100000000016
0.005985499999999977
0.02513909999999997
-0.00837973000000003
-0.04189856000000003
0.05865794000000002
0.03591301499999999
0.013168090000000077
-0.00957683499999995
-0.03232175999999998
-0.006783593333333338
0.018754573333333413
0.04429274000000005
-0.003591299999999964
0.015562300000000029
0.013766649999999991
0.011971000000000065
0.010175350000000027
0.00837969999999999
-0.017956500000000042
0.00837971999999998
0.03471594
0.01795651999999992
0.001197099999999951
0.0029927499999999885
0.004788399999999915
0.0065840499999999524
0.00837969999999999
0.010175350000000027
0.011971000000000065
0.013766649999999991
0.015562300000000029
0.005985499999999977
-0.0035913300000000037
0.013168084999999996
0.029927499999999996
0.00837969999999999
-0.013168100000000016
0.003591299999999964
0.020350700000000055
-0.001197099999999951
-0.022744899999999957
-0.00837969999999999
0.005985500000000088
0.020350700000000055
-0.003591299999999964
-0.003591299999999964
-0.003591299999999964
0.001197099999999951
-0.001197100000000062
-0.003591299999999964
-0.003591299999999964
-0.003591299999999964
0.001197100000000062
0.005985499999999977
0.005985499999999977
0.005985499999999977
0.005985499999999977
0.005985499999999977
0.005985499999999977
0.005985499999999977
0.02513909999999997
0.005985499999999977
-0.013168100000000016
-0.005985500000000088
0.001197099999999951
0.003591299999999964
0.005985499999999977
0.013168100000000016
0.020350700000000055
0.005985500000000088
-0.00837969999999999
0.010773900000000003
0.005985499999999977
0.001197100000000062
-0.003591299999999964
-0.00837969999999999
-0.003591299999999964
0.015562300000000029
0.005985500000000088
-0.003591299999999964
0.001197100000000062
0.005985499999999977
0.003591299999999964
0.001197099999999951
0.005985499999999977
0.010773900000000003
0.015562300000000029
0.00837969999999999
0.001197099999999951
0.001197099999999951
0.0002394199999999902
-0.0007182599999999706
-0.0016759400000000424
-0.002633620000000003
-0.003591299999999964
0.005985499999999977
0.005985499999999977
0.005985499999999977
-0.003591299999999964
0.020350700000000055
0.00837969999999999
-0.003591299999999964
-0.015562299999999918
-0.027533299999999983
-0.019552633333333347
-0.0115719666666666
-0.003591299999999964
-0.003591299999999964
-0.003591299999999964
-0.003591299999999964
0.020350700000000055
0.010773900000000003
0.001197100000000062
-0.00837969999999999
-0.003591299999999964
0.001197100000000062
0.005985499999999977
0.010773900000000003
0.015562300000000029
0.013646939999999996
0.011731579999999964
0.009816220000000042
0.00790086000000001
0.005985499999999977
-0.00837969999999999
-0.006464339999999957
-0.004548980000000036
-0.002633620000000003
-0.0007182600000000816
0.001197099999999951
0.001197099999999951
0.005985500000000088
0.010773900000000003
0.005985499999999977
0.001197100000000062
-0.003591299999999964
-0.003591299999999964
-0.003591299999999964
0.0002394199999999902
0.004070140000000055
0.00790086000000001
0.011731580000000075
0.015562300000000029
-0.003591299999999964
0.010773900000000003
0.00790086000000001
0.005027820000000016
0.002154780000000023
-0.0007182599999999706
-0.003591299999999964
0.001197100000000062
0.005985499999999977
0.00837969999999999
0.010773900000000003
0.00837969999999999
0.005985499999999977
0.007182600000000039
0.00837969999999999
0.009576799999999941
0.010773900000000003
0.007581633333333282
0.004389366666666672
0.001197099999999951
0.005985499999999977
0.004389366666666672
0.002793233333333256
0.001197099999999951
0.005985499999999977
0.010773900000000003
0.015562300000000029
0.005985499999999977
0.005985499999999977
0.004959414285714225
0.003933328571428585
0.0029072428571428333
0.0018811571428570817
0.0008550714285714411
-0.00017101428571431043
-0.001197100000000062
-0.0022231857142857026
