-0.00598550199999992
-0.007182601999999927
-0.007182601999999927
-0.007182601999999927
-0.003591301999999963
-1.999999943436137e-09
-0.0023942019999999564
-0.0023942019999999564
-0.0023942019999999564
-0.0023942019999999564
-0.0023942019999999564
-0.0023942019999999564
-0.007182601999999927
-0.0058144877142856655
-0.0044463734285713485
-0.003078259142857087
-0.0017101448571427702
-0.0003420305714285088
0.0010260837142858081
0.0023941980000000695
-0.0023942019999999564
0.01197100800000006
0.008379703000000072
0.004788398000000027
-0.00119710199999995
-0.007182601999999927
-0.005586468666666622
-0.003990335333333261
-0.0023942019999999564
-1.999999943436137e-09
0.0023941980000000695
0.0023941980000000695
0.0023941980000000695
0.0023941980000000695
0.0023941980000000695
-1.999999943436137e-09
-0.0023942019999999564
-0.004788401999999914
-0.007182601999999927
-0.007182601999999927
-0.007182601999999927
-0.007182601999999927
-0.007182601999999927
-0.007182601999999927
-0.007182611999999977
-0.007182609499999992
-0.007182606999999952
-0.007182604499999912
-0.007182601999999927
0.0023941980000000695
0.0023941980000000695
0.0023941980000000695
0.0023941980000000695
0.0023941980000000695
0.00718259800000004
-0.00047884599999997723
-0.008140289999999939
-0.015801733999999956
-0.023463177999999918
-0.031124621999999935
-0.011970981999999963
-0.0071825869999999625
-0.0023941919999999617
0.002394203000000039
0.00718259800000004
0.0023941980000000695
0.021547818000000052
0.01675941800000008
-0.007182601999999927
-0.02154782199999994
-0.01675941533333325
-0.011971008666666616
-0.007182601999999927
0.026336218000000078
0.02154781133333339
0.016759404666666755
0.011970998000000066
0.014365208000000074
0.01675941800000008
0.00718260800000009
-0.0023942019999999564
0.001197098000000063
0.004788398000000027
0.008379698000000046
0.011970998000000066
0.0023941980000000695
-0.05985504199999997
-0.01835554533333328
0.023143951333333357
0.06464344800000005
0.035913018000000074
0.01675940800000003
-0.0023942019999999564
-0.016759411999999918
-0.031124621999999935
-0.03351882199999995
-0.03591302199999996
-0.027704330571428515
-0.019495639142857124
-0.011286947714285678
-0.0030782562857142315
0.005130435142857215
0.013339126571428606
0.021547818000000052
0.019951684666666747
0.018355551333333386
0.01675941800000008
0.01675941800000008
0.01675941800000008
-0.01675942199999997
-0.014365201999999966
-0.011970981999999963
0.00718259800000004
0.01197100800000006
0.01675941800000008
0.00718259800000004
-0.0023941919999999617
-0.011970981999999963
0.00718259800000004
0.00718259800000004
0.00718259800000004
0.004788398000000027
0.0023941980000000695
0.00718259800000004
-1.999999943436137e-09
-0.007182601999999927
-0.011970981999999963
-0.007182591999999988
-0.0023942019999999564
0.00718260800000009
0.01675941800000008
0.01675941800000008
0.01675941800000008
0.01675941800000008
0.01675941800000008
0.01675941800000008
0.01675941800000008
0.01675941800000008
-0.011970981999999963
-0.008379683666666637
-0.004788385333333256
-0.00119708699999993
0.002394211333333396
0.005985509666666777
0.009576808000000103
0.0023941980000000695
-0.004788401999999914
-0.004189851999999938
-0.003591301999999963
-0.002992751999999932
-0.0023942019999999564
0.01675941800000008
0.011971014000000058
0.007182610000000089
0.0023942060000000653
-0.002394197999999903
-0.007182601999999927
0.0071826180000000295
-0.01675942199999997
-0.01675942199999997
-0.010374881999999974
-0.0039903419999999246
0.0023941980000000695
-0.007182601999999927
-0.007182601999999927
-0.007182601999999927
-0.007182601999999927
-0.007182601999999927
-0.0043095619999999335
-0.0014365219999999401
0.0014365180000000533
0.004309558000000047
0.00718259800000004
0.0023941980000000695
0.00718259800000004
0.009576798000000053
0.011970998000000066
-0.002394211999999951
-0.01675942199999997
-0.013886377999999977
-0.011013333999999986
-0.008140289999999939
-0.005267245999999948
-0.0023942019999999564
-0.007182591999999988
-0.011970981999999963
-0.0023942019999999564
0.002394198000000014
0.00718259800000004
0.026336218000000078
0.009576808000000103
-0.007182601999999927
-0.02154782199999994
-0.007182611999999977
0.00718259800000004
0.00159612800000003
-0.00399034199999998
-0.00957681199999999
-0.015163281999999945
-0.020749751999999955
-0.026336221999999965
0.011970998000000066
-0.011970981999999963
-0.010374851999999934
-0.008778721999999961
-0.007182591999999988
-0.005586461999999959
-0.00399033199999993
-0.0023942019999999564
-0.011970981999999963
-0.002394201999999901
0.00718259800000004
-0.011970981999999963
-0.0035912819999999734
0.0047884180000000165
0.013168118000000062
0.021547818000000052
0.009576808000000048
-0.0023942019999999564
0.01675941800000008
0.011971011333333392
0.007182604666666759
0.0023941980000000695
-0.0007980686666665959
-0.003990335333333261
-0.007182601999999927
0.011970998000000066
-0.01675942199999997
-0.00957681199999999
-0.0023942019999999564
-0.007182591999999988
-0.011970981999999963
-0.009576786999999976
-0.007182591999999988
-0.004788396999999944
-0.0023942019999999564
0.0023941980000000695
0.00718259800000004
0.011970998000000066
0.0023941980000000695
-0.007182601999999927
-0.007182601999999927
-0.007182601999999927
-0.007182601999999927
-0.007182601999999927
-0.007182601999999927
0.0023941980000000695
-0.011970981999999963
-0.007182591999999988
-0.0023942019999999564
0.00718259800000004
-0.02154782199999994
-0.01735796949999996
-0.013168116999999924
-0.008978264499999944
-0.004788411999999964
-0.0005985594999999289
0.003591293000000051
0.007781145500000086
0.011970998000000066
0.00718259800000004
-0.004788391999999975
-0.02154782199999994
-0.0023942019999999564
0.002394203000000039
0.00718260800000009
0.011971013000000086
0.01675941800000008
0.01675941800000008
0.01675941800000008
0.01675941800000008
0.01675941800000008
-0.011970981999999963
-0.007182601999999927
0.0023941980000000695
0.01675941800000008
0.035913018000000074
-1.999999943436137e-09
-0.03591302199999996
-0.003591299499999978
0.02873042300000006
0.061052145500000043
0.09337386800000005
0.05985504600000005
0.026336224000000075
-0.007182597999999929
-0.04070141999999993
-0.07422024199999994
0.08379705800000006
-0.08379706199999992
0.05985504800000005
-0.05985504199999997
0.05985504800000005
3.000000026176508e-09
-0.05985504199999997
-0.041659109999999944
-0.023463177999999973
-0.005267245999999948
0.012928686000000023
0.03112461800000005
-0.04070142199999993
0.021547818000000052
-0.026336221999999965
-0.026336221999999965
-0.026336221999999965
-0.026336221999999965
-0.026336221999999965
-0.026336221999999965
-0.026336221999999965
-0.026336221999999965
0.0023941980000000695
-0.031124621999999935
-0.06464344199999994
0.00718259800000004
-0.09816226199999994
0.04548981800000007
-0.14125791199999993
-0.0997584136666666
-0.05825891533333327
-0.016759416999999943
0.024740081333333386
0.06623957966666671
0.10773907800000004
-0.17477673199999993
-0.002394206999999926
0.16998831800000005
-0.16998833199999996
0.21787235200000005
-0.17477673199999993
-0.14085887408333325
-0.10694101616666662
-0.07302315824999994
-0.039105300333333315
-0.005187442416666632
0.02873041550000005
0.0626482734166667
0.09656613133333336
0.13048398925000004
0.16440184716666667
0.19831970508333335
0.23223756300000004
-0.17956513199999996
0.25139117800000005
0.03830723300000005
-0.11252748199999996
0.19393033800000004
-0.11731588199999993
0.11252747800000004
-0.09337386199999992
-0.06943184866666657
-0.045489835333333284
-0.02154782199999994
-0.02537854199999995
-0.029209261999999958
-0.03303998199999991
-0.03687070199999992
-0.04070142199999993
-0.06145116866666661
-0.08220091533333329
-0.10295066199999997
0.026336218000000078
-0.023942011999999957
-0.05506663599999995
-0.08619125999999994
-0.11731588399999998
-0.14844050799999997
-0.17956513199999996
0.19393033800000004
-0.16998833199999996
0.03830722100000006
0.24660277400000005
0.11412361200000007
-0.018355549999999943
-0.15083471199999993
0.27054479000000003
-0.14125791199999993
0.21787235200000005
0.055066635000000086
-0.10773908199999993
-0.07422025824999995
-0.04070143449999991
-0.007182610749999929
0.026336213000000053
0.059855036750000035
0.09337386050000004
0.12689268425000005
0.16041150800000006
0.07062894300000006
-0.019153621999999926
-0.08858546199999995
-0.028730421999999922
-0.08858546199999995
-0.04548983199999995
-0.0023942019999999564
-0.02920925799999996
-0.056024313999999964
-0.08283936999999991
-0.10965442599999992
-0.13646948199999992
0.07900865800000006
-0.17477673199999993
-0.08060479533333326
0.013567141333333421
0.10773907800000004
-0.14604631199999996
0.22744916800000003
0.031124633000000068
-0.16519990199999995
-0.0391052836666666
0.0869893346666667
0.21308395300000005
0.17477672688888893
0.1364695007777778
0.09816227466666672
0.059855048555555596
0.021547822444444475
-0.016759403666666617
-0.055066629777777765
-0.09337385588888886
-0.13168108199999995
0.23702596800000006
-0.0007980603333332947
0.25139117800000005
0.04788403300000005
-0.15562311199999995
-0.10893617899999997
-0.06224924599999998
-0.015562312999999939
0.031124620000000047
0.07781155300000003
0.12449848600000007
0.17118541900000006
0.21787235200000005
-0.14125791199999993
0.004788403000000052
0.00718259800000004
0.02154780925000005
0.03591302050000006
0.05027823175000007
0.06464344300000005
0.07900865425000006
0.09337386550000004
0.10773907675000005
0.12210428800000006
-0.16041150199999993
-0.021547811999999944
-0.004788404499999954
0.011971003000000036
0.02873041050000008
0.04548981800000007
-0.02633621199999997
-0.032082297999999954
-0.03782838399999994
-0.043574469999999976
-0.04932055599999996
-0.05506664199999994
-0.02394202199999995
0.00718259800000004
-0.05985504199999997
0.05985504800000005
0.04070143425000006
0.021547820500000037
0.002394206750000072
-0.01675940699999995
-0.03591302074999991
-0.055066634499999934
-0.0742202482499999
-0.09337386199999992
0.07422025800000007
-0.016759411999999918
-0.00877874199999995
-0.0007980719999999275
0.00718259800000004
-0.02154782199999994
-0.008140293999999937
0.005267234000000065
0.018674762000000067
0.03208229000000007
0.04548981800000007
-0.007182601999999927
0.026336218000000078
0.012928690000000076
-0.00047883799999992593
-0.013886365999999928
-0.02729389399999993
-0.04070142199999993
-0.002394201999999901
0.026336218000000078
-0.01675942199999997
0.026336218000000078
0.0071826180000000295
-0.011970981999999963
0.0047884180000000165
0.021547818000000052
0.010374884666666695
-0.0007980486666666065
-0.011970981999999963
0.026336218000000078
0.0071826180000000295
-0.011970981999999963
-0.00897823449999996
-0.005985486999999956
-0.0029927394999999524
8.000000051300304e-09
0.002992755500000055
0.005985503000000059
0.008978250500000062
0.011970998000000066
0.003990338000000038
-0.003990321999999935
-0.011970981999999963
-0.011971011999999948
-0.009576810333333297
-0.00718260866666659
-0.004788406999999939
-0.002394205333333288
-3.6666665814699684e-09
0.0023941980000000695
0.00718259800000004
0.002394198000000014
-0.0023942019999999564
-0.007182591999999988
-0.007182601999999927
-0.005586468666666622
-0.003990335333333261
-0.002394201999999901
-0.0007980686666665959
0.0007980646666667091
0.0023941980000000695
-0.014365211999999905
-0.016160864499999927
-0.01795651699999995
-0.019752169499999916
-0.02154782199999994
-0.004788411999999964
0.011970998000000066
0.005985498000000089
-1.999999943436137e-09
-0.0023942019999999564
-0.00047884199999997934
0.0014365180000000533
0.0033518780000000303
0.005267238000000063
0.00718259800000004
0.011970998000000066
0.00718259800000004
0.0023941980000000695
-0.002394201999999901
-0.007182601999999927
0.011970998000000066
0.011970998000000066
0.0023941980000000695
-0.007182601999999927
0.021547818000000052
0.00718260800000009
-0.007182601999999927
0.026336218000000078
0.004788398000000027
-0.01675942199999997
-0.01197101533333328
-0.0071826086666666455
-0.0023942019999999564
-0.007182601999999927
-0.00568622574999994
-0.004189849499999954
-0.0026934732499999114
-0.0011970969999999248
0.00029927925000006184
0.001795655500000104
0.0032920317500000906
0.004788408000000077
0.006284784250000064
0.0077811605000000506
0.009277536750000093
0.01077391300000008
0.012270289250000066
0.013766665500000108
0.015263041750000095
0.01675941800000008
-0.0023942019999999564
-0.011970981999999963
-0.014365201999999966
-0.01675942199999997
0.0023941980000000695
-0.0023942019999999564
0.011970998000000066
0.00718259800000004
-0.007182601999999927
-0.011970981999999963
-0.0023942019999999564
0.004788398000000027
0.011970998000000066
-0.011970981999999963
0.00718259800000004
0.0023941980000000695
0.00718259800000004
-0.0023942019999999564
-0.0023942019999999564
-0.0023942019999999564
