-0.016519999000000007
-0.013646955000000016
-0.01077391099999997
-0.007900866999999978
-0.005027822999999987
-0.005027822999999987
-0.005027822999999987
-0.005027822999999987
0.01891419700000002
0.011731587000000043
0.01891419700000002
0.011731586999999988
0.00454897700000001
0.0021547769999999966
-0.00023942299999996086
0.004548981000000063
0.009337385000000031
0.014125789000000055
0.018914193000000024
0.023702597000000047
0.014125797000000051
0.014125797000000051
0.014125797000000051
0.014125797000000051
0.014125797000000051
0.014125797000000051
0.014125797000000051
0.014125797000000051
-0.00023942299999996086
-0.00023942299999996086
0.009337377000000036
0.006943177000000023
-0.005027822999999987
-0.00023941799999999125
0.00454898700000006
0.009337392000000055
0.014125797000000051
-0.005027822999999987
-0.0029756501428571114
-0.0009234772857142914
0.001128695571428584
0.0031808684285714595
0.005233041285714335
0.007285214142857155
0.00933738700000003
0.011389559857142906
0.013441732714285726
0.015493905571428601
0.017546078428571477
0.019598251285714352
0.021650424142857172
0.023702597000000047
0.016519987000000014
0.009337377000000036
-0.005027822999999987
-0.00023942299999996086
0.018914197000000077
0.00454897700000001
0.009337377000000036
0.014125797000000051
-0.00023942300000001637
-0.00023942299999996086
0.01891419700000002
0.00933738700000003
-0.00023942299999996086
0.002154777000000052
0.00454897700000001
0.006943177000000023
0.009337377000000036
0.009337377000000036
0.00454897700000001
0.00454897700000001
0.00454897700000001
-0.00023942300000001637
-0.005027822999999987
-0.002633622999999974
-0.00023942299999996086
0.014125797000000051
0.012529657000000027
0.01093351700000006
0.009337377000000036
0.00614511033333337
0.0029528436666667046
-0.00023942299999996086
-0.00023942299999996086
0.00933738700000003
0.01891419700000002
0.014125787
0.009337377000000036
0.00454897700000001
-0.00023942299999996086
0.014125797000000051
0.014125797000000051
0.014125797000000051
0.009337390333333362
0.004548983666666728
-0.00023942299999996086
0.0021547769999999966
0.00454897700000001
0.009337377000000036
0.009337377000000036
0.009337377000000036
0.009337377000000036
0.009337377000000036
-0.00023942299999996086
-0.00023942299999996086
-0.00023942299999996086
0.00933738700000003
0.01891419700000002
-0.005027822999999987
-0.00023942300000001637
0.00454897700000001
0.00454897700000001
0.00454897700000001
0.005506657000000026
0.006464337000000042
0.007422017000000003
0.00837969700000002
0.009337377000000036
0.023702597000000047
0.016519987000000014
0.009337377000000036
0.007741243666666675
0.00614511033333337
0.00454897700000001
0.014125797000000051
0.014125797000000051
0.014125797000000051
0.014125797000000051
-0.005027822999999987
-0.004229756333333334
-0.0034316896666666263
-0.002633622999999974
-0.0018355563333333214
-0.0010374896666666134
-0.00023942299999996086
0.009337377000000036
0.009337377000000036
0.009337377000000036
0.009337377000000036
0.009337377000000036
0.00837969700000002
0.007422017000000003
0.006464337000000042
0.005506657000000026
0.00454897700000001
0.0021547769999999966
-0.005027822999999987
0.009337377000000036
0.012529650333333364
0.015721923666666693
0.01891419700000002
0.009337377000000036
-0.00023942299999996086
-0.002633622999999974
-0.005027822999999987
0.0021547769999999966
0.009337377000000036
0.00614511033333337
0.0029528436666667046
-0.00023942299999996086
0.009337377000000036
0.00614511033333337
0.0029528436666667046
-0.00023942299999996086
0.00454897700000001
0.00454897700000001
0.00454897700000001
0.00454897700000001
0.0029528436666667046
0.0013567103333333441
-0.00023942299999996086
0.00454897700000001
0.014125797000000051
0.011731587000000043
0.009337377000000036
0.00454897700000001
-0.00023942299999996086
-0.002633622999999974
-0.005027822999999987
-0.002291591571428553
0.0004446398571428811
0.003180871285714315
0.005917102714285749
0.008653334142857183
0.011389565571428617
0.014125797000000051
0.009337377000000036
0.014125787
0.00454897700000001
0.006943177000000023
0.009337377000000036
0.010933513666666728
0.012529650333333364
0.014125787
0.015721923666666693
0.017318060333333385
0.01891419700000002
0.01891419700000002
0.009337377000000036
0.007741243666666675
0.00614511033333337
0.00454897700000001
0.00523303414285714
0.0059170912857143265
0.006601148428571457
0.007285205571428588
0.007969262714285719
0.008653319857142905
0.009337377000000036
0.00454897700000001
0.006943177000000023
-0.014604602999999994
-0.011992748454545454
-0.009380893909090915
-0.00676903936363632
-0.0041571848181817805
-0.001545330272727241
0.0010665242727272983
0.0036783788181818378
0.006290233363636377
0.008902087909090972
0.011513942454545512
0.014125797000000051
-0.014604602999999994
0.014125797000000051
0.018914187000000027
0.023702586999999997
-0.028969842999999995
-0.016200764666666645
-0.0034316863333332948
0.009337392000000055
0.02210647033333335
0.0348755486666667
0.04764462700000005
-0.014604602999999994
-0.00023939699999997455
0.01412580899999999
0.02849101500000001
0.04285622100000003
0.05722142700000002
-0.019393043
0.006943177000000023
0.028490997000000018
-0.002633622999999974
0.009337377000000036
0.00454897700000001
-0.00023942299999996086
0.005746082000000041
0.011731587000000043
0.017717092000000045
0.023702597000000047
-0.019393043
-0.01699883699999999
-0.014604630999999979
-0.012210425000000025
-0.009816219000000015
-0.007422013000000005
0.06200982700000002
0.03998316900000004
0.01795651100000001
-0.004070146999999968
-0.026096805
-0.04812346299999998
0.033279397000000044
0.00933738700000003
-0.0034316896666666263
-0.01620076633333334
-0.028969842999999995
0.006145117000000033
0.041260077000000006
0.07637503700000003
-0.009816237999999977
-0.02178724049999997
-0.033758242999999966
0.0029528503333333678
0.0396639436666667
0.07637503700000003
0.021308397000000034
-0.033758242999999966
-0.025139118999999988
-0.016519994999999954
-0.007900870999999976
0.0007182530000000575
0.009337377000000036
-0.019393043
0.023702597000000047
0.014125797000000051
-0.009816222999999957
-0.033758242999999966
0.033279397000000044
-0.0074220329999999946
-0.04812346299999998
0.009337377000000036
0.06679821700000002
0.039264902000000046
0.011731587000000043
-0.01580172799999996
-0.04333504299999996
-0.026917660142857125
-0.010500277285714232
0.005917105571428605
0.022334488428571442
0.038751871285714334
0.05516925414285717
0.07158663700000004
-0.013008489666666623
0.08595184700000003
-0.02418144299999997
-0.0074220329999999946
0.009337377000000036
0.00614511033333337
0.0029528436666667046
-0.00023942299999996086
-0.0034316896666666263
-0.006623956333333292
-0.009816222999999957
0.0007182610000000533
0.011252745000000064
0.021787229000000075
0.03232171300000003
0.04285619700000004
0.0021547820000000217
-0.06727706299999997
0.08595184700000003
0.02609680200000003
-0.033758242999999966
0.009337392000000055
0.05243302700000002
0.034875543666666675
0.017318060333333385
-0.00023942299999996086
-0.009816222999999957
0.02130840200000006
0.05243302700000002
-0.0026336179999999487
-0.057700262999999974
-0.0074220329999999946
0.04285619700000004
0.011731577000000049
-0.019393043
-0.01221043300000002
-0.005027822999999987
0.023702602000000017
0.05243302700000002
0.0045489920000000295
-0.04333504299999996
-0.00023942299999996086
0.04285619700000004
0.02529872366666669
0.007741250333333394
-0.009816222999999957
-0.009816222999999957
-0.009816222999999957
0.05243302700000002
0.015721930333333356
-0.02098916633333331
-0.057700262999999974
-0.02418144299999997
0.009337377000000036
0.04285619700000004
0.014125797000000051
0.004548989000000059
-0.005027818999999933
-0.014604626999999981
-0.024181434999999973
-0.033758242999999966
0.016519987000000014
0.06679821700000002
-0.02896984299999994
0.08595184700000003
0.05243301950000001
0.018914191999999996
-0.014604635499999963
-0.04812346299999998
0.009337377000000036
0.038067797000000014
-0.028969842999999995
-0.024979506333333346
-0.02098916966666664
-0.01699883299999999
-0.013008496333333341
-0.009018159666666636
-0.005027822999999987
-0.0010374863333333373
0.0029528503333333678
0.006943187000000017
0.010933523666666667
0.014923860333333372
0.01891419700000002
0.028490997000000018
-0.019393043
0.023702597000000047
-0.009816233000000008
0.023702597000000047
-0.005027822999999987
-0.00023941966666662928
0.004548983666666673
0.00933738700000003
0.014125790333333388
0.01891419366666669
0.023702597000000047
0.021992452714285737
0.020282308428571483
0.018572164142857173
0.016862019857142863
0.015151875571428552
0.013441731285714298
0.011731586999999988
0.00933738700000003
0.002952857000000031
0.01891419700000002
0.011731586999999988
0.00454897700000001
0.007741250333333338
0.010933523666666722
0.014125797000000051
0.014125797000000051
0.014125797000000051
0.014125797000000051
0.014125797000000051
0.014125797000000051
0.00933738700000003
0.00454897700000001
0.005613068111111119
0.006677159222222229
0.007741250333333338
0.008805341444444448
0.009869432555555613
0.010933523666666722
0.011997614777777832
0.013061705888888941
0.014125797000000051
0.008140287000000024
0.0021547769999999966
0.00454897700000001
0.028490997000000018
0.014125797000000051
0.013327727000000067
0.012529657000000027
0.011731587000000043
0.01093351700000006
0.01013544700000002
0.009337377000000036
0.011731587000000043
0.014125797000000051
0.010135457000000014
0.006145117000000033
0.0021547769999999966
0.00454897700000001
0.006943177000000023
0.007741243666666675
0.008539310333333383
0.009337377000000036
0.014125797000000051
0.00454898700000006
-0.005027822999999987
0.00454897700000001
-0.00023942300000001637
-0.005027822999999987
-0.005027822999999987
-0.005027822999999987
-0.002975651571428539
-0.0009234801428571471
0.0011286912857143006
0.003180862714285748
0.005233034142857196
0.007285205571428588
0.009337377000000036
0.00454897700000001
0.005746077000000016
0.006943177000000023
0.008140277000000029
0.009337377000000036
0.00454897700000001
0.015721923666666693
0.013061699222222223
0.010401474777777808
0.007741250333333394
0.005081025888888924
0.0024208014444444537
-0.00023942299999996086
0.009337377000000036
0.012210421000000027
0.015083465000000018
0.017956509000000065
0.020829553000000056
0.023702597000000047
0.00454897700000001
-0.00023942299999996086
0.009337377000000036
0.008539310333333383
0.007741243666666675
0.006943177000000023
0.00614511033333337
0.005347043666666662
0.00454897700000001
0.007741250333333338
0.010933523666666722
0.014125797000000051
0.00454898700000006
