-0.006943176499999981
-0.016519981500000003
-0.004548976499999996
0.007422028500000011
0.007422028500000011
0.007422028500000011
0.007422028500000011
0.007422028500000011
0.007422028500000011
0.007422028500000011
-0.002154791500000003
0.002633628499999985
0.005027828499999998
0.007422028500000011
0.005027828499999998
0.0026336285000000126
0.005027828499999998
0.007422028500000011
0.016998838500000002
0.012210433500000006
0.007422028500000011
0.006889984055555576
0.006357939611111113
0.005825895166666678
0.005293850722222243
0.00476180627777778
0.004229761833333345
0.0036977173888889103
0.0031656729444444476
0.0026336285000000126
0.012210433500000006
0.009816228500000024
0.013407533500000013
0.016998838500000002
0.012210428500000009
0.012210428500000009
0.012210428500000009
0.010614295166666676
0.009018161833333344
0.007422028500000011
0.0083797085
0.009337388500000016
0.010295068500000004
0.01125274850000002
0.012210428500000009
-0.002154791500000003
-0.006943181500000006
0.0026336285000000126
0.012210428500000009
0.007422028500000011
0.0026336285000000126
0.0026336285000000126
0.0026336285000000126
0.0014365272500000137
0.0002394260000000148
-0.0009576752499999841
-0.0021547765000000108
-0.0033518777500000096
-0.0045489790000000085
-0.0057460802500000074
-0.006943181500000006
0.0026336285000000126
0.007422023499999986
0.007422028500000011
0.007422028500000011
0.007422028500000011
0.007422028500000011
0.005825895166666678
0.004229761833333345
0.0026336285000000126
-0.011731581500000005
-0.008539313166666673
-0.005347044833333342
-0.0021547765000000108
0.0010374918333333483
0.0042297601666666795
0.007422028500000011
0.007422028500000011
0.005027828499999998
0.0026336285000000126
0.009816233499999993
0.016998838500000002
0.012210433500000006
0.007422028500000011
0.007422028500000011
0.007422028500000011
0.007422028500000011
0.0058258918333333465
0.004229755166666682
0.00263361849999999
0.0010374818333333258
-0.0005586548333333385
-0.002154791500000003
0.00263361849999999
0.016998838500000002
0.013806568500000005
0.010614298500000008
0.007422028500000011
0.007422028500000011
0.007422028500000011
0.007422028500000011
-0.0021547765000000108
-0.011731581500000005
-0.006943186500000004
-0.002154791500000003
-0.0011971074999999887
-0.00023942350000000223
0.000718260500000012
0.0016759444999999984
0.0026336285000000126
0.0026336285000000126
-0.006943181500000006
0.007422028500000011
0.016998833500000005
0.0265756385
0.01460463350000002
0.0026336285000000126
0.0026336285000000126
0.0026336285000000126
0.005027828499999998
0.007422028500000011
0.007422028500000011
0.007422028500000011
0.007422028500000011
0.007422028500000011
0.007422028500000011
0.007422028500000011
0.007422028500000011
0.007422028500000011
0.007422028500000011
0.005027828499999998
0.00263361849999999
0.0026336285000000126
0.00023941850000000486
-0.002154791500000003
0.00023941850000000486
0.0026336285000000126
0.004001742785714302
0.005369857071428591
0.00673797135714288
0.008106085642857142
0.00947419992857143
0.01084231421428572
0.012210428500000009
-0.0021547765000000108
-0.002154791500000003
-0.002154791500000003
0.00263361849999999
0.007422028500000011
0.00023942350000000223
-0.006943181500000006
-0.0021547765000000108
0.0026336285000000126
0.0026336285000000126
0.0026336285000000126
0.0026336285000000126
-0.002154791500000003
-0.0029528564999999896
-0.003750921500000004
-0.0045489865000000185
-0.005347051500000005
-0.006145116499999992
-0.006943181500000006
0.007422028500000011
-0.006943181500000006
0.002633623500000015
0.012210428500000009
0.009816228500000024
0.007422028500000011
0.00023942350000000223
-0.006943181500000006
-0.0063446327499999955
-0.005746084000000012
-0.0051475352500000016
-0.0045489865000000185
-0.003950437750000008
-0.003351888999999997
-0.0027533402500000137
-0.002154791500000003
0.0026336285000000126
0.007422028500000011
0.0265756385
0.0217872385
0.020590138499999994
0.019393038500000015
0.01819593850000001
0.016998838500000002
0.007422028500000011
0.006053911357142866
0.004685794214285721
0.0033176770714285764
0.0019495599285714316
0.0005814427857142868
-0.000786674357142858
-0.002154791500000003
0.005027828499999998
0.012210433500000006
0.0026336285000000126
0.004229761833333345
0.005825895166666678
0.007422028500000011
0.007422028500000011
0.007422028500000011
0.007422028500000011
0.007422028500000011
0.006464348500000022
0.005506668500000006
0.004548988500000017
0.003591308500000001
0.0026336285000000126
0.007422028500000011
0.012210428500000009
0.005027818500000003
-0.002154791500000003
0.007422023499999986
0.016998838500000002
0.012210433500000006
0.007422028500000011
0.009816228500000024
0.012210428500000009
0.011013328500000003
0.009816228500000024
0.008619128500000017
0.007422028500000011
0.006224928500000004
0.005027828499999998
0.003830728500000019
0.0026336285000000126
0.012210428500000009
-0.0037509215000000318
0.004229753499999989
0.012210428500000009
0.009018161833333344
0.005825895166666678
0.0026336285000000126
-0.004548976499999996
-0.011731581500000005
-0.006943178166666675
-0.002154774833333317
0.0026336285000000126
-0.026096811499999983
-0.004548986499999991
0.016998838500000002
-0.0021547714999999856
-0.021308381499999973
-0.002154791500000003
0.009816223499999999
0.0217872385
0.016998833500000005
0.012210428500000009
0.012210428500000009
0.012210428500000009
0.012210428500000009
0.03615244849999999
0.03806781049999999
0.0399831725
0.0418985345
0.043813896500000005
0.04572925850000001
-0.03567361149999998
0.03615244849999999
-0.03088521150000001
-0.028491011499999996
-0.026096811499999983
-0.040462011500000006
-0.05482721149999997
-0.006943181500000006
0.04094084849999999
-0.0021547814999999804
-0.045250411499999976
-0.024500661499999965
-0.0037509114999999815
0.016998838500000002
0.02466028249999999
0.03232172650000001
0.0399831705
0.047644614500000015
0.055306058500000005
0.03136404849999999
0.0372165396111111
0.043069030722222235
0.04892152183333334
0.0018355551666666692
-0.045250411499999976
-0.0021547814999999804
0.04094084849999999
0.031364042071428566
0.021787235642857117
0.012210429214285695
0.0026336227857142736
-0.006943183642857176
-0.016519990071428625
-0.02609679650000002
-0.023702596500000006
-0.03926490399999999
-0.05482721149999997
-0.040462011500000006
-0.026096811499999983
-0.01412580149999998
-0.002154791500000003
0.0313640385
0.0648828685
0.05325388992857141
0.04162491135714286
0.029995932785714274
0.01836695421428572
0.006737975642857136
-0.00489100292857142
-0.016519981500000003
0.03136404849999999
0.04094084349999999
0.0026336285000000126
0.010614298500000008
0.018594968500000003
0.0265756385
0.05291185850000002
0.07924807850000001
0.06009446564285717
0.0409408527857143
0.021787239928571456
0.0026336270714286125
-0.016519985785714286
-0.035673598642857074
-0.05482721149999997
0.016998838500000002
0.016998838500000002
0.016998838500000002
0.016998838500000002
0.016998838500000002
0.039344718500000014
0.0616905985
0.08403647850000001
0.06435081961111111
0.044665160722222236
0.024979501833333362
0.00529384294444446
-0.014391815944444442
-0.03407747483333329
-0.05376313372222219
-0.07344879261111109
-0.09313445149999999
0.016998838500000002
0.0648828685
0.027533320500000014
-0.009816227499999997
-0.04716577550000001
-0.08451532349999996
-0.12186487149999997
-0.06759629816666662
-0.013327724833333332
0.04094084849999999
-0.005347048166666674
0.05211379183333334
-0.11228805149999999
-0.0763750265
-0.04046200150000001
-0.004548976499999996
0.03136404849999999
0.01779690349999999
0.004229758499999986
-0.0026868215000000195
-0.009603401499999997
-0.016519981500000003
0.05291186349999999
-0.03088521150000001
-0.05482722150000002
-0.07876923149999998
0.009816228500000024
0.0984016885
0.058498331833333334
0.018594975166666694
-0.021308381499999973
0.016998838500000002
0.055306058500000005
-0.10749965150000002
-0.04684654483333334
0.013806561833333342
0.07445966849999999
0.016998828500000007
-0.040462011500000006
-0.020624340071428604
-0.0007866686428571468
0.019051002785714283
0.03888867421428571
0.05872634564285714
0.07856401707142857
0.0984016885
-0.0284910015
-0.06919243149999998
0.1175553085
0.012210428499999981
-0.09313445149999999
-0.0284910015
0.03615244849999999
-0.021308381499999973
0.03375824850000003
0.08882487850000001
0.00263363350000001
-0.08355761150000002
-0.028490986499999982
0.0265756385
0.022471291357142847
0.018366944214285724
0.014262597071428573
0.010158249928571422
0.006053902785714271
0.001949555642857148
-0.002154791500000003
0.07924807850000001
-0.021308396499999993
-0.009337384000000004
0.0026336285000000126
0.012210433500000006
0.0217872385
0.031364043499999994
-0.040462003999999996
-0.11228805149999999
-0.009337381499999992
0.0936132885
0.058498331833333334
0.023383375166666664
-0.011731581500000005
-0.06440403150000001
-0.029289071499999986
0.005825888499999987
0.04094084849999999
0.012210428500000009
0.002633623500000015
-0.006943181500000006
0.00023942350000000223
0.007422028500000011
0.016998833500000005
0.0265756385
-0.009337386499999989
-0.045250411499999976
-0.020111294000000002
0.005027823500000028
0.030166941000000003
0.055306058500000005
-0.040462011500000006
0.055306058500000005
0.034556311833333325
0.013806565166666673
-0.006943181500000006
-0.0021547765000000108
0.0026336285000000126
0.012210433500000006
0.0217872385
-0.002154791500000003
0.00263361849999999
0.007422028500000011
0.009816228500000024
0.012210428500000009
0.013806565166666673
0.015402701833333338
0.016998838500000002
0.007422028500000011
0.005027828499999998
0.0026336285000000126
0.003431695166666693
0.004229761833333345
0.005027828499999998
0.005825895166666678
0.006623961833333358
0.007422028500000011
0.007422028500000011
0.0026336285000000126
0.012210428500000009
0.002633623500000015
-0.006943181500000006
-0.0021547781666666765
0.002633625166666681
0.007422028500000011
0.007422028500000011
0.005506664500000008
0.0035913005000000053
0.0016759365000000026
-0.00023942750000000013
-0.002154791500000003
-0.002154791500000003
-0.004548976499999996
0.0026336285000000126
0.009816233499999993
0.016998838500000002
0.016998838500000002
0.016998838500000002
0.016998838500000002
0.016998838500000002
0.016998838500000002
0.016998838500000002
0.0026336285000000126
-0.002154791500000003
-0.002154791500000003
0.00023941850000000486
0.0026336285000000126
0.0026336285000000126
-0.004548976499999996
-0.011731581500000005
0.005027828499999998
0.0217872385
0.0217872385
0.0217872385
0.0217872385
0.013806561833333342
0.005825885166666656
-0.002154791500000003
-0.011731581500000005
0.007422028500000011
0.004229755166666682
0.0010374818333333258
-0.002154791500000003
0.016998838500000002
0.016998838500000002
0.016998838500000002
0.01460463350000002
0.012210428500000009
0.007422021833333348
0.0026336151666666585
-0.002154791500000003
0.0007182524999999884
0.0035912965000000074
0.006464340499999999
0.009337384500000018
0.012210428500000009
0.008619123499999992
0.005027818500000003
0.0026336285000000126
-0.006943181500000006
0.0010374918333333205
0.009018165166666675
0.016998838500000002
-0.002154791500000003
-0.002154791500000003
-0.002154791500000003
-0.0029528564999999896
-0.003750921500000004
-0.0045489865000000185
-0.005347051500000005
-0.006145116499999992
-0.006943181500000006
0.0026336285000000126
0.005027828499999998
0.007422028500000011
0.012210428500000009
-0.002154791500000003
0.0026336285000000126
-0.0021547765000000108
-0.006943181500000006
0.00023942350000000223
0.007422028500000011
0.005027828499999998
0.0026336285000000126
0.0026336285000000126
0.0026336285000000126
0.0026336285000000126
0.0026336285000000126
0.012210428500000009
0.007422028500000011
-0.0021547765000000108
-0.011731581500000005
-0.006943178166666675
-0.002154774833333317
0.0026336285000000126
-0.004548976499999996
-0.011731581500000005
-0.005347044833333342
0.0010374918333333483
0.007422028500000011
0.0026336285000000126
0.0026336285000000126
0.0026336285000000126
0.0026336285000000126
0.0026336285000000126
0.016998838500000002
0.0026336285000000126
0.005027828499999998
0.007422028500000011
0.0026336285000000126
