0.003458991947368484
0.0037110130000000408
0.0013168130000000278
-0.0010773869999999852
-0.0034715869999999427
-0.005865786999999956
-0.00267352033333329
0.0005187463333333753
0.0037110130000000408
0.0013168130000000278
-0.0010773869999999852
0.006105213000000054
0.013287813000000037
0.008499413000000011
-0.010654186999999982
0.008499413000000011
-0.015442586999999952
-0.003471586999999998
0.013287813000000037
-0.008259986999999969
-0.0010773869999999852
0.010893628000000044
-0.0010773869999999852
-0.005865786999999956
-0.0034715869999999427
-0.0010773869999999852
0.0013168130000000278
0.0037110130000000408
-0.0010773869999999852
0.013287813000000037
-0.010654186999999982
-0.005865787000000011
-0.0010773869999999852
0.008499413000000011
0.0037110130000000408
-0.0010773869999999852
-0.0010773869999999852
-0.0010773869999999852
0.0021148796666666803
0.005307146333333346
0.008499413000000011
0.013287813000000037
0.005307146333333346
-0.00267352033333329
-0.010654186999999982
-0.0010773869999999852
0.008499413000000011
0.008499413000000011
0.006105213000000054
0.0037110130000000408
0.0037110130000000408
0.0037110130000000408
0.006105213000000054
0.008499413000000011
0.006584053000000034
0.0046686930000000015
0.0027533330000000245
0.0008379729999999919
-0.0010773869999999852
-0.0029927469999999623
-0.004908106999999995
-0.006823466999999972
-0.008738827000000005
-0.010654186999999982
-0.005865787000000011
-0.0010773869999999852
0.0037110130000000408
-0.005865786999999956
-0.008259986999999969
-0.010654186999999982
-0.0010773869999999852
0.013287813000000037
0.010893613000000024
0.008499413000000011
0.0037110130000000408
-0.005865786999999956
-0.005865786999999956
-0.005865786999999956
-0.010654186999999982
0.00051875633333337
0.011691699666666666
0.022864643000000018
0.0037110130000000408
0.0021148796666666803
0.0005187463333333753
-0.0010773869999999852
0.013287813000000037
0.008499413000000067
0.0037110130000000408
-0.0010773869999999852
0.0013168130000000278
0.0037110130000000408
0.006105212999999998
0.008499413000000011
-0.010654186999999982
0.013287813000000037
0.012603755857142906
0.01191969871428572
0.01123564157142859
0.010551584428571459
0.009867527285714328
0.009183470142857142
0.008499413000000011
-0.0010773869999999852
0.0013168130000000278
0.0008379730000000474
0.00035913300000001147
-0.00011970699999996892
-0.0005985470000000048
-0.0010773869999999852
0.022864643000000018
0.013287813000000037
0.010095546333333372
0.006903279666666706
0.0037110130000000408
-0.0010773869999999852
0.013287813000000037
-0.015442586999999952
-0.0010773869999999852
0.0008379729999999919
0.0027533330000000245
0.0046686930000000015
0.006584053000000034
0.008499413000000011
0.004908112999999992
0.0013168130000000278
-0.0039504309999999765
-0.00921767499999998
-0.014484918999999985
-0.01975216299999999
-0.025019406999999994
-0.018634867
-0.01225032699999995
-0.005865786999999956
-0.00267352033333329
0.0005187463333333753
0.0037110130000000408
0.0021148796666666803
0.0005187463333333753
-0.0010773869999999852
-0.003471586999999998
-0.005865786999999956
-0.003471586999999998
-0.0010773869999999852
0.0029129463333333327
0.006903279666666706
0.010893613000000024
-0.0010773869999999852
-0.0010773869999999852
0.0037110130000000408
0.006105213000000054
0.005506663000000078
0.004908113000000047
0.004309563000000016
0.0037110130000000408
-0.010654186999999982
0.00051875633333337
0.011691699666666666
0.022864643000000018
0.018076243000000047
0.013287828000000002
0.008499413000000011
-0.0010773869999999852
-0.003471586999999998
-0.005865786999999956
-0.0010773869999999852
0.0037110130000000408
0.0037110130000000408
0.0037110130000000408
0.006903279666666706
0.010095546333333372
0.013287813000000037
0.011691679666666677
0.010095546333333372
0.008499413000000011
0.006105212999999998
0.0037110130000000408
0.0013168130000000278
-0.0010773869999999852
0.0037110130000000408
0.0025139130000000343
0.0013168130000000278
0.00011971300000002127
-0.0010773869999999852
-0.0010773869999999852
0.008499413000000011
-0.0010773869999999852
-0.00267352033333329
-0.004269653666666651
-0.005865786999999956
-0.007461920333333316
-0.009058053666666621
-0.010654186999999982
-0.012250320333333287
-0.013846453666666647
-0.015442586999999952
0.0037110130000000408
0.0037110130000000408
0.0037110130000000408
0.006105213000000054
0.008499413000000011
0.0037110130000000408
0.0037110130000000408
0.0037110130000000408
0.0037110130000000408
0.0037110130000000408
0.0037110130000000408
0.0037110130000000408
0.0037110130000000408
-0.002274486999999936
-0.008259986999999969
0.006105213000000054
0.0013168130000000278
-0.003471586999999998
0.0037110130000000408
-0.0010773869999999852
-0.005865786999999956
-0.004908106999999939
-0.003950426999999979
-0.0029927469999999623
-0.002035066999999946
-0.0010773869999999852
-0.00011970699999996892
0.0008379730000000474
0.0017956530000000637
0.0027533330000000245
0.0037110130000000408
-0.0010773869999999852
-0.008259986999999969
-0.004668686999999949
-0.0010773869999999852
0.0021148796666666803
0.005307146333333346
0.008499413000000011
-0.0010773869999999852
0.0013168130000000278
-0.010654186999999982
-0.009058053666666621
-0.007461920333333316
-0.005865786999999956
-0.010654189499999966
-0.015442591999999922
-0.020230994499999932
-0.025019396999999943
-0.0010773869999999852
-0.010654196999999976
-0.020231006999999968
-0.03220199699999998
-0.044172987
-0.04896140700000001
-0.05374982699999997
-0.05295176033333332
-0.05215369366666667
-0.051355627000000015
-0.05055756033333331
-0.049759493666666654
-0.048961427
-0.020231006999999968
-0.06332662699999997
-0.040980746999999984
-0.018634866999999944
0.0037110130000000408
-0.0010773869999999852
-0.015442586999999952
-0.044172987
-0.0010773669999999957
0.04201825300000003
-0.0010773669999999957
-0.044172987
-0.033399086999999994
-0.02262518699999999
-0.011851286999999988
-0.0010773869999999852
0.007302319250000022
0.01568202550000003
0.024061731750000037
0.032441438000000045
0.022864643000000018
0.014484930500000048
0.006105218000000023
0.008499416333333343
0.010893614666666718
0.013287813000000037
0.06596025800000005
0.11863270300000003
0.05159505800000003
-0.015442586999999952
-0.0298078003333333
-0.04417301366666665
-0.058538227
-0.02262519949999997
0.013287828000000002
0.04920085550000003
0.08511388300000003
0.04920084800000002
-0.0022744894999999765
-0.05374982699999997
-0.045130698999999996
-0.036511570999999965
-0.02789244299999999
-0.019273314999999958
-0.010654186999999982
0.039624043000000025
0.059575726333333356
0.07952740966666669
0.09947909300000002
-0.07290342699999997
-0.042576870333333294
-0.012250313666666623
0.018076243000000047
0.08032547300000001
-0.048961427
0.037229838000000015
0.12342110300000003
0.10706072550000004
0.09070034800000004
0.07433997050000002
0.05797959300000005
0.04161921550000003
0.025258838000000006
0.008898460500000038
-0.007461916999999929
-0.023822294499999952
-0.040182671999999975
-0.05654304949999994
-0.07290342699999997
0.06117186300000002
-0.0010773769999999905
0.0013168230000000225
0.08990228300000003
0.03722984800000004
-0.015442586999999952
0.024460773000000047
0.06436413300000005
0.10426749300000002
-0.101633847
-0.061730487
-0.021827127
0.018076232999999997
0.057979593000000024
0.09788295300000002
0.13778631300000002
0.04800375300000004
-0.04177880699999997
0.03722983300000002
-0.01783679699999996
-0.07290342699999997
0.16651673700000003
-0.015442585000000009
-0.197401907
-0.03938460199999999
0.11863270300000003
0.08319851700000003
0.04776433100000002
0.012330145000000015
-0.02310404100000002
-0.058538227
0.013287813000000037
0.022864643000000018
-0.013846453666666647
-0.05055755033333331
-0.08726864699999998
0.13299791300000002
-0.003471586999999998
-0.13994108699999996
-0.06492276366666666
0.010095559666666698
0.08511388300000003
0.018076228000000027
-0.048961427
-0.024061726999999977
0.0008379729999999919
0.025737673000000016
0.05063737300000001
0.07553707300000001
-0.013048386999999995
-0.101633847
0.09947909300000002
-0.010654186999999982
-0.010654186999999982
-0.017038726999999976
-0.02342326699999997
-0.029807806999999964
0.09947909300000002
-0.003471576999999948
-0.10642224699999997
-0.05853822033333328
-0.010654193666666645
0.03722983300000002
0.02525882300000004
0.013287813000000037
-0.008259981999999944
0.0005187596666667016
0.009297501333333402
0.018076243000000047
-0.044172987
0.008499438000000026
0.06117186300000002
0.015682028000000015
-0.029807806999999964
-0.024335344857142838
-0.018862882714285656
-0.01339042057142853
-0.007917958428571403
-0.002445496285714277
0.0030269658571429048
0.008499428000000031
0.013287823000000032
0.0005187463333333753
-0.012250330333333337
-0.025019406999999994
0.0037110180000000104
0.032441443000000014
-0.005865786999999956
0.010893628000000044
0.027653043000000016
0.021268499666666663
0.014883956333333337
0.008499413000000011
0.007302313000000005
0.006105213000000054
0.004908113000000047
0.0037110130000000408
0.008499413000000011
0.0037110130000000408
0.0037110130000000408
0.0037110130000000408
-0.010654186999999982
-0.005865782714285672
-0.0010773784285714183
0.003711025857142891
0.008499430142857145
0.013287834428571454
0.01807623871428571
0.022864643000000018
-0.020231006999999968
0.013287813000000037
-0.010654186999999982
0.027653043000000016
-0.010654186999999982
-0.004908100999999998
0.0008379850000000411
0.006584071000000025
0.012330157000000064
0.018076243000000047
-0.0010773869999999852
-0.0010773869999999852
-0.0010773869999999852
-0.0010773869999999852
-0.0010773869999999852
-0.0010773869999999852
-0.0010773869999999852
0.022864643000000018
-0.00586579699999995
0.0005187396666667121
0.006903276333333375
0.013287813000000037
0.010893613000000024
0.008499413000000011
0.006105213000000054
0.0037110130000000408
0.0013168130000000278
-0.0010773869999999852
0.022864643000000018
0.015682028000000015
-0.0010773869999999852
0.0037110130000000408
0.008499413000000011
0.013287813000000037
-0.0010773869999999852
-0.0004788370000000097
0.00011971300000002127
0.0007182630000000523
0.0013168130000000278
0.013287813000000037
0.0037110130000000408
-0.005865786999999956
0.0037110230000000355
0.013287833000000027
0.022864643000000018
0.006105228000000018
-0.010654186999999982
-0.005865787000000011
-0.0010773869999999852
0.0053071563333333405
0.011691699666666722
0.018076243000000047
0.02047044300000006
0.022864643000000018
0.017278166333333345
0.011691689666666727
0.006105213000000054
0.0031124630000000653
0.00011971300000007679
-0.002873036999999967
-0.005865786999999956
0.008499413000000011
-0.0010773869999999852
0.008499428000000031
0.018076243000000047
0.014883966333333387
0.011691689666666671
0.008499413000000011
0.0037110130000000408
0.004908113000000047
0.006105213000000054
0.007302313000000005
0.008499413000000011
0.013287813000000037
0.013287813000000037
0.008499413000000011
0.006105213000000054
0.0037110130000000408
0.0037110130000000408
0.0037110130000000408
0.0013168130000000278
-0.0010773869999999852
0.0013168130000000278
0.0037110130000000408
0.006105212999999998
0.008499413000000011
0.008499413000000011
0.008499413000000011
0.008499413000000011
-0.005865786999999956
0.0013168130000000278
0.008499413000000011
0.0037110130000000408
-0.0010773869999999852
-0.003471586999999998
-0.005865786999999956
-0.005865786999999956
-0.005865786999999956
0.006105228000000074
0.018076243000000047
0.013287837000000025
0.008499431000000057
0.0037110250000000344
-0.0010773809999999329
-0.005865786999999956
-0.003471586999999998
-0.0010773869999999852
0.018076243000000047
0.011691699666666722
0.0053071563333333405
-0.0010773869999999852
-0.015442586999999952
-0.005865786999999956
0.018076243000000047
0.008499433000000056
-0.0010773769999999905
-0.010654186999999982
-0.005865787000000011
-0.0010773869999999852
