-0.018340227631581385
-0.017836175000002896
-0.02023042500000294
-0.02262467500000298
-0.025018925000003023
-0.027413175000003065
-0.022624841666669226
-0.017836508333335388
-0.01304817500000155
-0.01304817500000155
-0.01304817500000155
-0.01304817500000155
-0.01304817500000155
0.0013168249999981896
-0.022625175000001718
-0.027413175000003065
-0.022625175000001718
-0.022625175000001718
-0.022625175000001718
-0.020230675000002307
-0.01304817500000155
-0.015442175000002223
-0.005865675000002568
-0.03220217500000189
-0.028610675000003027
-0.02501917500000239
-0.021427675000001756
-0.017836175000002896
-0.027413175000003065
-0.027413175000003065
-0.022625175000001718
-0.01304817500000155
-0.003471175000003157
-0.003471175000003157
-0.010653675000003915
-0.017836175000002896
-0.0058651750000038305
0.0061058249999970116
0.0013171583333306813
-0.003471508333335649
-0.008260175000001979
-0.01304817500000155
-0.01464417500000259
-0.016240175000001855
-0.017836175000002896
-0.02501917500000239
-0.03220217500000189
-0.022625175000001718
-0.022625175000001718
-0.022625175000001718
-0.01304817500000155
-0.003471175000003157
-0.010653675000003915
-0.017836175000002896
-0.016878575000003337
-0.015920975000002002
-0.014963375000002443
-0.014005775000002885
-0.01304817500000155
-0.01209057500000199
-0.011132975000002432
-0.010175375000002873
-0.009217775000001538
-0.008260175000001979
-0.010654175000002652
-0.01304817500000155
-0.027413175000003065
-0.01304817500000155
-0.017836675000001634
-0.022625175000001718
-0.022625175000001718
-0.022625175000001718
-0.022625175000001718
-0.022625175000001718
-0.041778175000002804
-0.017836175000002896
-0.017836175000002896
-0.017836175000002896
-0.017836175000002896
-0.024220841666670268
-0.030605508333335862
-0.036990175000003234
-0.017836175000002896
-0.01943250833333643
-0.021028841666668185
-0.022625175000001718
-0.01304817500000155
-0.01304817500000155
-0.01304817500000155
-0.008260175000001979
-0.010654175000002652
-0.01304817500000155
-0.015442175000002223
-0.017836175000002896
-0.027413175000003065
-0.008260175000001979
-0.008260175000001979
-0.008260175000001979
-0.008260175000001979
-0.008260175000001979
-0.008260175000001979
-0.008260175000001979
-0.008260175000001979
-0.01304817500000155
-0.017836175000002896
-0.017836175000002896
-0.017836175000002896
-0.017836175000002896
-0.017836175000002896
-0.017836175000002896
0.0013168249999981896
-0.01304817500000155
-0.016240508333334347
-0.01943284166666892
-0.022625175000001718
-0.017836175000002896
0.0013168249999981896
-0.027413175000003065
-0.003471175000003157
0.0003594249999974153
0.004190024999997988
0.008020624999996784
0.011851224999997356
0.01568182499999793
-0.0010774250000018526
-0.017836675000001634
-0.02070977500000204
-0.023582875000002446
-0.026455975000001075
-0.02932907500000148
-0.03220217500000189
-0.027413508333335557
-0.022624841666669226
-0.017836175000002896
-0.01464417500000259
-0.011452175000002285
-0.008260175000001979
-0.013048508333335818
-0.01783684166666788
-0.022625175000001718
-0.017836675000001634
-0.01304817500000155
-0.015442175000002223
-0.017836175000002896
-0.015442175000002223
-0.013048175000003326
-0.010654175000002652
0.0061058249999970116
-0.01304817500000155
-0.027413175000003065
-0.005865675000002568
-0.0076613000000023135
-0.009456925000002059
-0.011252550000001804
-0.01304817500000155
0.0013168249999981896
-0.00027917500000285145
-0.0018751750000021161
-0.003471175000003157
-0.027413175000003065
-0.02262467500000298
-0.017836175000002896
-0.022625175000001718
-0.020230675000002307
-0.017836175000002896
-0.015442175000002223
-0.01304817500000155
-0.015442175000002223
-0.017836175000002896
-0.01464417500000259
-0.011452175000002285
-0.008260175000001979
-0.014644508333335082
-0.021028841666669962
-0.027413175000003065
-0.023821925000003574
-0.020230675000002307
-0.01663942500000104
-0.01304817500000155
-0.017836175000002896
-0.017836175000002896
-0.017836175000002896
-0.017836175000002896
-0.017836175000002896
-0.008260175000001979
-0.008260175000001979
-0.01304817500000155
-0.011984063888890617
-0.010919952777779685
-0.009855841666668752
-0.00879173055555782
-0.007727619444446887
-0.006663508333335955
-0.005599397222225022
-0.00453528611111409
-0.003471175000003157
-0.03220217500000189
-0.027413675000001803
-0.022625175000001718
-0.015442675000002737
-0.008260175000001979
-0.008260175000001979
-0.008944175000001664
-0.009628175000001349
-0.010312175000001034
-0.010996175000002495
-0.01168017500000218
-0.012364175000001865
-0.01304817500000155
-0.014245175000002774
-0.015442175000002223
-0.010653675000003915
-0.01304817500000155
-0.02501917500000239
0.010893824999998358
-0.0010771750000024838
-0.01304817500000155
-0.01256937500000177
-0.01209057500000199
-0.011611775000002211
-0.011132975000002432
-0.010654175000002652
-0.010175375000001097
-0.009696575000001317
-0.009217775000001538
-0.008738975000001759
-0.008260175000001979
-0.027413175000003065
-0.020230675000002307
-0.014245425000002143
-0.008260175000001979
-0.008260175000001979
-0.008260175000001979
-0.008260175000001979
-0.003471175000003157
-0.010654175000002652
0.039623824999997836
0.030047158333331936
0.02047049166666426
0.010893824999998358
-0.00047855000000218695
-0.011850925000000956
-0.0232233000000015
-0.034595675000002046
0.01568182499999793
0.022864824999997424
0.03004782499999692
-0.053749175000003646
-0.13754617500000244
-0.15909417500000345
-0.18064217500000268
-0.15350784166666998
-0.1263735083333355
-0.09923917500000279
-0.07210484166667008
-0.0449705083333356
-0.017836175000002896
-0.13754617500000244
0.0061058249999970116
-0.022624841666669226
-0.051355508333335464
-0.0800861750000017
-0.3099291750000024
-0.49188817500000326
-0.16627717500000294
-0.19500767500000293
-0.22373817500000293
-0.18543067500000276
-0.1471231750000026
-0.1004364250000016
-0.053749675000002384
-0.007062925000003162
0.039623824999997836
0.08870507499999825
0.13778632499999688
0.1868675749999973
0.2359488249999977
-0.19979617500000302
-0.08846567500000191
0.0228648249999992
0.09229649166666576
0.16172815833333054
0.2311598249999971
0.08990232499999706
-0.05135517500000297
-0.15670017500000277
-0.2620451750000026
-0.13914284166666846
-0.016240508333336123
0.10666182499999799
0.08870532499999761
0.07074882499999902
0.05279232499999864
0.034835824999998266
-0.0489611750000023
-0.09085967500000258
-0.13275817500000286
-0.0503977750000022
0.03196262499999669
0.11432302499999736
0.19668342499999625
0.2790438249999969
0.02765332499999751
-0.08966250833333511
-0.2069783416666695
-0.3242941750000021
-0.022625175000001718
0.08750815833333192
0.19764149166666378
0.3077748249999974
-0.1279701750000033
0.09229682499999825
-0.07769167500000229
-0.24768017500000283
-0.21735359166666868
-0.1870270083333363
-0.15670042500000214
-0.12637384166666976
-0.0960472583333356
-0.06572067500000145
-0.03539409166666907
-0.005067508333334914
0.025259074999997466
0.05558565833333162
0.085912241666664
0.11623882499999816
0.255101824999997
-0.058537675000001954
-0.03220167500000315
0.15933382499999738
0.02166757499999683
-0.11599867500000371
-0.16946917500000325
-0.22293967500000278
-0.2764101750000023
0.3029858249999968
0.2343521583333299
0.16571849166666297
0.09708482499999604
0.028451158333330895
-0.04018250833333603
-0.10881617500000296
-0.08966267500000313
-0.07050917500000153
-0.19979617500000302
0.07074882499999724
0.3412938249999975
-0.448792175000003
-0.14233467500000252
0.16412282499999797
0.128209824999999
0.09229682499999825
0.07218542499999892
0.0520740249999978
0.03196262499999847
0.011851224999997356
-0.008260175000001979
0.08271982499999808
-0.23810317500000266
-0.05454784166667004
0.12900749166666436
0.312562824999997
-0.27162217500000274
-0.11839317500000135
0.034835824999998266
-0.01943284166666892
-0.07370150833333611
-0.1279701750000033
0.020470324999998013
0.16891082499999754
0.07984662499999828
-0.009217575000002753
-0.09828177500000201
-0.18734597500000305
-0.2764101750000023
-0.07769167500000229
0.12102682499999773
0.08750782499999765
-0.10402817500000161
-0.1710651750000025
-0.041778508333335296
0.08750815833333014
0.21679482499999736
-0.16627717500000294
-0.10402767500000287
-0.041778175000002804
0.0013171583333306813
0.04441249166666417
0.08750782499999765
-0.02501917500000239
-0.13754617500000244
0.010893824999996582
-0.032201841666669395
-0.07529750833333715
-0.11839317500000313
0.049200824999998005
-0.0010771750000024838
-0.05135517500000297
-0.005865675000002568
0.039623824999997836
0.030731182142854863
0.02183853928571189
0.012945896428568915
0.004053253571425941
-0.004839389285717033
-0.013732032142860007
-0.02262467500000298
-0.008259675000001465
-0.005067508333334914
-0.001875341666668362
0.0013168249999981896
-0.015442675000002737
-0.03220217500000189
0.010893824999998358
-0.005865675000002568
-0.022625175000001718
-0.022625175000001718
-0.022625175000001718
-0.022625175000001718
-0.017836675000001634
-0.01304817500000155
-0.008259675000003242
-0.003471175000003157
0.0013168249999981896
-0.008260175000001979
-0.036990175000003234
-0.06572017500000271
0.06356582499999774
0.04578039642856879
0.02799496785713984
0.010209539285710889
-0.007575889285716286
-0.025361317857145238
-0.04314674642857419
-0.06093217500000314
0.0013168249999981896
-0.036990175000003234
0.0061058249999970116
-0.022625175000001718
-0.017836175000002896
-0.013047775000002204
-0.008259375000003288
-0.0034709750000025963
0.0013174249999963195
0.0061058249999970116
-0.046567175000001626
-0.03300000833333527
-0.01943284166666892
-0.005865675000002568
0.007701491666665561
0.021268658333331913
0.034835824999998266
0.0013168249999981896
-0.0010771750000024838
-0.011452175000002285
-0.021827175000002086
-0.03220217500000189
-0.02821184166666768
-0.02422150833333525
-0.02023117500000282
-0.016240841666668615
-0.012250508333334409
-0.008260175000001979
-0.01304817500000155
-0.027413675000001803
-0.003471175000003157
-0.008259508333336996
-0.013047841666669058
-0.017836175000002896
-0.010654175000002652
-0.006464300000002865
-0.0022744250000030775
0.00191544999999671
0.006105324999996498
-0.041778175000002804
-0.010653675000003915
0.02047082499999675
0.004509491666663479
-0.011451841666669793
-0.027413175000003065
-0.02262467500000298
-0.017836175000002896
-0.010653675000003915
-0.003471175000003157
-0.009855841666668752
-0.016240508333336123
-0.022625175000001718
-0.027413675000001803
-0.03220217500000189
-0.02422150833333525
-0.016240841666668615
-0.008260175000001979
-0.005865925000001937
-0.0034716750000018948
-0.0010774250000018526
0.0013168249999981896
-0.017836175000002896
0.0013168249999981896
-0.017836675000001634
-0.036990175000003234
-0.033797841666670436
-0.030605508333335862
-0.027413175000003065
-0.003471175000003157
-0.005865425000003199
-0.008259675000001465
-0.010653925000001507
-0.01304817500000155
-0.022625175000001718
0.0013168249999981896
-0.022625175000001718
-0.015442675000002737
-0.008260175000001979
-0.015442675000002737
-0.022625175000001718
-0.017836675000001634
-0.01304817500000155
-0.01663942500000104
-0.020230675000002307
-0.023821925000003574
-0.027413175000003065
-0.036990175000003234
-0.02501917500000239
-0.01304817500000155
-0.003471175000003157
-0.0010771750000024838
0.0013168249999981896
-0.01304817500000155
-0.027413175000003065
-0.015442175000004
-0.003471175000003157
-0.010653675000003915
-0.017836175000002896
-0.02501917500000239
-0.03220217500000189
-0.03220217500000189
-0.03220217500000189
-0.03220217500000189
-0.03220217500000189
-0.03220217500000189
-0.029807675000002476
-0.027413175000003065
-0.01304817500000155
-0.01304817500000155
-0.01304817500000155
-0.01304817500000155
-0.017836175000002896
-0.003471175000003157
-0.01304817500000155
-0.01304817500000155
-0.01304817500000155
-0.01304817500000155
-0.01304817500000155
-0.01304817500000155
