0.0021148796666666803
0.0005187463333333753
-0.0010773869999999852
0.0025139130000000343
0.006105213000000054
0.009696513000000018
0.013287813000000037
0.008499413000000011
0.0037110130000000408
-0.0010773869999999852
-0.003471586999999998
-0.005865786999999956
0.0037110130000000408
-0.0010773869999999852
0.0037110130000000408
-0.005865786999999956
-0.004269653666666651
-0.00267352033333329
-0.0010773869999999852
0.0037110130000000408
0.0017956530000000637
-0.00011970699999996892
-0.002035066999999946
-0.003950426999999979
-0.005865786999999956
-0.005865786999999956
-0.0034715869999999427
-0.0010773869999999852
0.0013168130000000278
0.0037110130000000408
0.008499413000000067
0.013287813000000037
-0.010654186999999982
0.0037110130000000408
-0.0010773869999999852
0.008499413000000011
0.004908112999999992
0.0013168130000000278
-0.002274486999999936
-0.005865786999999956
-0.005865786999999956
-0.005865786999999956
-0.005865786999999956
0.006105228000000074
0.018076243000000047
0.0037110130000000408
0.00302695585714291
0.002342898714285724
0.0016588415714285931
0.0009747844285714624
0.0002907272857143317
-0.0003933298571428545
-0.0010773869999999852
-0.0010773869999999852
-0.00267352033333329
-0.004269653666666651
-0.005865786999999956
0.013287813000000037
0.013287813000000037
0.013287813000000037
0.013287813000000037
0.013287813000000037
-0.010654186999999982
0.008499413000000011
0.006105213000000054
0.0037110130000000408
0.0037110130000000408
0.0037110130000000408
-0.0010773869999999852
-0.005865786999999956
-0.00267352033333329
0.0005187463333333753
0.0037110130000000408
0.006903279666666706
0.010095546333333372
0.013287813000000037
0.006105213000000054
-0.0010773869999999852
0.008499413000000011
-0.005865786999999956
0.0037110130000000408
-0.005865786999999956
-0.0034715869999999427
-0.0010773869999999852
0.0013168130000000278
0.0037110130000000408
0.008499413000000011
0.009031457444444446
0.009563501888888881
0.010095546333333372
0.010627590777777807
0.011159635222222242
0.011691679666666677
0.012223724111111167
0.012755768555555602
0.013287813000000037
0.011691679666666677
0.010095546333333372
0.008499413000000011
-0.010654186999999982
0.022864643000000018
0.010893627999999989
-0.0010773869999999852
-0.005865786999999956
-0.0010773869999999852
-0.005865787000000011
-0.010654186999999982
0.013287813000000037
0.008499413000000011
0.006105213000000054
0.0037110130000000408
0.008499413000000067
0.006105213000000054
0.0037110130000000408
0.0037110130000000408
0.0037110130000000408
0.0037110130000000408
-0.010654186999999982
-0.005865786999999956
-0.0010773869999999852
0.0037110130000000408
0.006105213000000054
0.008499413000000011
0.008499413000000011
0.008499413000000011
0.0037110130000000408
-0.0010773869999999852
0.0037110130000000408
0.008499413000000011
0.0037110130000000408
-0.0010773869999999852
0.013287813000000037
0.012919474538461595
0.012551136076923097
0.012182797615384655
0.011814459153846157
0.011446120692307715
0.011077782230769273
0.010709443769230775
0.010341105307692333
0.009972766846153891
0.009604428384615393
0.009236089923076951
0.008867751461538453
0.008499413000000011
0.010893613000000024
0.013287813000000037
0.008499413000000011
0.006105213000000054
0.0037110130000000408
-0.010654186999999982
-0.003471586999999998
0.0037110130000000408
0.0037110130000000408
-0.0010773869999999852
-0.005865786999999956
0.013287813000000037
-0.005865786999999956
-0.007062886999999962
-0.008259986999999969
0.0037110130000000408
0.0037110130000000408
0.005307146333333346
0.006903279666666706
0.008499413000000011
0.008499413000000011
0.008499413000000011
0.008499413000000011
0.013287828000000002
0.018076243000000047
0.01594806188888892
0.013819880777777793
0.011691699666666722
0.009563518555555595
0.0074353374444444675
0.0053071563333333405
0.003178975222222269
0.0010507941111111418
-0.0010773869999999852
0.008499413000000011
0.0013168130000000278
0.013287813000000037
-0.0010773869999999852
0.0037110130000000408
0.008499413000000011
0.009183470142857142
0.009867527285714328
0.010551584428571459
0.01123564157142859
0.01191969871428572
0.012603755857142906
0.013287813000000037
0.008499413000000011
0.0037110130000000408
0.0037110130000000408
0.0037110130000000408
0.0017956530000000637
-0.00011970699999996892
-0.002035066999999946
-0.003950426999999979
-0.005865786999999956
-0.005865786999999956
-0.0010773869999999852
0.00011971300000002127
0.0013168130000000278
0.0025139130000000343
0.0037110130000000408
-0.0010773869999999852
-0.005865786999999956
0.0037110130000000408
0.0037110130000000408
0.008499413000000011
-0.010654186999999982
-0.005865787000000011
-0.0010773869999999852
-0.00267352033333329
-0.004269653666666651
-0.005865786999999956
0.027653043000000016
0.0216675355
0.015682028000000015
0.009696520500000028
0.0037110130000000408
-0.0010773869999999852
-0.005865786999999956
-0.005865786999999956
-0.007062886999999962
-0.008259986999999969
-0.009457086999999975
-0.010654186999999982
-0.0010773869999999852
-0.005865786999999956
0.0037110130000000408
0.0037110130000000408
0.0037110130000000408
0.005307146333333346
0.006903279666666706
0.008499413000000011
0.008499413000000011
0.008499413000000011
0.008499413000000011
0.006105213000000054
0.0037110130000000408
0.0013168130000000278
-0.0010773869999999852
0.006105213000000054
0.013287813000000037
0.010414773000000044
0.00754173300000005
0.0046686930000000015
0.0017956530000000082
-0.0010773869999999852
-0.005865786999999956
-0.010654186999999982
-0.015442586999999952
-0.015442586999999952
0.032441443000000014
-0.025019406999999994
-0.003471581999999973
0.018076243000000047
0.022864643000000018
0.018076228000000027
0.013287813000000037
-0.02262520699999998
-0.058538227
-0.015442591999999977
0.027653043000000016
-0.010654192000000007
-0.048961427
-0.028211680333333322
-0.0074619336666666425
0.013287813000000037
0.027653043000000016
0.034835648000000025
0.04201825300000003
-0.010654186999999982
-0.06332662699999997
-0.03778848033333332
-0.012250333666666613
0.013287813000000037
-0.020231006999999968
-0.025019406999999994
-0.029807806999999964
-0.03699039700000001
-0.044172987
-0.045769133666666684
-0.047365280333333315
-0.048961427
0.022864627999999998
0.09469068300000003
0.038825979666666705
-0.017038723666666644
-0.07290342699999997
0.08990228300000003
0.008499413000000011
0.05159504800000003
0.09469068300000003
0.025258848
-0.044172987
0.027653043000000016
0.027653043000000016
0.027653043000000016
0.027653043000000016
0.027653043000000016
-0.005865781999999986
-0.03938460699999996
-0.03459620699999999
-0.06572082699999998
-0.09684544699999997
0.02765303800000002
0.152151523
0.022864638000000048
-0.10642224699999997
0.06596026300000002
0.018076228000000027
-0.029807806999999964
0.022864633000000023
0.07553707300000001
0.06787562500000002
0.06021417700000001
0.05255272900000002
0.044891281000000005
0.03722983300000002
-0.03459620699999999
-0.10642224699999997
0.10426749300000002
-0.020231006999999968
-0.013527242999999967
-0.006823478999999966
-0.00011971499999996471
0.006584049000000036
0.013287813000000037
-0.08726864699999998
0.12342110300000003
-0.03938460699999996
-0.038852562555555525
-0.03832051811111109
-0.037788473666666655
-0.03725642922222222
-0.03672438477777773
-0.036192340333333295
-0.03566029588888886
-0.035128251444444425
-0.03459620699999999
-0.03938461700000001
0.16651673700000003
0.14963131468421054
0.13274589236842108
0.11586047005263161
0.09897504773684213
0.08208962542105264
0.06520420310526318
0.048318780789473714
0.031433358473684225
0.014547936157894736
-0.002337486157894697
-0.019222908473684186
-0.036108330789473675
-0.052993753105263164
-0.06987917542105265
-0.08676459773684209
-0.10365002005263158
-0.12053544236842106
-0.13742086468421055
-0.154306287
0.056383458
0.03722983300000002
-0.02262520699999998
-0.08248024699999995
0.10426749300000002
0.022864643000000018
-0.11121068699999997
0.044412443000000024
-0.005865786999999956
-0.12557586699999995
0.200035558
-0.11121068699999997
-0.020231006999999968
-0.013646950749999942
-0.007062894499999972
-0.00047883825000000213
0.006105218000000023
0.012689274250000049
0.01927333050000002
0.025857386750000017
0.032441443000000014
0.10905589300000001
-0.18782511699999999
0.06356605800000004
-0.048961427
-0.044172987
0.185670347
-0.005865779999999987
-0.197401907
0.08511388300000003
0.04201825300000003
-0.025019406999999994
-0.08248024699999995
-0.012250330333333281
0.05797958633333336
0.12820950300000003
0.10366893675000002
0.07912837050000002
0.05458780425000004
0.03004723800000003
0.005506671750000025
-0.01903389449999998
-0.04357446074999999
-0.068115027
0.049200853000000044
-0.046567207
0.11384429300000001
0.022864633000000023
-0.068115027
-0.03938460699999996
-0.010654186999999982
0.03962404800000002
0.08990228300000003
0.062368960500000015
0.03483563800000003
0.007302315500000045
-0.020231006999999968
-0.029009743666666643
-0.03778848033333332
-0.04656721699999994
-0.055345953666666614
-0.06412469033333329
-0.07290342699999997
0.17130513300000003
-0.16867148699999995
0.03722984300000004
0.022864633000000023
0.008499423000000061
-0.005865786999999956
0.022864643000000018
0.03004723800000003
0.03722983300000002
-0.01783679699999996
-0.07290342699999997
-0.044173008666666624
-0.01544259033333334
0.013287828000000002
0.016639710500000016
0.01999159300000003
0.02334347549999999
0.026695358000000002
0.030047240500000016
0.03339912300000003
0.03675100550000002
0.04010288800000003
0.04345477050000002
0.04680665300000003
-0.03459620699999999
0.018076223000000002
-0.010654186999999982
0.022864628000000053
0.01594804633333341
0.009031464666666711
0.0021148830000000673
-0.004801698666666632
-0.011718280333333275
-0.018634861999999974
-0.025551443666666618
-0.03246802533333332
-0.03938460699999996
0.032441443000000014
-0.003471586999999998
0.027653043000000016
0.008499413000000011
-0.0010773936666666484
-0.010654200333333308
-0.020231006999999968
-0.014758542714285672
-0.009286078428571376
-0.0038136141428570802
0.00165885014285716
0.007131314428571456
0.012603778714285752
0.018076243000000047
-0.020231006999999968
0.008499413000000011
0.0037110130000000408
0.013287828000000002
0.018076243000000047
0.015682040000000064
0.013287837000000025
0.010893634000000041
0.008499431000000057
0.006105228000000074
0.0037110250000000344
0.0013168220000000508
-0.0010773809999999329
-0.003471583999999972
-0.005865786999999956
0.0037110130000000408
0.013287813000000037
0.010893627999999989
0.0037110130000000408
0.0037110130000000408
0.0037110130000000408
0.006703766750000062
0.009696520500000028
0.012689274250000049
0.015682028000000015
0.018674781750000036
0.0216675355
0.024660289250000023
0.027653043000000016
0.0037110280000000606
0.0013168130000000278
0.0037110130000000408
0.0013168130000000278
-0.0010773869999999852
-0.005865787000000011
-0.010654186999999982
-0.004668686999999949
0.0013168130000000278
0.007302313000000005
0.013287813000000037
-0.0010773869999999852
-0.0010773869999999852
0.0037110130000000408
0.008499413000000011
0.006105213000000054
0.0037110130000000408
0.005307146333333346
0.006903279666666706
0.008499413000000011
0.013287813000000037
0.008499413000000067
0.0037110130000000408
0.0037110130000000408
0.0037110130000000408
0.0037110130000000408
0.005307146333333346
0.006903279666666706
0.008499413000000011
-0.005865786999999956
0.008499413000000011
0.006903279666666706
0.005307146333333346
0.0037110130000000408
0.008499413000000011
-0.0010773869999999852
-0.010654186999999982
0.0013168130000000278
0.013287813000000037
0.008499413000000011
0.0037110130000000408
-0.0010773869999999852
-0.004269653666666651
-0.007461920333333316
-0.010654186999999982
-0.005865787000000011
-0.0010773869999999852
0.006105213000000054
0.013287813000000037
-0.005865786999999956
0.0013168130000000278
0.008499413000000011
0.0037110130000000408
-0.0010773869999999852
-0.005865786999999956
-0.008259986999999969
-0.010654186999999982
-0.007917958428571403
-0.005181729857142825
-0.0024455012857142466
0.0002907272857142762
0.0030269558571428545
0.005763184428571433
0.008499413000000011
0.008499413000000011
0.008499413000000011
0.013287813000000037
0.008499413000000011
0.0037110130000000408
0.0037110130000000408
0.0037110130000000408
-0.0010773869999999852
-0.005865786999999956
-0.008259986999999969
-0.010654186999999982
-0.007062886999999962
-0.003471586999999998
0.00011971300000002127
0.0037110130000000408
0.0027533330000000245
0.0017956530000000082
0.0008379730000000474
-0.00011970699999996892
-0.0010773869999999852
0.008499413000000011
