-0.007714652111111109
-0.009842836555555623
-0.011971021000000026
-0.007182621
-0.004788385999999978
0.0023942090000000915
-0.007182621
-0.004788420999999987
-0.002394220999999974
-0.0014365410000000134
-0.0004788609999999416
0.0004788190000000192
0.001436499000000091
0.002394179000000052
0.007182639000000046
-0.007182621
0.007182639000000046
0.0023942090000000915
-0.002394220999999974
-0.002394220999999974
-0.002394220999999974
-0.002394220999999974
-0.002394220999999974
-0.002394220999999974
-0.002394220999999974
-0.007182621
-0.003990354333333279
-0.0007980876666666692
0.002394179000000052
-0.002394220999999974
-0.0019153809999999938
-0.0014365410000000134
-0.000957700999999922
-0.0004788609999999416
-2.099999996119095e-08
0.0004788190000000192
0.0009576589999999996
0.001436499000000091
0.0019153390000000714
0.002394179000000052
0.002394179000000052
-0.004788420999999987
-0.011971015999999945
-0.002394220999999974
0.011971039000000072
0.00957682900000012
0.007182619000000057
0.0047884089999999935
0.0023941990000000413
-1.0999999910943359e-08
-0.002394220999999974
-0.002394220999999974
-0.002394220999999974
0.002394179000000052
0.007182639000000046
0.00957683900000006
0.011971039000000072
-0.002394220999999974
-0.0014365410000000134
-0.0004788609999999416
0.0004788190000000192
0.001436499000000091
0.002394179000000052
-0.001436538999999959
-0.00526725699999997
-0.00909797499999998
-0.012928692999999991
-0.016759410999999946
-0.0023941909999999345
0.007182639000000046
-0.007182621
0.007182639000000046
0.0023942090000000915
-0.002394220999999974
-0.004788420999999987
-0.007182621
-0.0052672609999999676
-0.003351900999999935
-0.0014365410000000134
0.0004788190000000192
0.002394179000000052
0.007182639000000046
-0.007182621
-0.003192277666666632
0.0007980656666666253
0.0047884089999999935
-0.0007980676666666797
-0.006384544333333353
-0.011971021000000026
0.002394179000000052
0.0047884089999999935
0.007182639000000046
0.008778772333333351
0.010374905666666767
0.011971039000000072
-0.002394220999999974
-0.0007980826666665886
0.000798055666666686
0.0023941939999999606
0.003990332333333346
0.005586470666666732
0.0071826090000000065
0.008778747333333281
0.010374885666666667
0.011971024000000052
0.013567162333333327
0.015163300666666601
0.016759438999999987
-0.004788420999999987
0.002394179000000052
0.002394179000000052
0.011971039000000072
-0.004788420999999987
0.016759438999999987
0.015562339000000036
0.014365239000000085
0.013168139000000023
0.011971039000000072
0.002394179000000052
0.0071826090000001175
0.011971039000000072
0.002394179000000052
-2.099999996119095e-08
-0.002394220999999974
0.0047884089999999935
0.011971039000000072
0.003990352333333336
-0.00399033433333329
-0.011971021000000026
-0.007182621
-0.002394220999999974
0.002394179000000052
0.002394179000000052
0.002394179000000052
-2.099999996119095e-08
-0.002394220999999974
0.0023942090000000915
0.007182639000000046
-0.0023941909999999345
-0.011971021000000026
8.999999967507222e-09
0.011971039000000072
0.003990352333333336
-0.00399033433333329
-0.011971021000000026
-0.010906932111111156
-0.009842843222222286
-0.008778754333333305
-0.007714665444444435
-0.006650576555555565
-0.005586487666666695
-0.004522398777777714
-0.003458309888888844
-0.002394220999999974
-0.002394220999999974
0.011971038999999961
0.0023942090000000915
0.0015961423333333835
0.0007980756666666755
8.999999967507222e-09
-0.0053869460000000036
-0.010773900999999975
-0.016160856
-0.021547810999999972
-0.016759413499999987
-0.011971015999999945
-0.007182618500000015
-0.002394220999999974
-0.002394220999999974
0.002394179000000052
-0.011971021000000026
-0.002394220999999974
0.021547839000000013
0.01812754471428568
0.014707250428571461
0.01128695614285713
0.00786666185714291
0.004446367571428578
0.0010260732857143573
-0.002394220999999974
0.002394179000000052
-0.004788420999999987
-0.003591320999999925
-0.002394220999999974
-0.0011971210000000232
-2.099999996119095e-08
0.0011970790000001008
0.002394179000000052
-0.011971021000000026
-0.007182621
-0.002394220999999974
0.0007980656666667363
0.003990352333333336
0.007182639000000046
0.0023942190000000307
-0.0023942009999999847
-0.007182621
-0.007182621
0.007182639000000046
0.005586485666666752
0.003990332333333346
0.002394179000000052
0.0005985377500000721
-0.0011971034999999075
-0.002992744749999998
-0.004788385999999978
0.00598552650000006
0.016759438999999987
0.011971018999999972
0.007182599000000067
0.002394179000000052
0.001710121857142921
0.0010260647142857904
0.0003420075714286597
-0.00034204957142858206
-0.0010261067142857128
-0.0017101638571428435
-0.002394220999999974
0.007182639000000046
0.011971039000000072
0.002394179000000052
0.002394179000000052
-2.099999996119095e-08
-0.002394220999999974
-0.009576815999999932
-0.016759410999999946
-0.008778727666666652
-0.0007980443333333032
0.007182639000000046
0.011971039000000072
0.007182639000000046
0.003990352333333336
0.0007980656666667363
-0.002394220999999974
-0.002394220999999974
-0.014365215999999958
-0.026336210999999998
-0.014365215999999958
-0.002394220999999974
0.00957680900000002
0.021547839000000013
0.010374885666666667
-0.0007980676666666797
-0.011971021000000026
-0.010374887666666721
-0.008778754333333305
-0.007182621
-0.016759410999999946
-0.011971021000000026
-0.01516328433333336
-0.01835554766666664
-0.021547810999999972
-0.014365215999999958
-0.007182621
-0.002394220999999974
-2.099999996119095e-08
0.002394179000000052
-0.0023942184999999894
-0.0071826159999999195
-0.01197101349999996
-0.016759410999999946
0.007182639000000046
0.0035913240000000624
8.999999967507222e-09
-0.0035913060000000163
-0.007182621
-0.021547810999999972
0.03591303899999998
-0.002394220999999974
-0.0017956709999999987
-0.0011971210000000232
-0.0005985709999999367
-2.099999996119095e-08
-0.005985521000000049
-0.011971021000000026
-0.005985506000000029
8.999999967507222e-09
0.005985524000000075
0.011971039000000072
-0.007182621
0.021547839000000013
1.400000004814217e-08
-0.021547810999999972
-0.01915361099999996
-0.016759410999999946
-0.0007980609999999055
0.01516328900000008
0.031124639000000065
0.016759438999999987
0.019153639
0.021547839000000013
0.016759426999999993
0.011971014999999974
0.007182603000000065
0.0023941910000000455
-0.002394220999999974
-0.011971021000000026
0.016759438999999987
-0.011971021000000026
-0.011971021000000026
-0.011971021000000026
-0.009576815000000072
-0.0071826090000000065
-0.004788402999999941
-0.002394196999999987
8.999999967507222e-09
0.002394215000000033
0.004788421000000098
0.0071826270000000525
0.009576833000000007
0.011971039000000072
-0.016759410999999946
0.011971039000000072
-0.01675941599999997
0.021547839000000013
-0.002394220999999974
0.031124639000000065
0.007182614000000087
-0.016759410999999946
-0.016759410999999946
-0.016759410999999946
-0.0023941943333333215
0.011971022333333359
0.02633623900000004
-0.007182621
-0.004788420999999987
-0.002394220999999974
-2.099999996119095e-08
0.002394179000000052
0.007182639000000046
-0.0023941909999999345
-0.011971021000000026
0.0071826090000000065
0.02633623900000004
-0.026336210999999998
-0.014365215999999958
-0.002394220999999974
0.0071826090000000065
0.016759438999999987
0.002394222333333307
-0.011970994333333373
-0.026336210999999998
-0.01077389849999999
0.004788413999999963
0.020350726500000027
0.03591303899999998
0.009576813999999989
-0.016759410999999946
0.007182614000000087
-0.004788398499999902
-0.016759410999999946
0.002394214000000061
0.021547839000000013
0.011971009000000032
0.002394179000000052
-0.002394220999999974
-0.007182621
-0.011971021000000026
0.011970998999999982
0.03591301899999999
0.059855039
-0.040701410999999965
-0.014365185999999919
0.011971039000000072
-0.011971021000000026
-0.014365215999999958
-0.016759410999999946
0.008778739000000035
0.03431688899999996
0.059855039
-0.035913010999999995
0.011971039000000072
0.014365239000000085
0.016759438999999987
-0.003990320999999963
-0.02474008099999997
-0.045489840999999975
-0.030326560999999974
-0.015163280999999973
-9.999999717180685e-10
0.01516327900000003
0.03032655900000003
0.04548983900000003
-0.045489840999999975
0.016759438999999987
-0.011971021000000026
-0.03112461099999997
0.0007980723333333994
0.03272075566666666
0.06464343900000002
-0.05985503099999995
-0.02793234099999997
0.00399034900000006
0.03591303899999998
0.007182613999999976
-0.021547810999999972
-0.02274491099999998
-0.023942010999999985
-0.025139110999999992
-0.026336210999999998
0.040701439000000006
-0.05985503099999995
0.05027823900000006
-0.045489840999999975
-0.01436520100000005
0.016759438999999987
0.0071826090000000065
-0.002394220999999974
-0.009097978999999978
-0.015801736999999982
-0.022505494999999986
-0.02920925299999999
-0.035913010999999995
0.055066639000000084
0.004788399000000054
-0.045489840999999975
0.04548983900000003
0.007182614000000087
-0.03112461099999997
0.007182639000000046
0.0047884089999999935
0.002394179000000052
-0.010374884333333334
-0.023143947666666664
-0.035913010999999995
-0.019632441
-0.0033518710000000063
0.012928699000000043
0.029209268999999982
0.04548983900000003
-0.00718259599999993
-0.05985503099999995
-0.01995167433333328
0.01995168233333333
0.059855039
-0.050278240999999946
0.014365209000000045
0.005985494000000036
-0.002394220999999974
0.016759438999999987
0.006224949000000035
-0.004309541000000028
-0.01484403099999998
-0.025378520999999987
-0.035913010999999995
0.055066639000000084
-0.05985503099999995
0.06943187900000003
-0.0047883909999999474
-0.07900866099999998
0.0023942089999999805
0.083797079
0.01915361900000001
-0.045489840999999975
-0.004788400999999998
0.03591303899999998
0.014365218999999985
-0.007182601000000011
-0.02873042099999995
-0.050278240999999946
0.011971039000000072
0.009097993000000026
0.006224947000000092
0.003351901000000046
0.0004788550000001113
-0.0023941909999999345
0.007182639000000046
-0.026336210999999998
0.002394214000000061
0.031124639000000065
-0.004788385999999978
-0.040701410999999965
-0.013567127666666678
0.013567155666666664
0.040701439000000006
0.03651158587500003
0.032321732750000054
0.028131879624999967
0.02394202649999999
0.019752173375000015
0.015562320250000039
0.011372467124999952
0.007182613999999976
0.002992760875
-0.0011970922499999759
-0.005386945374999952
-0.009576798500000039
-0.013766651625000015
-0.01795650474999999
-0.022146357874999967
-0.026336210999999998
-0.015562298500000016
-0.004788385999999978
1.400000004814217e-08
-0.007182621
0.011971039000000072
-0.009576821000000013
0.002394179000000052
-0.016759410999999946
0.016759438999999987
-0.002394220999999974
-0.016759410999999946
-0.01256955474999999
-0.008379698499999977
-0.004189842249999964
1.400000004814217e-08
0.0017956702500000477
0.003591326500000047
0.005386982750000047
0.007182639000000046
0.002394179000000052
0.0011970940000000097
8.999999967507222e-09
-0.0035913060000000163
-0.007182621
-0.002394220999999974
0.002394179000000052
-2.099999996119095e-08
-0.002394220999999974
0.0023942090000000915
0.007182639000000046
0.007182639000000046
0.007182639000000046
0.007182639000000046
0.007182639000000046
0.007182639000000046
0.007182639000000046
0.007182639000000046
0.007182639000000046
0.007182639000000046
0.007182639000000046
0.007182639000000046
0.0023942090000000915
-0.001197098499999938
-0.004788405999999967
-0.008379713499999997
-0.011971021000000026
0.002394179000000052
0.001710121857142921
0.0010260647142857904
0.0003420075714286597
-0.00034204957142858206
-0.0010261067142857128
-0.0017101638571428435
-0.002394220999999974
-0.007182621
-0.011971021000000026
-0.014365215999999958
-0.016759410999999946
-0.004788385999999978
0.007182639000000046
0.002394179000000052
-2.099999996119095e-08
-0.002394220999999974
-2.099999996119095e-08
0.002394179000000052
-0.007182621
-0.007182621
-0.007182621
-0.009576821000000013
-0.011971021000000026
0.002394179000000052
0.0009576589999999996
-0.0004788609999999416
-0.0019153809999999938
-0.003351900999999935
-0.004788420999999987
-0.006224941000000039
-0.0076614609999999805
-0.009097981000000033
-0.010534500999999974
-0.011971021000000026
-0.0023942009999999847
-0.016759410999999946
-0.011971021000000026
-0.008379720999999951
-0.004788420999999987
-0.0011971210000000232
0.002394179000000052
-0.002394220999999974
-0.007182621
0.007182639000000046
0.002394179000000052
-0.011971021000000026
-0.016759410999999946
-0.015163280999999973
-0.013567151000000055
-0.011971021000000026
-0.007182621
-0.002394220999999974
-0.002394220999999974
-0.002394220999999974
-0.002394220999999974
-0.002394220999999974
-0.004788420999999987
-0.007182621
-0.004788420999999987
-0.002394220999999974
-2.099999996119095e-08
0.002394179000000052
0.002394179000000052
