0.01316811450000005
0.017956517000000033
0.022744919500000044
-0.015562320499999949
0.0035912995000000336
0.022744919500000044
-0.0011971004999999368
-0.025139120499999945
-0.008379705499999945
0.008379709500000027
0.00658405575000004
0.004788402000000025
0.00299274825000001
0.001197094500000051
-0.0005985592499999637
-0.0023942129999999784
-0.004189866749999938
-0.005985520499999952
-0.015562320499999949
0.03232171950000004
0.0035913095000000284
-0.005985520499999952
0.0035913095000000284
-0.005985500499999963
-0.015562310499999954
-0.025139120499999945
-0.017614486214285685
-0.01008985192857137
-0.0025652176428571094
0.004959416642857206
0.012484050928571466
0.020008685214285754
0.027533319500000042
0.013168109500000025
0.008379709500000027
-0.015562320499999949
0.017956499500000028
0.014365202000000021
0.010773904500000042
0.007182607000000035
0.0035913095000000284
-0.005985520499999952
-0.010773920499999978
-0.009709828277777777
-0.00864573605555552
-0.007581643833333318
-0.006517551611111061
-0.005453459388888859
-0.004389367166666602
-0.0033252749444444007
-0.0022611827222221437
-0.001197090499999942
0.0035913070000000435
0.00837970450000003
0.013168102000000043
0.017956499500000028
0.005985489500000052
-0.005985520499999952
-0.015562320499999949
-0.025139120499999945
-0.012370043833333288
0.00039903283333336814
0.013168109500000025
0.016360379500000022
0.019552649500000047
0.022744919500000044
0.015562314500000035
0.008379709500000027
0.008379709500000027
-0.003591305499999975
0.010773914500000037
-0.001197090499999942
-0.013168105499999916
-0.025139120499999945
-0.001197090499999942
0.0011971095000000709
0.0035913095000000284
0.005985509500000041
0.008379709500000027
0.01077390950000004
0.013168109500000025
-0.025139120499999945
-0.015562320499999949
-0.010773920499999978
-0.020350720499999975
-0.013966177166666649
-0.007581633833333268
-0.001197090499999942
-0.001197090499999942
-0.001197090499999942
-0.001197090499999942
0.0035913095000000284
0.008379709500000027
0.008379709500000027
0.008379709500000027
0.010773909500000012
0.013168109500000025
0.001197094500000051
-0.010773920499999978
-0.0059855104999999575
-0.0011971004999999924
0.0035913095000000284
0.013168109500000025
0.012689269500000017
0.012210429500000036
0.011731589500000028
0.01125274950000002
0.010773909500000012
0.010295069500000031
0.009816229500000023
0.009337389500000015
0.008858549500000035
0.008379709500000027
0.013168104500000027
0.017956499500000028
0.008379709500000027
-0.010773920499999978
-0.005985505499999988
-0.001197090499999942
0.013168109500000025
-0.003591305499999975
-0.0023941979999999585
-0.001197090499999942
0.013168109500000025
-0.020350720499999975
-0.010773905499999958
-0.001197090499999942
-0.0023941979999999585
-0.003591305499999975
-0.004788412999999936
-0.005985520499999952
-0.025139120499999945
0.008379709500000027
0.0035913095000000284
-0.001197090499999942
-0.001197090499999942
-0.001197090499999942
-0.001197090499999942
-0.001197090499999942
-0.008379705499999945
-0.015562320499999949
0.0035913095000000284
0.004788409500000035
0.005985509500000041
0.00718260950000002
0.008379709500000027
0.0035913095000000284
0.005985509500000041
0.008379709500000027
0.006783576166666694
0.005187442833333389
0.0035913095000000284
0.0035913095000000284
0.017956499500000028
0.00837970450000003
-0.001197090499999942
0.0003990428333333629
0.0019951761666667234
0.0035913095000000284
0.0016759435000000544
-0.000239422499999975
-0.002154788499999949
-0.004070154499999978
-0.005985520499999952
0.013168109500000025
0.0035913095000000284
-0.010773920499999978
-0.01795652049999996
-0.025139120499999945
-0.008379705499999945
0.008379709500000027
-0.010773920499999978
-0.005985505499999988
-0.001197090499999942
0.0011971095000000709
0.0035913095000000284
0.005985509500000041
0.008379709500000027
0.01077390950000004
0.013168109500000025
0.005985509500000041
-0.001197090499999942
-0.005985520499999952
-0.003591305499999975
-0.001197090499999942
0.0011971095000000709
0.0035913095000000284
0.004389376166666681
0.005187442833333389
0.005985509500000041
0.007182609500000048
0.008379709500000027
0.006783576166666694
0.005187442833333389
0.0035913095000000284
0.006783576166666694
0.00997584283333336
0.013168109500000025
0.009177771166666682
0.005187432833333339
0.001197094500000051
-0.002793243833333292
-0.006783582166666635
-0.010773920499999978
-0.001197090499999942
0.0035913095000000284
-0.001197090499999942
0.008379709500000027
0.006464349500000022
0.004548989500000045
0.0026336295000000676
0.000718269500000035
-0.001197090499999942
-0.005985505499999988
-0.010773920499999978
-0.001197090499999942
0.0035913095000000284
0.008379709500000027
0.008379709500000027
0.008379709500000027
0.008379709500000027
-0.001197090499999942
0.0035913095000000284
0.008379709500000027
0.005506663500000009
0.0026336175000000184
-0.00023942849999997184
-0.003112474499999962
-0.005985520499999952
0.0035913095000000284
-0.001197090499999942
0.0011971095000000709
0.0035913095000000284
-0.001197105499999962
-0.005985520499999952
-0.001197105499999962
0.0035913095000000284
0.003890584500000016
0.004189859500000004
0.004489134500000047
0.004788409500000035
0.005087684500000023
0.00538695950000001
0.005686234500000054
0.005985509500000041
0.006284784500000029
0.006584059500000017
0.006883334500000032
0.00718260950000002
0.007481884500000036
0.007781159500000023
0.008080434500000039
0.008379709500000027
0.0035913095000000284
-0.003591305499999975
0.008379709500000027
-0.005985520499999952
-0.003591305499999975
-0.025139120499999945
-0.02992752049999997
-0.001197090499999942
0.008379699500000032
0.005985502000000031
0.0035913045000000587
0.0011971070000000306
-0.001197090499999942
0.0029072537857143255
0.007011598071428621
0.011115942357142916
0.015220286642857184
0.01932463092857148
0.023428975214285747
0.027533319500000042
-0.020350720499999975
0.05386953450000004
0.04788403057142862
0.041898526642857176
0.03591302271428576
0.029927518785714313
0.023942014857142896
0.01795651092857148
0.011971007000000033
0.005985503071428588
-8.571428011805438e-10
-0.005985504785714246
-0.011971008714285691
-0.017956512642857136
-0.023942016571428526
-0.02992752049999997
-0.02194685383333328
-0.013966187166666644
-0.005985520499999952
-0.00837971049999997
0.008379709500000027
0.010773909500000012
-0.015562320499999949
-0.005985520499999952
-0.007980687166666611
-0.00997585383333327
-0.011971020499999985
-0.013966187166666644
-0.015961353833333303
-0.01795652049999996
-0.01995168716666662
-0.02194685383333328
-0.02394202049999994
-0.025937187166666653
-0.027932353833333312
-0.02992752049999997
-0.008379705500000001
0.013168109500000025
0.03471592450000002
-0.0011971004999999368
-0.037110140499999944
0.06584054950000004
-0.005985505499999988
0.0035913095000000284
0.005985509500000041
0.008379709500000027
-0.02992752049999997
-0.020350720499999975
0.015562309500000038
0.05147533950000002
0.048283069500000025
0.04509079950000003
0.04189852950000003
0.023942017000000038
0.005985504500000016
-0.01197100799999995
-0.02992752049999997
-0.037588968499999986
-0.0452504165
-0.05291186449999996
-0.060573312499999976
-0.06823476049999999
0.027533314500000017
-0.01795652049999996
-0.018754587166666614
-0.019552653833333322
-0.020350720499999975
0.005985499500000047
0.03232171950000004
0.035913022000000044
0.03950432450000002
0.043095627000000025
0.04668692950000003
-0.03950434049999996
-0.04429274049999998
-0.003591305499999975
0.03711012950000003
0.029927524500000025
0.022744919500000044
0.013168109500000025
-0.022744915499999963
-0.05865794049999995
-0.04189853049999992
-0.025139120499999945
0.005187436166666726
0.03551399283333337
0.06584054950000004
0.046686934500000055
0.027533319500000042
-0.04908114049999995
-0.051475340499999966
-0.05386954049999998
-0.025139115499999976
0.0035913095000000284
0.024341056166666708
0.04509080283333336
0.06584054950000004
-0.020350720499999975
-0.022744920499999988
-0.025139120499999945
-0.029927527166666634
-0.03471593383333327
-0.03950434049999996
-0.010773920499999978
0.017956499500000028
0.03711011950000004
0.05626373950000002
0.008379699500000032
-0.03950434049999996
-0.04010289049999993
-0.040701440499999963
-0.041299990499999994
-0.04189854049999997
-0.042497090499999945
-0.043095640499999976
-0.04369419050000001
-0.04429274049999998
-0.010773920499999978
0.017956499500000028
0.014365202000000021
0.010773904500000042
-0.0251391205
-0.010773913833333315
0.0035912928333333705
0.017956499500000028
0.041898524500000034
0.06584054950000004
0.04955997650000005
0.03327940350000003
0.016998830500000034
0.0007182575000000413
-0.015562315499999979
-0.03471592049999994
0.013168109500000025
0.029927519500000027
0.04668692950000003
0.02753331700000003
0.00837970450000003
-0.010773907999999999
-0.02992752049999997
-0.014604630499999993
0.0007182595000000402
0.016041149500000018
0.031364039500000024
0.04668692950000003
-0.017956505499999942
0.013168109500000025
-0.020350720499999975
0.027533314500000017
0.07541734950000004
0.013168104500000055
-0.04908114049999995
-0.025139120499999945
-0.0011971004999999368
0.022744919500000044
-0.02992752049999997
-0.03950433049999996
-0.04908114049999995
-0.00837971049999997
0.03232171950000004
0.0011970995000000206
-0.02992752049999997
0.013168109500000025
0.05626373950000002
0.01077390950000004
-0.03471592049999994
-0.015562305499999929
0.0035913095000000284
0.0035913095000000284
0.0035913095000000284
0.0035913095000000284
-0.0007182554999999868
-0.0050278204999999465
-0.009337385499999962
-0.013646950499999977
-0.017956515499999992
-0.022266080499999952
-0.026575645499999967
-0.030885210499999982
-0.03519477549999994
-0.03950434049999996
0.005985504500000016
0.0035912995000000336
-0.005985505499999988
-0.004788401749999949
-0.003591297999999965
-0.0023941942499999813
-0.001197090499999942
0.006464353500000047
0.014125797500000037
0.021787241500000054
0.029448685500000044
0.03711012950000003
-0.05386954049999998
0.07062894950000004
-0.04429274049999998
0.05147533950000002
-0.020350720499999975
-0.019982382038461532
-0.019614043576923035
-0.019245705115384593
-0.018877366653846095
-0.018509028192307653
-0.01814068973076921
-0.017772351269230713
-0.01740401280769227
-0.01703567434615383
-0.01666733588461533
-0.01629899742307689
-0.01593065896153839
-0.015562320499999949
0.008379709500000027
-0.020350720499999975
0.017956499500000028
-0.001197105499999962
-0.015562320499999949
0.0035913095000000284
0.0035913095000000284
0.0035913095000000284
0.0035913095000000284
0.0035913095000000284
0.0035913095000000284
0.0035913095000000284
0.0035913095000000284
-0.005985520499999952
-0.020350720499999975
0.017956499500000028
0.015961331166666703
0.013966162833333351
0.011970994500000026
0.009975826166666701
0.007980657833333377
0.005985489500000052
0.003990321166666699
0.0019951528333334023
-1.549999995020812e-08
-0.0019951838333333027
-0.0039903521666666
-0.005985520499999952
-0.0035913129999999294
-0.001197105499999962
0.0011971020000000054
0.0035913095000000284
0.00039903283333336814
-0.002793243833333292
-0.005985520499999952
-0.0035913129999999294
-0.001197105499999962
0.0035913095000000284
-0.001197105499999962
0.003591294500000064
0.001197102000000061
-0.001197090499999942
-0.0017956442499999503
-0.0023941979999999585
-0.0029927517499999667
-0.003591305499999975
-0.004189859249999928
-0.004788412999999936
-0.005386966749999944
-0.005985520499999952
-0.010773905499999958
-0.003591305499999975
-0.015562320499999949
0.0035913095000000284
0.0016759435000000544
-0.000239422499999975
-0.002154788499999949
-0.004070154499999978
-0.005985520499999952
-0.002793248833333317
0.0003990228333333734
0.003591294500000064
0.006783566166666699
0.009975837833333362
0.013168109500000025
-0.005985505499999988
-0.003591305499999975
-0.004389373833333321
-0.005187442166666667
-0.0059855104999999575
-0.006783578833333304
-0.00758164716666665
-0.008379715499999996
-0.009177783833333286
-0.009975852166666632
-0.010773920499999978
-0.001197105499999962
0.005985509500000041
-0.005985520499999952
-0.003591305499999975
-0.001197090499999942
0.0019951761666667234
0.005187442833333389
0.008379709500000027
-0.001197090499999942
0.013168109500000025
0.003591294500000064
-0.005985520499999952
-0.005187448833333275
-0.004389377166666597
-0.003591305499999975
-0.0027932338333332973
-0.0019951621666666197
