0.002154797999999958
0.0028388551428570885
0.003522912285714219
0.00420696942857135
0.004891026571428481
0.005575083714285611
0.006259140857142742
0.006943197999999873
0.002154797999999958
0.011731597999999899
-0.002633602000000068
-0.002633602000000068
-0.0074220620000000626
-0.0074220620000000626
-0.0074220620000000626
-0.0074220620000000626
-0.0074220620000000626
-0.0074220620000000626
-0.0074220620000000626
-0.0074220620000000626
-0.0074220620000000626
0.002154797999999958
-0.001436517000000026
-0.005027832000000121
-0.008619147000000105
-0.012210462000000089
0.002154797999999958
0.002154797999999958
0.0024364685882352077
0.0027181391764705687
0.0029998097647058186
0.0032814803529410685
0.0035631509411764295
0.0038448215294116794
0.004126492117646929
0.00440816270588229
0.00468983329411754
0.004971503882352901
0.005253174470588151
0.005534845058823401
0.005816515647058762
0.006098186235294012
0.006379856823529262
0.006661527411764623
0.006943197999999873
-0.012210462000000089
-0.0074220620000000626
-0.0074220620000000626
-0.0074220620000000626
0.006943197999999873
-0.02178726200000014
-0.007422032000000023
0.002154797999999958
-0.00023940200000005518
0.002154797999999958
-0.00023941700000007504
-0.002633631999999997
-0.00502784700000003
-0.0074220620000000626
0.004548997999999971
0.002154797999999958
0.0009576904999999414
-0.00023941700000007504
-0.0014365245000000915
-0.002633632000000108
-0.002633627714285769
-0.002633623428571541
-0.002633619142857202
-0.002633614857142974
-0.002633610571428635
-0.002633606285714407
-0.002633602000000068
-0.006224932000000072
-0.009816262000000076
-0.00822011866666672
-0.006623975333333476
-0.005027832000000121
-0.0074220620000000626
-0.02178726200000014
-0.007422032000000134
0.006943197999999873
-0.0002394320000000949
-0.0074220620000000626
-0.0002394320000000949
0.006943197999999873
0.006943197999999873
0.006943197999999873
0.006943197999999873
0.006943197999999873
-0.012210462000000089
-0.01141239533333338
-0.010614328666666784
-0.009816262000000076
-0.009018195333333368
-0.00822012866666677
-0.0074220620000000626
-0.007422032000000023
-0.007422042000000073
-0.007422052000000012
-0.0074220620000000626
0.004548997999999971
0.0027533479999999333
0.0009576979999998958
-0.0008379520000000307
-0.002633602000000068
-0.012210462000000089
0.011731597999999899
0.0037509113333332733
-0.004229775333333463
-0.012210462000000089
0.002154797999999958
-0.004229755333333363
-0.010614308666666794
-0.016998862000000114
0.002154797999999958
-0.0026336220000000576
-0.007422042000000073
-0.012210462000000089
-0.011013362000000138
-0.009816262000000076
-0.008619162000000014
-0.0074220620000000626
0.002154797999999958
-0.0074220620000000626
0.002154797999999958
-0.0026336220000000576
-0.007422042000000073
-0.012210462000000089
-0.012210462000000089
-0.007422032000000023
-0.002633602000000068
-0.00023940200000005518
0.002154797999999958
0.004548997999999971
0.006943197999999873
0.005027831999999899
0.003112465999999925
0.00119709999999984
-0.000718266000000134
-0.002633632000000108
0.002154797999999958
-0.00023940200000005518
-0.002633602000000068
-0.007422032000000023
-0.012210462000000089
0.002154797999999958
0.002154797999999958
0.002154797999999958
0.002154797999999958
0.002154797999999958
0.0015562479999999823
0.0009576979999998958
0.0003591479999999203
-0.00023940200000005518
-0.0008379520000000307
-0.0014365020000000062
-0.0020350520000000927
-0.002633602000000068
0.006943197999999873
0.0021547979999998468
-0.005027832000000121
-0.002633602000000068
-0.007422032000000023
-0.012210462000000089
-0.0002394320000000949
0.011731597999999899
0.011731597999999899
0.011731597999999899
0.013327731333333204
0.01492386466666662
0.016519997999999925
0.006943197999999873
-0.002633602000000068
0.002154797999999958
0.0009576904999999414
-0.00023941700000007504
-0.0014365245000000915
-0.002633631999999997
-0.0038307395000000133
-0.00502784700000003
-0.006224954500000046
-0.0074220620000000626
-0.007422032000000134
0.0021547979999998468
-0.001675934000000101
-0.00550666600000016
-0.009337398000000108
-0.013168130000000167
-0.016998862000000114
-0.016998862000000114
-0.0074220620000000626
-0.005027832000000121
-0.002633602000000068
-0.0074220620000000626
-0.005027832000000121
-0.002633602000000068
-0.009816232000000147
-0.016998862000000114
-0.009816232000000147
-0.002633602000000068
-0.002633602000000068
-0.002633602000000068
-0.002633602000000068
-0.002633602000000068
-0.002633602000000068
-0.002633602000000068
-0.002633602000000068
-0.006224932000000072
-0.009816262000000076
0.006943197999999873
0.003351882999999889
-0.0002394320000000949
-0.0038307470000000787
-0.0074220620000000626
0.0021547979999998468
-0.012210462000000089
-0.012210462000000089
-0.012210462000000089
-0.013407561166666748
-0.014604660333333408
-0.015801759500000068
-0.016998858666666727
-0.018195957833333387
-0.019393057000000047
-0.020590156166666707
-0.021787255333333366
-0.022984354500000026
-0.024181453666666686
-0.025378552833333345
-0.02657565200000006
-0.0002394320000000949
-0.005027832000000121
0.002154767999999918
-0.0074220620000000626
-0.00502785200000011
-0.002633642000000047
-0.0002394320000000949
0.0021547779999998573
0.0045489879999999205
0.006943197999999873
-0.012210462000000089
-0.002633602000000068
0.011731597999999899
0.008539331333333289
0.005347064666666568
0.002154797999999958
0.002154797999999958
0.02130839799999995
0.013646945999999938
0.005985493999999925
-0.0016759580000000884
-0.009337410000000101
-0.016998862000000114
-0.005825918666666818
0.005347024666666589
0.016519967999999885
0.03088518299999987
0.04525039799999997
-0.012210462000000089
0.040461997999999944
0.011731567999999859
-0.016998862000000114
0.011731567999999859
0.040461997999999944
-0.00502782700000004
-0.05051765200000008
-0.009816227000000066
0.03088519799999989
0.008539314666666575
-0.013806568666666741
-0.03615245200000011
0.03088519799999989
0.023223752999999903
0.015562307999999914
0.007900862999999925
0.00023941799999993574
-0.007422027000000053
-0.05051765200000008
-0.01221042700000008
0.026096797999999866
-0.007422027000000053
-0.04094085200000008
-0.0002394270000001253
0.040461997999999944
0.026096782999999957
0.011731567999999859
-0.0026336470000001277
-0.016998862000000114
0.002154767999999918
0.02130839799999995
0.016519997999999925
0.002154797999999958
0.014125797999999912
0.026096797999999866
0.002154767999999807
-0.02178726200000014
0.006943167999999833
0.03567359799999992
-0.009816242000000086
-0.05530608200000009
-0.0390255060000001
-0.022744930000000108
-0.0064643540000001165
0.009816221999999875
0.026096797999999866
-0.05051765200000008
0.050038797999999884
0.027293885499999893
0.004548972999999901
-0.01819593950000009
-0.04094085200000008
0.016519997999999925
-0.002633602000000068
-0.0074220620000000626
0.004548967999999931
0.016519997999999925
0.006943189666666627
-0.0026336186666667816
-0.01221042700000008
-0.021787235333333377
-0.03136404366666673
-0.04094085200000008
-0.026575652000000116
0.040461997999999944
0.011731581333333296
-0.016998835333333462
-0.04572925200000011
0.04525039799999997
0.016519967999999885
-0.012210462000000089
0.011731597999999899
0.008539331333333289
0.005347064666666568
0.002154797999999958
-0.026575642000000066
-0.05530608200000009
-0.009816242000000086
0.03567359799999992
0.02662883688888884
0.017584075777777652
0.008539314666666575
-0.0005054464444445017
-0.00955020755555569
-0.018594968666666767
-0.027639729777777844
-0.036684490888888976
-0.04572925200000011
0.018914167999999898
0.02130839799999995
-0.03136405200000009
-0.02258531033333344
-0.013806568666666852
-0.005027827000000151
0.01771708549999995
0.040461997999999944
0.03498954085714279
0.02951708371428563
0.024044626571428473
0.018572169428571428
0.013099712285714271
0.0076272551428571145
0.002154797999999958
0.011731597999999899
-0.05530608200000009
-0.007422042000000073
0.040461997999999944
0.026894856333333328
0.013327714666666601
-0.0002394270000001253
-0.013806568666666741
-0.027373710333333412
-0.04094085200000008
-0.024181457000000073
-0.0074220620000000626
0.03088519799999989
-0.03136405200000009
-0.024181444500000038
-0.016998837000000044
0.009337380499999881
0.03567359799999992
-0.012210462000000089
-0.016998858666666727
-0.021787255333333366
-0.02657565200000006
-0.01939304366666672
-0.012210435333333436
-0.00502782700000004
0.0021547813333332444
0.00933738966666664
0.016519997999999925
-0.05051765200000008
0.03567359799999992
-0.009816262000000076
0.02011126799999996
0.050038797999999884
0.018116114666666516
-0.013806568666666741
-0.04572925200000011
-0.007422027000000053
0.03088519799999989
0.014125789666666555
-0.0026336186666667816
-0.019393027000000118
0.012928685499999926
0.04525039799999997
-0.0026336270000000273
-0.05051765200000008
-0.026575635333333403
-0.0026336186666666705
0.02130839799999995
0.006943167999999944
-0.0074220620000000626
-0.04094085200000008
0.009337392999999916
0.059615637999999915
0.03375825599999993
0.007900873999999947
-0.017956508000000038
-0.04381389000000008
-0.06967127200000006
0.050038797999999884
0.02849099799999988
0.006943197999999873
-0.06488287200000009
0.05482719799999991
0.0021547729999998877
-0.05051765200000008
-0.014604627000000092
0.02130839799999995
0.016519997999999925
0.011731597999999899
-0.019393027000000118
-0.05051765200000008
-0.03341621057142863
-0.016314769142857233
0.0007866722857141628
0.01788811371428567
0.034989555142857065
0.05209099657142846
0.06919243799999997
-0.026575642000000066
-0.005825895333333442
0.014923851333333293
0.03567359799999992
-0.0074220370000001035
-0.021787244500000136
-0.03615245200000011
-0.026575657000000086
-0.016998862000000114
0.003750891333333284
0.02450064466666657
0.04525039799999997
0.024181421999999952
0.0031124459999999354
-0.01795653000000008
-0.03902550600000004
-0.06009448200000006
-0.00023944200000003413
-0.005825915333333431
-0.011412388666666717
-0.016998862000000114
0.03567359799999992
-0.08403650200000007
0.06919243799999997
0.03806780799999998
0.006943177999999994
-0.024181452000000103
-0.05530608200000009
-0.0074220620000000626
0.04525039799999997
0.025139101999999913
0.005027805999999968
-0.015083490000000088
-0.03519478600000009
-0.05530608200000009
0.07876923799999991
-0.06967127200000006
-0.024181437000000083
0.02130839799999995
0.018914197999999938
0.016519997999999925
-0.016998827000000105
-0.05051765200000008
-0.01221042200000011
0.026096807999999916
0.06440403799999994
0.026096802999999946
-0.012210432000000049
-0.013470538315789482
-0.014730644631579026
-0.01599075094736846
-0.017250857263158004
-0.018510963578947437
-0.01977106989473687
-0.021031176210526414
-0.022291282526315848
-0.023551388842105392
-0.024811495157894825
-0.026071601473684314
-0.027331707789473747
-0.028591814105263236
-0.029851920421052724
-0.031112026736842213
-0.0323721330526317
-0.033632239368421135
-0.034892345684210624
-0.03615245200000011
-0.0337582520000001
-0.03136405200000009
0.059615637999999915
-0.07924807200000006
0.050038797999999884
-0.05051765200000008
0.011731597999999899
0.02130839799999995
-0.06488287200000009
0.07398083799999988
-0.09361330200000006
0.04525039799999997
-0.012210462000000089
-0.02178726200000014
0.059615637999999915
-0.019393052000000077
-0.028371309500000108
-0.03734956700000008
-0.04632782450000006
-0.05530608200000009
-0.012210442000000099
0.03088519799999989
-0.016998842000000014
0.011731584666666683
0.04046201133333327
0.06919243799999997
0.05578490699999994
0.04237737599999991
0.028969844999999994
0.015562313999999966
0.002154782999999938
-0.01125274800000009
-0.024660279000000118
-0.03806781000000009
-0.05147534100000006
-0.06488287200000009
0.02130839799999995
0.026096797999999866
-0.00023942200000004465
-0.06488287200000009
0.011731597999999899
0.005879103555555432
2.6609111110964534e-05
-0.0058258853333333915
-0.011678379777777859
-0.017530874222222326
-0.023383368666666793
-0.029235863111111204
-0.035088357555555616
-0.04094085200000008
0.040461997999999944
-0.05051765200000008
0.05482719799999991
-0.04572925200000011
0.02130839799999995
0.002154797999999958
-0.02657565200000006
-0.013407539500000065
-0.0002394270000001253
0.012928685499999926
0.026096797999999866
-0.04094085200000008
-0.016998827000000105
0.006943197999999873
-0.0042297520000000866
-0.015402702000000046
-0.02657565200000006
-0.0074220620000000626
-0.003830754500000033
-0.00023944700000000374
0.0033518604999999146
0.006943167999999944
0.010534475499999973
0.014125782999999892
0.01771709049999992
0.02130839799999995
-0.02657565200000006
0.006943197999999873
-0.02657565200000006
-0.009816227000000066
0.006943197999999873
0.002154797999999958
-0.03136405200000009
0.03567359799999992
0.01013544799999988
-0.015402702000000046
-0.04094085200000008
-0.019393027000000007
0.002154797999999958
-0.012210462000000089
-0.012210462000000089
-0.012210462000000089
-0.012210462000000089
-0.012210462000000089
0.006943167999999833
0.026096797999999866
-0.005027832000000121
-0.011013347000000118
-0.016998862000000114
-0.009816232000000147
-0.002633602000000068
-0.00023940200000005518
0.002154797999999958
0.0013567263333332802
0.0005586546666666026
-0.00023941700000007504
-0.0010374886666667527
-0.0018355603333334303
-0.002633632000000108
-0.012210462000000089
-0.007422042000000073
-0.0026336220000000576
0.002154797999999958
-0.012210462000000089
-0.007422042000000073
-0.0026336220000001687
0.0021547979999998468
0.0009576979999998958
-0.00023940200000005518
-0.0014365020000001172
-0.002633602000000068
-0.0010374686666667632
0.0005586646666666528
0.002154797999999958
-0.0074220620000000626
-0.016998862000000114
0.006943197999999873
0.005347064666666568
0.003750931333333263
0.0021547979999998468
0.0005586646666665418
-0.0010374686666667632
-0.002633602000000068
0.002154797999999958
0.006943197999999873
0.011731597999999899
-0.007422027000000053
-0.02657565200000006
-0.004229755333333363
-0.0034316786666667154
-0.002633602000000068
-0.005506654000000055
-0.008379706000000042
-0.01125275800000014
-0.014125810000000127
-0.016998862000000114
-0.0074220620000000626
-0.014604662000000102
-0.01340756200000004
-0.012210462000000089
-0.012210462000000089
-0.012210462000000089
-0.0002394320000000949
0.011731597999999899
0.007900872999999864
0.00407014799999994
0.00023942299999990535
-0.0035913020000001294
-0.007422027000000053
-0.011252752000000088
-0.015083477000000123
-0.018914202000000047
-0.02274492700000008
-0.02657565200000006
-0.002633602000000068
0.002154797999999958
-0.02657565200000006
-0.009816227000000066
-0.0074220186666666965
-0.005027810333333438
-0.002633602000000068
-0.016998827000000105
-0.03136405200000009
0.006943197999999873
0.00502783799999984
0.0031124779999999186
0.001197117999999886
-0.0007182420000000356
-0.002633602000000068
-0.002633602000000068
-0.002633602000000068
0.006943197999999873
-0.00023940200000005518
-0.002633602000000068
0.0021547979999998468
0.006943197999999873
-0.0002394320000000949
-0.0074220620000000626
-0.0074220620000000626
-0.0074220620000000626
-0.0074220620000000626
-0.0074220620000000626
-0.0074220620000000626
-0.0074220620000000626
-0.0074220620000000626
-0.00023940200000005518
-0.016998862000000114
-0.002633602000000068
-0.002633602000000068
-0.002633602000000068
0.001197117999999886
0.005027837999999951
0.008858557999999905
0.01268927799999997
0.016519997999999925
0.002154797999999958
-0.0074220620000000626
-0.009018195333333368
-0.010614328666666784
-0.012210462000000089
-0.016998862000000114
-0.012210442000000099
-0.007422022000000084
-0.002633602000000068
-0.016998862000000114
-0.0074220620000000626
0.002154767999999918
0.011731597999999899
0.005347044666666578
-0.0010375086666667421
