0.00011969675000000901
-0.006264846583333317
0.005706183416666677
0.027253993416666678
0.02007139091666668
0.012888788416666686
0.005706185916666717
-0.0014764165833333065
0.003311983416666664
0.005706183416666677
0.008100383416666662
0.008100383416666662
0.003311983416666664
0.0045090834166666705
0.005706183416666677
0.006903283416666656
0.008100383416666662
0.017677173416666664
0.003311983416666664
0.005706183416666677
0.008100383416666662
0.012888786749999992
0.01767719008333335
0.02246559341666668
0.012888788416666686
0.003311983416666664
0.02246559341666668
0.02246559341666668
0.02246559341666668
0.02246559341666668
-0.0014764165833333065
-0.00045033086904761044
0.0005757548452381411
0.0016018405595238372
0.0026279262738095333
0.0036540119880952293
0.004680097702380981
0.005706183416666677
0.006732269130952401
0.007758354845238097
0.00878444055952382
0.009810526273809517
0.01083661198809524
0.011862697702380937
0.01288878341666666
-0.0014764315833333264
-0.015841646583333313
0.01288878341666666
0.01288878341666666
0.01288878341666666
-0.006264846583333317
0.02246559341666668
0.02246559341666668
0.02246559341666668
0.008100383416666662
0.02246559341666668
0.017677188416666656
0.01288878341666666
0.003311983416666664
-0.0038706315833333393
-0.011053246583333343
0.003311983416666664
-0.0014764165833333065
0.003311983416666664
0.008100383416666662
0.0009177684166666866
-0.006264846583333317
0.017677173416666664
0.003311983416666664
0.003311983416666664
0.003311983416666664
0.003311983416666664
0.003311983416666664
0.003311983416666664
0.003311983416666664
0.003311983416666664
0.003311983416666664
0.003311983416666664
0.003311983416666664
0.003311983416666664
0.01288878341666666
0.003311983416666664
0.001715850083333359
0.00011971674999999848
-0.0014764165833333065
0.008100383416666662
-0.006264846583333317
-0.004668708249999987
-0.0030725699166666565
-0.0014764315833333264
0.00011970675000000375
0.0017158450833333339
0.003311983416666664
0.01288878341666666
0.027253993416666678
-0.006264846583333317
0.01288878341666666
0.009696516749999995
0.0065042500833333294
0.003311983416666664
0.008100383416666662
0.010494583416666647
0.01288878341666666
0.01288878341666666
0.01288878341666666
0.01288878341666666
0.01288878341666666
0.01288878341666666
0.01288878341666666
0.01288878341666666
0.01288878341666666
0.01288878341666666
0.01288878341666666
0.01288878341666666
0.003311983416666664
0.008100383416666662
0.008100383416666662
0.008100383416666662
0.009696516749999995
0.011292650083333328
0.01288878341666666
0.017677173416666664
0.008100378416666665
-0.0014764165833333065
0.0009177834166667065
0.003311983416666664
0.010494578416666678
0.017677173416666664
0.017677173416666664
0.017677173416666664
0.008100378416666665
-0.0014764165833333065
0.012888788416666686
0.027253993416666678
0.012888788416666686
-0.0014764165833333065
0.0009177834166667065
0.003311983416666664
0.003311983416666664
0.003311983416666664
0.005706183416666677
0.00139661741666669
-0.002912948583333297
-0.007222514583333339
-0.011532080583333326
-0.015841646583333313
0.010494583416666647
0.003311983416666664
0.006304734666666673
0.009297485916666681
0.012290237166666662
0.01528298841666667
0.01360704791666667
0.01193110741666667
0.01025516691666667
0.008579226416666669
0.006903285916666668
0.0052273454166666955
0.0035514049166666672
0.0018754644166666945
0.00019952391666666625
-0.0014764165833333065
0.008100378416666665
0.017677173416666664
0.01288878341666666
0.003311983416666664
0.008100383416666662
0.02246559341666668
0.01288878341666666
0.008100383416666662
0.003311983416666664
0.006903280916666671
0.010494578416666678
0.014085875916666657
0.017677173416666664
0.01288878341666666
-0.011053246583333343
-0.005466774916666695
0.00011969675000000901
0.005706168416666657
0.011292640083333333
0.01687911174999998
0.022465583416666657
0.003311983416666664
0.02246559341666668
0.01288878341666666
0.01384646141666665
0.014804139416666667
0.015761817416666657
0.016719495416666674
0.017677173416666664
0.032042393416666676
0.03060587141666668
0.029169349416666684
0.02773282741666666
0.026296305416666665
0.02485978341666667
0.023423261416666674
0.02198673941666668
0.020550217416666655
0.01911369541666666
0.017677173416666664
0.010494578416666678
0.003311983416666664
-0.006264846583333317
0.01288878341666666
0.010494583416666647
0.008100383416666662
0.005706183416666677
0.003311983416666664
0.005706183416666677
0.008100383416666662
0.003311983416666664
0.003311983416666664
0.01288878341666666
0.01288878341666666
0.01288878341666666
-0.0014764165833333065
0.003311983416666664
0.004376072305555534
0.0054401611944444594
0.0065042500833333294
0.007568338972222227
0.008632427861111097
0.009696516749999995
0.010760605638888893
0.011824694527777763
0.01288878341666666
0.003311983416666664
0.008100383416666662
0.0057061634166666875
0.003311983416666664
0.017677173416666664
0.015282975083333317
0.012888776749999997
0.010494578416666678
0.00810038008333333
0.005706181749999983
0.003311983416666664
-0.0014764165833333065
0.017677173416666664
0.003311983416666664
0.003311983416666664
0.0065042500833333294
0.009696516749999995
0.01288878341666666
0.003311983416666664
0.003311983416666664
-0.0014764315833333264
-0.006264846583333317
-0.011053246583333287
-0.015841646583333313
-0.011053241583333318
-0.006264836583333322
-0.0014764315833333264
0.0033119734166666692
0.008100378416666665
0.01288878341666666
-0.034995246583333306
-0.015841646583333313
0.027253993416666678
-0.08766768658333335
-0.05574499658333332
-0.02382230658333334
0.008100383416666662
0.003311983416666664
-0.0014764165833333065
-0.02063004658333334
0.005706173416666682
0.03204239341666665
0.05837861341666667
0.08471483341666666
0.04321533341666667
0.001715833416666701
-0.03978366658333332
0.10386844341666668
-0.04936046658333332
0.02246559341666668
0.008100373416666695
-0.006264846583333317
-0.027812656583333317
-0.04936046658333332
0.0033119734166666692
0.055984413416666656
-0.015841636583333374
-0.08766768658333335
0.010494578416666678
0.10865684341666668
0.062368946750000015
0.016081050083333326
-0.030206846583333335
0.046407603416666665
0.12302205341666667
0.04880180341666668
-0.02541844658333331
0.03683080341666667
0.0009177784166666814
-0.034995246583333306
-0.02541844658333331
0.0017158400833333642
0.02885012675000001
0.055984413416666656
0.011292646749999996
-0.033399119916666664
-0.07809088658333335
0.0033119734166666692
0.08471483341666666
0.016081053416666657
-0.05255272658333332
-0.12118650658333335
0.09908004341666668
-0.054148866583333344
0.03443659341666666
0.12302205341666667
0.08232062341666668
0.04161919341666667
0.0009177634166666615
-0.03978366658333332
0.003311983416666664
0.0009177834166667065
-0.0014764165833333065
0.005706185916666717
0.012888788416666686
0.02007139091666668
0.027253993416666678
-0.006264836583333322
0.032042393416666676
-0.05175466658333333
-0.1355517265833333
-0.04936046658333332
0.036830793416666674
0.12302205341666667
0.032042393416666676
-0.058937266583333314
0.03683079841666667
0.13259886341666666
0.0009177584166666919
-0.13076334658333333
0.08471483341666666
0.03922499341666669
-0.006264846583333317
0.02725398008333335
0.06077280675000002
0.09429163341666666
0.04880180841666665
0.003311983416666664
-0.02541844158333334
-0.054148866583333344
-0.006264846583333317
-0.023822319916666668
-0.04137979324999996
-0.058937266583333314
0.009696514749999996
0.07833029608333333
0.14696407741666667
-0.07330248658333333
-0.04297593158333335
-0.012649376583333316
0.01767717841666666
0.048003733416666694
0.07833028841666667
0.10865684341666668
-0.16428214658333334
0.12781046341666666
-0.04936046658333332
0.10865684341666668
-0.03978366658333332
-0.0416990265833333
-0.04361438658333333
-0.04552974658333331
-0.04744510658333334
-0.04936046658333332
0.03683080341666667
-0.07330248658333333
0.04640760041666667
0.16611768741666666
-0.1451285265833333
-0.0014764265833333567
0.14217567341666665
-0.01823583658333333
-0.1786473465833333
-0.01823583658333333
0.14217567341666665
0.08830613341666665
0.03443659341666666
-0.019432946583333333
-0.07330248658333333
0.06556122341666668
0.04640761008333333
0.02725399675000001
0.008100383416666662
-0.07809088658333335
0.08471483341666666
0.07394092466666666
0.06316701591666668
0.052393107166666675
0.04161919841666667
-0.058937274083333324
-0.15949374658333332
-0.0014764315833333264
0.15654088341666667
0.07872933091666667
0.0009177784166666259
-0.07689377408333337
-0.15470532658333336
0.13738727341666668
0.11070902484523809
0.08403077627380953
0.05735252770238097
0.030674279130952387
0.0039960305595238
-0.02268221801190473
-0.04936046658333332
0.055984413416666656
0.017677173416666664
-0.09245608658333332
0.12781046341666666
-0.13076334658333333
-0.033399134916666684
0.06396507674999999
0.16132928841666666
0.010494580916666663
-0.14034012658333334
0.12302205341666667
-0.08766768658333335
-0.0038706265833333697
0.07992643341666666
0.015282983416666673
-0.04936046658333332
0.0033119734166666692
0.055984413416666656
0.01767718341666666
-0.02063004658333334
-0.010454689083333357
-0.00027933158333331987
0.009896025916666662
0.020071383416666644
0.030246740916666653
0.04042209841666666
0.050597455916666645
0.060772813416666654
0.01288878341666666
-0.034995246583333306
0.05119601341666666
-0.02063004658333334
0.02246559341666668
-0.006264846583333317
0.017677173416666664
0.016719495416666674
0.015761817416666657
0.014804139416666667
0.01384646141666665
0.01288878341666666
0.003311983416666664
0.032042393416666676
0.02964819270238095
0.02725399198809525
0.02485979127380955
0.022465590559523824
0.020071389845238097
0.017677189130952398
0.015282988416666698
0.012888787702380972
0.010494586988095245
0.008100386273809546
0.005706185559523846
0.0033119848452380918
0.0009177841309523926
-0.0014764165833333065
0.027253993416666678
0.008100383416666662
0.027253993416666678
0.003311983416666664
0.02246559341666668
-0.006264846583333317
0.008100383416666662
0.01288878341666666
0.005706183416666677
0.002354297416666651
-0.0009975885833333198
-0.004349474583333346
-0.0077013605833333165
-0.011053246583333343
0.01288878341666666
0.0009177634166666615
0.003311983416666664
0.008100383416666662
0.008100383416666662
0.008100383416666662
0.008100383416666662
0.008100383416666662
0.008100383416666662
0.008100383416666662
0.008100383416666662
0.02246559341666668
-0.0014764315833333264
0.02246559341666668
0.0033119734166666692
-0.015841646583333313
-0.018235846583333326
-0.02063004658333334
0.020071383416666644
0.060772813416666654
0.036830793416666646
0.012888773416666666
-0.011053246583333343
0.008100383416666662
0.0045090759166666605
0.0009177684166666866
-0.0026735390833333428
-0.006264846583333317
0.008100383416666662
0.006504243416666666
0.004908103416666698
0.0033119634166666745
0.005107614666666649
0.006903265916666679
0.008698917166666681
0.010494568416666683
0.012290219666666657
0.01408587091666666
0.01588152216666666
0.017677173416666664
0.017677173416666664
0.01288878341666666
0.011292650083333328
0.009696516749999995
0.008100383416666662
0.008100383416666662
-0.0014764165833333065
0.003311983416666664
0.003311983416666664
0.003311983416666664
0.003311983416666664
0.00426966341666668
0.005227343416666641
0.006185023416666657
0.007142703416666674
0.008100383416666662
0.010015741416666668
0.011931099416666674
0.013846457416666652
0.015761815416666658
0.017677173416666664
0.01576181441666666
0.013846455416666653
0.011931096416666676
0.01001573741666667
0.008100378416666665
0.00810038091666665
0.008100383416666662
0.0065042500833333294
0.0049081167500000245
0.003311983416666664
0.0009177684166666866
0.014484916749999993
0.01528298841666667
0.00869892966666666
0.002114870916666678
-0.004469187833333332
-0.011053246583333343
0.003311983416666664
0.008100383416666662
0.01288878341666666
0.005706183416666677
-0.0014764165833333065
-0.0014764165833333065
-0.0014764165833333065
-0.0014764165833333065
-0.0014764165833333065
-0.0014764165833333065
-0.0014764165833333065
0.005706183416666677
0.01288878341666666
0.01288878341666666
0.01288878341666666
0.008100383416666662
0.02246559341666668
0.01288878341666666
0.012018165234848471
0.01114754705303031
0.010276928871212121
0.009406310689393932
0.008535692507575743
0.0076650743257575815
0.0067944561439393925
0.005923837962121203
0.005053219780303042
0.004182601598484825
0.003311983416666664
0.003311983416666664
0.01288878341666666
0.0009177834166667065
0.02246559341666668
0.024061726750000012
