-0.0014764165833333065
0.008100383416666662
0.008100383416666662
0.008100383416666662
0.008100383416666662
0.008100383416666662
0.008100383416666662
0.003311983416666664
0.008100383416666662
0.017677188416666656
0.027253993416666678
0.025657860083333345
0.024061726750000012
0.02246559341666668
0.01648009091666669
0.010494588416666673
0.004509085916666711
-0.0014764165833333065
-0.0014764165833333065
-0.0014764165833333065
0.003311983416666664
0.005706183416666677
0.008100383416666662
-0.006264846583333317
-0.0046687032499999614
-0.0030725599166666617
-0.0014764165833333065
0.003311983416666664
0.01288878341666666
0.011691683416666654
0.010494583416666647
0.009297483416666669
0.008100383416666662
0.012888778416666663
0.017677173416666664
0.01288878341666666
-0.006264846583333317
-0.00865904658333333
-0.011053246583333343
0.0033119634166666745
0.017677173416666664
0.017677173416666664
0.017677173416666664
0.011292643416666664
0.004908113416666693
-0.0014764165833333065
0.008100383416666662
0.006903283416666656
0.005706183416666677
0.0045090834166666705
0.003311983416666664
0.017677173416666664
0.015282978416666648
0.01288878341666666
0.01288878341666666
0.01288878341666666
0.008100383416666662
0.005706183416666677
0.003311983416666664
0.008100383416666662
0.01288878341666666
0.008100383416666662
0.003311983416666664
0.006732270559523801
0.010152557702380965
0.013572844845238102
0.01699313198809524
0.020413419130952376
0.02383370627380954
0.027253993416666678
0.022465583416666657
0.017677173416666664
0.008100383416666662
0.005706183416666677
0.003311983416666664
0.003311983416666664
0.008100383416666662
-0.006264846583333317
0.0009177684166666866
0.008100383416666662
0.006903283416666656
0.005706183416666677
0.0045090834166666705
0.003311983416666664
-0.015841646583333313
-0.0014764165833333065
0.01288878341666666
0.003311983416666664
0.00810038008333333
0.012888776749999997
0.017677173416666664
0.015881524666666674
0.014085875916666657
0.012290227166666667
0.010494578416666678
0.00869892966666666
0.006903280916666671
0.0051076321666666535
0.003311983416666664
0.0015707443257576004
-0.00017049476515151873
-0.0019117338560605823
-0.0036529729469697014
-0.005394212037878765
-0.007135451128787884
-0.008876690219696948
-0.010617929310606067
-0.01235916840151513
-0.01410040749242425
-0.015841646583333313
-0.009856139083333326
-0.0038706315833333393
0.0021148759166666475
0.008100383416666662
0.003311983416666664
0.005706183416666677
0.008100383416666662
0.005706183416666677
0.003311983416666664
0.003311983416666664
0.003311983416666664
0.003311983416666664
0.0009177834166667065
-0.0014764165833333065
-0.0014764165833333065
-0.0014764165833333065
0.003311983416666664
0.008100383416666662
0.008100383416666662
0.008100383416666662
0.0009177684166666866
-0.006264846583333317
0.01288878341666666
0.005706183416666677
-0.0014764165833333065
0.0009177834166667065
-0.0014764165833333065
0.022465583416666657
0.0033119684166666996
0.008100383416666662
-0.0014764165833333065
-0.0030725599166666617
-0.0046687032499999614
-0.006264846583333317
-0.0014764165833333065
0.0019438705595238304
0.005364157702380967
0.008784444845238104
0.012204731988095269
0.015625019130952406
0.019045306273809542
0.02246559341666668
0.008100383416666662
0.003311983416666664
0.0025139167500000115
0.001715850083333359
0.0009177834166667065
0.0033119734166666692
0.0009177684166666866
-0.001476436583333296
-0.003870641583333334
-0.006264846583333317
0.008100383416666662
0.009696516749999995
0.011292650083333328
0.01288878341666666
-0.0014764165833333065
0.001715850083333359
0.0049081167500000245
0.008100383416666662
0.010494583416666647
0.01288878341666666
0.008100383416666662
0.017677173416666664
0.0057061634166666875
-0.006264846583333317
-0.0014764390833333363
0.0033119684166666996
0.00810037591666668
0.01288878341666666
0.011931103416666672
0.010973423416666656
0.010015743416666667
0.00905806341666665
0.008100383416666662
-0.011053246583333343
0.003311983416666664
0.008100383416666662
0.005706183416666677
0.003311983416666664
-0.0014764165833333065
0.003311983416666664
0.008100383416666662
0.027253993416666678
0.024061725638888892
0.020869457861111135
0.01767719008333335
0.014484922305555564
0.011292654527777807
0.008100386750000022
0.004908118972222264
0.001715851194444451
-0.0014764165833333065
0.02246559341666668
0.008100373416666695
-0.0014764165833333065
-0.006264846583333317
-0.0014764165833333065
0.008100378416666665
0.017677173416666664
-0.0014764365833333515
-0.02063004658333334
-0.01392628058333334
-0.007222514583333339
-0.0005187485833333394
0.0061850174166666605
0.01288878341666666
-0.0014764165833333065
0.03683080341666667
0.015282978416666676
-0.006264846583333317
0.017677173416666664
0.0057061634166666875
-0.006264846583333317
-0.006264846583333317
-0.006264846583333317
-0.002844558011904752
0.0005757305595238127
0.003996019130952377
0.00741630770238097
0.010836596273809534
0.0142568848452381
0.017677173416666664
0.015282975916666663
0.012888778416666663
0.010494580916666663
0.008100383416666662
0.01288878341666666
0.04161920341666667
0.010494583416666647
0.009896033416666644
0.009297483416666641
0.008698933416666665
0.008100383416666662
0.046407603416666665
0.04161920341666667
-0.006264846583333317
0.0025138950833333285
0.011292636750000001
0.020071378416666674
0.028850120083333347
0.03762886175000002
0.046407603416666665
0.008100383416666662
0.03443659841666666
0.060772813416666654
-0.02063004658333334
0.0033119734166666692
0.01288878341666666
0.02246559341666668
-0.006264846583333317
-0.00913788658333331
-0.012010926583333303
-0.014883966583333352
-0.017757006583333346
-0.02063004658333334
-0.011053246583333343
-0.0158416499166667
-0.020630053250000002
-0.025418456583333304
-0.030206859916666662
-0.03499526325000002
-0.03978366658333332
0.046407603416666665
-0.011053246583333343
0.02485978341666667
0.049998903416666685
0.07513802341666667
0.05789976941666666
0.04066151541666668
0.023423261416666674
0.006185007416666666
-0.011053246583333343
0.09908004341666668
0.0033119734166666692
-0.012649373249999984
-0.028610719916666694
-0.04457206658333335
-0.006264846583333317
0.0065042334166666715
0.019273313416666688
0.032042393416666676
0.005706173416666682
-0.02063004658333334
0.008100383416666662
-0.01703873408333334
-0.042177851583333315
-0.06731696908333329
-0.09245608658333332
0.060772813416666654
0.030446260083333315
0.00011970675000000375
-0.030206846583333335
0.09908004341666668
0.005706178416666652
-0.08766768658333335
-0.06133146825000002
-0.03499524991666669
-0.008659031583333365
0.017677186750000018
0.044013405083333346
0.07034962341666667
-0.030206846583333335
0.11344525341666667
0.05917668008333335
0.00490810675000003
-0.04936046658333332
0.032042393416666676
-0.04457206658333335
0.0009177684166666866
0.046407603416666665
0.03024674091666668
0.01408587841666667
-0.002074984083333342
-0.018235846583333326
-0.04337496658333334
-0.06851408658333336
-0.02422135408333337
0.020071378416666674
0.06436411091666666
0.10865684341666668
-0.030206846583333335
0.055984413416666656
0.008100378416666665
-0.03978365658333333
-0.08766769158333332
-0.1355517265833333
0.09429163341666666
-0.02063004658333334
0.036830793416666674
0.09429163341666666
0.02246558674999999
-0.04936045991666671
-0.12118650658333335
-0.07689377658333335
-0.03260104658333335
0.011691683416666654
0.055984413416666656
0.02964819841666666
0.003311983416666664
0.11344525341666667
-0.06851408658333336
-0.030206846583333335
-0.014245506583333345
0.0017158334166666456
0.017677173416666664
0.046407603416666665
0.04401340341666665
0.04161920341666667
0.03067428127380953
0.01972935913095239
0.008784436988095223
-0.0021604851547619153
-0.013105407297619054
-0.024050329440476192
-0.03499525158333333
-0.04594017372619047
-0.05688509586904761
-0.0678300180119048
-0.07877494015476194
-0.08971986229761908
-0.10066478444047622
-0.11160970658333336
-0.037389451583333344
0.03683080341666667
-0.030206846583333335
0.12302205341666667
-0.12118650658333335
0.05119601341666666
-0.11160970658333336
0.18048289841666665
-0.06372564658333335
0.055984413416666656
-0.10682130658333333
0.08471483341666666
0.017677173416666664
0.046407603416666665
0.020071385916666684
-0.006264831583333352
-0.03260104908333333
-0.058937266583333314
0.02246559341666668
0.04161920341666667
0.01767717841666666
-0.006264846583333317
0.002114863416666668
0.01049457341666668
0.018874283416666693
0.027253993416666678
-0.025418446583333365
-0.07809088658333335
0.08471483341666666
-0.02541844658333331
0.022465588416666682
0.07034962341666667
-0.01344744158333333
-0.09724450658333333
0.005706168416666657
0.10865684341666668
0.01288877841666669
-0.08287928658333332
-0.01584163991666665
0.051196006749999995
0.11823365341666667
-0.11639810658333333
-0.00865903158333331
0.09908004341666668
0.05837862091666668
0.01767719841666665
-0.023024224083333378
-0.06372564658333335
0.07034962341666667
-0.030206846583333335
-0.01584163658333332
-0.0014764265833333567
0.01288878341666666
0.011093133416666678
0.009297483416666669
0.007501833416666659
0.005706183416666677
0.003910533416666695
0.0021148834166666575
0.0003192334166666755
-0.0014764165833333065
0.0009177842499999977
0.0033119850833333575
0.005706185916666717
0.008100386750000022
0.010494587583333354
0.012888788416666686
0.015282989250000018
0.01767719008333335
0.02007139091666668
0.022465591750000014
0.024859792583333346
0.027253993416666678
0.012888788416666686
-0.0014764165833333065
0.017677173416666664
-0.006264836583333322
-0.030206846583333335
0.03683080341666667
0.01767719341666668
-0.0014764165833333065
0.04161920341666667
-0.015841646583333313
-0.0014764315833333264
0.01288878341666666
-0.015841646583333313
0.005706173416666682
0.027253993416666678
-0.006264846583333317
0.01288878341666666
-0.008659031583333365
-0.030206846583333335
0.046407603416666665
-0.030206846583333335
0.027253993416666678
0.0009177634166666615
0.0009177734166666562
-0.0014764165833333065
0.0009177834166667065
0.003311983416666664
0.005706183416666677
0.008100383416666662
0.008100383416666662
0.008100383416666662
0.008100383416666662
0.008100383416666662
0.005706183416666677
0.003311983416666664
0.008100383416666662
0.010494583416666647
0.01288878341666666
0.00869892966666666
0.0045090759166666605
0.00031922216666668835
-0.0038706315833333393
-0.008060485333333367
-0.01225033908333334
-0.01644019283333331
-0.02063004658333334
-0.006264834083333337
0.008100378416666665
0.005706183416666677
0.01288878341666666
0.008100378416666665
0.010494577166666658
0.01288877591666665
0.015282974666666671
0.017677173416666664
0.017677173416666664
0.003311983416666664
0.017677173416666664
0.012888778416666663
0.008100383416666662
0.005706183416666677
0.003311983416666664
0.003311983416666664
0.003311983416666664
0.00011970675000000375
-0.0030725699166666565
-0.006264846583333317
0.008100383416666662
0.005706183416666677
0.003311983416666664
0.0009177834166667065
-0.0014764165833333065
0.003311983416666664
0.003311983416666664
0.003311983416666664
0.0009177834166667065
-0.0014764165833333065
0.003311983416666664
0.008100383416666662
0.009696516749999995
0.011292650083333328
0.01288878341666666
0.011691683416666654
0.010494583416666647
0.009297483416666669
0.008100383416666662
0.003311983416666664
-0.0014764165833333065
0.017677173416666664
0.01288878341666666
0.017677188416666656
0.02246559341666668
0.012888788416666686
0.003311983416666664
0.005706183416666677
0.008100383416666662
0.006048207702380959
0.003996031988095228
0.0019438562738095522
-0.00010831944047617892
-0.00216049515476191
-0.004212670869047586
-0.006264846583333317
0.0033119684166666996
0.01288878341666666
0.01288878341666666
0.008100383416666662
0.008100383416666662
0.017677173416666664
0.015625000559523816
0.013572827702380968
0.011520654845238093
0.009468481988095245
0.007416309130952398
0.00536413627380955
0.0033119634166666745
0.0012597905595238545
-0.0007923822976190209
-0.0028445551547618964
-0.004896728011904716
-0.006948900869047592
-0.009001073726190412
-0.011053246583333287
0.0009177834166667065
0.008100383416666662
0.01288878341666666
0.003311983416666664
0.005706183416666677
0.008100383416666662
0.0009177684166666866
-0.006264846583333317
-0.0033918025833333254
-0.0005187585833333341
0.002354285416666657
0.005227329416666704
0.008100373416666695
0.010973417416666686
0.013846461416666678
