0.0015562264999999798
0.005147526499999999
-0.004429273499999997
-0.006025406833333358
-0.007621540166666663
-0.009217673499999968
-0.010813806833333328
-0.012409940166666689
-0.014006073499999994
0.005147526499999999
0.005147536499999994
0.007541738999999992
0.00993594149999999
0.012330143999999987
0.014724346499999985
0.009935946500000015
0.00035912649999997326
0.00035912649999997326
0.00035912649999997326
0.00035912649999997326
0.00035912649999997326
0.00035912649999997326
0.003551399833333302
0.006743673166666686
0.009935946500000015
0.012330146500000028
0.014724346499999985
0.012928693999999963
0.011133041499999996
0.009337388999999974
0.0075417364999999514
-0.004429273499999997
0.00035912649999997326
0.005147526499999999
0.009935936499999964
0.014724346499999985
0.00035912649999997326
0.0013168064999999896
0.002274486500000006
0.0032321664999999666
0.004189846499999983
0.005147526499999999
-0.004429273499999997
0.005147526499999999
0.005147526499999999
0.005147526499999999
0.005147526499999999
0.005147526499999999
0.005147526499999999
0.005147526499999999
0.009935946500000015
0.0075417364999999514
-0.014006073499999994
-0.010175353499999984
-0.006344633499999974
-0.00251391350000002
0.0013168064999999896
0.005147526499999999
0.0027533315000000114
0.0003591365000000235
0.007541741500000032
0.014724346499999985
-0.014006073499999994
-0.009217673499999968
-0.004429273499999997
-0.004429273499999997
-0.004429273499999997
0.00035912649999997326
0.005147526499999999
-0.0020350735000000397
-0.009217673500000023
-0.005626373500000004
-0.0020350735000000397
0.0015562264999999798
0.005147526499999999
0.012330136499999977
0.01951274650000001
0.016320476500000014
0.013128206499999961
0.009935936499999964
0.00035912649999997326
0.0075417364999999514
0.014724346499999985
0.009935936499999964
0.005147526499999999
-0.0020350735000000397
-0.009217673500000023
-0.004429268500000028
0.0003591365000000235
0.005147541500000019
0.009935946500000015
0.00035912649999997326
0.014724346499999985
0.009935936499999964
0.005147526499999999
-0.0068234635000000154
-0.01879445350000003
-0.0020350535000000503
0.014724346499999985
0.009935936499999964
0.005147526499999999
0.007541736500000007
0.009935946500000015
0.010893626500000031
0.011851306499999992
0.012808986500000008
0.013766666499999969
0.014724346499999985
0.005147526499999999
0.011133036500000026
0.017118546499999998
0.01592144649999999
0.014724346499999985
0.014325313166666631
0.013926279833333333
0.013527246499999979
0.01312821316666668
0.012729179833333326
0.012330146500000028
0.011931113166666674
0.01153207983333332
0.011133046500000021
0.010734013166666667
0.010334979833333369
0.009935946500000015
0.0063446365000000005
0.0027533264999999862
-0.009217673500000023
-0.0020350735000000397
0.014724346499999985
-0.004429273499999997
-0.00682347350000001
-0.009217673500000023
-0.00682347350000001
-0.004429273499999997
0.0027533365000000365
0.009935946500000015
0.010893626500000031
0.011851306499999992
0.012808986500000008
0.013766666499999969
0.014724346499999985
0.00035912649999997326
-0.004429273499999997
0.009935946500000015
0.0027533365000000365
-0.004429273499999997
-0.004429273499999997
-0.004429273499999997
0.009935936499999964
0.02430114649999998
-0.004429273499999997
-0.0032321734999999907
-0.0020350735000000397
-0.0008379735000000332
0.00035912649999997326
-0.000598553500000043
-0.0015562335000000038
-0.00251391350000002
-0.003471593499999981
-0.004429273499999997
-0.0020350735000000397
0.00035912649999997326
0.005147526499999999
0.009935946500000015
0.006743673166666686
0.003551399833333302
0.00035912649999997326
0.00035912649999997326
0.014724346499999985
0.013766666499999969
0.012808986500000008
0.011851306499999992
0.010893626500000031
0.009935946500000015
0.007541736500000007
0.005147526499999999
0.005147526499999999
0.005147526499999999
0.005147526499999999
0.009935946500000015
0.009935946500000015
0.009935946500000015
0.009935946500000015
0.009935946500000015
0.009935946500000015
0.007541736500000007
0.005147526499999999
-0.0020350735000000397
-0.009217673500000023
0.005147526499999999
0.005626368499999979
0.006105210500000013
0.006584052499999993
0.007062894500000028
0.007541736500000007
0.008020578499999986
0.008499420500000021
0.0089782625
0.009457104500000035
0.009935946500000015
0.009935946500000015
0.014724346499999985
0.014724346499999985
0.011133041499999996
0.0075417364999999514
0.003950431499999962
0.00035912649999997326
0.00035912649999997326
0.005147536499999994
0.005147531499999969
0.005147526499999999
0.006743666500000023
0.008339806499999991
0.009935946500000015
0.00035912649999997326
-0.002035071000000055
-0.004429268500000028
-0.006823466
-0.009217663500000028
-0.0020350610000000047
0.005147541500000019
0.012330143999999987
0.01951274650000001
-0.004429273499999997
0.014724346499999985
0.01312821094444444
0.011532075388888896
0.009935939833333296
0.008339804277777751
0.006743668722222207
0.005147533166666662
0.0035513976111110623
0.001955262055555518
0.00035912649999997326
0.00035912649999997326
0.00035912649999997326
-0.007621546833333381
-0.01560222016666668
-0.023582893500000035
-0.0020350735000000397
0.008738836500000013
0.01951274650000001
0.012330136499999977
0.005147526499999999
-0.0810437135
-0.0068234635000000154
0.0673967865
0.009935946500000015
-0.0475248935
0.007541736500000007
0.06260836649999998
0.04632780249999996
0.030047238499999962
0.013766674499999965
-0.0025138895000000328
-0.01879445350000003
0.021906951499999994
-0.03196260099999998
-0.08583215350000001
-0.021188688499999997
0.043454776500000014
-0.004429268499999972
-0.052313313500000014
-0.04034230350000001
-0.028371293500000005
0.04584896150000001
0.12006921649999999
0.03148375149999999
-0.057101713499999984
-0.0331596985
-0.009217683500000018
0.01472433150000002
0.038666346500000004
-0.023582893500000035
0.009935946500000015
0.04345476650000002
0.0769735865
0.017118546499999998
-0.04273649350000003
-0.03555388850000002
-0.02837128350000001
-0.021188678500000002
-0.014006073499999994
0.02430114649999998
0.009935946500000015
0.01592144649999999
0.02190694649999997
0.0278924465
0.03387794649999998
0.002753331499999956
-0.02837128350000001
0.02669535649999999
0.08176199649999999
0.05063737149999997
0.01951274650000001
-0.004429273499999997
-0.028371293500000005
0.012330141500000003
0.05303157649999998
-0.009217668499999998
-0.0714669135
-0.007621536833333331
0.05622383983333332
0.12006921649999999
-0.004429273499999997
-0.03954422683333336
-0.07465918016666667
-0.10977413350000004
0.1152808165
0.007541741500000032
-0.10019733349999999
0.017118546499999998
0.13443442649999998
0.04824316649999999
-0.0379480935
-0.08343792350000001
-0.12892775350000002
-0.07625531683333336
-0.02358288016666671
0.029089556499999947
0.08176199316666663
0.1344344298333333
0.18710686649999997
-0.13850455350000002
0.13922282649999998
0.025498251499999958
-0.08822632350000004
0.06619968649999997
0.22062569649999997
-0.15286978350000002
-0.06987078683333336
0.013128209833333349
0.09612720649999998
0.000359136499999968
-0.09540893350000001
-0.08104372683333333
-0.0666785201666667
-0.052313313500000014
0.08415619149999998
0.22062569649999997
-0.17681180350000003
-0.08742827016666671
0.0019552631666666653
0.09133879649999999
-0.057101713499999984
-0.009217683500000018
0.038666346500000004
0.0769735815
0.1152808165
-0.021188683499999972
-0.1576581835
-0.09660603849999999
-0.03555389349999999
0.025498251500000013
0.08655039649999999
0.03866636149999997
-0.009217673500000023
0.0032321764999999614
0.0156820265
0.028131876499999986
0.04058172649999997
0.05303157649999998
-0.040342293500000015
0.06260836649999998
-0.004429273499999997
0.026695351499999964
0.05781997649999998
-0.13850455350000002
-0.07146690849999998
-0.0044292635000000025
0.0626083815
0.12964602649999998
-0.0810437135
0.048243176499999985
0.048243176499999985
0.048243176499999985
0.048243176499999985
0.048243176499999985
-0.1480813835
0.20147207649999999
0.02190694649999997
-0.1576581835
-0.06667851683333331
0.02430114983333337
0.1152808165
0.0922964785
0.06931214049999998
0.04632780249999996
0.023343464499999966
0.00035912649999997326
-0.0594959135
-0.11935095350000002
0.2541445145
-0.24863785350000006
0.17753005649999998
-0.09540893350000001
-0.0714669135
-0.0475248935
0.0937330015
0.2349908965
0.1503957715
0.0658006465
-0.01879447849999999
-0.10338960349999998
-0.18798472849999998
-0.27257985349999997
-0.17585410669999996
-0.0791283599
0.017597386899999956
0.11432313369999997
0.21104888049999998
0.10091560249999998
-0.009217675500000022
-0.11935095350000002
-0.06667851350000004
-0.014006073499999994
0.0841561965
0.1823184665
-0.2582146535
0.2349908965
-0.18638860350000003
0.0673967865
0.038666346500000004
-0.1576581835
0.20147207649999999
0.08176198983333333
-0.037948096833333333
-0.1576581835
0.10570400649999998
0.005147526499999999
-0.05231330350000002
-0.10977413350000004
0.017118551499999968
0.1440112365
0.09133879849999998
0.0386663605
-0.014006077499999992
-0.06667851550000004
-0.11935095350000002
0.03148375649999996
0.009935939833333296
-0.011611876833333368
-0.03315969350000003
0.08176199649999999
0.029089559833333334
-0.023582876833333377
-0.07625531350000003
0.1104924165
0.01951275149999998
-0.0714669135
-0.04273649099999999
-0.014006068500000024
0.014724353999999995
0.043454776500000014
0.029089556500000002
0.01472433649999999
0.014724337409090904
0.014724338318181818
0.014724339227272731
0.014724340136363645
0.014724341045454559
0.014724341954545417
0.01472434286363633
0.014724343772727244
0.014724344681818158
0.014724345590909071
0.014724346499999985
-0.03315969350000003
0.043454776500000014
-0.04273649350000003
0.038666346500000004
-0.014006073499999994
0.009935946500000015
0.00035912649999997326
0.00035912649999997326
0.00035912649999997326
0.00035912649999997326
0.00035912649999997326
0.00035912649999997326
0.00035912649999997326
0.00035912649999997326
0.00035912649999997326
0.029089546500000008
0.007541741500000032
-0.0020350735000000397
-0.005626373500000004
-0.009217673500000023
0.005147526499999999
0.004349463166666678
0.003551399833333302
0.002753336499999981
0.004249712749999968
0.00574608900000001
0.007242465249999996
0.008738841499999983
0.01023521774999997
0.011731593999999956
0.013227970249999998
0.014724346499999985
0.005147526499999999
-0.004429273499999997
0.014724346499999985
0.011133041499999996
0.0075417364999999514
0.003950431499999962
0.00035912649999997326
-0.004429273499999997
0.017118536500000003
0.038666346500000004
-0.00682347350000001
0.009935946500000015
0.006743673166666686
0.003551399833333302
0.00035912649999997326
0.01951274650000001
0.009935939833333352
0.0003591331666666364
-0.009217673500000023
-0.003232168500000021
0.002753336499999981
0.008738841499999983
0.014724346499999985
-0.011611883500000031
0.00035912649999997326
0.012330136499999977
0.02430114649999998
-0.004429273499999997
-0.006025406833333358
-0.007621540166666663
-0.009217673500000023
0.0003591331666666364
0.009935939833333352
0.01951274650000001
-0.004429273499999997
-0.003631205999999998
-0.0028331384999999987
-0.0020350709999999994
-0.0012370035000000001
-0.0004389360000000009
0.0003591314999999984
0.0011571989999999976
0.001955266499999997
0.002753333999999996
0.0035514014999999954
0.004349468999999995
0.005147536499999994
0.005945603999999993
0.0067436714999999925
0.007541738999999992
0.008339806499999991
0.00913787399999999
0.00993594149999999
0.010734008999999989
0.011532076499999988
0.012330143999999987
0.013128211499999987
0.013926278999999986
0.014724346499999985
0.010534491499999965
0.0063446365000000005
0.0021547814999999804
-0.0020350735000000397
0.005147546499999989
0.005147526499999999
-0.014006073499999994
0.02430114649999998
-0.004429273499999997
0.01472434650000004
-0.009217673500000023
0.02430114649999998
-0.0020350634999999895
0.005147526499999999
0.00035912649999997326
-0.00014491560526319613
-0.0006489577105263655
-0.0011529998157894794
-0.0016570419210526488
-0.002161084026315818
-0.0026651261315789876
-0.003169168236842157
-0.003673210342105271
-0.00417725244736844
-0.00468129455263161
-0.005185336657894779
-0.005689378763157893
-0.006193420868421062
-0.006697462973684232
-0.007201505078947401
-0.0077055471842105705
-0.008209589289473684
-0.008713631394736854
-0.009217673500000023
-0.0012370001666666686
0.0067436731666666305
0.014724346499999985
0.005147526499999999
0.005147526499999999
0.009935936499999964
-0.011611883500000031
0.029089546500000008
0.01472433649999999
0.00035912649999997326
0.006344631499999975
0.012330136499999977
0.020709841499999992
0.029089546500000008
0.014724346499999985
0.011532073166666656
-0.004429273499999997
0.005147536499999994
0.014724346499999985
0.0075417364999999514
0.00035912649999997326
0.009935946500000015
0.014724346499999985
0.013527246499999979
0.012330146500000028
0.011133046500000021
0.009935946500000015
