-0.0098561233333333
-0.01092021222222228
-0.01198430111111115
-0.01304839000000002
0.006105209999999972
-0.010654190000000008
-0.008259989999999995
-0.003471589999999969
-0.017836790000000047
-0.010654190000000008
-0.003471589999999969
0.003711009999999959
0.010893609999999998
0.009297476666666693
0.007701343333333277
0.006105209999999972
0.004509076666666667
0.002912943333333251
0.001316809999999946
-0.008259989999999995
-0.008259989999999995
-0.00666385666666669
-0.005067723333333274
-0.003471589999999969
-0.01304839000000002
-0.01304839000000002
-0.01304839000000002
-0.010654190000000008
-0.008259989999999995
-0.008259989999999995
-0.008259989999999995
-0.003471589999999969
0.001316809999999946
-0.008259989999999995
-0.017836790000000047
-0.005865790000000093
0.006105209999999972
0.002513910000000008
-0.001077390000000067
-0.004668690000000031
-0.008259989999999995
-0.003471589999999969
-0.010654190000000008
-0.017836790000000047
-0.03220204999999998
-0.024221363333333357
-0.01624067666666662
-0.008259989999999995
-0.01304839000000002
-0.008259989999999995
-0.003471589999999969
-0.001077390000000067
0.001316809999999946
0.006105209999999972
0.010893609999999998
0.015682010000000024
0.02047041000000005
0.001316809999999946
-0.008259989999999995
-0.017836790000000047
-0.008259989999999995
0.001316809999999946
0.006105209999999972
-0.008259989999999995
-0.008259989999999995
-0.008259989999999995
-0.0098561233333333
-0.011452256666666716
-0.01304839000000002
-0.014245489999999972
-0.015442590000000034
-0.016639690000000096
-0.017836790000000047
-0.010654190000000008
-0.003471589999999969
-0.001077390000000067
0.002912943333333251
0.00690327666666668
0.010893609999999998
-0.001077390000000067
-0.01304839000000002
-0.02023098999999995
-0.027413589999999988
-0.003471589999999969
-0.00666385666666669
-0.0098561233333333
-0.01304839000000002
-0.01304839000000002
-0.01304839000000002
-0.01304839000000002
-0.017836790000000047
-0.02262518999999996
-0.020448644545454475
-0.0182720990909091
-0.016095553636363613
-0.013919008181818127
-0.011742462727272751
-0.009565917272727265
-0.007389371818181889
-0.0052128263636364025
-0.003036280909090916
-0.0008597354545455405
0.001316809999999946
0.001316809999999946
-0.01304839000000002
-0.003471589999999969
-0.003471589999999969
-0.001077390000000067
-0.003471589999999969
-0.02262518999999996
-0.021029056666666657
-0.019432923333333352
-0.017836790000000047
-0.017836790000000047
-0.017836790000000047
-0.017836790000000047
-0.008259989999999995
-0.009058056666666703
-0.0098561233333333
-0.010654190000000008
0.001316809999999946
0.0001197099999999951
-0.001077390000000067
-0.002274490000000018
-0.003471589999999969
-0.003471589999999969
-0.003471589999999969
0.001316809999999946
-0.001077390000000067
-0.003471589999999969
-0.001077390000000067
0.001316809999999946
0.0007182599999999706
0.0001197099999999951
-0.0004788399999999804
-0.001077390000000067
-0.0016759400000000424
-0.002274490000000018
-0.0028730399999999934
-0.003471589999999969
-0.003471589999999969
-0.01304839000000002
-0.003471589999999969
-0.01304839000000002
-0.005865790000000093
0.001316809999999946
-0.008259989999999995
-0.017836790000000047
-0.017836790000000047
-0.017836790000000047
-0.017836790000000047
-0.003471589999999969
-0.003471589999999969
-0.003471589999999969
-0.003471589999999969
-0.003471589999999969
-0.01304839000000002
-0.01304839000000002
-0.015442590000000034
-0.017836790000000047
-0.005865790000000093
0.006105209999999972
0.006105209999999972
0.006105209999999972
0.006105209999999972
0.006105209999999972
0.006105209999999972
0.006105209999999972
0.006105209999999972
-0.01304839000000002
-0.008259989999999995
-0.008259989999999995
-0.008259989999999995
-0.008259989999999995
-0.008259989999999995
-0.008259989999999995
-0.01304839000000002
-0.010654190000000008
-0.008259989999999995
-0.005865789999999982
-0.003471589999999969
-0.001077390000000067
0.001316809999999946
0.003711009999999959
0.006105209999999972
0.001316809999999946
0.0003591299999999853
-0.0005985499999999755
-0.0015562300000000473
-0.002513910000000008
-0.003471589999999969
-0.003471589999999969
-0.008259989999999995
-0.008259989999999995
0.010893609999999998
0.005147530000000011
-0.0005985499999999755
-0.006344630000000073
-0.01209071000000006
-0.017836790000000047
-0.003471589999999969
-0.003471589999999969
-0.003471589999999969
-0.003471589999999969
-0.003471589999999969
-0.003471589999999969
-0.008259989999999995
-0.01304839000000002
-0.017836790000000047
-0.02262518999999996
-0.008259989999999995
0.006105209999999972
0.001316809999999946
-0.00347159000000008
-0.008259989999999995
-0.01304839000000002
-0.017836790000000047
0.015682010000000024
0.005147518000000018
-0.005386973999999989
-0.015921465999999995
-0.026455958
-0.03699045000000001
-0.005865789999999982
-0.016639689999999985
-0.027413589999999988
0.034835649999999996
0.008499429999999975
-0.017836790000000047
-0.007062890000000044
0.003711009999999959
0.014484909999999962
0.025258809999999965
0.018874276666666634
0.012489743333333303
0.006105209999999972
-0.0002793233333333589
-0.00666385666666669
-0.01304839000000002
-0.008259989999999995
-0.005865790000000093
-0.014245489999999972
-0.02262518999999996
-0.010654190000000008
0.001316809999999946
-0.008259989999999995
-0.027413589999999988
0.01328783
0.05398924999999999
0.010893599999999948
-0.03220204999999998
-0.02023103500000001
-0.008260020000000035
0.0037109950000000502
0.015682010000000024
-0.001077390000000067
-0.017836790000000047
-0.008259989999999995
-0.010654190000000008
-0.01304839000000002
-0.015442590000000034
-0.017836790000000047
-0.02023098999999995
-0.02262518999999996
-0.025019389999999975
-0.027413589999999988
0.001316809999999946
-0.005865789999999982
0.02047041000000005
0.006105210000000083
-0.008259989999999995
-0.02262518999999996
0.008499430000000086
0.03962405000000002
0.015682016666666687
-0.008260016666666647
-0.03220204999999998
-0.008259989999999995
-0.003471589999999969
0.001316809999999946
-0.02262518999999996
0.008499430000000086
0.03962405000000002
0.028131882000000052
0.016639713999999972
0.005147546000000003
-0.0063446220000000775
-0.017836790000000047
0.006105209999999972
-0.008259989999999995
-0.008259989999999995
-0.01304839000000002
-0.017836790000000047
-0.003471589999999969
0.010893609999999998
0.001316810000000057
-0.008259989999999995
-0.01304839000000002
-0.017836790000000047
-0.001077390000000067
0.015682010000000024
0.011532059333333344
0.007382108666666665
0.003232157999999985
-0.0009177926666666947
-0.005067743333333374
-0.009217694000000054
-0.013367644666666623
-0.017517595333333302
-0.021667545999999982
-0.02581749666666666
-0.02996744733333334
-0.03411739800000002
-0.0382673486666667
-0.04241729933333338
-0.04656725000000006
0.001316809999999946
-0.008260020000000035
-0.0034716200000000086
-0.02262520999999995
-0.014844052499999982
-0.0070628950000000135
0.0007182625000000664
0.008499420000000035
0.016280577500000004
0.024061735000000084
0.03184289250000005
0.03962405000000002
-0.03699045000000001
0.006105189999999983
-0.01304839000000002
-0.016041147499999964
-0.019033905000000018
-0.02202666250000007
-0.025019420000000014
-0.028012177499999957
-0.03100493500000001
-0.033997692500000065
-0.03699045000000001
0.034835649999999996
0.00371100000000002
-0.05135563999999998
-0.015442614999999993
0.02047041000000005
0.01528297666666667
0.010095543333333401
0.004908110000000021
-0.0002793233333333589
-0.005466756666666628
-0.010654190000000008
-0.003471589999999969
-0.001077390000000067
0.001316809999999946
0.006105209999999972
0.00430955749999995
0.0025139050000000385
0.0007182525000000162
-0.0010774000000000061
-0.07050924000000003
-0.054775912857142894
-0.03904258571428576
-0.023309258571428515
-0.007575931428571381
0.008157395714285753
0.023890722857142888
0.03962405000000002
-0.04656725000000006
0.006105209999999972
0.003711009999999959
0.001316809999999946
-0.0018754566666666639
-0.005067723333333385
-0.008259989999999995
-0.002673523333333372
0.002912943333333362
0.008499409999999985
0.0007182599999999706
-0.007062890000000044
-0.014844039999999947
-0.02262518999999996
0.003711009999999959
-0.009457089999999946
-0.02262518999999996
-0.017836789999999936
-0.01304839000000002
-0.008259989999999995
-0.003471589999999969
0.006105209999999972
-0.008259989999999995
-0.003471589999999969
0.001316810000000057
0.006105209999999972
0.010893609999999998
0.006105209999999972
0.001316809999999946
-0.003471589999999969
-0.008259989999999995
-0.005865789999999982
-0.003471589999999969
-0.01304839000000002
-0.014245489999999972
-0.015442590000000034
-0.016639690000000096
-0.017836790000000047
0.001316809999999946
-0.0002793233333333589
-0.0018754566666666639
-0.003471589999999969
-0.00466868999999992
-0.005865789999999982
-0.007062890000000044
-0.008259989999999995
-0.003471589999999969
0.001316809999999946
0.006105209999999972
-0.003471589999999969
-0.008259989999999995
-0.009457089999999946
-0.010654190000000008
-0.01185129000000007
-0.01304839000000002
-0.003471589999999969
-0.008259989999999995
0.006105209999999972
-0.001077390000000067
-0.008259989999999995
-0.005865789999999982
-0.003471589999999969
-0.008259989999999995
-0.01304839000000002
-0.010654190000000008
-0.008259989999999995
-0.005865789999999982
-0.003471589999999969
-0.001077390000000067
0.001316809999999946
-0.008259989999999995
-0.001077390000000067
0.006105209999999972
-0.01304839000000002
-0.01304839000000002
-0.01304839000000002
-0.008259989999999995
-0.003471589999999969
-0.008259989999999995
-0.01304839000000002
-0.010654190000000008
-0.008259989999999995
-0.005865789999999982
-0.003471589999999969
-0.005865789999999982
-0.008259989999999995
-0.010654190000000008
-0.01304839000000002
-0.008259989999999995
-0.003471589999999969
-0.02262518999999996
-0.008259989999999995
-0.008259989999999995
-0.008259989999999995
-0.005865789999999982
-0.003471589999999969
-0.003471589999999969
-0.003471589999999969
-0.003471589999999969
-0.003471589999999969
-0.003471589999999969
-0.005865789999999982
-0.008259989999999995
0.001316809999999946
-0.002274490000000018
-0.005865790000000093
-0.009457090000000057
-0.01304839000000002
0.001316809999999946
-0.003471589999999969
-0.001077390000000067
0.001316809999999946
-0.001077390000000067
-0.003471589999999969
-0.008259989999999995
-0.01304839000000002
-0.003471589999999969
0.006105209999999972
-0.003471589999999969
-0.01304839000000002
-0.02262518999999996
0.001316809999999946
-0.0018754566666666639
-0.005067723333333385
-0.008259989999999995
0.006105209999999972
-0.001077390000000067
-0.008259989999999995
-0.010654190000000008
-0.01304839000000002
-0.010654190000000008
-0.008259989999999995
-0.001077390000000067
0.006105209999999972
-0.0002793233333333589
