-0.005027810999999938
-0.005027810999999938
-0.005027810999999938
-0.0002394110000000227
0.004548989000000003
0.0015562315000000604
-0.0014365259999999935
-0.0044292835000000474
-0.00742204099999999
-0.0014365259999999935
0.004548989000000003
0.004548989000000003
0.004548989000000003
-0.0002394110000000227
-0.005027810999999938
-0.005027810999999938
-0.005027810999999938
-0.005027810999999938
-0.005027810999999938
-0.0018355443333333277
0.0013567223333333933
0.004548989000000003
-0.009816270999999932
-0.00742204099999999
-0.005027810999999938
0.0021547890000001013
0.00933738900000003
0.006943189000000016
0.004548989000000003
0.004548989000000003
0.004548989000000003
0.004548989000000003
0.004548989000000003
0.004548989000000003
0.0011286947142856718
-0.0022915995714285486
-0.00571189385714288
-0.0091321881428571
-0.012552482428571432
-0.015972776714285652
-0.019393070999999984
0.014125789000000055
-0.005027810999999938
-0.00023941099999991167
-0.01699887099999997
-0.011013340999999954
-0.005027810999999938
-0.0002394110000000227
0.004548989000000003
-0.0002394110000000227
-0.005027810999999938
-0.0018355443333332166
0.0013567223333333933
0.004548989000000003
0.007741255666666724
0.010933522333333445
0.014125789000000055
-0.00023941099999991167
0.004548989000000003
0.00933738900000003
0.014125789000000055
-0.005027810999999938
-0.0026336109999999247
-0.00023941099999991167
-0.00023941099999991167
-0.0026336109999999247
-0.005027810999999938
0.004548989000000003
0.008140289000000078
0.011731589000000042
0.015322889000000006
0.01891418900000008
-0.00023941099999991167
-0.005027840999999866
-0.009816270999999932
0.0069431590000000876
0.023702588999999996
0.0045489589999999636
-0.014604670999999958
-0.00742204099999999
-0.00023941099999991167
-0.00023941099999991167
0.006943189000000127
0.014125789000000055
0.00933738900000003
0.004548989000000003
-0.00023941099999991167
-0.005027810999999938
0.004548989000000003
0.014125789000000055
-0.005027810999999938
-0.005027810999999938
-0.005027810999999938
-0.009816240999999892
-0.014604670999999958
-0.00742204099999999
-0.00023941099999991167
-0.009816270999999932
0.0021547590000000616
0.014125789000000055
0.011731589000000042
0.00933738900000003
0.006943189000000127
0.004548989000000114
0.0021547890000001013
-0.00023941099999991167
-0.005027840999999866
-0.009816270999999932
-0.012210441000000016
-0.00023941099999991167
0.0029528556666666983
0.006145122333333419
0.00933738900000003
0.0021547890000001013
-0.005027810999999938
-0.0010374776666666197
0.0029528556666668093
0.006943189000000127
0.006145122333333419
0.005347055666666711
0.004548989000000003
-0.0026336409999999644
-0.009816270999999932
-0.009816270999999932
-0.009816270999999932
-0.005027840999999866
-0.00023941099999991167
-0.019393070999999984
-0.012210441000000016
-0.005027810999999938
-0.00742204099999999
-0.009816270999999932
-0.0066239843333332216
-0.003431697666666622
-0.00023941099999991167
-0.005027830999999927
-0.009816250999999943
-0.014604670999999958
-0.014604670999999958
-0.011412384333333248
-0.008220097666666648
-0.005027810999999938
-0.009816270999999932
-0.0026336409999999644
0.004548989000000003
-0.014604670999999958
-0.011412384333333248
-0.008220097666666648
-0.005027810999999938
0.004548989000000003
0.0016759370000000162
-0.0011971149999999708
-0.004070166999999958
-0.006943218999999945
-0.009816270999999932
-0.009816270999999932
0.00933738900000003
0.004548989000000003
-0.00023941099999991167
0.014125789000000055
0.004548989000000003
-0.005027810999999938
0.0021547890000001013
0.00933738900000003
0.006943189000000016
0.004548989000000003
-0.0026336409999999644
-0.009816270999999932
-0.005027840999999866
-0.00023941099999991167
0.004548989000000003
0.00933738900000003
0.006145122333333419
0.0029528556666666983
-0.00023941099999991167
-0.0014365109999999737
-0.0026336109999999247
-0.0038307109999998756
-0.005027810999999938
-0.005027840999999977
-0.0050278259999999575
-0.005027810999999938
-0.0034316776666666327
-0.0018355443333332166
-0.00023941099999991167
-0.005027830999999927
-0.009816250999999943
-0.014604670999999958
-0.005027810999999938
0.004548989000000003
-0.005027840999999977
-0.014604670999999958
-0.005027840999999977
0.004548989000000003
-0.0026336409999999644
-0.009816270999999932
-0.00742204099999999
-0.005027810999999938
-0.005027810999999938
-0.005027810999999938
-0.0026336109999999247
-0.0002394110000000227
0.0021547889999999903
0.004548989000000003
-0.00023941099999991167
-0.00023941099999991167
-0.00023941099999991167
-0.00023941099999991167
-0.00023941099999991167
-0.00023941099999991167
-0.009816270999999932
-0.005027840999999977
0.0045489740000000944
0.014125789000000055
0.00933738900000003
0.004548989000000003
0.0021547890000001013
-0.00023941099999991167
0.0021547890000001013
0.004548989000000003
0.006943189000000016
0.00933738900000003
-0.005027810999999938
0.004548989000000003
-0.0002394110000000227
-0.005027810999999938
-0.00742204099999999
-0.009816270999999932
-0.005027840999999866
-0.00023941099999991167
-0.005027810999999938
-0.00742204099999999
-0.009816270999999932
-0.005985538999999984
-0.0021548069999999253
0.0016759250000000225
0.005506657000000081
0.00933738900000003
-0.009816270999999932
0.00933738900000003
0.006145122333333419
0.0029528556666666983
-0.00023941099999991167
0.004548989000000003
-0.0002394110000000227
-0.005027810999999938
-0.006623964333333232
-0.008220117666666638
-0.009816270999999932
-0.005027810999999938
-0.005027810999999938
-0.005027810999999938
-0.005027810999999938
-0.005027810999999938
-0.005027810999999938
-0.014604670999999958
0.014125789000000055
-0.009816270999999932
0.0069431590000000876
0.023702588999999996
0.0045489589999999636
-0.014604670999999958
-0.011412384333333248
-0.008220097666666648
-0.005027810999999938
0.01891418900000008
0.004548969000000014
-0.009816250999999943
-0.02418147100000001
0.01891418900000008
0.01252965566666675
0.006145122333333419
-0.00023941099999991167
-0.02896986099999993
-0.005027835999999897
0.01891418900000008
-0.033758260999999956
-0.00742203599999991
0.01891418900000008
0.00933738900000003
-0.00023941099999991167
-0.014604635999999949
-0.02896986099999993
-0.0193930484999999
-0.009816235999999923
-0.00023942349999994672
0.00933738900000003
-0.02896986099999993
-0.00023943599999998177
0.028490989000000022
0.0045489589999999636
-0.019393070999999984
0.00933738900000003
0.0021547890000001013
-0.005027810999999938
-0.00742204099999999
-0.009816270999999932
-0.0026336409999999644
0.004548989000000003
-0.0014365259999999935
-0.00742204099999999
-0.013407555999999987
-0.019393070999999984
0.023702588999999996
-0.02896986099999993
-0.01300851099999989
0.002952839000000096
0.01891418900000008
-0.02418147100000001
-0.02298437100000006
-0.021787270999999997
-0.020590170999999935
-0.019393070999999984
0.047644589000000015
-0.05770029099999996
-0.04477160099999994
-0.03184291099999992
-0.018914220999999953
-0.005985530999999877
0.0069431590000000876
-0.008619155999999961
-0.02418147100000001
0.0013566823333333033
0.026894835666666728
0.05243298900000004
-0.05770029099999996
0.057221429000000046
0.014125784000000086
-0.02896986099999993
-0.01699883599999996
-0.005027810999999938
0.00933738900000003
0.023702589000000107
0.038067789000000074
-0.07206548099999993
-0.020989177666666636
0.030087125666666714
0.08116342900000006
0.04764460650000002
0.014125784000000086
-0.01939303849999996
-0.05291186099999995
0.02609680900000011
-0.027772735999999854
-0.08164228099999993
-0.0026336259999999445
0.07637502900000004
0.011731584000000073
-0.05291186099999995
-0.04094084849999996
-0.028969835999999916
-0.016998823499999927
-0.005027810999999938
0.021308388999999983
0.047644589000000015
-0.08643071099999994
0.07637502900000004
0.014125784000000086
-0.04812346099999998
-0.019393035999999975
0.00933738900000003
0.030885189000000035
0.05243298900000004
0.0029528223333333825
-0.046527344333333276
-0.09600751099999993
0.09074021900000007
0.023702579000000057
-0.04333506099999995
-0.019393035999999975
0.004548989000000003
0.02609678900000001
0.047644589000000015
-0.012210445999999986
-0.07206548099999993
-0.0050278259999999575
0.06200982900000007
-0.04812346099999998
-0.030565977666666633
-0.013008494333333287
0.004548989000000003
0.01891418900000008
0.03327938900000005
0.020829539000000064
0.008379689000000079
-0.0040701609999999055
-0.01652001099999989
-0.02896986099999993
-0.00023943599999998177
0.009337376500000105
0.01891418900000008
-0.0002394409999999514
-0.019393070999999984
-0.005027840999999977
0.00933738900000003
0.00933738900000003
0.00933738900000003
-0.012210435999999936
-0.033758260999999956
-0.00981624433333328
0.014125772333333342
0.038067789000000074
-0.07685388099999996
-0.0074220259999999705
0.06200982900000007
0.00933738400000006
-0.04333506099999995
-0.009816270999999932
0.028490979000000083
0.0667982290000001
-0.012210440999999905
-0.09121911099999996
-0.03695053099999995
0.017318049000000002
0.07158662900000001
0.004548969000000014
-0.06248869099999993
-0.052911886999999935
-0.04333508299999994
-0.03375827899999995
-0.024181474999999897
-0.014604670999999958
0.0428561890000001
0.007741229000000072
-0.027373730999999957
-0.06248869099999993
0.07158662900000001
0.011731583999999962
-0.04812346099999998
0.00933738900000003
-0.005027840999999977
-0.019393070999999984
-0.008619155999999961
0.0021547590000000616
0.012928673999999973
0.023702588999999996
-0.009816235999999923
-0.04333506099999995
0.0428561890000001
0.030286632750000098
0.017717076499999984
0.005147520249999982
-0.007422036000000021
-0.019393070999999984
-0.019393070999999984
-0.019393070999999984
-0.019393070999999984
0.0021547590000000616
0.023702588999999996
-0.005027836000000008
-0.033758260999999956
-0.00742203599999991
0.01891418900000008
0.0021547590000000616
-0.014604670999999958
-0.012210470999999945
-0.009816270999999932
0.00933738900000003
-0.0002394409999999514
-0.009816270999999932
-0.005027850999999917
-0.00023943100000001216
0.004548989000000003
-0.0026336409999999644
-0.009816270999999932
-0.009217713499999891
-0.008619155999999961
-0.00802059849999992
-0.00742204099999999
-0.006823483499999949
-0.0062249259999999085
-0.005626368499999979
-0.005027810999999938
0.004548989000000003
-0.02896986099999993
0.00933738900000003
-0.005027810999999938
-0.0002394110000000227
0.004548989000000003
-0.009816241000000003
-0.02418147100000001
0.028490989000000022
0.014125769000000066
-0.00023945100000000163
-0.014604670999999958
0.004548989000000003
0.004548989000000003
0.004548989000000003
-0.005027840999999977
-0.014604670999999958
-0.0002394409999999514
0.014125789000000055
-0.009816235999999923
-0.033758260999999956
-0.014604635999999949
0.004548989000000003
-0.0026336409999999644
-0.009816270999999932
-0.011013370999999883
-0.012210470999999945
-0.013407571000000007
-0.014604670999999958
0.004548989000000003
-0.02418147100000001
-0.00742204099999999
0.00933738900000003
0.005506657000000081
0.0016759250000000225
-0.0021548069999999253
-0.005985538999999984
-0.009816270999999932
0.00933738900000003
0.004548989000000003
0.00933738900000003
0.004548989000000003
-0.00023941099999991167
-0.0026336259999999445
-0.005027840999999866
-0.007422055999999899
-0.009816270999999932
-0.009816270999999932
-0.009816270999999932
-0.014604670999999958
-0.014604670999999958
-0.014604670999999958
-0.00023941099999991167
-0.005027840999999866
-0.009816270999999932
-0.0066239843333332216
-0.003431697666666622
-0.00023941099999991167
-0.005027810999999938
-0.0022345776666665707
0.0005586556666666853
0.0033518890000000523
0.006145122333333419
0.008938355666666675
0.011731589000000042
0.007422017000000003
0.0031124450000000747
-0.0011971269999999645
-0.005506698999999893
-0.009816270999999932
-0.0002394110000000227
-0.005027810999999938
-0.0018355443333333277
0.0013567223333333933
0.004548989000000003
-0.005027810999999938
-0.0018355443333333277
0.0013567223333333933
0.004548989000000003
0.004548989000000003
0.006943189000000016
0.00933738900000003
0.011731589000000042
0.0009576590000001106
-0.009816270999999932
-0.00742204099999999
-0.005027810999999938
-0.009816270999999932
-0.005027850999999917
-0.00023943100000001216
0.004548989000000003
0.004548989000000003
0.004548989000000003
0.0021547890000001013
-0.00023941099999991167
0.004548989000000003
0.00933738900000003
0.004548989000000003
0.006943189000000016
0.00933738900000003
-0.0026336409999999644
-0.014604670999999958
-0.005027850999999917
0.004548969000000014
0.014125789000000055
-0.00023941099999991167
-0.00023941099999991167
-0.00023941099999991167
-0.00023941099999991167
-0.00023941099999991167
-0.00023941099999991167
-0.00023941099999991167
-0.0026336259999999445
-0.005027840999999977
-0.005027810999999938
-0.005027810999999938
0.0013567223333333933
0.007741255666666724
0.014125789000000055
0.0021547590000000616
-0.009816270999999932
-0.005027810999999938
-0.005027810999999938
