0.004788400000000026
0.010534480000000013
0.02489968000000009
-0.01819591999999992
-0.007422019999999918
0.003351880000000085
0.014125780000000088
0.02489968000000009
-0.022984379999999915
-0.005426893333333238
0.01213059333333344
0.029688080000000117
-0.013407519999999895
-0.00861911999999998
0.010534480000000013
-0.0014365199999999412
-0.013407519999999895
0.003351880000000085
0.020111280000000065
0.014125780000000088
0.00814028
0.002154780000000023
-0.003830719999999954
0.0009576800000000718
-0.003830719999999954
-0.005426853333333259
-0.007022986666666675
-0.00861911999999998
0.020111280000000065
0.015322880000000039
0.010534480000000124
0.005746080000000098
-0.00861911999999998
-0.00861911999999998
-0.010215253333333285
-0.01181138666666659
-0.013407519999999895
-0.012210419999999944
-0.011013319999999882
-0.009816219999999931
-0.00861911999999998
-0.003830719999999954
0.0009576800000000718
0.0004256355555556368
-0.00010640888888879818
-0.0006384533333332332
-0.0011704977777776682
-0.0017025422222222142
-0.002234586666666649
-0.002766631111111084
-0.003298675555555519
-0.003830719999999954
0.005746080000000098
-0.013407519999999895
-0.00861911999999998
0.005746080000000098
-0.003830719999999954
-0.00861911999999998
-0.003830719999999954
-0.003830719999999954
-0.003830719999999954
-0.003830719999999954
-0.003830719999999954
-0.003830719999999954
-0.003830719999999954
-0.003830719999999954
0.005746080000000098
0.003351880000000085
0.0009576800000000718
0.004149946666666682
0.007342213333333403
0.010534480000000013
0.0033518799999999738
-0.003830719999999954
0.0009576800000000718
-0.0006384533333332332
-0.002234586666666649
-0.003830719999999954
-0.005426853333333259
-0.007022986666666675
-0.00861911999999998
-0.003830719999999954
-0.013407519999999895
-0.011355348571428503
-0.009303177142857
-0.007251005714285608
-0.005198834285714216
-0.0031466628571428235
-0.0010944914285713203
0.0009576800000000718
-0.00023941999999987917
-0.0014365199999999412
0.00814028
0.00933737999999995
0.010534480000000013
-0.003830719999999954
-0.002234586666666649
-0.0006384533333332332
0.0009576800000000718
0.005746080000000098
0.010534480000000013
0.0033518799999999738
-0.003830719999999954
-0.003830719999999954
-0.003830719999999954
-0.002234586666666649
-0.0006384533333332332
0.0009576800000000718
-0.0020350699999999167
-0.005027819999999905
-0.008020569999999894
-0.011013319999999882
-0.013407519999999895
-0.003830719999999954
-0.003830719999999954
-0.003830719999999954
-0.006224919999999967
-0.00861911999999998
-0.006224919999999967
-0.003830719999999954
-0.0014365199999999412
0.0009576800000000718
-0.013407519999999895
-0.00861911999999998
-0.003830719999999954
0.015322880000000039
0.005746080000000098
-0.003830719999999954
0.0009576800000000718
0.005746080000000098
-0.0014365199999999412
-0.00861911999999998
-0.002234586666666649
0.004149946666666682
0.010534480000000013
0.00814028
0.005746080000000098
0.003351880000000085
0.0009576800000000718
-0.003830719999999954
-0.006224919999999967
-0.00861911999999998
-0.006224919999999967
-0.003830719999999954
-0.0014365199999999412
0.0009576800000000718
0.003351880000000085
0.005746080000000098
0.005746080000000098
0.010534480000000124
0.015322880000000039
0.012928680000000026
0.010534480000000013
0.005746079999999987
0.0009576800000000718
-0.003830719999999954
-0.022984379999999915
-0.021616257142857087
-0.020248134285714148
-0.01888001142857132
-0.01751188857142849
-0.016143765714285663
-0.014775642857142723
-0.013407519999999895
0.020111280000000065
0.015322880000000039
0.005746080000000098
0.010534480000000013
-0.013407519999999895
-0.008619119999999869
-0.003830719999999954
0.0009576800000000718
0.0009576800000000718
0.0009576800000000718
0.005746080000000098
0.00814028000000011
0.010534480000000124
0.012928680000000026
0.015322880000000039
0.01771708000000005
0.020111280000000065
0.0033518799999999738
0.005746080000000098
-0.013407519999999895
-0.007022986666666564
-0.0006384533333332332
0.005746080000000098
0.002553813333333377
-0.0006384533333332332
-0.003830719999999954
-0.01819591999999992
-0.011013319999999882
-0.003830719999999954
-0.00861911999999998
0.0033518799999999738
0.015322880000000039
-0.003830719999999954
-0.005426853333333259
-0.007022986666666675
-0.00861911999999998
-0.003830719999999954
0.0009576800000000718
0.0019153600000000326
0.0028730400000001044
0.003830720000000065
0.004788400000000137
0.005746080000000098
-0.00861911999999998
0.005746080000000098
0.007342213333333403
0.008938346666666708
0.010534480000000013
0.0041499366666667425
-0.0022346066666666387
-0.00861915000000002
-0.01500369333333329
-0.02138823666666656
-0.02777277999999994
0.0009576800000000718
-0.003032653333333246
-0.007022986666666564
-0.011013319999999882
-0.007422019999999918
-0.003830719999999954
-0.013407519999999895
-0.013407519999999895
-0.013407519999999895
-0.006224919999999856
0.0009576800000000718
0.005746080000000098
0.010534480000000013
0.005746080000000098
0.0009576800000000718
0.0019153600000000326
0.0028730400000001044
0.003830720000000065
0.004788400000000137
0.005746080000000098
0.005746080000000098
0.005746080000000098
0.006278124444444533
0.006810168888888968
0.007342213333333403
0.007874257777777838
0.008406302222222273
0.008938346666666708
0.009470391111111143
0.010002435555555578
0.010534480000000013
0.005746079999999987
0.0009576800000000718
-0.003830719999999954
-0.0014365199999999412
0.0009576800000000718
-0.003830719999999954
-0.00861911999999998
-0.006224919999999967
-0.003830719999999954
-0.011013319999999882
-0.01819591999999992
-0.00861911999999998
0.0009576800000000718
0.00814028
0.015322880000000039
0.005746080000000098
-0.003830719999999954
0.010534480000000124
0.02489968000000009
0.02489968000000009
0.019313213333333357
0.013726746666666734
0.00814028
0.005746080000000098
-0.01819591999999992
-0.022984349999999987
-0.016599806666666606
-0.010215263333333335
-0.003830719999999954
-0.01819591999999992
0.003351880000000085
0.02489968000000009
0.015322880000000039
0.005746080000000098
0.0064301371428572285
0.007114194285714359
0.00779825142857149
0.00848230857142862
0.009166365714285751
0.009850422857142882
0.010534480000000013
-0.003830719999999954
0.0009576800000000718
-0.022984379999999915
0.0009576800000000718
-0.004788411999999909
-0.010534503999999889
-0.01628059599999998
-0.02202668799999996
-0.02777277999999994
-0.006224919999999856
-0.003830719999999843
-0.0014365199999998302
0.0009576800000000718
0.003351880000000085
0.005746080000000098
-0.00861911999999998
0.005746080000000098
0.00814028000000011
0.010534480000000124
0.012928680000000026
0.015322880000000039
-0.00861915000000002
-0.03256117999999997
-0.011013349999999922
0.010534480000000013
-0.01819591999999992
0.00814028
0.014724330000000063
0.021308380000000016
0.027892429999999968
0.03447648000000003
0.020111280000000065
0.017375051428571542
0.014638822857142908
0.011902594285714385
0.009166365714285751
0.0064301371428572285
0.0036939085714285946
0.0009576800000000718
-0.0014365499999998699
-0.01819591999999992
-0.013407520000000006
-0.00861911999999998
-0.00814028
-0.007661439999999908
-0.007182599999999928
-0.0067037599999998365
-0.006224919999999856
0.02489968000000009
0.019153600000000104
0.013407520000000117
0.007661440000000019
0.0019153600000000326
-0.003830719999999954
0.0009576500000000321
0.015322865000000019
0.029688080000000117
0.005746080000000098
0.0009576800000000718
-0.003830719999999954
0.004548980000000036
0.012928680000000026
0.021308380000000127
0.029688080000000117
-0.03734957999999999
-0.02717421749999993
-0.01699885499999998
-0.006823492500000028
0.0033518700000000345
0.013527232500000097
0.02370259500000005
0.0338779575
0.04405332000000006
-0.022984379999999915
0.02489968000000009
0.012449828000000052
-2.399999998736746e-08
-0.012449875999999915
-0.024899727999999954
-0.03734957999999999
0.03208230000000001
0.02298433600000005
0.013886372000000091
0.004788408000000022
-0.004309555999999937
-0.013407519999999895
0.020111280000000065
0.0009576750000001022
-0.00861911999999998
-0.022984349999999987
-0.03734957999999999
0.029688080000000117
0.016280548000000117
0.002873016000000117
-0.010534515999999994
-0.023942047999999994
-0.03734957999999999
0.03926488000000006
-0.003830719999999954
-0.013407549999999935
-0.022984379999999915
0.06799532000000008
0.005746075000000128
-0.056503169999999936
-0.022984339999999936
0.010534490000000063
0.04405332000000006
0.027293899999999982
0.010534480000000013
-0.051714769999999965
-0.02178724749999994
0.00814027500000003
0.03806779750000011
0.06799532000000008
-0.07565679999999991
0.02489968000000009
0.00814028
-0.00861911999999998
-0.011013319999999882
-0.013407519999999895
0.0009576800000000718
0.015322880000000039
-0.011013349999999922
-0.03734957999999999
-0.019792093333333316
-0.0022346066666666387
0.015322880000000039
0.0025537933333333873
-0.010215293333333264
-0.022984379999999915
0.029688080000000117
0.016919013333333455
0.004149946666666682
-0.00861911999999998
0.005746080000000098
0.020111280000000065
-0.015801744999999978
-0.051714769999999965
-0.016599806666666606
0.0185151566666667
0.053630120000000114
-0.06129156999999996
-0.0309650199999999
-0.0006384699999999466
0.029688080000000117
-0.003830719999999954
-0.008619134999999889
-0.013407549999999935
-0.01819596499999998
-0.022984379999999915
0.053630120000000114
0.003351875000000115
-0.04692636999999994
0.053630120000000114
0.015322890000000089
-0.022984339999999936
-0.06129156999999996
-0.04419012857142851
-0.02708868714285706
-0.009987245714285664
0.0071141957142857315
0.024215637142857127
0.041317078571428634
0.05841852000000003
0.005746075000000017
-0.04692636999999994
-0.03794811374999996
-0.028969857499999918
-0.01999160124999988
-0.011013344999999952
-0.0020350887499999137
0.006943167500000125
0.015921423750000052
0.02489968000000009
0.018914180000000114
0.012928680000000026
0.006943180000000049
0.0009576800000000718
-0.01819591999999992
-0.003830719999999954
0.010534480000000013
-0.00861913999999997
0.0009576800000000718
-0.011013349999999922
-0.022984379999999915
0.015322880000000039
-0.01819591999999992
-0.00861911999999998
0.0009576800000000718
0.010534480000000013
0.003351865000000065
-0.003830749999999994
-0.002234613333333302
-0.0006384766666666097
0.0009576599999999713
0.0025537966666666634
0.0041499333333333555
0.0057460700000000475
0.007342206666666629
0.00893834333333332
0.010534480000000013
-0.00861911999999998
0.00814028
0.008938346666666708
0.009736413333333305
0.010534480000000013
-0.003830719999999954
0.005746080000000098
0.00494801333333339
0.004149946666666682
0.0033518799999999738
0.0003591299999999853
-0.002633620000000003
-0.005626369999999992
-0.00861911999999998
-0.00861911999999998
-0.00861911999999998
-0.00861911999999998
-0.006224919999999967
-0.003830719999999954
-0.0014365199999999412
0.0009576800000000718
-0.00861911999999998
-0.003830719999999954
0.0009576800000000718
0.004788400000000026
0.008619120000000091
0.012449840000000045
0.01628056000000011
0.020111280000000065
0.01133254666666672
0.002553813333333488
-0.006224919999999856
-0.009816219999999931
-0.013407519999999895
0.015322880000000039
0.0009576800000000718
-0.013407519999999895
0.0009576800000000718
-0.0014365199999999412
-0.003830719999999954
-0.003830719999999954
-0.003830719999999954
-0.003830719999999954
-0.003830719999999954
-0.003830719999999954
-0.003830719999999954
-0.003830719999999954
-0.002234586666666649
-0.0006384533333332332
0.0009576800000000718
0.002553813333333377
0.004149946666666793
0.005746080000000098
-0.006224919999999856
0.0033518799999999738
-0.00861911999999998
-0.006224919999999967
-0.003830719999999954
-0.0014365199999999412
0.0009576800000000718
0.0033518799999999738
0.005746079999999987
0.00814028
0.010534480000000013
0.012928680000000026
0.015322880000000039
0.005746080000000098
-0.003830719999999954
0.00814028
-0.003830719999999954
-0.003830719999999954
-0.013407549999999935
-0.022984379999999915
-0.011013349999999922
0.0009576800000000718
-0.002234586666666649
-0.005426853333333259
-0.00861911999999998
-0.003830719999999954
0.0009576800000000718
0.010534480000000013
0.005746080000000098
-0.0006384533333332332
-0.007022986666666564
-0.013407519999999895
-0.006224919999999856
0.0009576800000000718
-0.00861911999999998
0.0009576800000000718
0.010534480000000013
0.005746079999999987
0.0009576800000000718
-0.003830719999999954
0.0009576800000000718
0.005746079999999987
0.010534480000000013
0.0009576800000000718
0.003351880000000085
0.005746080000000098
-0.003830719999999954
-0.003830719999999954
-0.003830719999999954
-0.003830719999999954
-0.003830719999999954
-0.003830719999999954
-0.003830719999999954
-0.003830719999999954
0.0009576800000000718
-0.0006384533333332332
-0.002234586666666649
-0.003830719999999954
-0.006224919999999967
-0.00861911999999998
-0.00861911999999998
-0.00861911999999998
-0.00861911999999998
-0.00861911999999998
-0.00861911999999998
-0.00861911999999998
-0.00861911999999998
-0.00861911999999998
-0.00861911999999998
-0.00861911999999998
-0.00861911999999998
0.005746080000000098
