0.006045355000000141
0.005746080000000098
-0.013407519999999895
0.005746080000000098
-0.013407519999999895
0.005746080000000098
-0.003830719999999954
-0.00861911999999998
-0.00861911999999998
0.005746080000000098
-0.003830719999999954
0.010534480000000013
0.010534480000000013
0.00814028
0.005746080000000098
0.003351880000000085
0.0009576800000000718
-0.013407519999999895
-0.006224919999999856
0.0009576800000000718
0.0009576800000000718
0.0009576800000000718
0.0009576800000000718
0.003351880000000085
0.005746080000000098
0.002553813333333377
-0.0006384533333332332
-0.003830719999999954
0.005746080000000098
0.004548980000000147
0.003351880000000085
0.002154780000000023
0.0009576800000000718
-0.006224919999999856
-0.013407519999999895
0.015322880000000039
-0.00861911999999998
-0.006224919999999967
-0.003830719999999954
0.005746080000000098
0.015322880000000039
-0.0014365199999999412
-0.01819591999999992
-0.011013319999999882
-0.003830719999999954
0.0009576800000000718
0.005746080000000098
0.010534480000000013
0.015322880000000039
0.0009576800000000718
-0.006224919999999856
-0.013407519999999895
-0.003830719999999954
-0.003830719999999954
-0.003830719999999954
-0.0014365199999999412
0.0009576800000000718
0.003351880000000085
0.005746080000000098
-0.00861911999999998
0.005746080000000098
0.005746080000000098
0.0019153600000001436
-0.0019153599999999216
-0.005746079999999876
-0.009576799999999941
-0.013407519999999895
-0.003830719999999954
0.0009576800000000718
0.005746080000000098
-0.003830719999999954
-0.003830719999999954
0.0009576800000000718
0.005746080000000098
0.010534480000000013
0.015322880000000039
0.0009576800000000718
0.003351880000000085
0.005746080000000098
0.005746080000000098
0.005746080000000098
0.005746080000000098
0.005746080000000098
0.005746080000000098
0.005746080000000098
-0.003830719999999954
-0.003830719999999954
-0.003830719999999954
-0.003830719999999954
-0.003830719999999954
-0.003830719999999954
0.005746080000000098
-0.0006384533333332332
-0.007022986666666564
-0.013407519999999895
-0.00861911999999998
-0.007661440000000019
-0.0067037599999999475
-0.005746079999999987
-0.004788399999999915
-0.003830719999999954
-0.0028730399999999934
-0.0019153599999999216
-0.0009576799999999608
1.1102230246251565e-16
0.0009576800000000718
-0.006224919999999856
-0.013407519999999895
-0.006224919999999856
0.0009576800000000718
-0.00861911999999998
0.0009576800000000718
0.0009576800000000718
0.0009576800000000718
0.0009576800000000718
0.0009576800000000718
0.010534480000000013
0.002553813333333377
-0.005426853333333259
-0.013407519999999895
0.0009576800000000718
0.0009576800000000718
0.0009576800000000718
0.0009576800000000718
-0.00861911999999998
-0.01819591999999992
-0.011013319999999882
-0.003830719999999954
-0.002234586666666649
-0.0006384533333332332
0.0009576800000000718
0.005746080000000098
0.010534480000000013
0.005746079999999987
0.0009576800000000718
-0.003830719999999954
-0.01819591999999992
-0.013407519999999895
0.0009576800000000718
0.015322880000000039
0.010534480000000124
0.005746080000000098
0.004681991111111228
0.003617902222222358
0.002553813333333377
0.0014897244444445068
0.0004256355555556368
-0.0006384533333332332
-0.0017025422222222142
-0.002766631111111084
-0.003830719999999954
0.005746080000000098
0.0009576800000000718
-0.00861911999999998
-0.002234586666666649
0.004149946666666682
0.010534480000000013
0.020111280000000065
0.0009576800000000718
-0.01819591999999992
-0.003830719999999954
0.010534480000000013
0.008938346666666708
0.007342213333333403
0.005746080000000098
0.010534480000000013
-0.003830719999999954
-0.007422019999999918
-0.011013319999999882
-0.014604619999999957
-0.01819591999999992
-0.007422020000000029
0.0033518799999999738
0.0009576799999999608
-0.0014365199999999412
-0.003830719999999954
-0.00861911999999998
-0.015801749999999948
-0.022984379999999915
-0.003830719999999954
-0.0006384533333332332
0.002553813333333377
0.005746080000000098
-0.013407519999999895
-0.003830719999999954
0.005746080000000098
0.003351880000000085
0.0009576800000000718
0.0017557466666667798
0.002553813333333377
0.003351880000000085
0.004149946666666793
0.00494801333333339
0.005746080000000098
0.003351880000000085
0.0009576800000000718
-0.003830719999999954
-0.00861911999999998
0.010534480000000013
0.006344629999999962
0.002154780000000023
-0.0020350699999999167
-0.006224919999999967
-0.003830719999999954
-0.0006384533333332332
0.002553813333333377
0.005746080000000098
-0.00023941999999987917
-0.006224919999999856
-0.012210419999999944
-0.01819591999999992
-0.006224919999999856
-0.006566948571428477
-0.006908977142856987
-0.007251005714285608
-0.0075930342857142286
-0.00793506285714285
-0.00827709142857136
-0.00861911999999998
0.010534480000000124
0.005746080000000098
0.0009576800000000718
0.005746080000000098
0.010534480000000013
0.015322880000000039
0.005746080000000098
-0.003830719999999954
-0.013407519999999895
-0.011492159999999862
-0.009576799999999941
-0.007661439999999908
-0.005746079999999987
-0.003830719999999954
0.0009576800000000718
-0.004628796666666601
-0.010215273333333275
-0.015801749999999948
-0.02138822666666662
-0.026974703333333294
-0.03256117999999997
0.0009576800000000718
-0.003830719999999954
-0.003830719999999954
-0.003830719999999954
-0.003830719999999954
-0.003830719999999954
-0.003830719999999954
0.010534480000000013
-0.013407519999999895
-0.013407519999999895
-0.009417186666666577
-0.005426853333333259
-0.0014365199999999412
0.002553813333333377
0.006544146666666695
0.010534480000000013
-0.006224919999999856
-0.0006384533333332332
0.00494801333333339
0.010534480000000013
-0.013407519999999895
-0.00861911999999998
-0.003830719999999954
-0.002234586666666649
-0.0006384533333332332
0.0009576800000000718
0.002553813333333377
0.004149946666666793
0.005746080000000098
-0.0014365199999999412
-0.0006384533333332332
0.0001596133333333638
0.0009576800000000718
-0.003830719999999954
-0.013407519999999895
0.005746080000000098
-0.0014365199999999412
-0.00861911999999998
0.004149946666666682
0.016919013333333455
0.029688080000000117
-0.00861911999999998
-0.002234586666666649
0.004149946666666682
0.010534480000000013
0.0009576800000000718
-0.00861911999999998
0.005746080000000098
0.020111280000000065
0.013726746666666734
0.007342213333333403
0.0009576800000000718
-0.00861911999999998
-0.01819591999999992
0.0009576800000000718
0.020111280000000065
0.00814028
-0.003830719999999954
-0.005426853333333259
-0.007022986666666675
-0.00861911999999998
-0.003830719999999954
0.0009576800000000718
0.005746080000000098
0.004548980000000147
0.003351880000000085
0.002154780000000023
0.0009576800000000718
0.0009576800000000718
-0.00861911999999998
0.005746080000000098
0.003830720000000065
0.0019153600000000326
1.1102230246251565e-16
-0.0019153599999999216
-0.003830719999999954
-0.022984379999999915
-0.016599836666666534
-0.010215293333333264
-0.003830749999999994
0.0025537933333333873
0.008938336666666769
0.015322880000000039
-0.003830719999999954
-0.003830719999999954
-0.0006384533333332332
0.002553813333333377
0.005746080000000098
0.0036939085714287057
0.0016417371428572025
-0.0004104342857141896
-0.0024626057142856927
-0.004514777142857085
-0.006566948571428588
-0.00861911999999998
-0.003830719999999954
0.010534480000000013
-0.0014365199999999412
0.005746080000000098
0.003351880000000085
0.0009576800000000718
0.0009576800000000718
0.0009576800000000718
0.0019153600000000326
0.0028730400000001044
0.003830720000000065
0.004788400000000137
0.005746080000000098
0.005746080000000098
0.003351880000000085
0.0009576800000000718
0.0009576800000000718
0.0009576800000000718
0.0009576800000000718
0.0009576800000000718
0.0017557466666666688
0.002553813333333377
0.0033518799999999738
0.0009576800000000718
0.0019153600000000326
0.0028730400000001044
0.003830720000000065
0.004788400000000137
0.005746080000000098
-0.02777277999999994
-0.013407519999999895
-0.011013319999999882
-0.008619119999999869
-0.006224919999999856
-0.003830719999999954
-0.0014365199999999412
0.0009576800000000718
-0.003830719999999954
-0.003830719999999954
0.0009576800000000718
0.003351880000000085
0.005746080000000098
0.002553813333333377
-0.0006384533333332332
-0.003830719999999954
0.005746080000000098
0.006544146666666806
0.007342213333333403
0.00814028
0.008938346666666708
0.009736413333333416
0.010534480000000013
0.005746079999999987
0.0009576800000000718
-0.003830719999999954
0.005746080000000098
-0.00861911999999998
-0.004788400000000026
-0.0009576799999999608
0.0028730399999999934
0.0067037600000000586
0.010534480000000013
0.005746079999999987
0.0009576800000000718
-0.003830719999999954
-0.011013319999999882
-0.00861911999999998
0.020111280000000065
-0.003830719999999954
0.0009576800000000718
0.005746079999999987
0.010534480000000013
0.00861911999999998
0.0067037600000000586
0.004788400000000026
0.0028730399999999934
0.0009576800000000718
-0.0009576799999999608
-0.0028730399999999934
-0.004788400000000026
-0.0067037599999999475
-0.00861911999999998
0.0009576800000000718
-0.003830719999999954
-0.003830719999999954
0.010534480000000013
0.0033518799999999738
-0.003830719999999954
-0.0014365199999999412
0.0009576800000000718
0.0009576800000000718
0.0009576800000000718
0.0009576800000000718
0.0009576800000000718
0.0009576800000000718
0.0009576800000000718
0.0009576800000000718
0.005746080000000098
0.010534480000000013
-0.003830719999999954
-0.00861911999999998
0.005746080000000098
0.010534480000000124
0.015322880000000039
0.0033518799999999738
-0.00861911999999998
0.0009576800000000718
0.003009851428571464
0.005062022857142967
0.007114194285714359
0.009166365714285751
0.011218537142857143
0.013270708571428647
0.015322880000000039
-0.022984379999999915
0.005746080000000098
0.010534480000000013
-0.003830719999999954
-0.003830719999999954
-0.003032653333333246
-0.002234586666666649
-0.0014365199999999412
-0.0006384533333332332
0.0001596133333333638
0.0009576800000000718
0.0009576800000000718
-0.003830719999999954
-0.008619119999999869
-0.013407519999999895
-0.01181138666666659
-0.010215253333333285
-0.00861911999999998
-0.01819591999999992
-0.015003653333333311
-0.01181138666666659
-0.00861911999999998
-0.005426853333333259
-0.002234586666666649
0.0009576800000000718
0.004149946666666682
0.007342213333333403
0.010534480000000013
-0.003830719999999954
-0.006224919999999967
-0.00861911999999998
0.020111280000000065
0.015322880000000039
0.010534480000000124
0.005746080000000098
-0.003830719999999954
-0.013407519999999895
-0.01819591999999992
-0.006224919999999856
0.005746080000000098
-0.006224949999999896
-0.003830719999999954
-0.005027819999999905
-0.006224919999999967
-0.007422020000000029
-0.00861911999999998
0.005746080000000098
0.004548980000000147
0.003351880000000085
0.0009576800000000718
-0.0014365199999999412
-0.003830719999999954
