-0.03651134999999783
-0.046088349999998
-0.050876849999998086
-0.05566534999999817
-0.046088349999998
-0.03651134999999961
-0.046088349999998
-0.043694349999999105
-0.03890584999999902
-0.04369385000000037
-0.048482349999998675
-0.05327084999999876
-0.04449234999999696
-0.048482349999998675
-0.04908084999999929
-0.049679349999998124
-0.050277849999998736
-0.05087634999999935
-0.05566534999999817
-0.05406901666666464
-0.05247268333333288
-0.05087634999999935
-0.031722849999999525
-0.029328599999999483
-0.02693434999999944
-0.034117349999998936
-0.04130034999999843
-0.04130034999999843
-0.04130034999999843
-0.04130034999999843
-0.04130034999999843
-0.050876849999998086
-0.06045334999999952
-0.058059349999998844
-0.05566534999999817
-0.049280683333332576
-0.042896016666665204
-0.03651134999999961
-0.03651134999999961
-0.04129984999999792
-0.046088349999998
-0.04768434999999904
-0.04928034999999831
-0.05087634999999935
-0.05087634999999935
-0.04768434999999904
-0.04449234999999874
-0.04130034999999843
-0.03651134999999961
-0.03651134999999961
-0.03651134999999961
-0.03651134999999961
-0.03651134999999961
-0.03651134999999961
-0.03651134999999961
-0.04130034999999843
-0.04529068333333086
-0.04928101666666507
-0.05327134999999927
-0.0572616833333317
-0.06125201666666413
-0.06524234999999834
-0.05566534999999817
-0.06045334999999952
-0.046088349999998
-0.046088349999998
-0.03890584999999902
-0.03172334999999826
-0.037708849999997796
-0.043694349999999105
-0.04967984999999864
-0.05566534999999817
-0.03651134999999961
-0.05566534999999817
-0.050876849999998086
-0.046088349999998
-0.03172334999999826
-0.03172334999999826
-0.03172334999999826
-0.03172334999999826
-0.04129984999999792
-0.05087634999999935
-0.03651134999999961
-0.04369385000000037
-0.05087634999999935
-0.054068683333332146
-0.05726101666666672
-0.06045334999999952
-0.046088349999998
-0.048482349999998675
-0.05087634999999935
-0.05087634999999935
-0.05087634999999935
-0.05087634999999935
-0.046088349999998
-0.043694349999999105
-0.04130034999999843
-0.03651184999999835
-0.03172334999999826
-0.03172334999999826
-0.03172334999999826
-0.03411751666666518
-0.0365116833333321
-0.03890584999999902
-0.04130001666666416
-0.04369418333333108
-0.046088349999998
-0.04130034999999843
-0.03651134999999961
-0.05087634999999935
-0.04369385000000037
-0.03651134999999961
-0.03651134999999961
-0.03890584999999902
-0.04130034999999843
-0.034117349999998936
-0.02693434999999944
-0.03890535000000028
-0.05087634999999935
-0.04908084999999929
-0.04728534999999923
-0.045489849999999166
-0.043694349999999105
-0.04449234999999874
-0.04529034999999837
-0.046088349999998
-0.03172334999999826
-0.04129984999999792
-0.05087634999999935
-0.04728509999999986
-0.04369385000000037
-0.0401025999999991
-0.03651134999999961
-0.03651134999999961
-0.05087634999999935
-0.05087634999999935
-0.05087634999999935
-0.05087634999999935
-0.05087634999999935
-0.05087634999999935
-0.046088349999998
-0.04130034999999843
-0.046088349999998
-0.04529034999999837
-0.04449234999999874
-0.043694349999999105
-0.046088349999998
-0.034117349999998936
-0.022146349999998094
-0.007781349999998355
0.006583650000001384
-0.00618534999999909
-0.018954349999997788
-0.03172334999999826
-0.05566534999999817
-0.05726134999999921
-0.058857349999998476
-0.06045334999999952
-0.03651134999999961
-0.04289584999999896
-0.049280350000000084
-0.05566484999999943
-0.06204934999999878
-0.06843384999999991
-0.07481834999999926
-0.06045334999999952
-0.056349064285713624
-0.05224477857142773
-0.04814049285714184
-0.04403620714285594
-0.03993192142857005
-0.035827635714284156
-0.03172334999999826
-0.024540849999997505
-0.017358349999998524
-0.06524234999999834
-0.060453849999998255
-0.04608868333333227
-0.03172351666666451
-0.017358349999998524
0.020949650000000375
0.011372816666666452
0.0017959833333343056
-0.007780849999999617
-0.01735768333333354
-0.026934516666665687
-0.03651134999999961
-0.08439534999999942
-0.0939723499999996
-0.0923761833333323
-0.0907800166666668
-0.08918384999999951
-0.08758768333333222
-0.08599151666666671
-0.08439534999999942
0.011372650000001983
-0.05327084999999876
-0.13227934999999924
-0.0939723499999996
-0.05566534999999817
-0.017358349999998524
-0.011771683333332561
-0.006185016666664822
-0.0005983499999988595
-0.009576599999999047
-0.018554849999999234
-0.027533099999999422
-0.03651134999999961
-0.054069016666666414
-0.07162668333333144
-0.08918434999999825
-0.0843955999999988
-0.07960684999999934
-0.028131849999997627
0.02334315000000231
0.01722465000000284
0.011106150000001591
0.0049876500000021196
-0.001130849999997352
-0.0072493499999986
-0.013367849999998072
-0.019486349999997543
-0.02560484999999879
-0.03172334999999826
-0.1203083499999984
-0.010175349999999028
0.024540650000002273
0.0592566500000018
-0.07003034999999969
-0.07348862777777754
-0.07694690555555539
-0.08040518333333324
-0.08386346111111109
-0.08732173888888894
-0.0907800166666668
-0.09423829444444465
-0.0976965722222225
-0.10115485000000035
-0.10461312777777643
-0.10807140555555428
-0.11152968333333213
-0.11498796111110998
-0.11844623888888783
-0.12190451666666569
-0.12536279444444354
-0.1288210722222214
-0.13227934999999924
-0.08918384999999773
0.0592566500000018
-0.11791434999999773
0.006583650000001384
0.020264792857144442
0.0339459357142875
0.04762707857143056
0.06130822142857184
0.0749893642857149
0.08867050714285796
0.10235165000000102
-0.0005988499999993735
-0.10354934999999799
-0.028530683333332973
0.02573765000000172
0.020949150000001637
0.016160650000001553
-0.06763634999999901
-0.15143334999999958
-0.1669955999999999
-0.18255784999999847
-0.1981200999999988
-0.21368234999999913
-0.12270284999999959
-0.03172334999999826
-0.043694349999999105
-0.05566534999999817
0.1358706500000011
-0.02693434999999944
-0.03710985000000022
-0.04728534999999923
-0.05746084999999823
-0.06763634999999901
-0.1310823499999998
-0.1945283499999988
-0.17537484999999897
-0.15622134999999915
-0.13706784999999932
-0.1179143499999995
-0.0987608499999979
-0.07960734999999808
-0.060453849999998255
-0.04130034999999843
0.011372650000001983
0.018555150000000964
-0.042896016666665204
-0.10434718333333315
-0.16579834999999932
-0.13706834999999806
-0.10833784999999807
-0.07960734999999808
-0.10115484999999858
-0.12270234999999907
-0.033319016666665036
0.056064316666667224
0.14544765000000126
0.11056079285714482
0.0756739357142866
0.04078707857143016
0.005900221428571939
-0.028986635714284503
-0.06387349285714272
-0.09876034999999916
-0.0029928499999982705
-0.02693484999999818
-0.050876849999998086
-0.074818849999998
-0.0987608499999979
-0.03651134999999783
-0.0556650999999988
-0.074818849999998
-0.09397259999999719
-0.11312634999999815
-0.014963849999999113
0.01935298333333435
0.05366981666666781
0.08798665000000128
-0.024540849999997505
-0.13706834999999806
-0.1315957785714268
-0.12612320714285552
-0.12065063571428425
-0.11517806428571298
-0.1097054928571417
-0.10423292142857044
-0.09876034999999916
-0.10115484999999858
0.159812650000001
0.051275650000000894
-0.05726134999999921
-0.16579834999999932
0.13108265000000152
-0.16579834999999932
-0.09397234999999782
-0.022146349999998094
-0.03890584999999902
-0.05566534999999817
-0.10354934999999799
-0.15143334999999958
0.10714065000000161
-0.03651134999999783
-0.18016334999999906
-0.092775099999999
-0.005386849999998944
0.08200140000000111
0.16938965000000117
0.12389985000000081
0.07841005000000045
0.03292025000000187
-0.012569549999998486
-0.058059349999998844
-0.10714034999999811
-0.15622134999999915
-0.09876034999999916
0.03531465000000189
-0.07481884999999977
-0.18495234999999965
0.159812650000001
0.0700301500000009
-0.019752349999999197
-0.1095348499999993
-0.1993173499999994
0.12629365000000092
-0.1945283499999988
-0.08200134999999875
0.030525650000001292
-0.024540849999997505
-0.07960734999999808
-0.07960734999999808
-0.07960734999999808
-0.03651184999999835
0.006583650000001384
-0.05566534999999817
-0.1179143499999995
-0.08343794999999865
-0.048961549999999576
-0.014485149999998725
0.01999125000000035
0.0544676500000012
-0.007781349999998355
-0.07003034999999969
-0.0658404749999999
-0.06165060000000011
-0.05746072500000032
-0.053270850000000536
-0.04908097499999897
-0.044891099999999184
-0.0407012249999994
-0.03651134999999961
-0.03970368333333241
-0.042896016666665204
-0.046088349999998
-0.046088349999998
-0.046088349999998
-0.0939723499999996
-0.08439549285714243
-0.07481863571428526
-0.0652417785714281
-0.055664921428570935
-0.04608806428571377
-0.036511207142856605
-0.02693434999999944
-0.03770834999999906
-0.04848235000000045
-0.06045334999999952
-0.017358349999998524
-0.058059349999998844
-0.08918434999999825
-0.012569349999999702
-0.026934600000000586
-0.041299849999999694
-0.0556650999999988
-0.07003034999999969
-0.03651134999999961
-0.04129984999999792
-0.046088349999998
-0.04814049285714184
-0.050192635714283895
-0.05224477857142773
-0.05429692142856979
-0.056349064285713624
-0.05840120714285568
-0.06045334999999952
-0.03651134999999961
-0.04129984999999792
-0.048482349999998675
-0.04869998636363526
-0.04891762272727185
-0.049135259090908434
-0.04935289545454502
-0.04957053181818161
-0.04978816818181642
-0.050005804545453
-0.05022344090908959
-0.050441077272726176
-0.05065871363636276
-0.05087634999999935
-0.06045334999999952
-0.034117349999998936
-0.026934849999999955
-0.03651159999999898
-0.046088349999998
-0.048482599999998044
-0.050876849999998086
-0.05327109999999813
-0.05566534999999817
-0.03172334999999826
-0.03445949285714178
-0.037195635714283526
-0.039931778571427046
-0.042667921428570565
-0.045404064285714085
-0.04814020714285583
-0.05087634999999935
-0.04369385000000037
-0.03651134999999961
-0.03890584999999902
-0.04130034999999843
-0.022146349999998094
-0.03052609999999767
-0.03890584999999902
-0.047285599999998595
-0.05566534999999817
-0.05207409999999868
-0.04848284999999919
-0.04489159999999792
-0.04130034999999843
-0.03651184999999835
-0.012569349999999702
-0.02693434999999944
-0.046088349999998
-0.06524234999999834
-0.04449234999999874
-0.023742349999999135
-0.002992349999999533
-0.014963349999998599
-0.02693434999999944
-0.022146349999998094
-0.024540349999998767
-0.02693434999999944
-0.02214634999999987
-0.017358349999998524
-0.017358349999998524
-0.017358349999998524
-0.024540849999997505
-0.03172334999999826
-0.02932884999999885
-0.02693434999999944
-0.029062572222221306
-0.03119079444444317
-0.033319016666665036
-0.0354472388888869
-0.03757546111111054
-0.03970368333333241
-0.04183190555555427
-0.04396012777777614
-0.046088349999998
-0.05087634999999935
-0.046088349999998
-0.02214634999999987
-0.02334334999999932
-0.024540349999998767
-0.025737349999999992
-0.02693434999999944
-0.031722849999999525
-0.03651134999999961
-0.03651184999999835
-0.032920474999997396
-0.02932909999999822
-0.025737724999999045
-0.022146349999998094
-0.017358349999998524
-0.01975234999999742
-0.022146349999998094
-0.02693484999999818
-0.03172334999999826
-0.05566534999999817
-0.050876849999998086
-0.046088349999998
-0.043694349999999105
-0.04130034999999843
-0.03491568333333106
-0.028531016666665465
-0.022146349999998094
-0.014963849999997336
