0.0009576800000000718
-0.0014365199999999412
-0.003830719999999843
-0.003830719999999843
-0.003830719999999843
0.0009576800000000718
-0.002234586666666538
-0.005426853333333259
-0.008619119999999869
-0.0014365199999999412
0.005746080000000098
-0.003830719999999843
-0.005746079999999876
-0.007661439999999908
-0.00957679999999983
-0.011492159999999862
-0.013407519999999895
0.0009576800000000718
-0.008619119999999869
-0.006823469999999832
-0.005027819999999905
-0.0032321699999999787
-0.0014365199999999412
-0.013407519999999895
-0.015801719999999908
-0.01819591999999992
-0.006224919999999967
0.005746080000000098
-0.003830719999999843
-0.013407519999999895
-0.022984319999999836
-0.015801719999999797
-0.008619119999999869
0.005746080000000209
0.020111280000000176
0.005746080000000209
-0.008619119999999869
0.0009576800000001828
0.010534480000000124
-0.013407519999999895
-0.01181138666666659
-0.010215253333333174
-0.008619119999999869
0.0009576800000000718
-0.0006384533333332332
-0.002234586666666538
-0.003830719999999843
-0.005426853333333259
-0.007022986666666564
-0.008619119999999869
0.0009576800000001828
0.010534480000000235
0.020111280000000176
0.00814028000000011
-0.003830719999999843
0.0009576800000000718
0.003351880000000085
0.005746080000000098
0.005746080000000098
0.005746080000000098
0.004548980000000147
0.003351880000000085
0.002154780000000134
0.0009576800000001828
-0.00023941999999976815
-0.0014365199999998302
-0.002633619999999892
-0.003830719999999843
-0.0014365199999998302
0.0009576800000001828
0.003351880000000085
0.005746080000000098
0.0009576800000001828
-0.003830719999999843
-0.003830719999999843
-0.003830719999999843
-0.003830719999999843
-0.003830719999999843
-0.01819591999999992
-0.008619119999999869
0.0009576800000000718
-0.0014365199999999412
-0.003830719999999843
0.0009576800000000718
0.0009576800000000718
0.0009576800000000718
0.0009576800000000718
0.0009576800000000718
0.00814028000000011
0.01532288000000015
0.01532288000000015
0.01532288000000015
0.003351880000000085
-0.008619119999999869
-0.007022986666666564
-0.005426853333333148
-0.003830719999999843
0.01532288000000015
0.010534480000000124
0.005746080000000098
0.005746080000000098
0.005746080000000098
0.003351880000000085
0.0009576800000000718
0.004548980000000036
0.00814028000000011
0.011731580000000186
0.01532288000000015
0.0009576800000000718
-0.003830719999999843
-0.008619119999999869
-0.003830719999999843
0.0009576800000000718
0.005746080000000098
0.005746080000000098
0.005746080000000098
-0.0014365199999999412
-0.008619119999999869
0.005746080000000098
0.005746080000000098
0.005746080000000098
0.0009576800000001828
-0.003830719999999843
-0.003830719999999843
0.003351880000000085
0.010534480000000124
-0.003830719999999843
-0.01819591999999992
-0.0150036533333332
-0.01181138666666659
-0.008619119999999869
0.0009576800000000718
-0.0014365199999999412
-0.003830719999999843
-0.003830719999999843
-0.003830719999999843
-0.003830719999999843
0.005746080000000209
0.01532288000000015
0.01532288000000015
-0.0014365199999999412
-0.01819591999999992
-0.013407519999999895
-0.008619119999999869
0.0009576800000001828
0.010534480000000124
0.004149946666666793
-0.002234586666666538
-0.008619119999999869
0.010534480000000124
0.005746080000000098
0.0009576800000000718
-0.005426853333333259
-0.01181138666666659
-0.01819591999999992
-0.013407519999999895
0.0009576800000000718
0.002154780000000134
0.003351880000000085
0.004548980000000036
0.005746080000000098
-0.003830719999999843
-0.003830719999999843
-0.003830719999999843
-0.003830719999999843
0.003351880000000085
0.010534480000000124
0.01532288000000015
0.0009576800000000718
0.004149946666666793
0.007342213333333403
0.010534480000000124
0.010534480000000124
0.010534480000000124
0.010534480000000124
0.010534480000000124
0.003351880000000085
-0.003830719999999843
0.0009576800000001828
0.005746080000000209
0.010534480000000124
0.01532288000000015
0.010534480000000124
0.005746080000000098
0.0009576800000000718
-0.008619119999999869
-0.003830719999999843
0.005746080000000098
0.012928680000000137
0.020111280000000176
0.01532288000000015
0.003351880000000085
-0.008619119999999869
-0.006224919999999856
-0.003830719999999843
-0.0014365199999999412
0.0009576800000000718
0.005746080000000098
0.0009576800000001828
-0.003830719999999843
-0.008619119999999869
-0.013407519999999895
-0.008619119999999869
-0.007022986666666564
-0.005426853333333148
-0.003830719999999843
-0.0014365199999999412
0.0009576800000000718
-0.003830719999999843
-0.008619119999999869
-0.005027819999999905
-0.0014365199999999412
0.002154780000000134
0.005746080000000098
0.003351880000000085
0.0009576800000000718
0.005746080000000098
-0.01819591999999992
-0.011013319999999882
-0.003830719999999843
-0.003830719999999843
-0.003830719999999843
-0.011013319999999882
-0.01819591999999992
-0.016599786666666616
-0.0150036533333332
-0.013407519999999895
0.005746080000000098
0.0036939085714287057
0.0016417371428572025
-0.0004104342857141896
-0.0024626057142855817
-0.004514777142856974
-0.006566948571428477
-0.008619119999999869
-0.003830719999999843
0.005746080000000209
0.0009576800000001828
-0.003830719999999843
0.0009576800000000718
-0.008619119999999869
-0.013407519999999895
-0.01819591999999992
-0.012210419999999944
-0.006224919999999967
-0.00023941999999987917
0.005746080000000098
-0.013407519999999895
0.0009576800000000718
-0.006224919999999967
-0.013407519999999895
-0.011013319999999882
-0.008619119999999869
-0.003830719999999843
0.0009576800000000718
0.005746080000000098
-0.032561179999999856
-0.015801749999999837
0.0009576800000000718
0.0015562300000000473
0.002154780000000134
0.0027533300000001093
0.003351880000000085
0.009337380000000062
0.01532288000000015
0.004149946666666793
-0.007022986666666564
-0.01819591999999992
-0.005426853333333259
0.007342213333333514
0.020111280000000176
-0.032561179999999856
0.02489968000000009
0.01532288000000015
0.005746080000000098
-0.003830719999999843
0.005746080000000209
0.01532288000000015
0.017717080000000163
0.020111280000000176
-0.003830719999999843
-0.027772719999999862
-0.015801719999999797
-0.003830719999999843
-0.022984319999999836
-0.006224919999999856
0.010534480000000124
-0.006224919999999856
-0.022984319999999836
-0.003830719999999843
0.01532288000000015
-0.0014365199999999412
-0.01819591999999992
-0.0014365199999999412
0.01532288000000015
0.010534480000000124
0.005746080000000098
0.0009576800000001828
-0.003830719999999843
0.002553813333333488
0.008938346666666819
0.01532288000000015
-0.022984319999999836
-0.003830719999999843
0.01532288000000015
-0.008619149999999909
-0.032561179999999856
-0.020111327999999817
-0.007661475999999889
0.00478837600000015
0.017238228000000078
0.029688080000000117
0.0009576800000000718
0.002553813333333377
0.004149946666666793
0.005746080000000098
0.010534480000000124
0.0009576800000001828
-0.008619119999999869
0.00814028000000011
0.02489968000000009
0.012928680000000137
0.0009576800000000718
-0.008619119999999869
-0.01819591999999992
-0.003830719999999843
0.010534480000000124
0.012928680000000137
0.01532288000000015
0.005746080000000209
-0.003830719999999843
-0.003830719999999843
-0.003830719999999843
0.020111300000000165
0.04405332000000017
-0.027772719999999862
-0.011013319999999882
0.005746080000000098
-0.003830719999999843
-0.013407519999999895
-0.003830719999999843
0.005746080000000098
0.01532288000000015
-0.01101334999999981
-0.03734957999999988
0.0009576700000001326
0.03926492000000015
0.0033518700000001456
-0.032561179999999856
-0.016599826666666484
-0.0006384733333332226
0.01532288000000015
-0.008619119999999869
-0.008619119999999869
-0.011492159999999862
-0.014365199999999856
-0.01723823999999985
-0.020111279999999843
-0.022984319999999836
-0.0014365299999998804
0.000957672000000076
0.0033518740000001435
0.0057460760000001
0.008140278000000167
0.010534480000000124
-0.013407519999999895
-0.022984319999999836
-0.003830719999999843
-0.003830719999999843
-0.003830719999999843
-0.013407519999999895
-0.022984319999999836
-0.013407519999999895
-0.003830719999999843
-0.003830719999999843
-0.003830719999999843
-0.007022986666666564
-0.010215253333333174
-0.013407519999999895
0.03447652000000012
0.012928700000000126
-0.008619119999999869
0.003351880000000085
0.01532288000000015
-0.0014365199999999412
-0.01819591999999992
-0.01181138666666659
-0.005426853333333259
0.0009576800000000718
-0.0014365199999999412
-0.003830719999999843
0.0009576800000000718
0.002553813333333377
0.004149946666666793
0.005746080000000098
-0.0014365199999999412
-0.008619119999999869
-0.003830719999999843
0.003351880000000085
0.010534480000000124
0.003351880000000085
-0.003830719999999843
-0.0014365199999999412
0.0009576800000000718
0.0009576800000000718
0.0009576800000000718
0.0009576800000000718
0.0009576800000000718
0.0009576800000000718
0.0009576800000000718
0.0009576800000000718
0.0009576800000000718
0.002553813333333488
0.02489968000000009
0.013726746666666734
0.002553813333333488
-0.008619119999999869
0.005746080000000098
0.005746080000000098
0.005746080000000098
0.0009576800000001828
-0.003830719999999843
0.0009576800000001828
0.005746080000000098
0.002553813333333488
-0.0006384533333332332
-0.003830719999999843
-0.0006384533333332332
0.002553813333333488
0.005746080000000098
0.01532288000000015
-0.013407519999999895
-0.006224919999999967
0.0009576800000000718
-0.0014365199999999412
-0.003830719999999843
0.005746080000000209
0.01532288000000015
0.005746080000000209
-0.003830719999999843
-0.008619119999999869
-0.013407519999999895
-0.007022986666666564
-0.0006384533333332332
0.005746080000000098
0.005746080000000098
0.005746080000000098
0.005746080000000098
0.005746080000000098
0.005746080000000098
-0.0006384533333332332
-0.007022986666666564
-0.013407519999999895
-0.003830719999999843
-0.003830719999999843
-0.003830719999999843
-0.003830719999999843
-0.003830719999999843
-0.003830719999999843
0.0009576800000000718
-0.0014365199999999412
-0.003830719999999843
-0.006224919999999856
-0.008619119999999869
-0.006224919999999856
-0.003830719999999843
0.0009576800000001828
0.005746080000000098
-0.0014365199999999412
-0.008619119999999869
-0.003830719999999843
0.0009576800000000718
-0.0014365199999999412
-0.003830719999999843
-0.013407519999999895
-0.008619119999999869
-0.0014365199999999412
0.005746080000000098
0.0009576800000001828
-0.003830719999999843
-0.008619119999999869
-0.013407519999999895
-0.008619119999999869
-0.003830719999999843
-0.0014365199999999412
0.0009576800000000718
-0.003830719999999843
-0.008619119999999869
-0.006224919999999856
-0.003830719999999843
-0.0014365199999999412
0.0009576800000000718
-0.003830719999999843
-0.003830719999999843
-0.003830719999999843
-0.0014365199999999412
0.0009576800000000718
0.003351880000000085
0.005746080000000098
0.0009576800000001828
-0.003830719999999843
0.0009576800000000718
0.005746080000000098
0.010534480000000124
-0.013407519999999895
-0.008619119999999869
-0.003830719999999843
-0.008619119999999869
-0.013407519999999895
-0.01819591999999992
0.0009576800000000718
0.0009576800000000718
