-0.013886100000000567
-0.037828100000000475
-0.023463100000000736
-0.00431009999999965
-0.011492599999998632
-0.01867509999999939
-0.028252099999999558
-0.03463643333333266
-0.04102076666666754
-0.047405100000000644
-0.04141960000000111
-0.03543410000000158
-0.02944860000000027
-0.023463100000000736
-0.028252099999999558
-0.026655766666666025
-0.02505943333333427
-0.023463100000000736
-0.011492099999999894
-0.012689100000001119
-0.013886100000000567
-0.02346309999999896
-0.03304009999999913
-0.02346309999999896
-0.013886100000000567
-0.018674600000000652
-0.023463100000000736
-0.023463100000000736
-0.023463100000000736
-0.023463100000000736
-0.023463100000000736
-0.021867099999999695
-0.02027110000000043
-0.01867509999999939
-0.013886100000000567
-0.016281099999998716
-0.020271433333332922
-0.024261766666665352
-0.028252099999999558
-0.023463100000000736
-0.021069100000000063
-0.01867509999999939
-0.018076474999999093
-0.017477850000000572
-0.016879225000000275
-0.01628059999999998
-0.01568197499999968
-0.015083349999999385
-0.014484725000000864
-0.013886100000000567
-0.01867509999999939
-0.025059433333332493
-0.02293132222222205
-0.02080321111110983
-0.01867509999999939
-0.013886599999999305
-0.00909809999999922
-0.013886599999999305
-0.01867509999999939
-0.023463599999999474
-0.028252099999999558
-0.02414767142857066
-0.02004324285714354
-0.015938814285714642
-0.011834385714285744
-0.007729957142856847
-0.003625528571429726
0.00047889999999917165
-0.001117266666666339
-0.002713433333333626
-0.004309600000000913
-0.005905766666666423
-0.007501933333331934
-0.00909809999999922
-0.037828100000000475
-0.030645600000001494
-0.0426170999999993
-0.03064610000000023
-0.00909809999999922
-0.011492349999999263
-0.013886599999999305
-0.016280849999999347
-0.01867509999999939
-0.01867509999999939
-0.02027110000000043
-0.021867099999999695
-0.023463100000000736
-0.013886100000000567
-0.013202100000000883
-0.012518099999999421
-0.011834099999999736
-0.011150100000000052
-0.010466100000000367
-0.009782099999998906
-0.00909809999999922
-0.00909809999999922
-0.03304009999999913
-0.01867509999999939
-0.025857600000000147
-0.03304009999999913
-0.037828100000000475
-0.013886100000000567
-0.012290099999999526
-0.010694100000000262
-0.00909809999999922
-0.00909809999999922
-0.00909809999999922
-0.00909809999999922
-0.01867509999999939
-0.020590499999999068
-0.022505899999998746
-0.0244213000000002
-0.02633669999999988
-0.028252099999999558
-0.021069100000000063
-0.00909809999999922
-0.012290433333332018
-0.015482766666666592
-0.01867509999999939
-0.023463100000000736
-0.023463100000000736
-0.023463100000000736
-0.023463100000000736
-0.013886100000000567
-0.013886100000000567
-0.013886100000000567
-0.009098100000000997
-0.00431009999999965
-0.00431009999999965
-0.00431009999999965
-0.00431009999999965
-0.009098433333333489
-0.013886766666665551
-0.01867509999999939
-0.03304009999999913
-0.021069100000000063
-0.00909809999999922
-0.023463100000000736
-0.028251433333334575
-0.03303976666666664
-0.037828100000000475
-0.023463100000000736
-0.022505500000001177
-0.021547899999999842
-0.020590300000000283
-0.019632699999998948
-0.01867509999999939
-0.019872224999998522
-0.02106934999999943
-0.02226647500000034
-0.023463599999999474
-0.024660724999998607
-0.025857849999999516
-0.027054975000000425
-0.028252099999999558
-0.02585710000000141
-0.03782859999999921
-0.01867509999999939
-0.01867509999999939
-0.01867509999999939
-0.01867509999999939
-0.019473183333332145
-0.020271266666666676
-0.02106934999999943
-0.021867433333332187
-0.02266551666666672
-0.023463599999999474
-0.040222599999999886
-0.03902535000000107
-0.037828100000000475
-0.030645600000001494
-0.023463100000000736
-0.028251599999999044
-0.03304009999999913
-0.03064610000000023
-0.028252099999999558
-0.03064610000000023
-0.03304009999999913
-0.02825176666666529
-0.023463433333333228
-0.01867509999999939
-0.028252099999999558
-0.02645635000000013
-0.024660599999998922
-0.022864849999999493
-0.021069100000000063
-0.03304009999999913
-0.031444099999999864
-0.029848099999998823
-0.028252099999999558
-0.01867509999999939
-0.019951966666665655
-0.021228833333333696
-0.022505699999999962
-0.023782566666666227
-0.025059433333332493
-0.026336300000000534
-0.0276131666666668
-0.028890033333333065
-0.03016689999999933
-0.03144376666666737
-0.03272063333333364
-0.0339974999999999
-0.03527436666666617
-0.03655123333333421
-0.037828100000000475
-0.023463100000000736
-0.00431009999999965
-0.013886100000000567
-0.021069100000000063
-0.02984776666666633
-0.013886100000000567
-0.015254242857142941
-0.01662238571428709
-0.017990528571429465
-0.01935867142857184
-0.020726814285714212
-0.022094957142858362
-0.023463100000000736
-0.025857600000000147
-0.023463100000000736
-0.022266100000001288
-0.021069100000000063
-0.016759500000000926
-0.012449900000000014
-0.008140300000000877
-0.0038306999999999647
0.00047889999999917165
-0.009098100000000997
-0.01867509999999939
-0.028252099999999558
-0.028252099999999558
-0.023463599999999474
-0.01867509999999939
-0.025857600000000147
-0.03304009999999913
-0.047405100000000644
-0.04900143333333418
-0.05059776666666593
-0.052194099999999466
-0.08092409999999894
-0.1096541000000002
-0.06975076666666702
-0.02984743333333384
0.01005589999999934
-0.07613609999999937
-0.05937659999999845
-0.0426170999999993
-0.040222599999999886
-0.037828100000000475
-0.05059743333333344
-0.06336676666666641
-0.07613609999999937
-0.1958461000000007
-0.10007809999999928
-0.00431009999999965
-0.03304009999999913
-0.06177010000000038
-0.037828100000000475
-0.05339060000000018
-0.06895309999999988
-0.08451559999999958
-0.10007809999999928
-0.07493893333333368
-0.0497997666666663
-0.024660599999998922
0.0004785666666666799
0.025617733333332282
0.05075689999999966
-0.006704099999998547
0.01843490000000081
0.043573900000000165
0.08507356666666688
0.1265732333333336
0.1680729000000003
-0.1335961000000001
-0.1383846000000002
-0.14317310000000028
-0.14796160000000036
-0.15275010000000044
-0.10486610000000063
-0.056982099999999036
-0.00909809999999922
-0.0641645999999998
-0.009896099999998853
0.04437240000000031
0.09864090000000125
-0.027054599999999596
-0.15275010000000044
-0.12242343333333316
-0.09209676666666766
-0.06177010000000038
-0.018674599999998875
0.024420900000000856
0.04197823333333339
0.059535566666667705
0.07709290000000024
-0.06655910000000098
-0.21021110000000043
-0.1359906000000013
-0.06177010000000038
0.11539989999999989
-0.1144431000000008
-0.10247209999999995
-0.09050109999999911
-0.11204859999999961
-0.1335961000000001
-0.0673566000000001
-0.001117100000000093
0.06512239999999991
0.13136189999999992
0.19760139999999993
0.26384089999999993
-0.13120259999999995
-0.09568851666666589
-0.06017443333333361
-0.024660349999999553
0.010853733333334503
0.046367816666666783
0.08188190000000084
0.024420900000000856
-0.054587599999999625
0.057939899999999156
-0.013886100000000567
-0.08571210000000029
-0.15753810000000001
-0.10247159999999944
-0.047405100000000644
0.007661399999999929
0.0627279000000005
0.04836264999999962
0.03399740000000051
0.019632150000001403
0.005266900000000518
-0.047405100000000644
-0.00431009999999965
-0.06177010000000038
-0.05766581428571449
-0.053561528571428596
-0.0494572428571427
-0.04535295714285681
-0.041248671428570916
-0.03714438571428502
-0.03304009999999913
-0.02893581428571501
-0.024831528571429118
-0.020727242857143224
-0.01662295714285733
-0.012518671428571437
-0.008414385714285544
-0.00431009999999965
-0.047405100000000644
-0.03304009999999913
-0.011492599999998632
-0.03782843333333297
-0.023463100000000736
-0.02984776666666633
-0.0362324333333337
-0.0426170999999993
-0.036631599999999764
-0.03064610000000023
-0.024660599999998922
-0.01867509999999939
-0.028252099999999558
-0.00909809999999922
-0.015322999999998643
-0.021547899999999842
-0.027772799999999265
-0.033997700000000464
-0.040222599999999886
-0.028252099999999558
-0.013886100000000567
-0.021069100000000063
-0.028252099999999558
-0.025515814285713034
-0.022779528571428287
-0.020043242857141763
-0.017306957142857016
-0.014570671428570492
-0.011834385714285744
-0.00909809999999922
-0.03304009999999913
-0.052194099999999466
-0.028251599999999044
-0.018674849999998244
-0.00909809999999922
-0.018674766666666898
-0.0282514333333328
-0.037828100000000475
-0.02585710000000141
-0.013886100000000567
-0.021866766666667203
-0.02984743333333384
-0.037828100000000475
-0.01867509999999939
-0.025857600000000147
-0.03304009999999913
-0.03208249999999957
-0.03112490000000001
-0.030167299999998676
-0.029209699999999117
-0.028252099999999558
-0.028252099999999558
-0.0426170999999993
-0.023463100000000736
-0.025378500000000415
-0.027293900000000093
-0.02920929999999977
-0.03112469999999945
-0.03304009999999913
-0.00909809999999922
-0.01388643333333306
-0.018674766666666898
-0.023463100000000736
-0.047405100000000644
-0.011492099999999894
-0.017078766666665857
-0.022665433333333596
-0.028252099999999558
-0.03064610000000023
-0.03304009999999913
-0.0354340999999998
-0.037828100000000475
-0.037828100000000475
-0.04022235000000052
-0.04261660000000056
-0.0450108500000006
-0.047405100000000644
-0.013886100000000567
-0.00909809999999922
-0.02346309999999896
-0.037828100000000475
-0.0330398142857149
-0.02825152857142932
-0.02346324285714374
-0.018674957142856385
-0.013886671428570807
-0.009098385714285229
-0.00431009999999965
-0.016281099999998716
-0.028252099999999558
-0.03064610000000023
-0.03304009999999913
-0.028251599999999044
-0.02346309999999896
-0.018674600000000652
-0.013886100000000567
-0.00909809999999922
-0.023463100000000736
-0.021069100000000063
-0.01867509999999939
-0.021867433333332187
-0.02505976666666676
-0.028252099999999558
-0.028252099999999558
-0.037828100000000475
-0.0282514333333328
-0.018674766666666898
-0.00909809999999922
-0.01867509999999939
-0.021867433333332187
-0.02505976666666676
-0.028252099999999558
-0.03064610000000023
-0.03304009999999913
-0.037828100000000475
-0.0354340999999998
-0.03304009999999913
-0.0320823999999984
-0.03112469999999945
-0.0301670000000005
-0.02920929999999977
-0.028251599999999044
-0.027293900000000093
-0.026336200000001142
-0.025378500000000415
-0.024420799999999687
-0.023463100000000736
-0.018674766666666898
-0.023463433333333228
-0.028252099999999558
-0.013886100000000567
-0.011492099999999894
-0.00909809999999922
-0.02346309999999896
-0.037828100000000475
-0.0282514333333328
-0.018674766666666898
-0.00909809999999922
-0.012090849999999875
-0.015083599999998754
-0.018076349999999408
-0.021069100000000063
-0.02406184999999894
-0.027054599999999596
-0.030047349999998474
-0.03304009999999913
-0.035434600000000316
-0.013886100000000567
-0.011492099999999894
-0.012689100000001119
