-0.01711857499999958
-0.01711857499999958
-0.01711857499999958
-0.01711857499999958
-0.01711857499999958
-0.01711857499999958
-0.01711857499999958
-0.014724324999999538
-0.012330074999999496
-0.01233057500000001
-0.0099360750000006
-0.007541575000001188
-0.01233057500000001
0.0020354249999989804
0.004429424999999654
0.006823425000000327
0.008419424999999592
0.010015425000000633
0.011611424999999898
0.009559282142857839
0.007507139285714004
0.0054549964285719454
0.0034028535714281105
0.001350710714286052
-0.000701432142857783
-0.0027535749999998416
-0.0027535749999998416
-0.021906575000000927
-0.020310574999999886
-0.01871457500000062
-0.01711857499999958
-0.0027535749999998416
-0.005147575000000515
-0.007541575000001188
-0.004668575000000175
-0.0017955750000009374
0.0010774250000000762
0.0039504249999993135
0.006823425000000327
-0.007541575000001188
-0.007541575000001188
-0.007541575000001188
-0.00634457500000174
-0.005147575000000515
-0.00395057499999929
-0.0027535749999998416
0.0020354249999989804
0.002034925000000243
0.0020350916666664887
0.0020352583333327345
0.0020354249999989804
-0.007541574999999412
-0.01711857499999958
-0.013926241666666783
-0.010733908333333986
-0.007541575000001188
-0.007541575000001188
-0.007541575000001188
-0.007541575000001188
-0.0027535749999998416
-0.00466897499999952
-0.0065843749999991985
-0.008499775000000653
-0.010415175000000332
-0.01233057500000001
-0.01711857499999958
-0.007541575000001188
0.0020354249999989804
0.0036314250000000214
0.005227424999999286
0.006823425000000327
-0.012330074999999496
-0.031483575000001096
-0.03866607500000008
-0.045848575000000835
-0.01711857499999958
-0.0003590750000004306
0.01640042499999872
0.015602258333332841
0.014804091666665187
0.014005924999999309
0.01320775833333343
0.012409591666665776
0.011611424999999898
-0.007541575000001188
-0.012330074999999496
-0.010733908333333986
-0.009137741666666699
-0.007541575000001188
-0.007541575000001188
-0.002753075000001104
0.0020354249999989804
-0.007541574999999412
-0.01711857499999958
-0.021907074999999665
-0.02669557499999975
-0.02430107500000034
-0.021906575000000927
-0.009935575000001862
0.0020354249999989804
0.004429424999999654
0.006823425000000327
-0.0003590750000004306
-0.007541575000001188
-0.010733908333333986
-0.013926241666666783
-0.01711857499999958
-0.01711857499999958
-0.01711857499999958
-0.01711857499999958
-0.01711857499999958
-0.01711857499999958
-0.01711857499999958
-0.01711857499999958
-0.01711857499999958
-0.01711857499999958
-0.01711857499999958
0.011611424999999898
-0.007541575000001188
-0.02669557499999975
-0.01233057500000001
-0.009138241666667213
-0.005945908333332639
-0.0027535749999998416
-0.0027535749999998416
-0.0027535749999998416
-0.0027535749999998416
-0.01233057500000001
-0.013014574999999695
-0.01369857499999938
-0.014382574999999065
-0.015066575000000526
-0.01575057500000021
-0.016434574999999896
-0.01711857499999958
-0.01711857499999958
-0.01711857499999958
-0.01711857499999958
-0.0027535749999998416
-0.012330074999999496
-0.021906575000000927
-0.01711824166666709
-0.012329908333335027
-0.007541575000001188
-0.0099360750000006
-0.01233057500000001
-0.01233057500000001
-0.005147575000000515
0.0020354249999989804
0.0020354249999989804
0.0020354249999989804
0.011611424999999898
0.009217425000001
0.006823425000000327
-0.007541575000001188
-0.002753075000001104
0.0020354249999989804
-0.014724075000001946
0.0020354249999989804
0.00043909166666544763
-0.0011572416666663088
-0.0027535749999998416
-0.007541575000001188
-0.0027535749999998416
0.009217425000001
0.021188425000000066
0.01640042499999872
0.008419758333332084
0.00043909166666544763
-0.007541575000001188
-0.02669557499999975
-0.029089575000000423
-0.031483575000001096
-0.02430107500000034
-0.01711857499999958
-0.014506756818182254
-0.01189493863636315
-0.009283120454545823
-0.00667130227272672
-0.004059484090909393
-0.00144766590909029
0.001164152272727037
0.0037759704545461403
0.006387788636363467
0.00899960681818257
0.011611424999999898
0.0020354249999989804
-0.0003590750000004306
-0.01711857499999958
-0.0003590750000004306
0.006823425000000327
0.004981732692307617
0.003140040384614906
0.001298348076923972
-0.0005433442307687386
-0.002385036538461449
-0.00422672884615416
-0.006068421153845094
-0.007910113461537804
-0.009751805769230515
-0.011593498076923225
-0.01343519038461416
-0.01527688269230687
-0.01711857499999958
-0.012330241666665742
-0.00754190833333368
-0.0027535749999998416
0.002034925000000243
0.006823425000000327
0.004429424999999654
0.0020354249999989804
-0.007541574999999412
-0.01711857499999958
-0.014724575000000684
-0.01233057500000001
-0.02669557499999975
-0.041060575000001265
-0.021906575000000927
-0.019512575000000254
-0.01711857499999958
-0.008738825000000006
-0.0003590750000004306
-0.005147575000000515
0.006823425000000327
-0.019513075000000768
-0.018715019444444536
-0.01791696388889008
-0.01711890833333385
-0.016320852777777617
-0.015522797222223161
-0.01472474166666693
-0.013926686111110698
-0.013128630555556242
-0.01233057500000001
0.0020349249999984664
-0.02669557499999975
0.01640042499999872
-0.0027535749999998416
-0.06500257500000117
-0.05183457500000088
-0.03866657500000059
-0.0254985750000003
-0.01233057500000001
-0.007541575000001188
-0.018315575000000806
-0.029089575000000423
-0.03986357500000004
-0.05063757499999966
-0.0099360750000006
0.0020354249999989804
-0.02669557499999975
-0.007541825000000557
0.011611924999998635
0.030765674999999604
0.049919424999998796
0.10737942499999953
0.061091758333333246
0.014804091666665187
-0.031483575000001096
0.01640042499999872
0.08822642500000022
0.05231342499999947
0.01640042499999872
-0.03866607500000008
-0.09373257500000065
-0.045848575000000835
0.0020354249999989804
-0.005413241666667901
-0.012861908333334782
-0.020310575000001663
-0.027759241666668544
-0.03520790833333365
-0.04265657500000053
-0.05010524166666741
-0.05755390833333429
-0.06500257500000117
-0.0490412416666679
-0.08415657499999973
-0.06500290833333366
-0.04584924166666582
-0.02669557499999975
-0.023503241666666952
-0.020310908333332378
-0.01711857499999958
-0.009457174999999651
-0.001795774999999722
0.0058656250000002075
0.013527025000000137
0.021188425000000066
0.13132142499999944
0.1408984249999996
0.15047542499999977
0.16005242499999994
-0.04425290833333406
-0.1384247416666664
-0.23259657500000053
-0.16555890833333464
-0.09852124166666698
-0.031483575000001096
0.006823424999998551
0.045130424999999974
-0.012330074999999496
-0.06979057500000074
-0.031483575000001096
0.006823425000000327
0.045130424999999974
0.2941274249999992
0.0427364249999993
-0.20865457500000062
0.011611424999999898
0.024380758333332864
0.03715009166666583
0.049919424999998796
-0.07457907500000083
-0.19907757500000045
-0.14480924166666753
-0.09054090833333284
-0.03627257499999992
-0.0037113749999999612
0.028849824999999996
0.06141102499999995
0.09397222499999991
0.12653342499999987
-0.11288657500000099
0.14808117499999973
-0.04704620000000048
-0.2421735750000007
0.011611424999999898
0.037947924999999216
0.06428442500000031
0.005626425000000879
-0.05303157500000033
-0.11168957500000154
-0.17034757500000097
-0.13204032500000018
-0.09373307500000116
-0.05542582500000037
-0.01711857499999958
0.011611924999998635
0.045130424999999974
0.12653342499999987
0.20793642499999976
-0.03387807500000051
-0.2756925750000008
-0.08655057500000041
0.10259142499999996
0.057101425000000816
0.011611424999999898
-0.0761759083333331
-0.16396324166666787
-0.25175057500000086
-0.024301575000000852
0.20314742499999916
-0.06500257500000117
-0.07457924166666707
-0.08415590833333475
-0.09373257500000065
0.03794842499999973
0.1696294250000001
-0.07936757500000091
-0.0865500749999999
-0.09373257500000065
0.05231342499999947
0.1983594249999996
0.004429424999999654
-0.18950057500000028
-0.13682817499999977
-0.08415577500000104
-0.031483375000000535
0.021189024999998196
0.0738614249999987
0.1696294250000001
-0.2948455750000001
0.19357142500000002
0.06667842500000098
-0.060214574999999826
-0.12725207499999946
-0.19428957500000088
0.047524675000000016
0.28933892499999914
0.037948174999998585
-0.2134425750000002
-0.15837607499999962
-0.10330957499999904
-0.048243075000000246
0.006823425000000327
0.1408984249999996
-0.25653857500000044
-0.03387807500000051
0.18878242499999942
0.0642839249999998
-0.060214574999999826
-0.08575257500000077
-0.11129057499999995
-0.1368285750000009
0.01640042499999872
0.1696294250000001
-0.11767457500000056
-0.05303157500000033
0.011611424999999898
0.054707091666665875
0.09780275833333363
0.1408984249999996
-0.18950057500000028
-0.06260807499999999
0.06428442500000031
0.08942342499999967
0.1145624250000008
0.13970142500000016
0.1648404249999995
-0.28048057500000034
0.19357142500000002
0.10737992500000004
0.021188425000000066
-0.04265690833333302
-0.10650224166666789
-0.17034757500000097
0.09780342500000039
0.06268842499999927
0.02757342499999993
-0.007541575000001188
-0.024779775000000726
-0.04201797500000026
-0.059256175000001576
-0.07649437500000111
-0.09373257500000065
-0.02350290833333446
0.04672675833333351
0.1169564249999997
-0.01711857499999958
0.028370924999999048
-0.06979057500000074
-0.061011908333334475
-0.05223324166666643
-0.04345457500000016
-0.034675908333333894
-0.02589724166666585
-0.01711857499999958
-0.005147575000000515
0.006823425000000327
0.01879442500000117
0.030765425000000235
0.03555392500000032
0.040342425000000404
-0.11288657500000099
0.03555392500000032
0.014005925000001085
0.00562617500000151
-0.0027535749999998416
-0.018714908333333113
-0.034676241666666385
-0.05063757499999966
-0.03387807499999873
-0.01711857499999958
-0.009337450000000302
-0.001556324999999248
0.00622480000000003
0.014005925000001085
0.021787050000000363
0.02956817499999964
0.037349300000000696
0.045130424999999974
-0.02669524166666548
-0.0027535749999998416
0.0020354249999989804
0.006823674999999696
0.011611924999998635
0.01640017499999935
0.021188425000000066
0.021188425000000066
0.02238567500000066
0.023582924999999477
0.024780174999998295
0.025977424999998888
-0.019512575000000254
-0.008738575000000637
0.0020354249999989804
-0.009137575000000453
-0.020310575000001663
-0.031483575000001096
-0.0099360750000006
0.011611424999999898
-0.0003595749999991682
-0.01233057500000001
-0.007542074999999926
-0.0027535749999998416
-0.0027535749999998416
-0.0027535749999998416
-0.00395057499999929
-0.005147575000000515
-0.00634457500000174
-0.007541575000001188
-0.01711857499999958
0.006823425000000327
0.006823425000000327
0.006823425000000327
0.006823425000000327
0.0020354249999989804
0.0020354249999989804
0.0020354249999989804
0.0007584916666658614
-0.0005184416666672576
-0.0017953750000003765
-0.0030723083333334955
-0.0043492416666666145
-0.0056261749999997335
-0.0069031083333328525
-0.008180041666667748
-0.009456975000000867
-0.010733908333333986
-0.012010841666667105
-0.013287775000000224
-0.014564708333333343
-0.01584164166666646
-0.01711857499999958
-0.021906575000000927
-0.017916408333334743
-0.013926241666666783
-0.0099360750000006
0.0020354249999989804
-0.0099360750000006
-0.01711857499999958
0.011611424999999898
0.002832924999999875
-0.005945575000001924
-0.014724075000001946
-0.007541575000001188
-0.012330074999999496
-0.01711857499999958
-0.007541574999999412
0.0020354249999989804
0.003232424999998429
0.004429424999999654
0.005626424999999102
0.006823424999998551
0.008020424999999776
0.009217424999999224
0.010414425000000449
0.011611424999999898
0.0032319249999996913
-0.005147575000000515
-0.013527075000000721
-0.021906575000000927
-0.0027535749999998416
-0.007541575000001188
-0.021906575000000927
-0.01711857499999958
-0.007541575000001188
-0.007541574999999412
-0.008646575000000212
-0.009751574999999235
-0.010856575000000035
-0.011961574999999058
-0.013066574999999858
-0.014171575000000658
-0.015276574999999681
-0.01638157500000048
-0.01748657500000128
-0.018591575000000304
-0.019696575000001104
-0.020801575000000128
-0.021906575000000927
0.004429175000000285
0.00299262500000097
0.001556074999999879
0.00011952500000056432
-0.0013170250000005268
-0.0027535749999998416
-0.010733908333333986
0.011611424999999898
0.006823174999999182
0.0020349249999984664
-0.0027533250000004728
-0.007541575000001188
-0.0003590750000004306
-0.003950324999999921
-0.007541575000001188
0.0020349249999984664
0.011611424999999898
0.004428925000000916
-0.0027535749999998416
-0.007542074999999926
-0.01233057500000001
-0.01711857499999958
-0.021906575000000927
-0.020111075000000866
-0.018315575000000806
-0.016520075000000745
-0.014724575000000684
-0.01233057500000001
-0.0099360750000006
-0.007541575000001188
-0.007541575000001188
-0.007541575000001188
-0.007541575000001188
