-0.008739000000000274
-0.00913800000000009
-0.009536999999999907
-0.0099360000000015
-0.010335000000001315
-0.010734000000001132
-0.011133000000000948
-0.03028699999999951
-0.03746899999999975
-0.03268100000000018
-0.033478999999999814
-0.03427700000000122
-0.035075000000000855
-0.006344999999999601
-0.0075419999999990495
-0.008739000000000274
-0.0099360000000015
-0.011133000000000948
-0.01592199999999977
-0.009936500000000237
-0.003950999999998928
-0.009936500000000237
-0.01592199999999977
-0.016792545454546115
-0.017663090909090684
-0.01853363636363703
-0.0194041818181816
-0.020274727272727944
-0.021145272727272513
-0.022015818181818858
-0.022886363636363427
-0.023756909090909772
-0.02462745454545434
-0.025498000000000687
-0.025498000000000687
-0.02709466666666671
-0.02070999999999934
-0.001556000000000779
-0.002240142857143468
-0.0029242857142861567
-0.0036084285714288455
-0.004292571428571534
-0.004976714285714223
-0.005660857142856912
-0.006344999999999601
-0.001556000000000779
-0.013527500000000359
-0.01592199999999977
-0.03028699999999951
-0.044652000000001024
-0.05901700000000076
-0.05231320000000039
-0.04560940000000002
-0.03890560000000143
-0.03220180000000106
-0.025498000000000687
-0.018316000000000443
-0.006344999999999601
-0.02070999999999934
-0.011132999999999171
-0.001556000000000779
-0.006344666666667109
-0.01113333333333344
-0.01592199999999977
-0.014724750000000952
-0.013527500000000359
-0.012330249999999765
-0.011133000000000948
-0.03028699999999951
-0.03028699999999951
-0.033878249999999
-0.037469500000000266
-0.041060750000001534
-0.044652000000001024
-0.035075250000000224
-0.025498499999999424
-0.02071024999999871
-0.01592199999999977
-0.01113333333333344
-0.006344666666667109
-0.001556000000000779
-0.0010773000000003918
-0.0005986000000000047
-0.00011989999999961753
0.0003588000000007696
0.0008375000000011568
-0.01592199999999977
-0.017118999999999218
-0.018316000000000443
-0.01951299999999989
-0.02070999999999934
-0.03028650000000077
-0.025498250000000056
-0.02070999999999934
-0.017517666666666543
-0.014325333333333745
-0.011133000000000948
-0.011133000000000948
-0.011133000000000948
-0.011133000000000948
-0.01044892857142976
-0.009764857142858574
-0.009080785714287387
-0.008396714285714424
-0.007712642857143237
-0.00702857142857205
-0.006344500000000863
-0.011133000000000948
-0.02070999999999934
-0.02070999999999934
-0.02070999999999934
-0.02070999999999934
-0.02262539999999902
-0.024540799999998697
-0.026456200000000152
-0.02837159999999983
-0.03028699999999951
-0.03220239999999919
-0.034117799999998866
-0.03603320000000032
-0.0379486
-0.03986399999999968
-0.035075000000000855
-0.015921666666667278
-0.0015564999999995166
-0.011133000000000948
-0.015921333333334786
-0.02070966666666685
-0.025498000000000687
-0.025498000000000687
-0.025498000000000687
-0.025498000000000687
-0.025498000000000687
-0.02070966666666685
-0.01592133333333301
-0.011133000000000948
-0.006344666666667109
-0.0015563333333332707
-0.011133000000000948
-0.011133000000000948
-0.011133000000000948
0.0032320000000005678
-0.018316000000000443
-0.03986399999999968
-0.044652000000001024
-0.049440000000000595
-0.04656700000000136
-0.043694000000000344
-0.040821000000001106
-0.03794800000000009
-0.035075000000000855
-0.03028650000000077
-0.025498000000000687
-0.011132999999999171
0.0032320000000005678
3.96666666677703e-05
-0.0031526666666668035
-0.006344999999999601
-0.025498000000000687
-0.023901999999999646
-0.02230600000000038
-0.02070999999999934
-0.03028699999999951
-0.031484000000000734
-0.03268100000000018
-0.03387799999999963
-0.035075000000000855
-0.025498000000000687
-0.025498000000000687
-0.023104000000000013
-0.02070999999999934
-0.018316000000000443
-0.01592199999999977
-0.011133000000000948
-0.01592199999999977
-0.01592199999999977
-0.01592199999999977
-0.01592199999999977
-0.011133499999999685
-0.006344999999999601
-0.01592199999999977
-0.01496419999999965
-0.01400639999999953
-0.013048600000001187
-0.012090800000001067
-0.011133000000000948
-0.014724500000001584
-0.018316000000000443
-0.03986399999999968
-0.025498000000000687
-0.02230600000000038
-0.019114000000000075
-0.01592199999999977
-0.02070999999999934
-0.025498000000000687
-0.015921499999999256
-0.006344999999999601
-0.007302700000000328
-0.00826039999999928
-0.009218100000000007
-0.010175799999998958
-0.011133499999999685
-0.012091200000000413
-0.013048899999999364
-0.014006600000000091
-0.014964299999999042
-0.01592199999999977
-0.001556000000000779
-0.01113333333333344
-0.035075000000000855
-0.03028699999999951
-0.025498499999999424
-0.02070999999999934
-0.023902333333332137
-0.02709466666666671
-0.03028699999999951
-0.03028699999999951
-0.017517999999999034
-0.004749000000000336
0.008020000000000138
-0.025498000000000687
-0.03028699999999951
-0.012729333333332704
0.004828333333332324
0.02238599999999913
0.006424666666665857
-0.009536666666667415
-0.025498000000000687
-0.01592199999999977
-0.014325666666666237
-0.01272933333333448
-0.011133000000000948
-0.01592140000000164
-0.020709800000000556
-0.025498200000001248
-0.030286600000000163
-0.035075000000000855
-0.03028699999999951
-0.006344500000000863
-0.001556000000000779
0.027174000000000476
0.055903999999999954
0.04427514285714196
0.03264628571428574
0.021017428571427743
0.009388571428571524
-0.002240285714286472
-0.013869142857142691
-0.025498000000000687
-0.023104000000000013
-0.02070999999999934
0.017597000000000307
0.02238550000000039
-0.03746924999999912
-0.09732400000000041
-0.08774733333333451
-0.07817066666666683
-0.06859400000000093
-0.06859400000000093
-0.06859400000000093
-0.06859400000000093
-0.06859400000000093
0.07984599999999986
-0.08295900000000067
-0.0791284000000001
-0.07529779999999953
-0.07146720000000073
-0.06763660000000016
-0.06380599999999959
-0.16436200000000056
-0.07497866666666653
0.014404666666665733
0.10378799999999977
0.017597000000000307
-0.06859400000000093
0.04632799999999904
-0.1787270000000003
0.027174000000000476
0.031962000000000046
0.04769542857142817
0.06342885714285806
0.07916228571428618
0.0948957142857143
0.11062914285714243
0.12636257142857232
0.14209600000000044
-0.006344999999999601
-0.03028699999999951
-0.05422899999999942
0.041539000000000215
0.11575950000000113
-0.14042000000000066
-0.06859400000000093
-0.08104380000000155
-0.0934936000000004
-0.10594340000000102
-0.11839319999999987
-0.1308430000000005
0.204345
0.08782733333333326
-0.028690333333333484
-0.14520800000000023
-0.01592199999999977
-0.23140000000000072
-0.20301157142857207
-0.17462314285714342
-0.14623471428571477
-0.11784628571428613
-0.08945785714285748
-0.06106942857142883
-0.03268100000000018
-0.004292571428571534
0.024095857142857113
0.05248428571428576
0.08087271428571441
0.10926114285714306
0.1376495714285717
0.16603800000000035
0.09900033333333269
0.031962666666666806
-0.035075000000000855
-0.0031523333333343118
0.02877033333333401
0.06069300000000055
-0.08535350000000008
-0.23140000000000072
-0.17034775000000124
-0.10929549999999999
-0.048243250000000515
0.01280899999999896
0.03196250000000056
0.05111600000000038
-0.012330499999999134
-0.005147750000000784
-0.035075000000000855
-0.006344600000000256
0.022385800000000344
0.05111619999999917
0.07984659999999977
0.10857700000000037
-0.080565
-0.10211300000000101
0.024779499999999288
0.15167199999999958
0.10139383333333285
0.051115666666666115
0.0008374999999993804
-0.049440666666667354
-0.09971883333333409
-0.14999700000000082
-0.027892500000000098
0.0990000000000002
0.008020499999998876
-0.08295900000000067
-0.06619966666666777
-0.049440333333333086
-0.03268100000000018
-0.015921666666667278
0.0008376666666674026
0.017597000000000307
-0.07817099999999932
0.017597000000000307
0.008020249999999507
-0.0015564999999995166
-0.01113324999999854
-0.02070999999999934
0.0008379999999998944
0.02238599999999913
-0.037469500000000266
-0.049440333333333086
-0.06141116666666768
-0.0733820000000005
-0.03028650000000077
0.01280899999999896
0.05590450000000047
0.0990000000000002
-0.12605500000000092
-0.11049266666666746
-0.094930333333334
-0.07936800000000055
-0.0638056666666671
-0.04824333333333364
-0.03268100000000018
0.07026999999999894
-0.037469500000000266
-0.03723004999999979
-0.036990600000001095
-0.03675115000000062
-0.03651170000000015
-0.03627225000000145
-0.036032800000000975
-0.0357933500000005
-0.03555390000000003
-0.03531445000000133
-0.035075000000000855
-0.035759142857143544
-0.03644328571428623
-0.03712742857142892
-0.03781157142857161
-0.0384957142857143
-0.03917985714285699
-0.03986399999999968
0.02238599999999913
-0.013527500000000359
-0.020710000000001116
-0.011133499999999685
-0.035075000000000855
-0.035075000000000855
-0.035075000000000855
-0.035075000000000855
-0.035075000000000855
-0.035075000000000855
-0.035075000000000855
-0.035075000000000855
-0.035075000000000855
-0.006344999999999601
-0.01592199999999977
-0.017118999999999218
-0.018316000000000443
-0.01951299999999989
-0.02070999999999934
-0.017517999999999034
-0.019379999999999953
-0.021241999999999095
-0.023104000000000013
-0.024300999999999462
-0.025498000000000687
-0.02070966666666685
-0.015921333333334786
-0.011133000000000948
-0.011133000000000948
-0.011133000000000948
-0.011133000000000948
-0.008739000000000274
-0.006344999999999601
-0.013527500000000359
-0.02070999999999934
-0.019114000000000075
-0.017517999999999034
-0.01592199999999977
-0.03028699999999951
-0.03268100000000018
-0.035075000000000855
-0.034048928571429826
-0.03302285714285702
-0.03199678571428599
-0.030970714285714962
-0.029944642857143933
-0.028918571428571127
-0.027892500000000098
-0.01592199999999977
-0.018316000000000443
-0.02070999999999934
-0.006344999999999601
-0.02390250000000016
-0.04145999999999894
-0.0590174999999995
-0.015921749999998625
0.027174000000000476
0.008020499999998876
-0.011133000000000948
-0.02310400000000179
-0.035075000000000855
-0.037469500000000266
-0.03986399999999968
-0.027893000000000612
-0.01592199999999977
-0.023104500000000527
-0.03028699999999951
-0.035075000000000855
-0.018315500000001705
-0.001556000000000779
-0.00395050000000019
-0.006344999999999601
-0.009537333333332398
-0.012729666666666972
-0.01592199999999977
-0.019114000000000075
-0.02230600000000038
-0.025498000000000687
0.0032320000000005678
-0.004748666666666068
-0.012729333333332704
-0.02070999999999934
-0.025498000000000687
-0.025498000000000687
-0.028690333333333484
-0.03188266666666806
-0.035075000000000855
-0.01592199999999977
-0.017118999999999218
-0.018316000000000443
-0.01951299999999989
-0.02070999999999934
-0.018315749999999298
-0.015921499999999256
-0.01352725000000099
-0.011133000000000948
-0.01592199999999977
-0.02070999999999934
-0.006344999999999601
