0.0023942020000000674
2.0000000544584395e-09
0.001596135333333415
0.00319226866666672
0.00478840200000008
0.009576802000000051
0.009576802000000051
0.009576802000000051
0.014365202000000077
0.019153602000000047
0.009576802000000051
2.0000000544584395e-09
0.0023942020000000674
0.00478840200000008
-0.0023942079999999533
-0.009576817999999931
0.0023941920000000727
0.014365202000000077
0.007182602000000038
2.0000000544584395e-09
0.0023942020000000674
0.00478840200000008
0.0023942020000000674
2.0000000544584395e-09
2.0000000544584395e-09
2.0000000544584395e-09
-0.007182607999999979
-0.014365217999999957
-0.014365217999999957
-0.014365217999999957
-0.014365217999999957
-0.01037487799999992
-0.00638453799999994
-0.002394197999999903
-0.0015961313333332505
-0.000798064666666598
2.0000000544584395e-09
0.014365202000000077
0.009576802000000051
0.00478840200000008
0.0023942020000000674
2.0000000544584395e-09
2.0000000544584395e-09
2.0000000544584395e-09
-0.002394197999999903
-0.004788397999999916
-0.007182607999999924
-0.009576817999999931
0.00478840200000008
0.007182602000000038
0.009576802000000051
0.006384535333333385
0.00319226866666672
2.0000000544584395e-09
-0.007182607999999979
-0.014365217999999957
-7.999999940278002e-09
0.014365202000000077
0.009576802000000051
0.00478840200000008
2.0000000544584395e-09
-0.009576817999999931
-0.004788397999999916
0.0023942020000000674
0.009576802000000051
0.004788402000000025
2.0000000544584395e-09
-0.001197097999999952
-0.002394197999999903
-0.0035912979999999095
-0.004788397999999916
0.00478840200000008
0.00478840200000008
0.00478840200000008
0.00478840200000008
2.0000000544584395e-09
2.0000000544584395e-09
0.004788402000000025
0.009576802000000051
0.009576802000000051
0.009576802000000051
0.0023942020000000674
-0.004788397999999916
-0.002394197999999903
2.0000000544584395e-09
0.0023942020000000674
0.00478840200000008
0.007182602000000038
0.009576802000000051
0.009576802000000051
-0.004788397999999916
2.0000000544584395e-09
-0.002394197999999903
-0.004788397999999916
0.00478840200000008
0.0023942020000000674
2.0000000544584395e-09
2.0000000544584395e-09
2.0000000544584395e-09
-0.007182607999999979
-0.014365217999999957
-0.004788411333333298
0.004788395333333417
0.014365202000000077
2.0000000544584395e-09
0.004788402000000025
0.009576802000000051
0.011971002000000064
0.014365202000000077
0.011172935333333411
0.007980668666666746
0.00478840200000008
0.00478840200000008
0.0023942020000000674
2.0000000544584395e-09
0.007182602000000038
0.014365202000000077
0.011492162000000083
0.00861912200000009
0.005746082000000041
0.002873042000000048
2.0000000544584395e-09
0.00478840200000008
-0.004788397999999916
0.00478840200000008
0.00478840200000008
0.00478840200000008
0.00478840200000008
0.00478840200000008
0.009576802000000051
0.014365202000000077
0.011971002000000064
0.009576802000000051
0.010374868666666703
0.011172935333333411
0.011971002000000064
0.012769068666666716
0.013567135333333424
0.014365202000000077
0.009576802000000051
0.00478840200000008
2.0000000544584395e-09
0.009576802000000051
-7.999999940278002e-09
-0.009576817999999931
-0.0023942079999999533
0.00478840200000008
0.007182602000000038
0.009576802000000051
0.009576802000000051
0.009576802000000051
0.009576802000000051
0.007980668666666746
0.006384535333333385
0.00478840200000008
0.019153602000000047
0.019153602000000047
0.016280562000000054
0.01340752200000006
0.010534482000000067
0.007661442000000074
0.00478840200000008
0.006384535333333385
0.007980668666666746
0.009576802000000051
0.00478840200000008
0.014365202000000077
0.010773902000000057
0.007182602000000038
0.003591302000000074
2.0000000544584395e-09
0.009576802000000051
0.009576802000000051
0.009576802000000051
0.009576802000000051
0.009576802000000051
0.00478840200000008
0.0023942020000000674
2.0000000544584395e-09
0.004788402000000025
0.009576802000000051
0.0023942020000000674
-0.004788397999999916
-0.001197097999999952
0.0023942020000000674
0.005985502000000087
0.009576802000000051
0.009576802000000051
0.009576802000000051
0.009576802000000051
0.009576802000000051
0.009576802000000051
0.009576802000000051
0.009576802000000051
2.0000000544584395e-09
0.009576802000000051
-0.004788397999999916
-0.009576807999999937
-0.014365217999999957
-0.0023942079999999533
0.009576802000000051
0.0023942020000000674
-0.004788397999999916
0.0023942020000000674
0.009576802000000051
0.009576802000000051
0.009576802000000051
0.014365202000000077
0.019153602000000047
0.011971002000000064
0.00478840200000008
0.00478840200000008
0.007980668666666746
0.011172935333333411
0.014365202000000077
0.00478840200000008
0.001596135333333415
-0.0015961313333332505
-0.004788397999999916
0.007182602000000038
0.019153602000000047
0.00798066866666669
-0.003192264666666611
-0.014365197999999968
-0.014365207999999963
-0.014365217999999957
-0.007182607999999979
2.0000000544584395e-09
-0.004788404666666635
-0.009576811333333268
-0.014365217999999957
-0.01675941799999997
-0.019153617999999928
-0.014365211333333239
-0.009576804666666605
-0.004788397999999916
0.00478840200000008
-0.0015961379999999137
-0.007980677999999963
-0.014365217999999957
0.009576802000000051
0.014365202000000077
0.009576802000000051
0.00478840200000008
2.0000001099695908e-09
-0.004788397999999916
2.0000001099695908e-09
0.00478840200000008
0.009576802000000051
0.014365202000000077
0.014365202000000077
0.014365202000000077
0.014365202000000077
0.014365202000000077
-0.03351879799999996
0.028730432000000083
-0.019153617999999928
-0.009576807999999937
2.0000000544584395e-09
0.028730432000000083
0.017557488666666732
0.006384545333333436
-0.004788397999999916
0.014365202000000077
0.00478840200000008
-0.004788397999999916
-0.002394197999999903
2.0000001099695908e-09
0.0023942020000000674
0.00478840200000008
-0.023942017999999954
-0.015562312999999939
-0.007182607999999979
0.0011970970000000358
0.009576802000000051
-0.019153617999999928
0.00478840200000008
0.00478840200000008
-0.007182607999999924
-0.019153617999999928
-7.999999940278002e-09
0.019153602000000047
0.007980662000000027
-0.0031922779999999373
-0.014365217999999957
0.00478840200000008
0.014365212000000072
0.023942022000000063
0.033518832000000054
0.00478840200000008
0.009576802000000051
0.014365202000000077
0.011971002000000064
0.009576802000000051
0.004788402000000025
2.0000000544584395e-09
-0.019153611333333265
-0.03830722466666664
-0.05746083799999996
0.014365202000000077
0.0031922620000000568
-0.007980677999999908
-0.019153617999999928
0.023942002000000073
0.028730417000000064
0.033518832000000054
1.7000000018807526e-08
-0.03351879799999996
-0.004788397999999916
0.023942002000000073
0.004788392000000086
-0.014365217999999957
-0.009576807999999937
-0.004788397999999916
0.014365217000000097
0.033518832000000054
0.020749755333333397
0.00798067866666674
-0.004788397999999916
-0.009576817999999931
-0.0023942079999999533
0.00478840200000008
2.0000001099695908e-09
-0.004788397999999916
-0.011971007999999894
-0.019153617999999928
0.0047884070000001056
0.028730432000000083
-0.019153617999999928
-0.007980677999999908
0.0031922620000000568
0.014365202000000077
0.007661438000000076
0.000957674000000075
-0.005746089999999926
-0.012449853999999927
-0.019153617999999928
-0.019153617999999928
0.05267244200000007
0.011971012000000059
-0.028730417999999924
0.014365202000000077
0.0124498420000001
0.010534482000000067
0.00861912200000009
0.0067037620000000575
0.00478840200000008
0.011971007000000033
-0.03351879799999996
-0.020350697999999945
-0.007182597999999929
0.005985502000000031
0.019153602000000047
0.0023941920000000727
-0.014365217999999957
-0.01675941799999997
-0.019153617999999928
0.0047884070000001056
0.028730432000000083
-0.023942017999999954
-0.0023942079999999533
0.019153602000000047
-7.999999940278002e-09
-0.019153617999999928
-0.009576817999999931
-0.002394212999999923
0.004788392000000086
0.011970997000000039
0.019153602000000047
-0.009576817999999931
-0.002394212999999923
0.004788392000000086
0.011970997000000039
0.019153602000000047
-0.023942017999999954
0.014365202000000077
0.023942002000000073
0.009576802000000051
-0.004788397999999916
-0.01915359799999994
-0.03351879799999996
0.04309563200000005
0.0239420153333334
0.004788398666666693
-0.014365217999999957
0.00478840200000008
0.007980668666666746
0.011172935333333411
0.014365202000000077
-0.004788397999999916
0.019153602000000047
0.013766649500000061
0.00837969700000002
0.002992744500000033
-0.0023942079999999533
0.0011970970000000913
0.00478840200000008
-0.007182607999999924
-0.019153617999999928
-7.999999940278002e-09
0.019153602000000047
0.015838554307692376
0.01252350661538465
0.009208458923076979
0.005893411230769252
0.002578363538461581
-0.00073668415384609
-0.0040517318461538165
-0.007366779538461488
-0.010681827230769159
-0.013996874923076885
-0.017311922615384556
-0.020626970307692283
-0.023942017999999954
0.0047884070000001056
0.014365202000000077
0.011971007000000033
-0.03351879799999996
-0.0023941829999999387
0.028730432000000083
-0.009576817999999931
-0.009576817999999931
-0.009576817999999931
0.0031922653333333884
0.015961348666666764
0.028730432000000083
7.000000079582236e-09
-0.028730417999999924
0.06703765200000006
0.041499495333333386
0.015961338666666713
-0.009576817999999931
-0.007980677999999908
-0.00638453799999994
-0.004788397999999916
0.019153602000000047
-0.004788407999999966
-0.028730417999999924
-0.004788401333333248
0.019153615333333374
0.04309563200000005
-0.04788403799999996
-0.004788402999999941
0.03830723200000005
0.00478840200000008
-0.004788407999999966
-0.014365217999999957
-0.010374881333333308
-0.006384544666666603
-0.0023942079999999533
0.0015961286666666963
0.005586465333333401
0.009576802000000051
-0.019153617999999928
0.014365202000000077
0.009576802000000051
0.006384535333333385
0.00319226866666672
2.0000000544584395e-09
0.009576802000000051
0.00478840200000008
0.009576802000000051
0.014365202000000077
0.011971002000000064
0.009576802000000051
0.007182602000000038
0.00478840200000008
-4.666666608699188e-09
-0.004788411333333242
-0.009576817999999931
2.0000000544584395e-09
0.00319226866666672
0.006384535333333385
0.009576802000000051
-0.009576817999999931
-0.006384544666666603
-0.003192271333333274
2.0000000544584395e-09
0.014365202000000077
0.009576802000000051
0.00478840200000008
0.005586468666666733
0.006384535333333385
0.007182602000000038
0.007980668666666746
0.008778735333333398
0.009576802000000051
0.00478840200000008
-0.004788407999999966
-0.0023942029999999836
2.0000000544584395e-09
0.003591302000000074
0.007182602000000038
0.010773902000000057
0.014365202000000077
2.0000000544584395e-09
-0.014365217999999957
-0.006384544666666603
0.0015961286666666963
0.009576802000000051
2.0000000544584395e-09
2.0000000544584395e-09
2.0000000544584395e-09
0.00319226866666672
0.006384535333333385
0.009576802000000051
-0.009576817999999931
-0.005985512999999942
-0.0023942079999999533
0.0011970970000000913
0.00478840200000008
0.00478840200000008
0.00478840200000008
0.00319226866666672
0.001596135333333415
2.0000000544584395e-09
0.001197102000000061
0.0023942020000000674
0.003591302000000074
0.00478840200000008
-0.004788397999999916
-0.004788397999999916
-0.004788397999999916
-0.004788397999999916
0.00478840200000008
0.00478840200000008
0.006384535333333385
0.007980668666666746
0.009576802000000051
0.007980668666666746
0.006384535333333385
0.00478840200000008
0.00319226866666672
0.001596135333333415
2.0000000544584395e-09
-0.0015961313333332505
-0.003192264666666611
-0.004788397999999916
2.0000000544584395e-09
0.0023942020000000674
-0.0007980679999999296
-0.003990337999999982
-0.007182607999999979
0.014365202000000077
0.011172935333333411
0.007980668666666746
0.00478840200000008
0.0019153580000000892
-0.0009576859999999021
-0.003830729999999949
-0.00670377399999994
-0.009576817999999931
0.00478840200000008
0.009576802000000051
0.009576802000000051
0.007182602000000038
0.00478840200000008
-0.004788407999999966
-0.014365217999999957
0.014365202000000077
0.011971002000000064
0.009576802000000051
0.0023942020000000674
-0.004788397999999916
0.001197102000000061
0.007182602000000038
0.01316810200000007
0.019153602000000047
0.00478840200000008
-0.0023942079999999533
-0.009576817999999931
0.014365202000000077
0.0023941920000000727
-0.009576817999999931
-0.006384544666666603
-0.003192271333333274
2.0000000544584395e-09
0.009576802000000051
0.00478840200000008
