-0.030645399999999157
-0.0282512749999988
-0.02585714999999844
-0.03543364999999987
-0.037029983333333405
-0.03862631666666516
-0.040222649999998694
-0.03782839999999865
-0.03543414999999861
-0.03303989999999857
-0.030645649999998525
-0.02585714999999844
-0.027453316666665728
-0.02904948333333124
-0.030645649999998525
-0.03543364999999987
-0.04261664999999937
-0.04979964999999886
-0.04261664999999937
-0.03543364999999987
-0.037029983333333405
-0.03862631666666516
-0.040222649999998694
-0.030645649999998525
-0.02266498333333189
-0.014684316666665254
-0.006703649999998618
-0.008299649999999659
-0.009895649999998923
-0.011491649999999964
-0.01867440000000009
-0.02585714999999844
-0.027453316666665728
-0.02904948333333124
-0.030645649999998525
-0.05937564999999978
-0.05458765000000021
-0.04979964999999886
-0.040222649999998694
-0.030645649999998525
-0.0330396499999992
-0.03543364999999987
-0.03269750714285635
-0.02996136428571461
-0.02722522142857109
-0.02448907857142757
-0.02175293571428405
-0.019016792857142306
-0.016280649999998786
-0.01867464999999946
-0.030645649999998525
-0.025857649999998955
-0.03304014999999971
-0.040222649999998694
-0.040222649999998694
-0.040222649999998694
-0.03543414999999861
-0.030645649999998525
-0.025857150000000217
-0.021068650000000133
-0.02426098333333293
-0.027453316666665728
-0.030645649999998525
-0.03543364999999987
-0.03543377499999956
-0.03543389999999924
-0.035434024999998925
-0.03543414999999861
-0.03543389999999924
-0.03543364999999987
-0.021068649999998357
-0.006703649999998618
-0.016280649999998786
-0.025857649999998955
-0.024899849999998835
-0.023942049999998716
-0.022984250000000372
-0.022026450000000253
-0.021068650000000133
-0.03543414999999861
-0.049799399999999494
-0.0641646499999986
-0.049799150000000125
-0.03543364999999987
-0.03543364999999987
-0.03543364999999987
-0.0330396499999992
-0.030645649999998525
-0.02825164999999963
-0.025857649999998955
-0.02106914999999887
-0.016280649999998786
-0.023463149999999544
-0.030645649999998525
-0.04261664999999937
-0.05458765000000021
-0.049799150000000125
-0.04501065000000004
-0.04227443571428502
-0.039538221428571774
-0.03680200714285675
-0.03406579285714173
-0.03132957857142671
-0.028593364285713463
-0.02585714999999844
-0.016280649999998786
-0.030645649999998525
-0.03383798333333132
-0.0370303166666659
-0.040222649999998694
-0.04501114999999878
-0.04979964999999886
-0.04261664999999937
-0.03543364999999987
-0.030645649999998525
-0.03383798333333132
-0.0370303166666659
-0.040222649999998694
-0.03543414999999861
-0.030645649999998525
-0.021068650000000133
-0.01867464999999946
-0.016280649999998786
-0.018196049999998465
-0.020111449999998143
-0.022026849999999598
-0.023942249999999277
-0.025857649999998955
-0.026815249999998514
-0.027772849999998073
-0.028730449999999408
-0.029688049999998967
-0.030645649999998525
-0.03543364999999987
-0.016280649999998786
-0.03543364999999987
-0.04501065000000004
-0.04022214999999996
-0.03543364999999987
-0.033039450000000414
-0.030645250000000956
-0.028251049999999722
-0.025856850000000264
-0.023462650000000806
-0.030645649999998525
-0.035433983333332364
-0.0402223166666662
-0.04501065000000004
-0.033039650000000975
-0.021068650000000133
-0.040222649999998694
-0.03862631666666516
-0.037029983333333405
-0.03543364999999987
-0.030645649999998525
-0.03351864999999954
-0.036391649999998776
-0.03926464999999979
-0.04213764999999903
-0.04501065000000004
-0.04501065000000004
-0.030645649999998525
-0.030645649999998525
-0.030645649999998525
-0.016280649999998786
-0.019472983333331584
-0.022665316666666158
-0.025857649999998955
-0.030645649999998525
-0.030645649999998525
-0.030645649999998525
-0.03543414999999861
-0.040222649999998694
-0.03543414999999861
-0.030645649999998525
-0.023463149999999544
-0.016280649999998786
-0.019016792857142306
-0.02175293571428405
-0.02448907857142757
-0.02722522142857109
-0.02996136428571461
-0.03269750714285635
-0.03543364999999987
-0.030645649999998525
-0.030645649999998525
-0.025857649999998955
-0.02106914999999887
-0.016280649999998786
-0.014684316666665254
-0.013087983333333497
-0.011491649999999964
-0.04501065000000004
-0.04022214999999996
-0.03543364999999987
-0.030645316666666034
-0.02585698333333397
-0.021068650000000133
-0.03543364999999987
-0.02825115000000089
-0.021068650000000133
-0.023463149999999544
-0.025857649999998955
-0.030645649999998525
-0.03543364999999987
-0.03064524999999918
-0.025856850000000264
-0.021068449999999572
-0.016280050000000656
-0.011491649999999964
-0.021068649999998357
-0.030645649999998525
-0.025857649999998955
-0.027054649999998404
-0.02825164999999963
-0.029448649999999077
-0.030645649999998525
-0.030645649999998525
-0.030645649999998525
-0.027453316666665728
-0.02426098333333293
-0.021068650000000133
-0.04501065000000004
-0.043813649999998816
-0.04261664999999937
-0.04141964999999992
-0.040222649999998694
-0.02825115000000089
-0.040222649999998694
-0.04501065000000004
-0.040222649999998694
-0.03782814999999928
-0.03543364999999987
-0.02585714999999844
-0.016280649999998786
-0.02825164999999963
-0.040222649999998694
-0.04501114999999878
-0.04979964999999886
-0.04501098333333253
-0.0402223166666662
-0.03543364999999987
-0.0641646499999986
-0.07852964999999834
-0.09289464999999986
-0.1072596499999996
-0.1551436499999994
-0.10486564999999892
-0.05458765000000021
-0.060972316666665805
-0.06735698333333318
-0.07374164999999877
-0.08070655909090796
-0.08767146818181715
-0.09463637727272634
-0.10160128636363552
-0.10856619545454471
-0.1155311045454539
-0.12249601363636309
-0.12946092272727228
-0.13642583181818146
-0.14339074090909065
-0.15035564999999984
-0.2126046499999994
-0.05937564999999978
-0.07374131666666628
0.012449850000001206
0.02202672500000169
0.031603600000002174
0.04118047500000088
0.05075735000000137
0.11779435000000049
0.146525350000001
0.05075734999999959
-0.04501065000000004
-0.006703650000000394
0.03160335000000103
0.06751635
0.10342935000000075
0.06033385000000102
0.01723835000000129
-0.011492149999998702
-0.040222649999998694
-0.0019156499999990473
-0.03543414999999861
-0.06895264999999995
-0.1248173166666664
-0.18068198333333285
-0.2365466499999993
-0.20063364999999855
-0.16472064999999958
-0.1288076500000006
-0.09289464999999986
-0.1072596499999996
-0.04979964999999886
-0.09528914999999927
-0.14077864999999967
-0.03543364999999987
-0.05458731666666594
-0.07374098333333379
-0.09289464999999986
0.0651223500000011
-0.049799150000000125
-0.16472064999999958
-0.14556714999999976
-0.12641364999999816
-0.10726014999999833
-0.08810664999999851
-0.07613564999999944
-0.0641646499999986
-0.05458765000000021
-0.15035564999999984
-0.10566398333333282
-0.060972316666665805
-0.016280649999998786
-0.06895264999999995
-0.08092365000000079
-0.09289464999999986
-0.2365466499999993
-0.38019864999999875
-0.20542214999999864
-0.030645649999998525
-0.049799316666664595
-0.06895298333333244
-0.08810664999999851
-0.0537896499999988
-0.019472649999999092
0.014844350000000617
0.03998335000000175
0.0651223500000011
-0.049799150000000125
-0.16472064999999958
-0.10725998333333209
-0.04979931666666637
0.007661350000001121
-0.02825164999999963
-0.0641646499999986
-0.0673569833333314
-0.07054931666666597
-0.07374164999999877
-0.042616899999998736
-0.011492149999998702
0.019632600000001332
0.05075735000000137
0.029209350000000356
0.007661350000001121
-0.04501065000000004
-0.030645649999998525
0.0411803500000012
-0.1120486500000002
-0.059376150000000294
-0.006703649999998618
0.00047885000000214006
0.007661350000001121
0.012449850000001206
0.01723835000000129
0.022026850000001374
0.02681535000000146
-0.040222649999998694
-0.021068650000000133
-0.04022214999999996
-0.05937564999999978
-0.07852964999999834
-0.09768364999999868
-0.05458765000000021
-0.011491649999999964
-0.03782814999999928
-0.0641646499999986
-0.047405149999997676
-0.030645649999998525
-0.01867464999999946
-0.006703649999998618
0.005267350000002224
0.01723835000000129
-0.013886149999999375
-0.04501065000000004
0.0028733499999997747
-0.023463149999999544
-0.04979964999999886
-0.0641646499999986
-0.03782814999999928
-0.011491649999999964
-0.037029983333333405
-0.06256831666666507
-0.08810664999999851
0.02681535000000146
-0.0019149833333322874
-0.030645316666666034
-0.05937564999999978
-0.06735631666666642
-0.07533698333333305
-0.08331764999999969
-0.0665583999999999
-0.049799150000000125
-0.025857274999999902
-0.0019153999999996785
0.022026475000000545
0.04596835000000077
0.0339973500000017
0.02202635000000086
-0.030645649999998525
-0.08331764999999969
0.0411803500000012
-0.15035564999999984
-0.1283290499999996
-0.10630244999999938
-0.08427584999999915
-0.062249249999998923
-0.040222649999998694
-0.03782839999999865
-0.03543414999999861
-0.030645899999997894
-0.025857649999998955
-0.05937564999999978
0.012450349999999943
0.08427635000000144
0.005267350000002224
-0.07374164999999877
-0.0797271499999983
-0.08571264999999961
-0.09169814999999915
-0.09768364999999868
-0.0933305590909086
-0.08897746818181673
-0.08462437727272665
-0.08027128636363479
-0.0759181954545447
-0.07156510454545284
-0.06721201363636276
-0.0628589227272709
-0.05850583181818081
-0.05415274090908895
-0.04979964999999886
0.04596835000000077
0.1417363500000004
-0.2652776499999998
0.04596835000000077
0.0028733499999997747
-0.0641646499999986
-0.011491649999999964
-0.021068650000000133
0.005267350000000448
-0.07613564999999944
-0.03244139999999973
0.011252849999999981
0.05494710000000147
0.09864135000000118
-0.15993265
-0.10726015000000011
-0.05458765000000021
0.0004788500000003637
0.05554535000000094
-0.19345165000000009
-0.12880814999999934
-0.06416465000000038
0.0004788500000003637
0.0651223500000011
-0.030645649999998525
-0.03543414999999861
-0.040222649999998694
0.03160335000000103
-0.03782814999999928
-0.1072596499999996
-0.07533698333333305
-0.04341431666666651
-0.011491649999999964
-0.025058816666666317
-0.03862598333333267
-0.05219314999999902
-0.03862598333333267
-0.025058816666666317
-0.011491649999999964
-0.021866649999999765
-0.032241649999999566
-0.04261664999999937
-0.0402223166666662
-0.03782798333333304
-0.03543364999999987
-0.02825115000000089
-0.021068650000000133
-0.025857649999998955
-0.024261316666665422
-0.022664983333333666
-0.021068650000000133
-0.011492150000000478
-0.0019156499999990473
-0.025857649999998955
-0.023463399999998913
-0.02106914999999887
-0.01867489999999883
-0.016280649999998786
-0.030645649999998525
-0.04501065000000004
-0.05937564999999978
-0.04740464999999894
-0.03543364999999987
-0.04022214999999996
-0.04501065000000004
-0.040222649999998694
-0.030645649999998525
-0.023463149999999544
-0.016280649999998786
-0.016280649999998786
-0.020270983333331216
-0.024261316666665422
-0.02825164999999963
-0.03224198333333206
-0.03623231666666449
-0.040222649999998694
-0.016280649999998786
-0.03543364999999987
-0.05458765000000021
-0.04501065000000004
-0.04261664999999937
-0.040222649999998694
-0.02825164999999963
-0.016280649999998786
-0.013088316666665989
-0.009895983333331415
-0.006703649999998618
-0.021068650000000133
-0.022664983333333666
-0.024261316666665422
-0.025857649999998955
-0.030645649999998525
-0.032561049999998204
-0.03447644999999788
-0.03639184999999934
-0.038307249999999016
-0.040222649999998694
-0.040222649999998694
-0.025857649999998955
-0.030645649999998525
-0.03543364999999987
-0.04979964999999886
-0.04501098333333253
-0.0402223166666662
-0.03543364999999987
-0.03782784999999933
-0.040222050000000564
-0.04261625000000002
-0.04501044999999948
-0.04740464999999894
-0.04979885000000017
-0.05219304999999963
-0.05458724999999909
-0.05698145000000032
-0.05937564999999978
-0.049799150000000125
-0.040222649999998694
-0.030645649999998525
-0.01628015000000005
-0.006703649999998618
-0.030645649999998525
-0.035433983333332364
-0.0402223166666662
-0.04501065000000004
-0.04022214999999996
-0.03543364999999987
-0.04261664999999937
-0.04979964999999886
-0.02106914999999887
0.007661350000001121
-0.004309649999997944
-0.016280649999998786
-0.021068650000000133
-0.02585714999999844
-0.030645649999998525
-0.029049483333333015
-0.027453316666665728
-0.02585714999999844
-0.02426098333333293
-0.02266481666666742
-0.021068650000000133
-0.023463149999999544
-0.025857649999998955
-0.021068650000000133
-0.018195650000000896
-0.015322649999999882
-0.012449649999998869
-0.009576649999999631
-0.006703650000000394
-0.0038306499999993804
-0.0009576499999983668
0.0019153500000008705
0.004788350000000108
0.007661350000001121
-0.05458765000000021
-0.030645649999998525
-0.021068650000000133
-0.021068650000000133
-0.021068650000000133
-0.03543364999999987
-0.025857649999998955
-0.030645649999998525
-0.040222649999998694
-0.04979964999999886
-0.04501098333333253
-0.0402223166666662
-0.03543364999999987
-0.040222649999998694
-0.030645649999998525
-0.030645649999998525
-0.030645649999998525
-0.030645649999998525
-0.02825164999999963
-0.025857649999998955
-0.030645649999998525
-0.02585714999999844
-0.021068650000000133
-0.02585714999999844
-0.030645649999998525
-0.03383798333333132
-0.0370303166666659
-0.040222649999998694
-0.040222649999998694
-0.040222649999998694
-0.03782814999999928
-0.03543364999999987
-0.037029983333333405
-0.03862631666666516
-0.040222649999998694
-0.030645649999998525
-0.030645649999998525
-0.030645649999998525
-0.0330396499999992
-0.03543364999999987
-0.02825115000000089
