-0.040701432999999954
-0.026336222999999992
-0.011971012999999975
-0.02154781299999997
-0.031124612999999968
0.04548984200000006
0.12210429700000006
0.007182612000000033
-0.10773907299999996
-0.038307222999999946
0.03112462700000007
-0.004788402999999941
-0.040701432999999954
0.14125790700000004
0.0422975736666667
-0.05666275966666662
-0.15562309299999993
0.10773908700000004
0.00957681700000007
-0.08858545299999993
0.04548983700000003
0.17956512700000005
2.0000000544584395e-09
-0.17956512299999994
0.009576812000000046
0.19871874700000003
0.035913037000000037
-0.12689267299999996
0.19871874700000003
-0.007182612999999949
-0.21308397299999998
0.004788394000000029
0.22266076100000004
0.02633621900000005
-0.16998832299999994
0.016759414000000084
0.20350715100000005
-0.014365210999999933
-0.23223757299999997
0.002394199500000027
0.23702597200000003
0.02633622450000006
-0.18435352299999996
0.011971012000000059
0.20829554700000005
-0.22744917299999995
0.002394202000000012
0.23223757700000003
0.09337387700000005
-0.045489822999999985
-0.18435352299999996
0.20350715100000005
-0.004788410999999992
-0.21308397299999998
-0.009576812999999962
0.19393034700000006
0.011971012000000059
-0.16998832299999994
-0.0694318496666666
0.03112462366666674
0.13168109700000005
-0.059855032999999946
-0.03192268133333326
-0.0039903296666666255
0.023942022000000063
0.008778740333333368
0.007182607000000063
0.007182607000000063
0.00957680700000002
0.011971007000000033
0.002394217000000032
-0.00718257299999997
0.01675940700000006
0.015163273666666699
0.013567140333333394
0.011971007000000033
0.011971007000000033
0.011971007000000033
0.011971007000000033
0.011971007000000033
0.011971007000000033
0.021547827000000075
0.01516328700000008
0.008778747000000087
0.0023942070000000926
0.011971017000000084
0.021547827000000075
0.021547827000000075
0.021547827000000075
0.01675942200000008
0.011971017000000084
0.007182612000000033
0.002394207000000037
0.011971007000000033
0.011971007000000033
0.015163280333333362
0.018355553666666746
0.021547827000000075
0.01675940700000006
0.014365207000000046
0.011971007000000033
0.011971007000000033
0.011971007000000033
0.0071826070000000075
0.002394207000000037
0.007182607000000063
0.011971007000000033
0.01675940700000006
0.018355547000000083
0.01995168700000005
0.021547827000000075
0.011971007000000033
0.011971007000000033
0.005586480333333366
-0.0007980463333333021
-0.00718257299999997
0.011971007000000033
0.0071826070000000075
0.002394207000000037
0.002992757000000068
0.0035913070000000435
0.004189857000000019
0.00478840700000005
0.004189857000000019
0.0035913070000000435
0.002992757000000068
0.002394207000000037
0.0014365270000000208
0.00047884700000006
-0.0004788329999999563
-0.001436512999999917
-0.0023941929999999334
0.007182607000000063
0.01675940700000006
0.00478840700000005
0.0035913070000000435
0.002394207000000037
0.002394207000000037
0.002394207000000037
7.000000079582236e-09
-0.0023941929999999334
-0.003351868999999952
-0.00430954499999997
-0.005267220999999933
-0.0062248969999999515
-0.00718257299999997
0.007182607000000063
-0.0023941929999999334
0.007182607000000063
0.01675940700000006
0.007182607000000063
0.008778740333333368
0.010374873666666729
0.011971007000000033
0.0071826070000000075
0.002394207000000037
0.002394207000000037
0.0039903403333333975
0.0055864736666667025
0.007182607000000063
0.021547827000000075
0.01995168700000005
0.018355547000000083
0.01675940700000006
0.021547827000000075
0.019153617000000067
0.01675940700000006
0.01675940700000006
0.01675940700000006
0.019153617000000067
0.021547827000000075
0.011971017000000084
0.002394207000000037
0.009576812000000046
0.016759417000000054
0.023942022000000063
0.03112462700000007
0.023942017000000038
0.01675940700000006
0.021547827000000075
0.03112462700000007
0.0263362270000001
0.021547827000000075
0.016759417000000054
0.011971007000000033
0.00957680700000002
0.007182607000000063
0.0023942070000000926
-0.0023941929999999334
-0.0023941929999999334
-0.0023941929999999334
-0.0023941929999999334
-0.0071825996666666225
-0.011971006333333256
-0.016759412999999945
-0.016759412999999945
-0.016759412999999945
-0.016759412999999945
-0.016759412999999945
-0.007182602999999954
0.002394207000000037
0.002394207000000037
7.000000079582236e-09
-0.0023941929999999334
-0.007182602999999954
-0.011971012999999975
-0.00837970799999993
-0.004788402999999941
-0.00718257299999997
-0.002394182999999994
0.002394207000000037
-0.002394182999999994
-0.00718257299999997
0.0007980870000000584
0.008778747000000031
0.01675940700000006
-0.00718257299999997
-0.00718257299999997
-0.00718257299999997
-0.002394182999999994
0.002394207000000037
-0.002394182999999994
-0.00718257299999997
-0.00047881299999996685
0.006224947000000036
0.01292870700000004
0.019632467000000042
0.026336227000000045
0.01915361700000001
0.011971007000000033
0.021547827000000075
0.021547827000000075
0.026336227000000045
0.002394207000000037
0.00478840700000005
0.007182607000000063
-0.0071825996666666225
-0.021547806333333253
-0.03591301299999994
0.03591302700000004
0.02633622200000002
0.016759417000000054
0.007182612000000088
-0.0023941929999999334
0.007182607000000063
-0.011971012999999975
0.00478840700000005
0.021547827000000075
0.01516328700000008
0.008778747000000031
0.002394207000000037
0.021547827000000075
-0.004788392999999946
-0.031124612999999968
-0.024740076333333305
-0.018355539666666643
-0.011971002999999925
-0.005586466333333262
0.0007980703333334005
0.007182607000000063
0.007182607000000063
-0.0023941929999999334
-0.045489832999999924
-0.014365212999999932
0.01675940700000006
0.014365207000000046
0.011971007000000089
0.009576807000000076
0.007182607000000063
0.0047884070000001056
0.0023942070000000926
0.011971012000000059
-0.01995167633333328
-0.05187436466666662
-0.08379705299999995
-0.007182597999999929
0.06943185700000004
0.004788412000000075
-0.059855032999999946
0.04309563700000002
0.14604630700000004
-0.10773907299999996
0.016759417000000054
0.14125790700000004
0.03112462700000007
-0.07900865299999993
0.047884037000000046
0.17477672700000005
0.028730427000000003
-0.11731587299999996
-0.02633620966666661
0.06464345366666671
0.15562311700000006
0.03591303200000007
-0.08379705299999995
7.000000079582236e-09
0.08379706700000006
-0.09816225299999998
-0.01197100299999998
0.07422024700000004
0.023143947000000054
-0.02793235299999991
-0.07900865299999993
-0.06464344299999997
-0.05027823299999995
-0.045489832999999924
-0.05027823299999995
-0.05506663299999992
-0.059855032999999946
-0.028730412999999955
0.002394207000000037
-0.12689267299999996
-0.002394187999999964
0.12210429700000006
0.007182612000000033
-0.10773907299999996
7.000000024071085e-09
0.10773908700000004
-0.016759407999999976
-0.14125790299999996
0.059855044500000065
0.26096799200000004
0.17860745300000005
0.09624691400000007
0.013886375000000062
-0.06847416399999995
-0.15083470299999996
0.20350715100000005
-0.10773907299999996
0.28491000800000005
0.033518817500000075
-0.2178723729999999
-0.007182610999999894
0.20350715100000005
0.03830723900000005
-0.12689267299999996
0.03830723900000005
0.20350715100000005
0.15023616050000005
0.09696517000000004
0.04369417950000004
-0.009576810999999907
-0.06284780149999991
-0.11611879199999992
-0.16938978249999992
-0.22266077299999992
0.19393034700000006
-0.02633621799999991
-0.14604630299999993
0.15083470700000004
0.03112462700000007
-0.08858545299999993
-0.04070142299999996
0.007182607000000063
-0.016759412999999945
-0.040701432999999954
0.019153617000000067
0.07900866700000006
0.05219360700000003
0.02537854700000003
-0.0014365129999999726
-0.028251572999999974
-0.055066632999999976
7.000000079582236e-09
0.021547827000000075
0.01356715366666672
0.005586480333333421
-0.0023941929999999334
-0.03351881299999998
-0.06464343299999997
0.09816227700000005
0.06943185450000006
0.04070143200000004
0.011971009500000018
-0.016759412999999945
0.007182607000000063
-0.02394201299999993
-0.055066632999999976
0.028730427000000003
0.11252748700000004
-0.02154781299999997
-0.02154781299999997
-0.02154781299999997
-0.034316886333333296
-0.04708595966666662
-0.059855032999999946
0.023942027000000032
0.10773908700000004
0.0822009336666667
0.056662780333333385
0.03112462700000007
0.0055864736666667025
-0.01995167966666661
-0.045489832999999924
-0.00718257299999997
-0.014365182999999948
-0.021547792999999926
-0.02873040299999996
-0.03591301299999994
0.010374880333333336
0.002394207000000037
0.016759413666666723
0.031124620333333353
0.04548982700000004
0.023942017000000038
0.002394207000000037
-0.016759406333333282
-0.03591301966666666
-0.055066632999999976
0.026336227000000045
0.023942027000000088
0.021547827000000075
0.01675940700000006
-0.00877873966666659
-0.034316886333333296
-0.059855032999999946
0.050278227000000064
0.04010287200000007
0.029927517000000015
0.019752162000000018
0.00957680700000002
-0.005267240999999978
-0.020111288999999977
-0.034955336999999975
-0.049799384999999974
-0.06464343299999997
1.2000000049194881e-08
0.06464345700000004
0.047085973666666725
0.02952849033333338
0.011971007000000033
0.026336227000000045
-0.045489832999999924
0.059855057000000045
0.03112463200000004
0.002394207000000037
0.011971017000000084
0.021547827000000075
-0.005586459666666599
-0.03272074633333327
-0.059855032999999946
0.06464345700000004
0.028730442000000023
-0.00718257299999997
0.03112462700000007
-0.0023941929999999334
-0.03591301299999994
-0.06943183299999994
0.07422024700000004
0.023942017000000038
-0.02633621299999994
0.014365222000000066
0.055066657000000074
-0.011970997999999955
-0.07900865299999993
-0.02793235299999991
0.023143947000000054
0.07422024700000004
0.021547817000000025
-0.031124612999999968
7.000000079582236e-09
0.03112462700000007
-0.05027823299999995
-0.02154781299999997
0.007182607000000063
0.03591302700000004
0.011971007000000033
-0.009576802999999967
-0.031124612999999968
0.019153622000000037
0.06943185700000004
0.03830723450000001
0.007182612000000033
-0.023942010499999944
-0.055066632999999976
0.06943185700000004
0.011971012000000059
-0.045489832999999924
0.014365207000000046
0.07422024700000004
-1.2999999965401798e-08
-0.07422027299999995
0.06464345700000004
0.011971012000000059
-0.040701432999999954
-0.01356714633333328
0.013567140333333394
0.04070142700000007
0.01675942700000005
-0.00718257299999997
0.005586493666666692
0.01835556033333341
0.03112462700000007
0.019153617000000067
0.007182607000000063
0.01675940700000006
0.007182607000000063
0.007182607000000063
0.007182607000000063
0.011971007000000033
0.01675940700000006
0.011971007000000033
0.007182607000000063
0.010374873666666729
0.013567140333333394
0.01675940700000006
-0.0023941929999999334
0.0039903403333333975
0.010374873666666729
0.01675940700000006
0.0071826003333334
-0.0023942063333333152
-0.011971012999999975
-2.999999970665357e-09
0.011971007000000033
-0.0023941929999999334
-0.0023941929999999334
0.007182607000000063
0.007182607000000063
0.007182607000000063
0.007182607000000063
0.0055864736666667025
0.0039903403333333975
0.0023942070000000926
0.0007980736666667321
-0.0007980596666666284
-0.0023941929999999334
7.000000079582236e-09
0.01675940700000006
0.011971007000000033
0.007182607000000063
0.0023942070000000926
-0.0023941929999999334
7.000000079582236e-09
0.002394207000000037
0.00478840700000005
0.007182607000000063
0.00837970700000007
0.00957680700000002
0.010773907000000027
0.011971007000000033
0.007182607000000063
-0.0023941929999999334
0.00957681700000007
0.021547827000000075
0.00478840700000005
-0.011971012999999975
-0.007182606333333286
-0.002394199666666652
0.002394207000000037
0.007182607000000063
0.00957680700000002
0.011971007000000033
0.00957680700000002
0.007182607000000063
0.007182607000000063
0.007182607000000063
0.007182607000000063
0.002394207000000037
0.00478840700000005
0.007182607000000063
0.007182607000000063
0.007182607000000063
0.007182607000000063
0.002394207000000037
0.007182607000000063
0.0023942070000000926
-0.0023941929999999334
0.0023942070000000926
0.007182607000000063
0.007182607000000063
0.007182607000000063
0.007182607000000063
0.007182607000000063
0.007182607000000063
0.007182607000000063
0.0047884070000001056
0.0023942070000000926
0.014365217000000097
0.026336227000000045
0.01995168700000005
0.013567147000000057
0.007182607000000063
-0.011971012999999975
-0.0023942029999999836
0.007182607000000063
0.006498549857142932
0.005814492714285746
0.005130435571428615
0.004446378428571485
0.003762321285714354
0.0030782641428571678
0.002394207000000037
0.007182607000000063
0.007182607000000063
0.007182607000000063
0.00478840700000005
0.002394207000000037
0.00478840700000005
0.007182607000000063
-0.004788402999999941
-0.016759412999999945
-0.014365212999999988
-0.011971012999999975
-0.005586472999999981
0.0007980670000000689
0.007182607000000063
0.004788409500000035
0.002394212000000062
1.4500000034001204e-08
-0.002394182999999994
0.007182607000000063
0.016759417000000054
0.026336227000000045
0.01915361700000001
0.011971007000000033
0.011971007000000033
0.011971007000000033
0.0071826070000000075
0.002394207000000037
-0.0007980529999999653
-0.003990312999999968
-0.00718257299999997
-0.00718257299999997
-0.004788382999999952
-0.0023941929999999334
