0.01675940700000006
0.002394207000000037
0.002394207000000037
0.002394207000000037
0.002394207000000037
0.002394207000000037
0.002394207000000037
0.002394207000000037
0.002394207000000037
0.002394207000000037
0.002394207000000037
0.00957680700000002
0.002394207000000037
0.011971007000000033
0.012769073666666686
0.013567140333333394
0.014365207000000046
0.015163273666666699
0.015961340333333407
0.01675940700000006
0.00957681700000007
0.007182617000000058
0.004788417000000045
0.002394217000000032
0.007182607000000063
0.00957680700000002
0.011971007000000033
0.011971007000000033
0.011971007000000033
0.011971007000000033
0.011971007000000033
0.011971007000000033
0.011971007000000033
0.011971007000000033
0.011971007000000033
0.011971007000000033
0.011971007000000033
0.00478840700000005
0.011971007000000033
0.007182607000000063
0.00957680700000002
0.011971007000000033
0.011971007000000033
0.021547817000000025
0.03112462700000007
0.021547817000000025
0.011971007000000033
0.011013327000000017
0.010055647000000056
0.00909796700000004
0.00814028700000008
0.007182607000000063
0.002394207000000037
0.021547827000000075
0.016759417000000054
0.011971007000000033
0.014365207000000046
0.01675940700000006
0.01675940700000006
0.01675940700000006
0.002394207000000037
0.010374880333333392
0.01835555366666669
0.026336227000000045
0.023942022000000063
0.021547817000000025
0.019153612000000042
0.01675940700000006
0.002394207000000037
0.004104351285714347
0.005814495571428602
0.007524639857142912
0.009234784142857222
0.010944928428571532
0.012655072714285787
0.014365217000000097
0.014365217000000097
0.011971007000000033
0.002394217000000032
-0.00718257299999997
-0.005814461571428564
-0.004446350142857103
-0.003078238714285697
-0.0017101272857142358
-0.00034201585714283
0.0010260955714286313
0.002394207000000037
0.00957680700000002
0.016759417000000054
0.013567147000000057
0.01037487700000006
0.007182607000000063
0.007182607000000063
0.007980673666666716
0.008778740333333368
0.00957680700000002
0.010374873666666729
0.011172940333333381
0.011971007000000033
0.002394207000000037
0.0011971070000000306
7.000000079582236e-09
-0.001197092999999927
-0.0023941929999999334
0.007182607000000063
0.011971007000000033
-0.00718257299999997
-0.006464314999999943
-0.005746056999999971
-0.005027798999999944
-0.004309540999999972
-0.003591282999999945
-0.002873024999999918
-0.0021547669999999464
-0.0014365089999999192
-0.0007182509999999476
7.000000079582236e-09
0.007182607000000063
0.016759417000000054
0.014707244142857179
0.012655071285714359
0.010602898428571483
0.008550725571428608
0.0064985527142857324
0.0044463798571429125
0.002394207000000037
0.007182607000000063
7.000000079582236e-09
0.007182607000000063
0.0023942020000000674
-0.0023942029999999836
-0.007182607999999979
-0.011971012999999975
0.007182607000000063
0.00837970700000007
0.00957680700000002
0.010773907000000027
0.011971007000000033
0.01675940700000006
0.0147642403333334
0.012769073666666741
0.010773907000000083
0.008778740333333368
0.006783573666666709
0.00478840700000005
0.007182607000000063
-0.0023941929999999334
0.011971007000000033
0.010374873666666729
0.008778740333333368
0.007182607000000063
0.010055651000000054
0.012928695000000046
0.015801739000000092
0.018674783000000084
0.021547827000000075
0.007182607000000063
0.011971007000000033
0.011971007000000033
0.013567140333333394
0.015163273666666699
0.01675940700000006
0.01675940700000006
0.015163273666666699
0.013567140333333394
0.011971007000000033
0.011971007000000033
0.013567140333333394
0.015163273666666699
0.01675940700000006
-0.00718257299999997
0.002394217000000032
0.011971007000000033
0.00478840700000005
-0.0023941929999999334
-0.004788382999999952
-0.00718257299999997
-0.008778719666666657
-0.010374866333333288
-0.011971012999999975
-0.008778739666666646
-0.005586466333333262
-0.0023941929999999334
0.002394207000000037
0.011971007000000033
0.013567140333333394
0.015163273666666699
0.01675940700000006
0.01675940700000006
0.00957680700000002
0.002394207000000037
0.0059855070000000565
0.00957680700000002
0.01316810700000004
0.01675940700000006
0.014365207000000046
0.011971007000000033
0.00957680700000002
0.007182607000000063
0.00478840700000005
0.002394207000000037
0.01675940700000006
0.01675940700000006
0.007182607000000063
-0.0023941929999999334
0.002394207000000037
0.002394207000000037
0.0011971070000000306
7.000000079582236e-09
-0.001197092999999927
-0.0023941929999999334
0.026336227000000045
0.021547820333333356
0.016759413666666723
0.011971007000000033
0.00957680700000002
0.0071826070000000075
0.00478840700000005
0.002394207000000037
0.021547827000000075
0.011971007000000033
-0.004788402999999997
-0.02154781299999997
0.007182607000000063
0.021547817000000025
0.03591302700000004
0.02154782700000002
0.0071826270000000525
-0.00718257299999997
-0.0016574937692307445
0.003867585461538481
0.009392664692307706
0.014917743923076932
0.020442823153846212
0.025967902384615438
0.03149298161538466
0.03701806084615389
0.042543140076923114
0.04806821930769234
0.053593298538461565
0.05911837776923079
0.06464345700000004
-0.011971012999999975
0.011971017000000084
-0.045489832999999924
-0.011971002999999925
0.07422024700000004
-0.016759412999999945
-0.005985502999999948
0.00478840700000005
0.015562317000000048
0.026336227000000045
0.009576812000000046
-0.007182602999999954
0.07422024700000004
-0.08379705299999995
-0.009576797999999942
0.06464345700000004
0.037509167000000065
0.01037487700000006
-0.016759412999999945
-0.014787717705882275
-0.01281602241176466
-0.01084432711764699
-0.008872631823529376
-0.006900936529411705
-0.004929241235294091
-0.0029575459411764204
-0.0009858506470587503
0.0009858446470588644
0.0029575399411765346
0.004929235235294149
0.0069009305294118195
0.00887262582352949
0.010844321117647104
0.012816016411764775
0.01478771170588239
0.01675940700000006
0.018355547000000083
0.01995168700000005
0.021547827000000075
-0.021547802999999977
-0.06464343299999997
0.002394212000000062
0.06943185700000004
-0.06943183299999994
0.03351883700000008
0.13646950700000005
0.05267244700000001
-0.031124612999999968
-0.009576802999999967
0.011971007000000033
-2.999999970665357e-09
-0.011971012999999975
-0.04070142299999996
-0.06943183299999994
0.11731588700000004
0.02154780700000003
-0.07422027299999995
0.04788402700000005
0.16998832700000005
-0.11252747299999993
-0.026336207999999972
0.059855057000000045
0.007182612000000088
-0.045489832999999924
-0.016759412999999945
0.12210429700000006
-0.09337385299999995
0.16998832700000005
-0.021547807999999946
-0.09337385299999995
0.055066657000000074
0.026336227000000045
0.009576812000000046
-0.024540559249999927
-0.058657930499999955
-0.09277530174999998
-0.12689267299999996
0.19871874700000003
-0.12689267299999996
-0.002394187999999964
0.12210429700000006
-0.06464343299999997
-0.021547802999999977
0.021547827000000075
0.03351882700000003
0.04548982700000004
0.019153612000000042
-0.007182602999999954
-0.03351881799999995
-0.059855032999999946
-0.025538142999999958
0.008778747000000031
0.04309563700000002
0.07741252700000004
0.11172941700000003
0.14604630700000004
-0.03431688966666657
0.06943185700000004
0.031124642000000036
-0.00718257299999997
-0.014365192999999998
-0.02154781299999997
0.04070143200000004
0.10295067700000005
0.02952849366666671
-0.043893689666666624
-0.11731587299999996
0.14604630700000004
0.08954314500000005
0.03303998300000005
-0.023463178999999945
-0.07996634099999994
-0.13646950299999994
0.019153607000000072
0.020350717000000074
0.021547827000000075
0.03431690366666673
0.04708598033333339
0.059855057000000045
0.02633622450000006
-0.007182607999999979
-0.040701440499999963
-0.07422027299999995
0.15562311700000006
-0.10295067299999994
-0.07422025299999996
-0.045489832999999924
-0.016759412999999945
0.011971007000000033
0.04070142700000007
-0.016759412999999945
0.002394207000000037
0.03591302700000004
-0.031124612999999968
0.014365222000000066
0.059855057000000045
0.04908114450000006
0.038307232000000024
0.027533319500000042
0.01675940700000006
-0.05027823299999995
0.004788412000000075
0.059855057000000045
0.041898539500000054
0.023942022000000007
0.005985504500000016
-0.011971012999999975
0.004788417000000045
-0.008379697999999991
-0.02154781299999997
0.007182610333333395
0.035913033666666705
0.06464345700000004
-0.059855032999999946
-0.04469175633333328
-0.029528479666666607
-0.014365202999999938
0.0007980736666667321
0.0159613503333334
0.03112462700000007
0.03351882700000003
0.03591302700000004
-0.02633621299999994
0.03591302700000004
0.007182607000000063
0.002394207000000037
0.0071826070000000075
0.011971007000000033
0.0007980670000000134
-0.010374872999999951
-0.02154781299999997
-0.016759409666666614
-0.011971006333333312
-0.007182602999999954
-0.0023941996666665966
0.0023942036666667055
0.007182607000000063
-0.0023941929999999334
0.03591302700000004
-0.00718257299999997
-0.016759412999999945
0.01675940700000006
0.01675940700000006
0.00957680700000002
0.002394207000000037
0.004788408428571478
0.007182609857142919
0.009576811285714304
0.011971012714285745
0.014365214142857186
0.016759415571428626
0.01915361700000001
0.021547818428571452
0.023942019857142893
0.026336221285714334
0.028730422714285775
0.03112462414285716
0.0335188255714286
0.03591302700000004
0.02633621700000005
0.01675940700000006
0.01675940700000006
0.01675940700000006
0.007182607000000063
0.007182607000000063
0.03112462700000007
0.002394207000000037
0.004309567000000014
0.006224927000000047
0.008140287000000024
0.010055647000000056
0.011971007000000033
0.015163280333333362
0.018355553666666746
0.021547827000000075
-0.02154781299999997
0.00478840700000005
0.03112462700000007
0.0023942070000000926
-0.02633621299999994
7.000000079582236e-09
0.026336227000000045
-0.0023941929999999334
0.003990343666666729
0.010374880333333392
0.016759417000000054
-0.016759412999999945
0.00957680700000002
0.014365217000000097
0.011971007000000033
0.021547827000000075
0.014365227000000036
0.0071826270000000525
2.700000006905512e-08
-0.00718257299999997
0.026336227000000045
-0.00718257299999997
0.0023942270000000265
0.011971027000000078
0.021547827000000075
0.01980658881818187
0.01806535063636372
0.016324112454545514
0.014582874272727309
0.012841636090909159
0.011100397909090953
0.009359159727272803
0.007617921545454598
0.005876683363636392
0.0041354451818182425
0.002394207000000037
0.01675940700000006
-0.00718257299999997
0.019153617000000067
-0.00718257299999997
0.0071826270000000525
0.01675940700000006
0.011013323000000075
0.005267239000000035
-0.00047884499999995
-0.00622492899999999
-0.011971012999999975
0.00478840700000005
0.021547827000000075
-0.0023941929999999334
-0.0023941929999999334
-0.0023941929999999334
-0.0023941929999999334
0.014365217000000097
0.03112462700000007
0.023143953666666717
0.015163280333333418
